Timestamp,Accelerometer_X,Accelerometer_Y,Accelerometer_Z,Gyroscope_X,Gyroscope_Y,Gyroscope_Z,Exercise
2016-08-02 15:19:07.000,-0.988,-0.219,0.09,0.27240495733276343,1.252154453123302,0.4518665750302785,0.0
2016-08-02 15:19:07.010,-0.984,-0.219,0.086,0.5580780586025617,1.2972440224426875,0.5898500156538088,0.0
2016-08-02 15:19:07.020,-0.98,-0.219,0.086,0.5082100993010301,1.0597860986338434,0.7415801467935431,0.0
2016-08-02 15:19:07.030,-0.977,-0.219,0.09,0.0912183776236266,1.02448079094618,0.5976207092802125,0.0
2016-08-02 15:19:07.040,-0.977,-0.219,0.09,0.010022956787345116,1.2575882704161476,0.1319466463323767,0.0
2016-08-02 15:19:07.050,-0.98,-0.219,0.086,-0.0005546591967400399,1.0985718809674543,0.004700753320766672,0.0
2016-08-02 15:19:07.060,-0.98,-0.215,0.086,-0.34697339966750385,0.6995040718189662,0.335613926153127,0.0
2016-08-02 15:19:07.070,-0.977,-0.215,0.086,-0.35713595486627175,0.460651275192599,0.735914904556842,0.0
2016-08-02 15:19:07.080,-0.977,-0.215,0.09,0.29693919211597075,0.17694534747667146,1.0430288483531431,0.0
2016-08-02 15:19:07.090,-0.973,-0.215,0.094,0.5776191160191136,-0.02729569909909992,1.0257714142349441,0.0
2016-08-02 15:19:07.100,-0.973,-0.215,0.094,0.039827132113099455,0.09543661038178754,0.7109503808062964,0.0
2016-08-02 15:19:07.110,-0.977,-0.219,0.098,-0.26040288732548483,0.3692882043545711,0.3420744425425167,0.0
2016-08-02 15:19:07.120,-0.98,-0.219,0.094,-0.07877331830280349,0.6932906387612596,0.03035312430390128,0.0
2016-08-02 15:19:07.130,-0.98,-0.215,0.09,-0.12853307354475146,0.9679520565171722,-0.13331363003563004,0.0
2016-08-02 15:19:07.140,-0.984,-0.215,0.086,-0.3310074236511342,0.9058599580055169,-0.13328709312996828,0.0
2016-08-02 15:19:07.150,-0.984,-0.219,0.086,-0.4181105171646111,0.5928622543330682,0.15369348169297395,0.0
2016-08-02 15:19:07.160,-0.988,-0.219,0.082,-0.3489786691051117,0.46794743541589057,0.6297034530924243,0.0
2016-08-02 15:19:07.170,-0.992,-0.219,0.086,-0.19413289037937853,0.3833211349405029,0.9574007654957299,0.0
2016-08-02 15:19:07.180,-0.988,-0.219,0.094,-0.40062747055863773,0.09227422481172169,1.0917854511152343,0.0
2016-08-02 15:19:07.190,-0.98,-0.219,0.094,-0.7041601160588205,0.15329676656149,0.9835400544776032,0.0
2016-08-02 15:19:07.200,-0.98,-0.223,0.098,-0.6999468906977715,0.4288120790915084,0.6358083140184208,0.0
2016-08-02 15:19:07.210,-0.973,-0.219,0.098,-0.9203508293910667,0.33469266626222294,0.32216486120964055,0.0
2016-08-02 15:19:07.220,-0.973,-0.219,0.09,-1.324570948153061,0.3926223811441646,0.1405934443302372,0.0
2016-08-02 15:19:07.230,-0.98,-0.219,0.086,-1.5138094453723991,0.4685081516773508,0.1283966713126654,0.0
2016-08-02 15:19:07.240,-0.977,-0.219,0.086,-1.4854819692507168,0.16556045834731303,0.45673210676637993,0.0
2016-08-02 15:19:07.250,-0.98,-0.219,0.082,-1.0591626422266844,0.32189981266944256,0.8249706330200355,0.0
2016-08-02 15:19:07.260,-0.98,-0.215,0.082,-0.8018260728270423,0.7074235871881003,0.7721477601250367,0.0
2016-08-02 15:19:07.270,-0.98,-0.215,0.082,-1.211151635793345,0.6318818344768389,0.5130215352464929,0.0
2016-08-02 15:19:07.280,-0.977,-0.215,0.09,-1.5255255398098333,0.7271923844069954,0.2628337257892329,0.0
2016-08-02 15:19:07.290,-0.973,-0.211,0.09,-1.5577553491601268,1.0467536570969853,-0.058411311564058585,0.0
2016-08-02 15:19:07.300,-0.973,-0.215,0.086,-1.381318902963264,1.2374274102197407,-0.23150191092216388,0.0
2016-08-02 15:19:07.310,-0.988,-0.223,0.082,-0.8286523492411524,1.2127697043155121,-0.014115894467713594,0.0
2016-08-02 15:19:07.320,-0.988,-0.219,0.082,-0.7221746625336198,0.5268192282824596,0.46022113724683444,0.0
2016-08-02 15:19:07.330,-0.98,-0.219,0.094,-1.0722303241051652,-0.061353918249242384,0.7230384932931293,0.0
2016-08-02 15:19:07.340,-0.984,-0.219,0.09,-1.0067247271516853,0.22184510968977425,0.5544803274919335,0.0
2016-08-02 15:19:07.350,-0.977,-0.219,0.094,-0.9584674233273021,0.2900103512783114,0.23759592379197492,0.0
2016-08-02 15:19:07.360,-0.973,-0.219,0.094,-1.1916941131103087,0.12527195842501354,-0.10413121944424837,0.0
2016-08-02 15:19:07.370,-0.973,-0.215,0.09,-1.0433398120038875,0.5408568369856994,-0.49685831625399435,0.0
2016-08-02 15:19:07.380,-0.98,-0.215,0.086,-0.5364984628191402,0.7497824549740637,-0.7403257136047366,0.0
2016-08-02 15:19:07.390,-0.988,-0.219,0.082,-0.235692942647662,0.2519343364600127,-0.5750717153311712,0.0
2016-08-02 15:19:07.400,-0.988,-0.219,0.086,-0.16477113548908287,-0.2620066902563107,-0.021971014732024327,0.0
2016-08-02 15:19:07.410,-0.984,-0.219,0.086,-0.008943727532474667,-0.2638949589868912,0.458532261687736,0.0
2016-08-02 15:19:07.420,-0.98,-0.215,0.086,0.17756080962953869,0.1996528322878838,0.4498002209700492,0.0
2016-08-02 15:19:07.430,-0.984,-0.215,0.086,0.04887087322308489,0.6183005427915326,0.0575478424081249,0.0
2016-08-02 15:19:07.440,-0.98,-0.215,0.086,-0.622556131263605,0.6871763525405006,-0.39709773747334903,0.0
2016-08-02 15:19:07.450,-0.98,-0.219,0.09,-1.2712452343114529,0.661075735938483,-0.7280340582375342,0.0
2016-08-02 15:19:07.460,-0.977,-0.219,0.09,-1.0961656240748316,0.6282382829185692,-0.8161176670933681,0.0
2016-08-02 15:19:07.470,-0.984,-0.219,0.086,-0.51116477502371,0.46292823979574105,-0.593870451708801,0.0
2016-08-02 15:19:07.480,-0.984,-0.219,0.086,-0.27920172092233964,0.30113689160434504,-0.18171013054667173,0.0
2016-08-02 15:19:07.490,-0.977,-0.219,0.086,-0.38287862621265134,0.313303861213007,0.08167954272008286,0.0
2016-08-02 15:19:07.500,-0.984,-0.219,0.086,-0.5941480068351986,0.5663490308774899,-0.03410590728270779,0.0
2016-08-02 15:19:07.510,-0.98,-0.219,0.09,-0.8585946038444285,1.0176703810914638,-0.45527606207702487,0.0
2016-08-02 15:19:07.520,-0.973,-0.223,0.09,-1.1498570420950684,1.5222627284947507,-1.032287992557605,0.0
2016-08-02 15:19:07.530,-0.969,-0.227,0.086,-1.3375308816111575,2.014204441139966,-1.5364490196351426,0.0
2016-08-02 15:19:07.540,-0.984,-0.234,0.078,-1.3171379458986234,2.0747013351860453,-1.6281107181965446,0.0
2016-08-02 15:19:07.550,-0.988,-0.223,0.078,-1.3183428478107708,1.2750728128691085,-1.0673689269036475,0.0
2016-08-02 15:19:07.560,-0.98,-0.223,0.078,-1.3974599298947474,0.596761158132282,-0.14762718262716717,0.0
2016-08-02 15:19:07.570,-0.98,-0.223,0.082,-1.0823469421522762,0.9510288703125993,0.38107214877708695,0.0
2016-08-02 15:19:07.580,-0.98,-0.223,0.086,-0.7712318831991555,1.222436358813581,0.33183366223077887,0.0
2016-08-02 15:19:07.590,-0.98,-0.223,0.094,-1.3543942438263175,0.7506254269998889,0.019744063916962915,0.0
2016-08-02 15:19:07.600,-0.973,-0.23,0.094,-2.0747156769676267,0.5043159303930883,-0.44273253592183015,0.0
2016-08-02 15:19:07.610,-0.977,-0.23,0.086,-1.7023315488342958,0.7461572376412355,-0.7300094230325427,0.0
2016-08-02 15:19:07.620,-0.988,-0.227,0.082,-0.5715751688605925,0.7539528003771042,-0.4585439108206726,0.0
2016-08-02 15:19:07.630,-0.992,-0.219,0.074,0.025274081854071512,0.033751916224571826,0.16646396635404145,0.0
2016-08-02 15:19:07.640,-0.992,-0.215,0.082,-0.5131653393027555,-0.9103278588840935,0.6604341619871293,0.0
2016-08-02 15:19:07.650,-0.988,-0.219,0.086,-1.3244543126163753,-1.1704053878569187,0.7932949673622832,0.0
2016-08-02 15:19:07.660,-0.98,-0.219,0.098,-1.2349232195809425,-0.8567950804757256,0.7741675500041928,0.0
2016-08-02 15:19:07.670,-0.98,-0.219,0.094,-0.3942463176777261,-0.4044780045112644,0.7512590766484186,0.0
2016-08-02 15:19:07.680,-0.984,-0.219,0.09,-0.03303137738612004,-0.27470973525786646,0.5919671461108474,0.0
2016-08-02 15:19:07.690,-0.98,-0.219,0.086,-0.3934708301987328,-0.851378228461948,0.5174753706959843,0.0
2016-08-02 15:19:07.700,-0.98,-0.223,0.086,-0.38286846018812093,-1.2284274156554038,0.7997767908122424,0.0
2016-08-02 15:19:07.710,-0.977,-0.223,0.086,0.03976073626200506,-0.9561931749105005,1.1187270657963477,0.0
2016-08-02 15:19:07.720,-0.98,-0.219,0.086,-0.13737784988793858,-0.7005279235463348,1.1632667105852008,0.0
2016-08-02 15:19:07.730,-0.977,-0.219,0.086,-0.8298495882940156,-0.4998801766955606,1.0764994956332306,0.0
2016-08-02 15:19:07.740,-0.973,-0.23,0.09,-1.2012339812411041,-0.3197041358172262,0.9631222447566864,0.0
2016-08-02 15:19:07.750,-0.973,-0.227,0.086,-0.9250149200669981,0.0054037639084873745,0.7184860073748228,0.0
2016-08-02 15:19:07.760,-0.977,-0.223,0.078,-0.5361130532333995,0.5939952392927073,0.4622397357443876,0.0
2016-08-02 15:19:07.770,-0.988,-0.23,0.074,-0.7286120374165841,0.6316639236533544,0.44817653727307516,0.0
2016-08-02 15:19:07.780,-0.988,-0.23,0.078,-1.1960022412511042,0.053919147230450507,0.6553158521320421,0.0
2016-08-02 15:19:07.790,-0.98,-0.227,0.078,-1.45129492860679,-0.30446403739508754,1.0286474447801688,0.0
2016-08-02 15:19:07.800,-0.973,-0.227,0.086,-1.3487244015316748,-0.2108491395624407,1.4484079079852377,0.0
2016-08-02 15:19:07.810,-0.98,-0.234,0.086,-0.8590235685750386,0.12413935929064018,1.59213371310679,0.0
2016-08-02 15:19:07.820,-0.977,-0.227,0.086,-0.8095461034067166,0.30143805975478244,1.3403638970104,0.0
2016-08-02 15:19:07.830,-0.969,-0.227,0.086,-1.4917176387672904,0.3172883064660096,0.8667570804546036,0.0
2016-08-02 15:19:07.840,-0.965,-0.223,0.086,-1.8044118853870326,0.6700849032615841,0.31717336538230295,0.0
2016-08-02 15:19:07.850,-0.965,-0.223,0.086,-1.4289950913969904,1.3292170467755104,-0.3403310861860267,0.0
2016-08-02 15:19:07.860,-0.961,-0.227,0.082,-1.0072278942303363,1.9577536427773956,-0.862803902900825,0.0
2016-08-02 15:19:07.870,-0.961,-0.227,0.082,-0.6506458206513046,2.5465228380816733,-1.0697604386024344,0.0
2016-08-02 15:19:07.880,-0.961,-0.223,0.082,-0.2929106986462495,3.0795164024674033,-1.3652784303461176,0.0
2016-08-02 15:19:07.890,-0.961,-0.219,0.074,-0.2985373132985514,3.288439356015141,-1.661994933151625,0.0
2016-08-02 15:19:07.900,-0.957,-0.223,0.082,-0.42979323545782927,3.3257701878536987,-1.6371676155180852,0.0
2016-08-02 15:19:07.910,-0.957,-0.227,0.082,0.10415641017384805,3.9583366839351743,-1.7270877841495675,0.0
2016-08-02 15:19:07.920,-0.957,-0.23,0.082,0.8710022746574162,5.0784752424174915,-2.1573147869815594,0.0
2016-08-02 15:19:07.930,-0.953,-0.227,0.082,0.9323528083367127,5.790047326217893,-2.633952891786839,0.0
2016-08-02 15:19:07.940,-0.945,-0.227,0.082,0.6345670468025437,6.363688226770778,-3.1776799369715762,0.0
2016-08-02 15:19:07.950,-0.941,-0.219,0.078,0.5781820027816037,7.376762284493243,-4.22375347361172,0.0
2016-08-02 15:19:07.960,-0.949,-0.219,0.074,0.151563770849124,8.05326718296685,-5.624502986245684,0.0
2016-08-02 15:19:07.970,-0.953,-0.219,0.066,-0.7824448014333936,8.173752926009088,-6.396591564413366,0.0
2016-08-02 15:19:07.980,-0.973,-0.23,0.055,-0.5201340733497472,8.385796020299663,-6.429645298087074,0.0
2016-08-02 15:19:07.990,-0.992,-0.23,0.055,0.9409959591494176,7.796794142115207,-6.046646863479209,0.0
2016-08-02 15:19:08.000,-1.0,-0.238,0.051,1.9234162320455628,6.559516856953079,-4.679557180734432,0.0
2016-08-02 15:19:08.010,-1.016,-0.238,0.059,3.184472377576368,6.166628024284853,-2.835956678107873,0.0
2016-08-02 15:19:08.020,-1.02,-0.242,0.063,4.585515464530233,5.369945565029881,-1.4719887119959656,0.0
2016-08-02 15:19:08.030,-1.0,-0.238,0.078,4.492810367447912,4.253182646456792,-0.5046687703577519,0.0
2016-08-02 15:19:08.040,-0.98,-0.242,0.098,4.367583855934395,4.870363538810395,-0.7769122211750943,0.0
2016-08-02 15:19:08.050,-0.965,-0.246,0.105,4.84909058521088,6.060941664600919,-2.2500160967584297,0.0
2016-08-02 15:19:08.060,-0.945,-0.242,0.105,5.031319572934985,7.350812482827015,-3.574289984181277,0.0
2016-08-02 15:19:08.070,-0.949,-0.234,0.09,5.896454284050666,9.341596844203139,-4.919728372274763,0.0
2016-08-02 15:19:08.080,-0.949,-0.227,0.07,6.603176528191161,10.216238038200416,-6.098635418355488,0.0
2016-08-02 15:19:08.090,-0.965,-0.23,0.051,5.760882202244406,9.622069709165508,-6.383204071365064,0.0
2016-08-02 15:19:08.100,-0.973,-0.227,0.047,4.337125346207604,8.040622106584834,-5.865133811230283,0.0
2016-08-02 15:19:08.110,-0.953,-0.223,0.055,2.650072893642829,5.9494835482908055,-4.700772117666037,0.0
2016-08-02 15:19:08.120,-0.93,-0.227,0.07,1.7543773994121579,6.311255333260267,-3.9030657147385686,0.0
2016-08-02 15:19:08.130,-0.906,-0.242,0.09,2.704877315606308,9.322805339756943,-4.348845793405868,0.0
2016-08-02 15:19:08.140,-0.879,-0.238,0.105,3.8183910415178985,12.897137906026533,-5.572432440114795,0.0
2016-08-02 15:19:08.150,-0.871,-0.234,0.098,4.344607939009392,17.27788471731099,-7.726256715109545,0.0
2016-08-02 15:19:08.160,-0.863,-0.23,0.094,3.4874973620679808,21.229661465964305,-11.083292362475117,0.0
2016-08-02 15:19:08.170,-0.848,-0.227,0.07,0.47422781843855477,24.234231203166843,-14.372308675630446,0.0
2016-08-02 15:19:08.180,-0.875,-0.234,0.039,-1.823124160636703,27.44476030527541,-16.647977371234862,0.0
2016-08-02 15:19:08.190,-0.91,-0.238,0.047,-3.3428085204698403,27.736143974832167,-17.8300046959516,0.0
2016-08-02 15:19:08.200,-0.879,-0.242,0.074,-5.964788300734536,25.898056032408462,-17.307051852059452,0.0
2016-08-02 15:19:08.210,-0.836,-0.254,0.098,-5.895371141882766,28.99895889613756,-16.56189346702242,0.0
2016-08-02 15:19:08.220,-0.816,-0.266,0.086,-2.0679477108046043,36.24138998305174,-18.64498141439877,0.0
2016-08-02 15:19:08.230,-0.84,-0.285,0.027,0.5815464160773631,42.64158349606741,-22.085184300876136,0.0
2016-08-02 15:19:08.240,-0.895,-0.266,-0.02,0.1600095417027455,45.86020408696247,-24.05835291793852,0.0
2016-08-02 15:19:08.250,-0.906,-0.25,-0.043,-3.6774102932817936,43.00047731874014,-24.914918044688143,0.0
2016-08-02 15:19:08.260,-0.906,-0.27,-0.066,-10.186442410953106,38.170226200401316,-24.337805725825277,0.0
2016-08-02 15:19:08.270,-0.938,-0.281,-0.051,-14.297810615794663,36.43033480195885,-22.681365061535466,0.0
2016-08-02 15:19:08.280,-0.914,-0.289,0.0,-13.818453762789993,34.49555818589591,-21.066154693351592,0.0
2016-08-02 15:19:08.290,-0.863,-0.293,0.031,-10.907480273511219,34.98193668376421,-19.189176853488203,0.0
2016-08-02 15:19:08.300,-0.844,-0.285,0.027,-7.618491639967386,40.821937065102276,-19.832457097161605,0.0
2016-08-02 15:19:08.310,-0.828,-0.281,-0.004,-7.237517892012637,45.144641028437235,-23.907026518207545,0.0
2016-08-02 15:19:08.320,-0.855,-0.289,-0.066,-10.603395412701335,46.787909694015,-26.99910074776446,0.0
2016-08-02 15:19:08.330,-0.918,-0.273,-0.094,-15.099008090825123,46.6023893401765,-28.544074835387576,0.0
2016-08-02 15:19:08.340,-0.918,-0.27,-0.094,-19.746663069699487,42.157772273268485,-28.84152224363998,0.0
2016-08-02 15:19:08.350,-0.906,-0.273,-0.09,-22.073097410339805,38.919372591099304,-26.864675944189333,0.0
2016-08-02 15:19:08.360,-0.883,-0.285,-0.055,-20.1260236264275,39.43561320563636,-26.10101337214296,0.0
2016-08-02 15:19:08.370,-0.84,-0.301,-0.035,-16.916167646930123,40.98946368971005,-26.937809183094785,0.0
2016-08-02 15:19:08.380,-0.832,-0.301,-0.039,-13.747742790642425,45.849695630465746,-26.89399456662779,0.0
2016-08-02 15:19:08.390,-0.836,-0.305,-0.074,-11.06049913331579,50.587418007426656,-27.676665767889894,0.0
2016-08-02 15:19:08.400,-0.883,-0.336,-0.156,-10.85546887832105,50.89777829814293,-28.139859961465834,0.0
2016-08-02 15:19:08.410,-0.973,-0.336,-0.207,-12.837821593728737,48.85347164737181,-26.67411517563685,0.0
2016-08-02 15:19:08.420,-0.992,-0.324,-0.199,-16.874957367439933,42.95108278121722,-24.78177273049931,0.0
2016-08-02 15:19:08.430,-0.973,-0.348,-0.188,-21.237214432721814,37.23773976955748,-21.001511164629502,0.0
2016-08-02 15:19:08.440,-0.965,-0.379,-0.148,-21.807425985782054,37.6605208288901,-17.38560413613844,0.0
2016-08-02 15:19:08.450,-0.922,-0.387,-0.082,-18.569497981965036,39.61738802656339,-17.60145618263476,0.0
2016-08-02 15:19:08.460,-0.875,-0.375,-0.066,-13.631010347422652,42.95412466907998,-18.5047976166908,0.0
2016-08-02 15:19:08.470,-0.871,-0.371,-0.117,-9.728811812679002,48.34164357589389,-19.371556615614118,0.0
2016-08-02 15:19:08.480,-0.918,-0.383,-0.191,-10.01499142500781,48.714457971910974,-20.895322594479104,0.0
2016-08-02 15:19:08.490,-0.984,-0.383,-0.258,-12.139244163130744,43.91216790883821,-19.682736735187326,0.0
2016-08-02 15:19:08.500,-1.027,-0.379,-0.277,-12.772418926055733,37.43984710140323,-16.61625703599024,0.0
2016-08-02 15:19:08.510,-0.992,-0.379,-0.262,-12.639475114716348,31.0001012561395,-14.895797904643187,0.0
2016-08-02 15:19:08.520,-0.973,-0.391,-0.234,-11.460439565449603,28.738391970873124,-14.668217560961942,0.0
2016-08-02 15:19:08.530,-0.938,-0.391,-0.184,-8.608814470387564,29.498999044721565,-15.452889717298834,0.0
2016-08-02 15:19:08.540,-0.895,-0.379,-0.133,-4.3699235678122825,30.280353984605764,-16.250394697246637,0.0
2016-08-02 15:19:08.550,-0.852,-0.359,-0.145,0.5726076846521547,32.98089302942832,-16.9111633165513,0.0
2016-08-02 15:19:08.560,-0.871,-0.367,-0.227,3.1794520592759974,35.69995645982666,-17.804977312361203,0.0
2016-08-02 15:19:08.570,-0.918,-0.359,-0.273,2.3612647686746295,34.18855995924651,-17.97002576752714,0.0
2016-08-02 15:19:08.580,-0.91,-0.324,-0.273,0.8311495653100093,30.011285383871538,-17.114370911985223,0.0
2016-08-02 15:19:08.590,-0.887,-0.316,-0.27,-0.5050894319363307,28.134329166371312,-16.217726909178616,0.0
2016-08-02 15:19:08.600,-0.871,-0.328,-0.25,-2.4935978231869624,29.723982500953518,-16.468007563951687,0.0
2016-08-02 15:19:08.610,-0.848,-0.336,-0.211,-3.3177851645403367,31.91180199037808,-17.80555287037749,0.0
2016-08-02 15:19:08.620,-0.824,-0.328,-0.195,-1.0428109369432896,34.50058677978998,-19.230516608221507,0.0
2016-08-02 15:19:08.630,-0.82,-0.336,-0.227,1.7034476804733967,37.590758938367294,-20.14213850070664,0.0
2016-08-02 15:19:08.640,-0.844,-0.348,-0.27,2.6039488340136945,38.52559900287602,-19.97445007701532,0.0
2016-08-02 15:19:08.650,-0.871,-0.352,-0.297,3.589920510098212,37.35987527326496,-18.98875204311014,0.0
2016-08-02 15:19:08.660,-0.883,-0.352,-0.309,4.650714021512542,36.0517360204166,-17.7629912775131,0.0
2016-08-02 15:19:08.670,-0.883,-0.359,-0.301,3.1660907324600616,35.50914879179404,-16.50243811151584,0.0
2016-08-02 15:19:08.680,-0.875,-0.367,-0.297,-0.16726072136388292,36.1363504848095,-15.946757846156423,0.0
2016-08-02 15:19:08.690,-0.867,-0.375,-0.273,-2.70508708726632,36.8181653635326,-16.961389302031577,0.0
2016-08-02 15:19:08.700,-0.852,-0.379,-0.246,-2.990685058851637,36.990874086183354,-19.55449447802981,0.0
2016-08-02 15:19:08.710,-0.84,-0.391,-0.254,-1.1407841432915484,38.344267935335864,-22.084064082131125,0.0
2016-08-02 15:19:08.720,-0.859,-0.398,-0.27,0.6930711828100546,39.99109835482409,-23.600123429647518,0.0
2016-08-02 15:19:08.730,-0.875,-0.402,-0.293,1.7526605709612069,39.039355520740884,-24.711071330523875,0.0
2016-08-02 15:19:08.740,-0.887,-0.402,-0.305,3.6158233483006743,36.99124898159732,-25.005591483831527,0.0
2016-08-02 15:19:08.750,-0.879,-0.398,-0.301,5.638119430201542,36.35194040212145,-25.106919073349488,0.0
2016-08-02 15:19:08.760,-0.863,-0.391,-0.297,5.652290475333743,36.43777000170308,-26.591207495245698,0.0
2016-08-02 15:19:08.770,-0.852,-0.383,-0.27,4.185155183232586,36.65342319355554,-28.761769709923698,0.0
2016-08-02 15:19:08.780,-0.84,-0.383,-0.23,4.307277984174389,37.158506152305634,-30.83500130045501,0.0
2016-08-02 15:19:08.790,-0.824,-0.395,-0.25,6.985918971495552,38.85419429088094,-32.62311373375507,0.0
2016-08-02 15:19:08.800,-0.836,-0.402,-0.309,8.796423836708108,41.1513579304638,-34.24274421866014,0.0
2016-08-02 15:19:08.810,-0.855,-0.402,-0.355,7.732761240104702,40.81831047731671,-36.68723432076116,0.0
2016-08-02 15:19:08.820,-0.855,-0.41,-0.371,5.887642877701208,38.79508454517542,-38.465770939530344,0.0
2016-08-02 15:19:08.830,-0.844,-0.426,-0.371,4.118808715975183,38.39841309870902,-38.29044961089956,0.0
2016-08-02 15:19:08.840,-0.836,-0.445,-0.352,1.6764481013979573,38.7139997323449,-38.90622401063941,0.0
2016-08-02 15:19:08.850,-0.809,-0.457,-0.293,-0.6368145575016717,38.88934221807027,-41.166247201871386,0.0
2016-08-02 15:19:08.860,-0.777,-0.449,-0.25,-1.3633265867617725,40.40681927737599,-43.034306925612206,0.0
2016-08-02 15:19:08.870,-0.762,-0.465,-0.281,-0.6268671383477397,42.93895665925368,-44.00983357591267,0.0
2016-08-02 15:19:08.880,-0.777,-0.484,-0.336,-0.3400658740132666,43.91070974485788,-45.03844438444603,0.0
2016-08-02 15:19:08.890,-0.781,-0.492,-0.367,-0.8823190495318279,42.423774738062,-46.884222372114465,0.0
2016-08-02 15:19:08.900,-0.773,-0.492,-0.406,-0.8997168826117641,41.13485797159107,-47.874839381796285,0.0
2016-08-02 15:19:08.910,-0.766,-0.504,-0.453,-1.9390536669869622,41.48395190674402,-46.754060583555464,0.0
2016-08-02 15:19:08.920,-0.762,-0.496,-0.453,-6.5829204204801925,41.14169931924708,-45.85776051220614,0.0
2016-08-02 15:19:08.930,-0.75,-0.492,-0.422,-12.65693700795341,39.584514258348875,-45.88920217061517,0.0
2016-08-02 15:19:08.940,-0.738,-0.516,-0.41,-15.785785817425182,39.38663620300319,-45.36615858929625,0.0
2016-08-02 15:19:08.950,-0.73,-0.539,-0.418,-15.957974111937508,40.360477273598164,-44.85154049576377,0.0
2016-08-02 15:19:08.960,-0.73,-0.566,-0.453,-15.830218660258975,40.04886742538539,-45.15284024068589,0.0
2016-08-02 15:19:08.970,-0.734,-0.578,-0.484,-15.328833429864167,38.73722512575431,-45.03237497007718,0.0
2016-08-02 15:19:08.980,-0.73,-0.59,-0.508,-13.738451070678986,37.678465467422235,-43.74793733075163,0.0
2016-08-02 15:19:08.990,-0.727,-0.582,-0.504,-13.142098138129402,37.05665525948379,-42.51720636223712,0.0
2016-08-02 15:19:09.000,-0.723,-0.566,-0.469,-14.81342005546249,37.10108946062255,-41.685974214357465,0.0
2016-08-02 15:19:09.010,-0.715,-0.582,-0.441,-15.086066071776596,37.52957518563193,-40.569921189688024,0.0
2016-08-02 15:19:09.020,-0.719,-0.613,-0.469,-10.7675240710108,38.76201221863572,-39.92489714406973,0.0
2016-08-02 15:19:09.030,-0.734,-0.617,-0.516,-5.72951041351334,40.10490451917711,-40.63901799262718,0.0
2016-08-02 15:19:09.040,-0.742,-0.629,-0.602,-4.417251704253869,38.515924698671625,-41.28051987594469,0.0
2016-08-02 15:19:09.050,-0.758,-0.648,-0.664,-5.730278338839641,34.73508424765462,-40.062233863780484,0.0
2016-08-02 15:19:09.060,-0.758,-0.672,-0.668,-6.783746891227318,31.17988382679193,-37.884995606692414,0.0
2016-08-02 15:19:09.070,-0.75,-0.695,-0.625,-5.398555382002316,28.01525936843262,-35.88674196967367,0.0
2016-08-02 15:19:09.080,-0.73,-0.715,-0.559,-0.7855066748219488,26.51214211126152,-33.85437608666141,0.0
2016-08-02 15:19:09.090,-0.715,-0.711,-0.492,6.429942294403666,26.649244960302667,-32.740981873997434,0.0
2016-08-02 15:19:09.100,-0.691,-0.695,-0.492,15.03196652694817,27.146214745914428,-32.651752878802625,0.0
2016-08-02 15:19:09.110,-0.688,-0.68,-0.551,22.321347086334118,27.681240618063093,-32.28948369927431,0.0
2016-08-02 15:19:09.120,-0.676,-0.672,-0.598,25.58955086981414,26.12073621052624,-32.97719906131588,0.0
2016-08-02 15:19:09.130,-0.668,-0.633,-0.625,25.588560262456525,22.426616564964924,-34.77353283318226,0.0
2016-08-02 15:19:09.140,-0.656,-0.613,-0.641,24.07632902127862,19.499287715099506,-34.26656790345414,0.0
2016-08-02 15:19:09.150,-0.637,-0.594,-0.609,20.851002350641263,17.01721480439055,-32.31446091458072,0.0
2016-08-02 15:19:09.160,-0.609,-0.574,-0.563,18.08212623064282,14.555284408912163,-31.590918819187205,0.0
2016-08-02 15:19:09.170,-0.594,-0.574,-0.52,18.805054550677227,13.974470051031048,-30.266224217378777,0.0
2016-08-02 15:19:09.180,-0.582,-0.602,-0.531,20.6772745794178,14.560750630814706,-28.218967495867428,0.0
2016-08-02 15:19:09.190,-0.566,-0.617,-0.547,20.25106709338489,14.636381957714406,-27.117577220129604,0.0
2016-08-02 15:19:09.200,-0.566,-0.629,-0.559,17.804599049809323,14.558071577668153,-25.263468928752232,0.0
2016-08-02 15:19:09.210,-0.57,-0.652,-0.566,14.73959177793125,14.042255747927385,-21.998837109275804,0.0
2016-08-02 15:19:09.220,-0.57,-0.66,-0.559,11.575651903290183,12.736020619654305,-18.682280960588646,0.0
2016-08-02 15:19:09.230,-0.57,-0.668,-0.539,7.988362890336161,11.913785688425994,-15.236140730727836,0.0
2016-08-02 15:19:09.240,-0.555,-0.684,-0.523,4.4857783414067445,11.748314648048433,-11.959857105869045,0.0
2016-08-02 15:19:09.250,-0.543,-0.707,-0.527,3.014958323800977,11.678265282578021,-9.60568450379671,0.0
2016-08-02 15:19:09.260,-0.543,-0.723,-0.531,3.0807384763722254,12.076925089941202,-7.6874830947440005,0.0
2016-08-02 15:19:09.270,-0.551,-0.742,-0.566,2.5371166648390733,12.052850378058286,-6.155736117593366,0.0
2016-08-02 15:19:09.280,-0.57,-0.738,-0.602,1.495824105883724,10.754547578639196,-4.833633077837197,0.0
2016-08-02 15:19:09.290,-0.578,-0.738,-0.625,-0.23050593657675655,8.770060586919165,-3.2147658658668123,0.0
2016-08-02 15:19:09.300,-0.582,-0.734,-0.59,-3.077077566721119,6.278849838497445,-2.431397214238333,0.0
2016-08-02 15:19:09.310,-0.578,-0.734,-0.527,-4.885780264034005,4.662503809361772,-2.4326083436082415,0.0
2016-08-02 15:19:09.320,-0.57,-0.746,-0.465,-3.398960228191807,5.504959812054125,-1.8270426526075711,0.0
2016-08-02 15:19:09.330,-0.559,-0.754,-0.414,2.219008672613446,7.7194326257372605,-1.6823567891813722,0.0
2016-08-02 15:19:09.340,-0.563,-0.77,-0.398,12.294187277761875,9.872139254584063,-3.0437207778462136,0.0
2016-08-02 15:19:09.350,-0.563,-0.773,-0.434,24.293115492785397,11.316062519796917,-5.098631920628619,0.0
2016-08-02 15:19:09.360,-0.57,-0.727,-0.488,31.687201823996325,11.721473755562508,-7.37865152326008,0.0
2016-08-02 15:19:09.370,-0.586,-0.684,-0.531,29.29858325659853,11.309343338048356,-9.084650754842675,0.0
2016-08-02 15:19:09.380,-0.586,-0.668,-0.531,20.315581130666196,9.886727620487042,-10.046492130084193,0.0
2016-08-02 15:19:09.390,-0.586,-0.695,-0.508,15.238989317493175,8.5578893070158,-11.183976477670019,0.0
2016-08-02 15:19:09.400,-0.59,-0.727,-0.484,18.453853588234548,9.652797994786644,-12.045481403098702,0.0
2016-08-02 15:19:09.410,-0.602,-0.73,-0.453,23.826058510476148,12.013140997792704,-12.83133716159923,0.0
2016-08-02 15:19:09.420,-0.605,-0.758,-0.438,28.216340096990372,13.461287305772753,-14.110085592387314,0.0
2016-08-02 15:19:09.430,-0.609,-0.781,-0.445,32.74756853652313,14.639167723291376,-15.016505740030645,0.0
2016-08-02 15:19:09.440,-0.621,-0.789,-0.488,34.98583137649678,15.46434779375484,-15.751654033315669,0.0
2016-08-02 15:19:09.450,-0.629,-0.773,-0.551,32.887685855892514,14.810408782915362,-16.493422920052218,0.0
2016-08-02 15:19:09.460,-0.625,-0.766,-0.582,27.60410450076846,12.893517046410196,-16.9809154062523,0.0
2016-08-02 15:19:09.470,-0.609,-0.781,-0.578,22.792719051309884,10.919767478717514,-17.920183245631968,0.0
2016-08-02 15:19:09.480,-0.609,-0.785,-0.566,21.763001592255584,9.675102507897618,-18.837193104935587,0.0
2016-08-02 15:19:09.490,-0.613,-0.789,-0.543,21.461651117036297,8.519552863874997,-19.150625250222433,0.0
2016-08-02 15:19:09.500,-0.629,-0.801,-0.523,18.98874163256724,7.090197765465482,-19.61887525112784,0.0
2016-08-02 15:19:09.510,-0.625,-0.813,-0.516,17.34762726038943,5.964508987008785,-19.95151315314966,0.0
2016-08-02 15:19:09.520,-0.629,-0.809,-0.531,16.663836139819836,4.9991185482320395,-19.568295950460556,0.0
2016-08-02 15:19:09.530,-0.621,-0.813,-0.555,14.210309099105919,3.6213362995283385,-18.88992179054872,0.0
2016-08-02 15:19:09.540,-0.605,-0.816,-0.582,10.673526230426148,1.6863466679505807,-17.94431107507861,0.0
2016-08-02 15:19:09.550,-0.594,-0.82,-0.613,6.769238771549561,-0.8310483185331737,-16.605460097973783,0.0
2016-08-02 15:19:09.560,-0.574,-0.836,-0.609,1.960469467575297,-3.8552691088536255,-15.447590911505852,0.0
2016-08-02 15:19:09.570,-0.559,-0.84,-0.559,-2.938680752767305,-6.468152027514458,-14.659071027984064,0.0
2016-08-02 15:19:09.580,-0.559,-0.855,-0.512,-6.079847687215315,-7.3606878258341295,-13.28732208218573,0.0
2016-08-02 15:19:09.590,-0.566,-0.859,-0.488,-5.7521972131703425,-6.75186508925686,-11.209980941716402,0.0
2016-08-02 15:19:09.600,-0.555,-0.84,-0.496,-3.0503235299024416,-5.964227411328896,-9.48079966936618,0.0
2016-08-02 15:19:09.610,-0.551,-0.816,-0.523,-1.2441142651408843,-5.530845193167718,-7.922248888664621,0.0
2016-08-02 15:19:09.620,-0.551,-0.801,-0.574,-2.1177601571163036,-5.846116485162648,-5.886565344335516,0.0
2016-08-02 15:19:09.630,-0.551,-0.773,-0.59,-5.896465443860544,-7.35717133220259,-3.7633294334004246,0.0
2016-08-02 15:19:09.640,-0.543,-0.773,-0.578,-10.451759061293757,-9.188948437481272,-1.6718836371287022,0.0
2016-08-02 15:19:09.650,-0.535,-0.777,-0.539,-12.514424984241128,-10.114953200768564,0.6607858949680375,0.0
2016-08-02 15:19:09.660,-0.543,-0.773,-0.508,-11.855091916696164,-10.17404527825347,2.9630506302227757,0.0
2016-08-02 15:19:09.670,-0.543,-0.77,-0.477,-9.277708318040752,-9.931563374675962,4.91322345249613,0.0
2016-08-02 15:19:09.680,-0.543,-0.773,-0.477,-5.037039317368875,-9.262214606956945,6.6682827338296535,0.0
2016-08-02 15:19:09.690,-0.535,-0.773,-0.5,-1.3792367113836927,-8.27096323499832,8.35154406620778,0.0
2016-08-02 15:19:09.700,-0.531,-0.77,-0.531,-0.28285750493857065,-7.9535377636096465,9.779252490184426,0.0
2016-08-02 15:19:09.710,-0.531,-0.762,-0.555,-1.104534553097257,-8.579916344135498,11.300102638016781,0.0
2016-08-02 15:19:09.720,-0.527,-0.762,-0.566,-2.652122348667857,-9.574545650582984,13.100745754589209,0.0
2016-08-02 15:19:09.730,-0.523,-0.77,-0.555,-3.967398563884447,-10.384587945849754,14.422021290690747,0.0
2016-08-02 15:19:09.740,-0.531,-0.762,-0.531,-4.706682351603047,-10.623903779706117,15.256237103085422,0.0
2016-08-02 15:19:09.750,-0.539,-0.758,-0.512,-5.241325584484898,-10.534340078685759,16.01301709728633,0.0
2016-08-02 15:19:09.760,-0.539,-0.762,-0.492,-4.87211267749016,-10.187309495131226,16.361988530937992,0.0
2016-08-02 15:19:09.770,-0.543,-0.77,-0.48,-2.6642248053516226,-9.273665124181656,16.243349313841737,0.0
2016-08-02 15:19:09.780,-0.547,-0.766,-0.496,0.033372130488814794,-8.133686994187713,15.85693411258286,0.0
2016-08-02 15:19:09.790,-0.543,-0.754,-0.508,0.8944873531516345,-7.347586223979541,15.026789093061023,0.0
2016-08-02 15:19:09.800,-0.547,-0.738,-0.504,-0.5251070322321266,-6.975186625488147,13.878891640137715,0.0
2016-08-02 15:19:09.810,-0.563,-0.742,-0.492,-2.768705342507332,-6.5454360363757615,12.952768414317976,0.0
2016-08-02 15:19:09.820,-0.574,-0.746,-0.477,-4.024696106130986,-5.725571962013671,12.033280198033351,0.0
2016-08-02 15:19:09.830,-0.582,-0.754,-0.465,-3.7289213913167494,-4.607691453105339,10.840106528865634,0.0
2016-08-02 15:19:09.840,-0.59,-0.773,-0.457,-2.5393444043406856,-3.3590646525263144,10.035477776298542,0.0
2016-08-02 15:19:09.850,-0.59,-0.789,-0.469,-0.7442676888589184,-2.166432230423194,9.790177482364475,0.0
2016-08-02 15:19:09.860,-0.602,-0.797,-0.473,0.956915847890013,-0.9745852682357043,9.61411567310574,0.0
2016-08-02 15:19:09.870,-0.609,-0.793,-0.473,1.2298163855699518,0.27112000939558695,9.591549352546192,0.0
2016-08-02 15:19:09.880,-0.613,-0.793,-0.465,0.6967987624703724,1.5344590458511007,9.863609963054255,0.0
2016-08-02 15:19:09.890,-0.613,-0.789,-0.461,0.5779026274163381,2.95819916102053,9.955755852062211,0.0
2016-08-02 15:19:09.900,-0.609,-0.785,-0.449,0.20774837464588758,4.131952131332699,9.555592084984278,0.0
2016-08-02 15:19:09.910,-0.605,-0.785,-0.449,-0.40202505085313556,4.976732352784404,8.877375364410636,0.0
2016-08-02 15:19:09.920,-0.609,-0.777,-0.461,-0.3533264807584451,6.0736786478079345,8.185438231130227,0.0
2016-08-02 15:19:09.930,-0.613,-0.766,-0.461,-0.5058174831766142,7.084609552970749,7.432715442094002,0.0
2016-08-02 15:19:09.940,-0.613,-0.758,-0.461,-1.5682055153335086,8.10416621236556,6.696196350673764,0.0
2016-08-02 15:19:09.950,-0.625,-0.742,-0.469,-2.9435592765195375,9.42539413080801,6.392610792607507,0.0
2016-08-02 15:19:09.960,-0.629,-0.734,-0.477,-5.090526399691862,9.813649518823041,6.024123677564423,0.0
2016-08-02 15:19:09.970,-0.629,-0.73,-0.473,-8.061744075148699,9.250606609142888,5.101225307315691,0.0
2016-08-02 15:19:09.980,-0.633,-0.742,-0.484,-10.147096041104112,9.17399873401877,4.584616008289351,0.0
2016-08-02 15:19:09.990,-0.629,-0.75,-0.492,-11.468550778443678,9.370775008405724,4.774411447285578,0.0
2016-08-02 15:19:10.000,-0.641,-0.758,-0.5,-13.098266381163906,9.116867560900996,5.190235976837941,0.0
2016-08-02 15:19:10.010,-0.641,-0.777,-0.492,-13.90364841005805,8.789877911655685,6.179009604623667,0.0
2016-08-02 15:19:10.020,-0.637,-0.793,-0.492,-13.56001169984489,8.394715211049224,7.539693859001436,0.0
2016-08-02 15:19:10.030,-0.633,-0.793,-0.484,-12.989046564304484,7.573632854834953,8.632465743075223,0.0
2016-08-02 15:19:10.040,-0.629,-0.785,-0.492,-11.910209778140022,6.603144872972813,9.645749833983817,0.0
2016-08-02 15:19:10.050,-0.621,-0.77,-0.5,-10.907757835879893,5.9785069723068585,10.464745007238824,0.0
2016-08-02 15:19:10.060,-0.629,-0.758,-0.516,-11.589033540985918,5.515419904295566,10.833522154750224,0.0
2016-08-02 15:19:10.070,-0.629,-0.758,-0.523,-13.591120321012443,4.092471367947328,11.207483350078963,0.0
2016-08-02 15:19:10.080,-0.629,-0.754,-0.527,-14.751707450430285,1.9823866533047145,11.995630166657758,0.0
2016-08-02 15:19:10.090,-0.621,-0.746,-0.512,-13.802972637564778,0.7936314030060272,13.16649380897105,0.0
2016-08-02 15:19:10.100,-0.617,-0.73,-0.508,-11.731652173756762,0.07553820796168373,14.65182391622651,0.0
2016-08-02 15:19:10.110,-0.625,-0.727,-0.516,-10.134378446556692,-1.1423589279882256,16.55102958550612,0.0
2016-08-02 15:19:10.120,-0.609,-0.723,-0.52,-9.369175871106929,-2.3847758195831914,18.54380030848554,0.0
2016-08-02 15:19:10.130,-0.602,-0.723,-0.535,-8.809128895940155,-3.4678518570757855,20.18449770617677,0.0
2016-08-02 15:19:10.140,-0.598,-0.727,-0.57,-8.923508775356035,-4.748544051395285,21.563616647622556,0.0
2016-08-02 15:19:10.150,-0.59,-0.727,-0.594,-11.598034024143196,-7.015269129937332,22.38097666351509,0.0
2016-08-02 15:19:10.160,-0.586,-0.719,-0.613,-15.532732886645375,-10.88512344114731,22.05612722278528,0.0
2016-08-02 15:19:10.170,-0.598,-0.715,-0.613,-17.04063420237279,-15.619624375574709,21.100386567689384,0.0
2016-08-02 15:19:10.180,-0.594,-0.723,-0.598,-16.56924717265495,-20.055934150563544,20.36297966541275,0.0
2016-08-02 15:19:10.190,-0.586,-0.715,-0.574,-15.797725570463985,-23.426121566655688,19.708595559847303,0.0
2016-08-02 15:19:10.200,-0.586,-0.715,-0.559,-13.655463231825616,-25.418629663721543,19.340540036110404,0.0
2016-08-02 15:19:10.210,-0.59,-0.691,-0.566,-10.838592450803826,-26.155105541264483,20.057039207748428,0.0
2016-08-02 15:19:10.220,-0.586,-0.68,-0.582,-9.865121243778617,-26.8068310520297,21.119311896157463,0.0
2016-08-02 15:19:10.230,-0.59,-0.672,-0.582,-9.931182746652523,-29.001093704719274,21.068249170575633,0.0
2016-08-02 15:19:10.240,-0.605,-0.652,-0.574,-7.991037495391998,-32.0150926068126,20.331663557378675,0.0
2016-08-02 15:19:10.250,-0.629,-0.656,-0.547,-3.7727300151047642,-35.02068745124083,20.227924214949635,0.0
2016-08-02 15:19:10.260,-0.629,-0.672,-0.52,1.5927330004157692,-38.303868157115005,20.097535091131135,0.0
2016-08-02 15:19:10.270,-0.629,-0.664,-0.516,8.233292902784102,-39.57139564817812,19.383293586683582,0.0
2016-08-02 15:19:10.280,-0.641,-0.641,-0.551,13.143859858482204,-38.36394280233978,20.071625524938398,0.0
2016-08-02 15:19:10.290,-0.645,-0.625,-0.582,12.078069816428286,-38.31992968425861,22.17492751100103,0.0
2016-08-02 15:19:10.300,-0.648,-0.613,-0.586,6.955279029626764,-40.140960677467525,23.644891995400492,0.0
2016-08-02 15:19:10.310,-0.645,-0.613,-0.563,2.8006706783991255,-42.31391349292701,24.812643653586292,0.0
2016-08-02 15:19:10.320,-0.656,-0.625,-0.527,2.9741966228970504,-44.491694813690955,25.74777006056895,0.0
2016-08-02 15:19:10.330,-0.668,-0.645,-0.504,7.454242229099483,-45.89328871162034,25.91808265997572,0.0
2016-08-02 15:19:10.340,-0.672,-0.641,-0.48,11.980200554674516,-45.79124928241851,26.536917060707548,0.0
2016-08-02 15:19:10.350,-0.676,-0.625,-0.5,13.645137530739241,-44.18703496221726,27.999769455967545,0.0
2016-08-02 15:19:10.360,-0.68,-0.617,-0.512,12.235170600957188,-42.64640786888234,29.617419837308276,0.0
2016-08-02 15:19:10.370,-0.684,-0.598,-0.484,7.774622181847636,-42.78508185122387,30.933038721343728,0.0
2016-08-02 15:19:10.380,-0.684,-0.617,-0.492,3.407594801029844,-42.879980118926326,32.68764013138268,0.0
2016-08-02 15:19:10.390,-0.699,-0.629,-0.492,1.5340183627263406,-41.909688515491155,35.39406413990896,0.0
2016-08-02 15:19:10.400,-0.727,-0.598,-0.461,0.44727375439919165,-41.96737574807205,37.40740726515127,0.0
2016-08-02 15:19:10.410,-0.742,-0.629,-0.445,-0.9687510239524617,-43.444592656068004,39.592862451746086,0.0
2016-08-02 15:19:10.420,-0.742,-0.641,-0.402,-2.220431587587252,-44.59017848942738,42.57001677612977,0.0
2016-08-02 15:19:10.430,-0.742,-0.641,-0.367,-1.0068096854514734,-44.58372084814381,43.96091630729006,0.0
2016-08-02 15:19:10.440,-0.738,-0.641,-0.359,3.150890901918441,-43.80779413290451,45.20546570133852,0.0
2016-08-02 15:19:10.450,-0.734,-0.613,-0.375,6.596507522787539,-42.618831793775904,46.72654472562632,0.0
2016-08-02 15:19:10.460,-0.746,-0.578,-0.414,7.156314584330817,-41.92875898395123,46.57325358549438,0.0
2016-08-02 15:19:10.470,-0.766,-0.551,-0.453,4.129203719143843,-43.47661730398346,46.38373278492761,0.0
2016-08-02 15:19:10.480,-0.785,-0.516,-0.445,-1.9866036112286816,-46.83090224830406,46.49911658053175,0.0
2016-08-02 15:19:10.490,-0.785,-0.555,-0.43,-7.394236607580726,-50.60397064147378,46.93827359937426,0.0
2016-08-02 15:19:10.500,-0.789,-0.582,-0.395,-7.445061654341994,-54.226520038662706,47.85229128487605,0.0
2016-08-02 15:19:10.510,-0.785,-0.586,-0.367,-1.274777514472108,-55.984568905241574,47.126444785561716,0.0
2016-08-02 15:19:10.520,-0.785,-0.578,-0.363,4.910820503154108,-56.185174103732855,46.20646334579999,0.0
2016-08-02 15:19:10.530,-0.797,-0.527,-0.34,6.2031872232273795,-56.9308278269867,45.495351302051006,0.0
2016-08-02 15:19:10.540,-0.801,-0.508,-0.336,5.1659762871695865,-58.27622241963909,43.764245557686856,0.0
2016-08-02 15:19:10.550,-0.813,-0.535,-0.309,3.9154848014471426,-59.70469871595833,43.85645092614957,0.0
2016-08-02 15:19:10.560,-0.813,-0.531,-0.285,3.734789013168954,-59.80654725059658,44.82154776165289,0.0
2016-08-02 15:19:10.570,-0.805,-0.535,-0.301,5.715072900356547,-57.889145861898925,45.05605436468065,0.0
2016-08-02 15:19:10.580,-0.824,-0.543,-0.289,6.9161086381315435,-56.46256973767774,46.45204734535072,0.0
2016-08-02 15:19:10.590,-0.832,-0.531,-0.27,7.780138321852313,-56.85531058340847,47.352395530526735,0.0
2016-08-02 15:19:10.600,-0.848,-0.508,-0.281,12.417908836458333,-57.76903308039273,47.467067164898836,0.0
2016-08-02 15:19:10.610,-0.875,-0.488,-0.242,17.705993235127483,-58.41850648803428,48.43655955231907,0.0
2016-08-02 15:19:10.620,-0.867,-0.473,-0.234,18.608736926804326,-58.72338732364727,50.19242590196798,0.0
2016-08-02 15:19:10.630,-0.875,-0.484,-0.23,17.832439057248557,-58.27157155541759,53.16794208978148,0.0
2016-08-02 15:19:10.640,-0.879,-0.477,-0.199,17.97719521259022,-56.82955106798929,55.072896789689686,0.0
2016-08-02 15:19:10.650,-0.848,-0.473,-0.184,18.118426248771716,-54.66563761668022,54.89216252660676,0.0
2016-08-02 15:19:10.660,-0.82,-0.469,-0.16,19.14550209909679,-51.91251699355496,54.23026060705371,0.0
2016-08-02 15:19:10.670,-0.793,-0.434,-0.117,20.48490861776063,-49.40800293116241,51.52670337477721,0.0
2016-08-02 15:19:10.680,-0.766,-0.375,-0.102,21.362484200490748,-48.31178208876145,48.322245677011225,0.0
2016-08-02 15:19:10.690,-0.762,-0.383,-0.102,23.39880984133907,-47.531947633855125,47.80812371066767,0.0
2016-08-02 15:19:10.700,-0.777,-0.395,-0.129,25.196072990479472,-45.64403482136977,48.07887410928588,0.0
2016-08-02 15:19:10.710,-0.805,-0.414,-0.164,24.93067367568129,-43.685519675361576,48.4203924313636,0.0
2016-08-02 15:19:10.720,-0.832,-0.387,-0.133,22.45543909099439,-42.906741959109254,49.93143034988704,0.0
2016-08-02 15:19:10.730,-0.816,-0.383,-0.094,17.536150333292298,-43.18097188187831,51.72083544873676,0.0
2016-08-02 15:19:10.740,-0.789,-0.41,-0.031,14.861677469646665,-42.86954789712696,51.99144989843393,0.0
2016-08-02 15:19:10.750,-0.758,-0.391,0.031,18.067014971209954,-39.685806327319305,49.34959854929417,0.0
2016-08-02 15:19:10.760,-0.727,-0.371,0.027,22.17673560694888,-34.63760503576143,46.01880772459303,0.0
2016-08-02 15:19:10.770,-0.766,-0.383,-0.039,24.61748156778698,-31.10646562245919,43.94670018016046,0.0
2016-08-02 15:19:10.780,-0.848,-0.379,-0.07,26.75022409934142,-30.570569216025113,42.521842489065996,0.0
2016-08-02 15:19:10.790,-0.875,-0.348,-0.102,25.247154453142326,-33.05720122486128,44.15761485430609,0.0
2016-08-02 15:19:10.800,-0.902,-0.355,-0.102,19.676577697951974,-37.04115552289035,47.034094693426965,0.0
2016-08-02 15:19:10.810,-0.91,-0.352,-0.043,14.80082558981346,-39.84111611887986,46.27089395691161,0.0
2016-08-02 15:19:10.820,-0.887,-0.371,-0.023,12.680516242564668,-40.393766307456985,44.915002503319656,0.0
2016-08-02 15:19:10.830,-0.922,-0.379,-0.004,14.603813368796523,-39.31492857497565,43.82705117655307,0.0
2016-08-02 15:19:10.840,-0.93,-0.316,0.043,17.561943897717583,-38.93005839881392,42.339091565826564,0.0
2016-08-02 15:19:10.850,-0.91,-0.305,0.004,16.148241654008572,-40.56406262985596,44.86221095455292,0.0
2016-08-02 15:19:10.860,-0.941,-0.313,0.031,14.614862078396907,-42.012042928524444,47.529904667052065,0.0
2016-08-02 15:19:10.870,-0.898,-0.258,0.07,15.83470793035925,-41.78869108107573,47.73371526686245,0.0
2016-08-02 15:19:10.880,-0.855,-0.266,0.035,15.275440762207829,-39.69828736769128,50.21418024451356,0.0
2016-08-02 15:19:10.890,-0.879,-0.246,0.059,13.683116969814437,-36.28763145120054,49.550111917761214,0.0
2016-08-02 15:19:10.900,-0.859,-0.184,0.043,10.472348148874717,-34.23900239064428,46.48807693068266,0.0
2016-08-02 15:19:10.910,-0.844,-0.219,0.016,3.990004013860832,-34.313846295952985,48.64056660629582,0.0
2016-08-02 15:19:10.920,-0.875,-0.215,0.059,2.0510880931729543,-34.5529915101899,48.4920697909855,0.0
2016-08-02 15:19:10.930,-0.824,-0.176,0.039,5.022864732397108,-34.02303930465352,46.85779875618297,0.0
2016-08-02 15:19:10.940,-0.816,-0.219,0.031,5.810580131186827,-33.140363335795975,49.34224206783384,0.0
2016-08-02 15:19:10.950,-0.824,-0.203,0.055,7.460554849952073,-31.517287576572432,47.51734148702576,0.0
2016-08-02 15:19:10.960,-0.789,-0.172,0.031,8.641189044709675,-28.252780802569035,45.276922946905735,0.0
2016-08-02 15:19:10.970,-0.77,-0.184,0.027,3.519653570154707,-24.991296408193136,45.337424746149544,0.0
2016-08-02 15:19:10.980,-0.785,-0.191,0.02,-2.384817660122051,-22.70834503995104,38.2047679531253,0.0
2016-08-02 15:19:10.990,-0.801,-0.211,-0.02,-6.793257384632992,-20.089389922999754,30.88544934730008,0.0
2016-08-02 15:19:11.000,-0.84,-0.242,-0.023,-11.9180299368637,-18.302314112401042,27.463799149165364,0.0
2016-08-02 15:19:11.010,-0.863,-0.27,-0.047,-12.28941538351798,-16.773283520094296,22.100482150141183,0.0
2016-08-02 15:19:11.020,-0.883,-0.254,-0.074,-8.320310080536299,-13.654594221150097,19.661144776549463,0.0
2016-08-02 15:19:11.030,-0.914,-0.215,-0.07,-8.073280596053495,-12.042023559002802,19.870039065173046,0.0
2016-08-02 15:19:11.040,-0.93,-0.215,-0.051,-12.54958808783609,-12.604328599595318,18.964077247757277,0.0
2016-08-02 15:19:11.050,-0.926,-0.234,-0.012,-17.656714602047977,-11.855936040470326,19.160225426807678,0.0
2016-08-02 15:19:11.060,-0.918,-0.23,0.004,-20.10177174927854,-8.791335694341306,17.821179878043303,0.0
2016-08-02 15:19:11.070,-0.91,-0.242,-0.004,-18.77488935895556,-4.078946554036475,14.291947433517608,0.0
2016-08-02 15:19:11.080,-0.922,-0.219,-0.02,-15.484623258280894,1.1485937345938182,11.485571141941868,0.0
2016-08-02 15:19:11.090,-0.918,-0.172,-0.055,-13.383424194144414,5.4698408185396,8.706845164226351,0.0
2016-08-02 15:19:11.100,-0.941,-0.152,-0.07,-15.36817119524618,7.545826595442596,5.849039826258604,0.0
2016-08-02 15:19:11.110,-0.949,-0.117,-0.055,-20.71725256296326,7.061236082893138,3.8592478101236622,0.0
2016-08-02 15:19:11.120,-0.934,-0.113,-0.035,-25.156152584156903,6.2964906115002846,3.311017668487457,0.0
2016-08-02 15:19:11.130,-0.938,-0.152,-0.008,-24.114286200620583,7.1338911650000245,2.921006484609358,0.0
2016-08-02 15:19:11.140,-0.965,-0.176,-0.008,-16.074098541233404,8.553413365615018,1.6597696609848402,0.0
2016-08-02 15:19:11.150,-0.992,-0.168,-0.023,-7.3160489074315365,8.488102288968285,1.8512273555523033,0.0
2016-08-02 15:19:11.160,-0.996,-0.145,-0.027,-4.015354345031074,6.3891674790561765,2.9276689821989303,0.0
2016-08-02 15:19:11.170,-0.996,-0.141,-0.023,-3.3402602814255937,4.404412134393771,2.2971518949479632,0.0
2016-08-02 15:19:11.180,-1.012,-0.164,-0.023,-2.338931430597495,3.962859044083359,0.2945564384786156,0.0
2016-08-02 15:19:11.190,-1.02,-0.176,-0.012,-1.908569749064588,3.4086876255194265,-2.195424933145141,0.0
2016-08-02 15:19:11.200,-1.012,-0.184,0.0,-1.7333414929367883,2.238995400871454,-4.026979315150191,0.0
2016-08-02 15:19:11.210,-1.004,-0.195,0.004,0.10611744448743465,2.2545905361286627,-4.793456291139216,0.0
2016-08-02 15:19:11.220,-1.016,-0.211,-0.016,5.448438618557768,3.489035464622407,-5.015645432198307,0.0
2016-08-02 15:19:11.230,-1.027,-0.219,-0.043,12.502836276377206,4.345362695917613,-3.7571412189499362,0.0
2016-08-02 15:19:11.240,-1.031,-0.203,-0.063,17.076790298113544,4.046620277162771,-1.586995183409459,0.0
2016-08-02 15:19:11.250,-1.031,-0.188,-0.055,17.272123699664387,2.172545422553485,-0.5870006430118365,0.0
2016-08-02 15:19:11.260,-1.02,-0.195,-0.023,13.973168373437469,-0.5895534061437433,-0.2855997068090005,0.0
2016-08-02 15:19:11.270,-0.992,-0.211,0.016,11.366238456765968,-1.9271336940955568,-0.06055309071143915,0.0
2016-08-02 15:19:11.280,-0.969,-0.215,0.043,12.28793235320625,-0.9685032540835179,-0.587025695276076,0.0
2016-08-02 15:19:11.290,-0.953,-0.207,0.043,14.124404831791843,0.9895915796847117,-1.4035179171928363,0.0
2016-08-02 15:19:11.300,-0.949,-0.195,0.023,14.816615592029496,2.511256203730841,-1.9411399411450434,0.0
2016-08-02 15:19:11.310,-0.945,-0.191,-0.004,14.771054342538921,3.1822007409105524,-2.1958852786313696,0.0
2016-08-02 15:19:11.320,-0.961,-0.191,-0.031,14.254140880588178,3.3341233215708788,-1.9292670204748887,0.0
2016-08-02 15:19:11.330,-0.973,-0.184,-0.035,13.222625273236591,2.635300459372047,-0.995192192583221,0.0
2016-08-02 15:19:11.340,-0.969,-0.18,-0.02,10.68880862212651,1.1762753465275801,0.06472736153213689,0.0
2016-08-02 15:19:11.350,-0.965,-0.199,0.0,7.4671985434246855,0.39956560706273647,0.0356611777074021,0.0
2016-08-02 15:19:11.360,-0.965,-0.215,0.023,6.288355175486337,0.8175898946507151,-0.8670574705874439,0.0
2016-08-02 15:19:11.370,-0.965,-0.211,0.027,6.059089897896124,1.8209697298084389,-1.5651493134109358,0.0
2016-08-02 15:19:11.380,-0.965,-0.203,0.02,4.199000307874629,3.267750052215743,-2.5027694020925724,0.0
2016-08-02 15:19:11.390,-0.969,-0.207,0.0,1.8246480838157721,5.002593927522838,-3.717234216765548,0.0
2016-08-02 15:19:11.400,-0.98,-0.203,-0.012,0.024763576838876422,6.132583773044537,-4.396418643619707,0.0
2016-08-02 15:19:11.410,-0.988,-0.195,-0.02,-2.2365914999636587,6.150866460394582,-4.538079452651272,0.0
2016-08-02 15:19:11.420,-0.992,-0.199,-0.02,-4.6547931317269144,5.415816794730244,-4.210948675265074,0.0
2016-08-02 15:19:11.430,-0.996,-0.207,-0.004,-5.842036100827764,4.350498663118664,-3.633096161447406,0.0
2016-08-02 15:19:11.440,-0.992,-0.211,0.016,-5.799152174990952,3.5359459571173573,-3.335510593710337,0.0
2016-08-02 15:19:11.450,-0.973,-0.211,0.027,-5.359372245230314,3.5264729560578,-3.552788156085131,0.0
2016-08-02 15:19:11.460,-0.961,-0.203,0.035,-5.030659872211427,4.457534927921104,-4.611953335920222,0.0
2016-08-02 15:19:11.470,-0.945,-0.199,0.043,-5.220365884735702,6.280560828893142,-6.462526118941616,0.0
2016-08-02 15:19:11.480,-0.93,-0.191,0.027,-6.243735752485263,8.500354685771764,-8.517716704519623,0.0
2016-08-02 15:19:11.490,-0.922,-0.188,0.008,-7.757730717469579,10.26367253329008,-10.584078415780285,0.0
2016-08-02 15:19:11.500,-0.938,-0.188,-0.004,-9.163477729963034,11.129833360406987,-12.322432226952825,0.0
2016-08-02 15:19:11.510,-0.918,-0.184,0.004,-10.301753572501568,11.796230218423748,-13.411107385840644,0.0
2016-08-02 15:19:11.520,-0.887,-0.188,0.016,-10.675259812138972,13.780492683078023,-15.02517661650658,0.0
2016-08-02 15:19:11.530,-0.863,-0.188,0.023,-9.921964836200127,17.408841674594917,-18.130269696055482,0.0
2016-08-02 15:19:11.540,-0.855,-0.191,0.023,-9.164292192587407,21.67403398690489,-21.556530466873884,0.0
2016-08-02 15:19:11.550,-0.844,-0.195,0.004,-8.618194796251,25.94567410813439,-24.552880879883098,0.0
2016-08-02 15:19:11.560,-0.879,-0.234,-0.066,-6.969095085743824,28.28619956387033,-27.17745138976974,0.0
2016-08-02 15:19:11.570,-0.957,-0.266,-0.082,-5.236822830255677,26.029446028108744,-27.15836565386294,0.0
2016-08-02 15:19:11.580,-0.977,-0.262,-0.078,-5.251670332847528,21.548951093887364,-23.319036606436725,0.0
2016-08-02 15:19:11.590,-0.965,-0.258,-0.074,-5.751976793764339,19.034310233679264,-19.799372613845616,0.0
2016-08-02 15:19:11.600,-0.973,-0.273,-0.047,-5.0554992995782895,18.348029510404814,-19.11151633093343,0.0
2016-08-02 15:19:11.610,-0.965,-0.281,-0.031,-4.002097441671541,18.821191665936606,-18.949496273142106,0.0
2016-08-02 15:19:11.620,-0.98,-0.289,-0.047,-4.8837346411780915,19.178530768213808,-19.293286172052653,0.0
2016-08-02 15:19:11.630,-0.984,-0.281,-0.031,-8.348351303892136,17.779880723273934,-20.91449019524864,0.0
2016-08-02 15:19:11.640,-0.961,-0.273,-0.043,-11.214966092671153,17.150396978607954,-22.06989761808302,0.0
2016-08-02 15:19:11.650,-0.961,-0.293,-0.043,-10.096529197955174,18.24104140953202,-22.684695937367312,0.0
2016-08-02 15:19:11.660,-0.945,-0.297,-0.055,-5.465214951469273,19.40905130959508,-22.853488544054787,0.0
2016-08-02 15:19:11.670,-0.938,-0.285,-0.074,-1.2601201402521702,20.725761685887356,-21.98448192479158,0.0
2016-08-02 15:19:11.680,-0.93,-0.242,-0.066,-1.8136007057603172,21.271615230153042,-21.330763621083584,0.0
2016-08-02 15:19:11.690,-0.875,-0.211,-0.043,-6.27215226418038,22.33157726818019,-21.617953014575843,0.0
2016-08-02 15:19:11.700,-0.836,-0.207,-0.02,-10.176015278377783,26.526784796988483,-23.469971647656028,0.0
2016-08-02 15:19:11.710,-0.805,-0.219,-0.004,-11.954381409952013,32.172994759034616,-27.03410812527674,0.0
2016-08-02 15:19:11.720,-0.797,-0.262,-0.055,-11.284855391190588,37.06524778269897,-30.017562050732117,0.0
2016-08-02 15:19:11.730,-0.848,-0.285,-0.094,-9.145143771638493,38.93691845690145,-31.08362043171912,0.0
2016-08-02 15:19:11.740,-0.867,-0.266,-0.113,-8.988456741288271,37.834168279803876,-30.029271947704864,0.0
2016-08-02 15:19:11.750,-0.852,-0.246,-0.145,-11.158639770036853,37.60988341159591,-28.487842510895344,0.0
2016-08-02 15:19:11.760,-0.855,-0.25,-0.137,-14.454778605345924,37.769303648675645,-29.49336300407017,0.0
2016-08-02 15:19:11.770,-0.84,-0.254,-0.105,-19.228312126214025,38.0058188489092,-31.114247477130366,0.0
2016-08-02 15:19:11.780,-0.801,-0.262,-0.07,-23.32871327518526,41.50158221278741,-31.981125525501973,0.0
2016-08-02 15:19:11.790,-0.766,-0.273,-0.066,-24.222115764839888,46.81395861629727,-35.1747778351659,0.0
2016-08-02 15:19:11.800,-0.762,-0.32,-0.145,-22.4814840823535,50.66592715536629,-39.142190331337794,0.0
2016-08-02 15:19:11.810,-0.848,-0.363,-0.23,-20.59405071365333,49.756661890929784,-40.03013904269327,0.0
2016-08-02 15:19:11.820,-0.922,-0.32,-0.25,-22.363829986579383,42.834161252867,-37.17987898738857,0.0
2016-08-02 15:19:11.830,-0.918,-0.285,-0.238,-28.707915581194897,36.98072313378363,-32.407703675340855,0.0
2016-08-02 15:19:11.840,-0.891,-0.305,-0.207,-34.31315462836723,36.49572027400197,-30.491401654778194,0.0
2016-08-02 15:19:11.850,-0.879,-0.352,-0.156,-33.63638921884576,37.83799028512382,-32.48031060197217,0.0
2016-08-02 15:19:11.860,-0.859,-0.367,-0.113,-28.105354390676148,40.74463447407024,-34.41646466997187,0.0
2016-08-02 15:19:11.870,-0.828,-0.363,-0.129,-22.99432053951847,44.99349256618906,-36.02832393958329,0.0
2016-08-02 15:19:11.880,-0.824,-0.367,-0.211,-20.31471291031332,46.12120265691887,-38.30651405209558,0.0
2016-08-02 15:19:11.890,-0.875,-0.367,-0.301,-20.32436410561911,42.22401429219684,-39.011769478827645,0.0
2016-08-02 15:19:11.900,-0.93,-0.352,-0.313,-23.942415006390714,35.72683554340527,-36.750501998021406,0.0
2016-08-02 15:19:11.910,-0.938,-0.348,-0.297,-28.40577891134712,30.771013554414075,-33.18035059341574,0.0
2016-08-02 15:19:11.920,-0.918,-0.355,-0.246,-27.93596266887117,29.582830654400183,-31.369811539060485,0.0
2016-08-02 15:19:11.930,-0.887,-0.371,-0.184,-21.3607104060487,31.83643394863599,-32.092762296818634,0.0
2016-08-02 15:19:11.940,-0.852,-0.391,-0.156,-13.493347332728524,36.54877488473823,-33.622846449529376,0.0
2016-08-02 15:19:11.950,-0.828,-0.391,-0.199,-9.475198493080505,40.52090923551597,-34.99240757050426,0.0
2016-08-02 15:19:11.960,-0.832,-0.363,-0.266,-10.10587144390437,40.69958414493756,-35.36320248554662,0.0
2016-08-02 15:19:11.970,-0.855,-0.371,-0.34,-12.891823528256978,37.92385232290182,-34.837429739633244,0.0
2016-08-02 15:19:11.980,-0.887,-0.371,-0.348,-15.943253743985863,34.37376329410665,-34.43027565309044,0.0
2016-08-02 15:19:11.990,-0.898,-0.355,-0.301,-17.315628261575007,32.29849397205368,-32.915566347706104,0.0
2016-08-02 15:19:12.000,-0.883,-0.359,-0.234,-14.774546354799828,34.217485199249964,-30.42438656301964,0.0
2016-08-02 15:19:12.010,-0.844,-0.371,-0.176,-7.88061368879163,40.036402380186885,-29.45610347409923,0.0
2016-08-02 15:19:12.020,-0.809,-0.383,-0.191,0.8829033115523004,46.916566557043296,-29.583938201306093,0.0
2016-08-02 15:19:12.030,-0.801,-0.414,-0.285,5.910310511955493,51.10675266949923,-29.659559254778173,0.0
2016-08-02 15:19:12.040,-0.824,-0.375,-0.348,4.907089469052766,49.61419290504572,-30.03037687382513,0.0
2016-08-02 15:19:12.050,-0.828,-0.355,-0.391,1.0985579046052303,45.106226398028454,-29.934975243330378,0.0
2016-08-02 15:19:12.060,-0.852,-0.402,-0.426,-2.0561575565601418,41.432726012570896,-29.851170433928274,0.0
2016-08-02 15:19:12.070,-0.875,-0.418,-0.371,-0.6130790518646395,37.5544295872068,-30.44019231242453,0.0
2016-08-02 15:19:12.080,-0.871,-0.441,-0.316,5.503651861814191,35.90280348368059,-29.589623537445462,0.0
2016-08-02 15:19:12.090,-0.859,-0.48,-0.277,11.996176652173057,38.45608639028609,-28.658536112802736,0.0
2016-08-02 15:19:12.100,-0.832,-0.48,-0.262,18.367301271366454,40.71219730802646,-30.691434579187302,0.0
2016-08-02 15:19:12.110,-0.797,-0.473,-0.277,22.457399611718337,42.42093296422028,-33.28991064237702,0.0
2016-08-02 15:19:12.120,-0.773,-0.449,-0.348,20.73622102584884,43.36352354987811,-35.11660687034234,0.0
2016-08-02 15:19:12.130,-0.777,-0.426,-0.395,15.750321410246645,39.45838744857606,-38.021404773205575,0.0
2016-08-02 15:19:12.140,-0.781,-0.434,-0.406,9.65937836398812,33.53840330732693,-40.79366419087369,0.0
2016-08-02 15:19:12.150,-0.793,-0.461,-0.41,4.657334662884401,29.865167950868404,-41.55288584358206,0.0
2016-08-02 15:19:12.160,-0.805,-0.477,-0.379,4.539397002970663,27.304243150784874,-41.01016508688162,0.0
2016-08-02 15:19:12.170,-0.801,-0.504,-0.309,8.737109910167888,26.88873206297947,-40.338344655438355,0.0
2016-08-02 15:19:12.180,-0.773,-0.52,-0.254,15.33576406610614,30.483309087951575,-40.380402057864515,0.0
2016-08-02 15:19:12.190,-0.738,-0.52,-0.227,21.623951214098298,35.159299184197856,-41.914300168137984,0.0
2016-08-02 15:19:12.200,-0.699,-0.48,-0.238,22.891162424563976,38.03332852190238,-44.29003699313808,0.0
2016-08-02 15:19:12.210,-0.68,-0.469,-0.32,16.911218827667096,38.18409865094233,-46.58441964892149,0.0
2016-08-02 15:19:12.220,-0.691,-0.445,-0.379,6.024731971699282,34.36456120229086,-49.13921956068546,0.0
2016-08-02 15:19:12.230,-0.707,-0.434,-0.383,-2.820744017111532,29.193315967753605,-50.39669654858997,0.0
2016-08-02 15:19:12.240,-0.715,-0.48,-0.371,-4.551340397753147,27.52200079799833,-49.28337436133792,0.0
2016-08-02 15:19:12.250,-0.719,-0.527,-0.324,-0.6224021925268937,29.03383026590896,-48.36830871350344,0.0
2016-08-02 15:19:12.260,-0.695,-0.551,-0.285,5.202616831518651,32.075099987696404,-48.13555543306468,0.0
2016-08-02 15:19:12.270,-0.676,-0.555,-0.277,8.928350591889357,36.307136783043326,-48.077824627436634,0.0
2016-08-02 15:19:12.280,-0.645,-0.543,-0.293,8.449844334843363,39.1961325794076,-49.64906683870531,0.0
2016-08-02 15:19:12.290,-0.641,-0.531,-0.336,4.824119959144993,39.23762324534246,-51.55612790309463,0.0
2016-08-02 15:19:12.300,-0.652,-0.551,-0.395,0.9118451753227348,37.18942101443104,-51.948230333122766,0.0
2016-08-02 15:19:12.310,-0.672,-0.555,-0.406,-0.3232353083283524,34.27731875154047,-51.28653471657282,0.0
2016-08-02 15:19:12.320,-0.684,-0.574,-0.406,0.07875980411603636,32.801206697662266,-49.48761697520728,0.0
2016-08-02 15:19:12.330,-0.688,-0.605,-0.426,-0.48702590584582084,33.23352392839478,-47.76167675913774,0.0
2016-08-02 15:19:12.340,-0.691,-0.613,-0.418,-0.6437669962000052,33.75173498481289,-47.30848148334083,0.0
2016-08-02 15:19:12.350,-0.695,-0.625,-0.414,1.0303594602814112,34.36560804619634,-46.38643220910069,0.0
2016-08-02 15:19:12.360,-0.695,-0.672,-0.449,2.7445873062067463,35.24913863487072,-45.670656172949904,0.0
2016-08-02 15:19:12.370,-0.707,-0.676,-0.465,3.5833300249977444,34.24026496356879,-46.25431230072853,0.0
2016-08-02 15:19:12.380,-0.719,-0.68,-0.492,4.155337545138979,31.318116454537023,-45.40398712784588,0.0
2016-08-02 15:19:12.390,-0.73,-0.711,-0.523,5.061860793935959,28.835386964668736,-43.789455560613824,0.0
2016-08-02 15:19:12.400,-0.742,-0.73,-0.508,8.305580998824356,27.099815082076297,-43.6513374784613,0.0
2016-08-02 15:19:12.410,-0.742,-0.754,-0.512,13.615686297729088,26.147022313174826,-43.08449365852927,0.0
2016-08-02 15:19:12.420,-0.746,-0.773,-0.512,17.31486716133675,25.903341158137728,-42.05599515283724,0.0
2016-08-02 15:19:12.430,-0.746,-0.77,-0.496,19.80072803478398,25.068468297353633,-40.93640196591349,0.0
2016-08-02 15:19:12.440,-0.742,-0.781,-0.504,23.218762104218598,24.42649412025979,-38.13926022777834,0.0
2016-08-02 15:19:12.450,-0.75,-0.793,-0.516,26.11640207945134,24.185590340415935,-35.77712132727832,0.0
2016-08-02 15:19:12.460,-0.754,-0.793,-0.512,27.5540011274325,22.796828145415702,-34.71572254049596,0.0
2016-08-02 15:19:12.470,-0.746,-0.793,-0.539,26.41172461497878,21.20500615210814,-32.76722326048713,0.0
2016-08-02 15:19:12.480,-0.738,-0.789,-0.551,21.967650371498163,19.808903041590185,-31.058037883512885,0.0
2016-08-02 15:19:12.490,-0.711,-0.777,-0.539,18.52650216564391,18.385638279661585,-29.710360911699798,0.0
2016-08-02 15:19:12.500,-0.695,-0.793,-0.539,17.92324579607925,18.454083289878394,-27.31600461772763,0.0
2016-08-02 15:19:12.510,-0.676,-0.805,-0.527,16.372163565795244,18.740796011527664,-25.75329928929755,0.0
2016-08-02 15:19:12.520,-0.66,-0.793,-0.516,14.13624929102249,17.671064885733344,-24.597913823506456,0.0
2016-08-02 15:19:12.530,-0.652,-0.797,-0.512,13.355715466920849,17.00972137234197,-21.565891900103548,0.0
2016-08-02 15:19:12.540,-0.645,-0.801,-0.52,11.305266383650515,16.864942971430033,-18.856405658281357,0.0
2016-08-02 15:19:12.550,-0.633,-0.793,-0.527,6.585854793690867,15.978011558614796,-17.420587972263903,0.0
2016-08-02 15:19:12.560,-0.621,-0.797,-0.547,1.2254772200285813,14.67946693613353,-15.157199831541522,0.0
2016-08-02 15:19:12.570,-0.605,-0.797,-0.547,-3.6237007142932747,12.978066480809698,-13.076582336647423,0.0
2016-08-02 15:19:12.580,-0.59,-0.801,-0.527,-6.311977747701994,11.308859438790469,-12.047600493472357,0.0
2016-08-02 15:19:12.590,-0.578,-0.797,-0.504,-6.295500245215447,10.947267165522467,-10.648127045218242,0.0
2016-08-02 15:19:12.600,-0.574,-0.793,-0.48,-5.74927595810678,11.49127278125856,-9.119102330320159,0.0
2016-08-02 15:19:12.610,-0.563,-0.777,-0.465,-4.805092251588561,12.271768660617091,-8.163033717725538,0.0
2016-08-02 15:19:12.620,-0.555,-0.773,-0.457,-2.6020875475129004,13.478545416213887,-7.462713041139623,0.0
2016-08-02 15:19:12.630,-0.547,-0.77,-0.461,-0.9592767513195486,14.335792659829456,-6.813524219910002,0.0
2016-08-02 15:19:12.640,-0.539,-0.754,-0.477,-1.183379238401396,13.972397066476557,-6.397866358356838,0.0
2016-08-02 15:19:12.650,-0.527,-0.75,-0.496,-2.6036664317603906,13.124906849710431,-6.4081080750901345,0.0
2016-08-02 15:19:12.660,-0.52,-0.742,-0.535,-5.001351623949724,12.294103818749882,-6.550439492999902,0.0
2016-08-02 15:19:12.670,-0.523,-0.742,-0.551,-7.038985775922208,10.386383829951285,-6.6823395369295735,0.0
2016-08-02 15:19:12.680,-0.535,-0.766,-0.543,-4.832700441414053,7.8201097980319325,-6.606122992711262,0.0
2016-08-02 15:19:12.690,-0.543,-0.809,-0.516,2.749278157170679,7.2703138080848895,-5.849057729907737,0.0
2016-08-02 15:19:12.700,-0.563,-0.852,-0.531,10.143042169287481,8.612470718642125,-5.312207940429929,0.0
2016-08-02 15:19:12.710,-0.574,-0.863,-0.52,11.783170251182394,8.71221984598911,-5.366019150532634,0.0
2016-08-02 15:19:12.720,-0.578,-0.855,-0.531,9.786435397662839,7.7256136217329905,-4.573820393106746,0.0
2016-08-02 15:19:12.730,-0.586,-0.867,-0.543,10.015816501864105,7.161073783241717,-4.1674660791894045,0.0
2016-08-02 15:19:12.740,-0.586,-0.887,-0.559,13.85376262675508,5.776778599687612,-5.814173870534601,0.0
2016-08-02 15:19:12.750,-0.594,-0.895,-0.578,17.386410227315967,3.8460068532174203,-7.370489875115114,0.0
2016-08-02 15:19:12.760,-0.617,-0.887,-0.574,17.910472794187157,2.6216056025564742,-7.756243785597253,0.0
2016-08-02 15:19:12.770,-0.629,-0.879,-0.551,17.882425771591805,1.904672258070049,-7.743659984778649,0.0
2016-08-02 15:19:12.780,-0.645,-0.879,-0.52,20.21322172308833,2.0862700217176915,-7.417393267874424,0.0
2016-08-02 15:19:12.790,-0.645,-0.879,-0.496,24.43701180429675,3.3717925886949196,-7.186499863942884,0.0
2016-08-02 15:19:12.800,-0.641,-0.883,-0.48,28.235541765695533,5.024779791280095,-7.017442916352241,0.0
2016-08-02 15:19:12.810,-0.629,-0.871,-0.504,28.46378339661485,5.79873074826486,-6.660630778478515,0.0
2016-08-02 15:19:12.820,-0.621,-0.832,-0.539,23.860341823585554,4.6286402948913725,-6.278963708171582,0.0
2016-08-02 15:19:12.830,-0.625,-0.805,-0.582,15.928292064917272,1.9914975393384307,-5.8192228756974025,0.0
2016-08-02 15:19:12.840,-0.629,-0.781,-0.625,5.280167492864605,-0.9777797108868905,-5.482362504103832,0.0
2016-08-02 15:19:12.850,-0.617,-0.777,-0.625,-5.389050034021668,-3.503943039195919,-5.162518407096456,0.0
2016-08-02 15:19:12.860,-0.602,-0.801,-0.59,-10.731221937875798,-4.7375058966389485,-4.211430156204651,0.0
2016-08-02 15:19:12.870,-0.59,-0.828,-0.547,-11.563328814131438,-4.460881070819923,-2.5458063677698766,0.0
2016-08-02 15:19:12.880,-0.582,-0.844,-0.52,-12.490528045685483,-3.821758640900072,-0.45333067006679745,0.0
2016-08-02 15:19:12.890,-0.566,-0.855,-0.516,-14.422500239953697,-3.900786922126816,1.9045324669956791,0.0
2016-08-02 15:19:12.900,-0.566,-0.844,-0.535,-17.884648958286025,-4.984965992650697,4.436611480951269,0.0
2016-08-02 15:19:12.910,-0.57,-0.828,-0.563,-23.13714648214457,-7.109551291466609,7.053520278406186,0.0
2016-08-02 15:19:12.920,-0.578,-0.828,-0.57,-27.21701183446862,-9.376635447485894,9.439669154912082,0.0
2016-08-02 15:19:12.930,-0.578,-0.828,-0.57,-28.87691850374376,-10.879145743137657,11.672802548807873,0.0
2016-08-02 15:19:12.940,-0.582,-0.828,-0.563,-29.705277187226056,-11.96269808975199,14.419844927753006,0.0
2016-08-02 15:19:12.950,-0.586,-0.836,-0.563,-29.239235613204144,-12.833379991676749,17.39998625823709,0.0
2016-08-02 15:19:12.960,-0.59,-0.852,-0.566,-26.37066224735669,-13.721973521505427,19.618323498602265,0.0
2016-08-02 15:19:12.970,-0.594,-0.859,-0.586,-22.30193008960914,-15.333710575992164,21.288060590597027,0.0
2016-08-02 15:19:12.980,-0.602,-0.848,-0.598,-19.115800818212065,-17.53576391848898,22.873975020174807,0.0
2016-08-02 15:19:12.990,-0.609,-0.84,-0.59,-16.8999382810711,-19.408767843356163,24.23055402912987,0.0
2016-08-02 15:19:13.000,-0.613,-0.852,-0.57,-12.849366490365972,-20.206350371315544,25.80646102021474,0.0
2016-08-02 15:19:13.010,-0.617,-0.863,-0.555,-6.273591740675662,-20.434885355648298,27.59779345459092,0.0
2016-08-02 15:19:13.020,-0.625,-0.867,-0.547,0.1816042517328722,-20.9756691166566,28.83809253251239,0.0
2016-08-02 15:19:13.030,-0.617,-0.863,-0.547,5.765517833123917,-20.98682099390075,29.588381915232688,0.0
2016-08-02 15:19:13.040,-0.613,-0.848,-0.555,9.827498493092163,-20.276099504570677,30.311611177672127,0.0
2016-08-02 15:19:13.050,-0.617,-0.813,-0.539,11.457522557582747,-20.258124356565638,30.910692711992386,0.0
2016-08-02 15:19:13.060,-0.621,-0.801,-0.516,13.98420962167673,-20.087326840307448,30.774671253911762,0.0
2016-08-02 15:19:13.070,-0.625,-0.797,-0.512,18.58838562349007,-18.738335041590396,29.648479327149737,0.0
2016-08-02 15:19:13.080,-0.633,-0.789,-0.512,20.33244331284868,-17.926834141215814,28.286714198601047,0.0
2016-08-02 15:19:13.090,-0.637,-0.766,-0.531,17.012198257230192,-18.28290783868013,27.461052871003343,0.0
2016-08-02 15:19:13.100,-0.645,-0.746,-0.535,11.611247144756359,-19.105973927680438,26.83136839508535,0.0
2016-08-02 15:19:13.110,-0.648,-0.738,-0.508,7.835587658797435,-19.77143044569878,25.92072819696851,0.0
2016-08-02 15:19:13.120,-0.645,-0.734,-0.465,8.076778532093874,-19.04510559241937,25.11085840523824,0.0
2016-08-02 15:19:13.130,-0.652,-0.742,-0.422,11.534060302581324,-17.162803363572145,24.180439527954633,0.0
2016-08-02 15:19:13.140,-0.652,-0.754,-0.387,15.198576368796385,-15.281047572776604,22.557835267312154,0.0
2016-08-02 15:19:13.150,-0.652,-0.742,-0.379,17.27403431332361,-13.575639267427878,21.476210870542094,0.0
2016-08-02 15:19:13.160,-0.656,-0.73,-0.398,16.741287752699133,-12.510755430825137,21.92436008163193,0.0
2016-08-02 15:19:13.170,-0.668,-0.711,-0.441,12.16906643562067,-13.160540884856676,22.667146702591417,0.0
2016-08-02 15:19:13.180,-0.68,-0.684,-0.492,4.97696869917289,-15.711920524064436,22.753283110613005,0.0
2016-08-02 15:19:13.190,-0.691,-0.668,-0.488,-0.48961944610935226,-18.380579101728344,22.762959968835354,0.0
2016-08-02 15:19:13.200,-0.695,-0.668,-0.434,-2.7818963310305804,-19.240955833233826,23.65596180055381,0.0
2016-08-02 15:19:13.210,-0.684,-0.684,-0.391,-2.8162874810582292,-18.327253825125897,25.06784746710082,0.0
2016-08-02 15:19:13.220,-0.68,-0.699,-0.344,0.04628059010525931,-16.605971143346927,25.75143243568236,0.0
2016-08-02 15:19:13.230,-0.684,-0.707,-0.328,4.148237135609287,-14.761090697879858,26.141777474598832,0.0
2016-08-02 15:19:13.240,-0.688,-0.703,-0.367,4.332259730421794,-13.776022770840594,27.081893672670716,0.0
2016-08-02 15:19:13.250,-0.707,-0.688,-0.418,-0.37116055341587884,-15.335433370255556,28.03087335689702,0.0
2016-08-02 15:19:13.260,-0.723,-0.676,-0.445,-4.85512785686355,-19.084630844319786,28.815186977370217,0.0
2016-08-02 15:19:13.270,-0.734,-0.684,-0.445,-5.394420352130227,-21.91137165277446,29.888586834357664,0.0
2016-08-02 15:19:13.280,-0.73,-0.707,-0.438,-3.337764270396412,-22.919031684887788,30.856780606694777,0.0
2016-08-02 15:19:13.290,-0.715,-0.727,-0.434,-1.8530896663289715,-23.25942187028728,31.734136850641047,0.0
2016-08-02 15:19:13.300,-0.711,-0.719,-0.441,-3.498825664628211,-23.264176416996353,33.76945289807096,0.0
2016-08-02 15:19:13.310,-0.727,-0.719,-0.457,-8.049916074767472,-24.72453394541251,36.35002444187742,0.0
2016-08-02 15:19:13.320,-0.734,-0.711,-0.445,-10.790798687440958,-27.848392618967388,37.52335131801713,0.0
2016-08-02 15:19:13.330,-0.742,-0.727,-0.402,-8.133004739392884,-29.439734327050076,37.690322741447886,0.0
2016-08-02 15:19:13.340,-0.738,-0.742,-0.359,-1.6897113252126106,-29.39229799031918,37.40076884627666,0.0
2016-08-02 15:19:13.350,-0.742,-0.727,-0.336,5.06764609473769,-29.813127446017937,36.44044026387015,0.0
2016-08-02 15:19:13.360,-0.754,-0.719,-0.359,8.860102374463887,-31.145619097640648,36.147234992227474,0.0
2016-08-02 15:19:13.370,-0.766,-0.703,-0.402,8.56094821206911,-33.17518286117075,36.63224866621717,0.0
2016-08-02 15:19:13.380,-0.773,-0.684,-0.434,4.950646572390045,-34.980034035663216,37.35381593968337,0.0
2016-08-02 15:19:13.390,-0.773,-0.645,-0.438,-0.612355887726202,-36.71264047950522,38.9102019710597,0.0
2016-08-02 15:19:13.400,-0.777,-0.629,-0.43,-3.1994276453674426,-39.2619010867538,39.972544200792285,0.0
2016-08-02 15:19:13.410,-0.793,-0.625,-0.402,-0.3547525781653944,-41.09682931372396,39.849115511723916,0.0
2016-08-02 15:19:13.420,-0.797,-0.625,-0.363,2.84312889799181,-41.5846567073515,40.333154473255604,0.0
2016-08-02 15:19:13.430,-0.785,-0.621,-0.359,4.627499636346975,-42.47338049891285,41.23212987347428,0.0
2016-08-02 15:19:13.440,-0.785,-0.621,-0.348,7.020976873680801,-43.64207206557677,41.3670615343501,0.0
2016-08-02 15:19:13.450,-0.785,-0.59,-0.324,6.969636609328152,-43.658949703160076,42.65784670074479,0.0
2016-08-02 15:19:13.460,-0.789,-0.566,-0.344,1.7123928802523944,-43.388583929547984,45.768933043042786,0.0
2016-08-02 15:19:13.470,-0.793,-0.547,-0.344,-4.9111535365140755,-44.6706908835544,47.575069854199874,0.0
2016-08-02 15:19:13.480,-0.785,-0.543,-0.316,-6.888780994798979,-46.33414572371058,48.842154550658336,0.0
2016-08-02 15:19:13.490,-0.777,-0.586,-0.305,-2.886240842500854,-46.569828075128655,50.97814865004115,0.0
2016-08-02 15:19:13.500,-0.777,-0.609,-0.285,4.759708233600325,-46.755261121708315,51.08156247305205,0.0
2016-08-02 15:19:13.510,-0.777,-0.609,-0.305,13.013158637932213,-47.8486655073002,50.519267190428025,0.0
2016-08-02 15:19:13.520,-0.805,-0.57,-0.355,13.927080430609493,-49.1842057106447,51.58479902704992,0.0
2016-08-02 15:19:13.530,-0.816,-0.508,-0.355,3.3341081982306955,-51.266075214688044,53.861938215212284,0.0
2016-08-02 15:19:13.540,-0.809,-0.492,-0.363,-8.218317864931915,-54.03657642625932,57.243152012568956,0.0
2016-08-02 15:19:13.550,-0.809,-0.504,-0.285,-10.280274540139983,-55.57893118982758,58.55713368503818,0.0
2016-08-02 15:19:13.560,-0.766,-0.516,-0.219,-3.9027233018402585,-53.975717516678955,58.03963833698405,0.0
2016-08-02 15:19:13.570,-0.727,-0.543,-0.207,4.999642186289262,-50.167599678575925,57.8190417706857,0.0
2016-08-02 15:19:13.580,-0.723,-0.512,-0.203,12.566732860281423,-47.70350842578357,56.8220016019373,0.0
2016-08-02 15:19:13.590,-0.723,-0.484,-0.246,16.468114601817987,-47.07118267204213,57.458101778443165,0.0
2016-08-02 15:19:13.600,-0.77,-0.488,-0.297,12.902033815220532,-48.48427877597639,57.9277275453111,0.0
2016-08-02 15:19:13.610,-0.797,-0.383,-0.246,5.147315538031583,-53.598507167621186,57.31564559277875,0.0
2016-08-02 15:19:13.620,-0.781,-0.414,-0.246,1.387617355933581,-57.26947983312927,60.79080889324602,0.0
2016-08-02 15:19:13.630,-0.793,-0.473,-0.223,4.1911236010256445,-56.36355782594305,61.08292602162427,0.0
2016-08-02 15:19:13.640,-0.781,-0.473,-0.207,11.150852264002589,-55.157982593799986,55.59462686189163,0.0
2016-08-02 15:19:13.650,-0.773,-0.445,-0.23,13.799486799729765,-54.40834229436966,54.60600296418041,0.0
2016-08-02 15:19:13.660,-0.797,-0.422,-0.238,10.264025030660637,-54.811484287942676,56.247755558153386,0.0
2016-08-02 15:19:13.670,-0.801,-0.383,-0.215,7.759898554753505,-56.84667834829578,57.73504206056313,0.0
2016-08-02 15:19:13.680,-0.801,-0.387,-0.172,6.975776356548618,-57.40719417494553,60.13614520845205,0.0
2016-08-02 15:19:13.690,-0.781,-0.379,-0.094,9.398961602417584,-56.80164819642212,59.49729663641151,0.0
2016-08-02 15:19:13.700,-0.738,-0.367,-0.082,16.6324662042271,-55.230957330990385,57.180467503411066,0.0
2016-08-02 15:19:13.710,-0.754,-0.375,-0.105,22.470575795094966,-52.44572467880887,54.45703491725115,0.0
2016-08-02 15:19:13.720,-0.777,-0.375,-0.148,25.503277042283415,-51.24045323547709,51.02383981402111,0.0
2016-08-02 15:19:13.730,-0.797,-0.363,-0.199,25.692051154681405,-52.11391267070258,50.38604782710045,0.0
2016-08-02 15:19:13.740,-0.863,-0.328,-0.211,18.181494403987635,-55.61444964678201,52.18625253170073,0.0
2016-08-02 15:19:13.750,-0.863,-0.27,-0.137,10.221404691820581,-59.71691552284044,55.069138867016626,0.0
2016-08-02 15:19:13.760,-0.832,-0.332,-0.102,13.32097850446971,-58.83270242974248,57.271417075489005,0.0
2016-08-02 15:19:13.770,-0.859,-0.375,-0.023,21.340238422428804,-56.083564567838685,56.842918893084885,0.0
2016-08-02 15:19:13.780,-0.82,-0.348,0.023,25.72843685226784,-54.19815456350328,57.05601188925954,0.0
2016-08-02 15:19:13.790,-0.801,-0.34,-0.004,27.397217733455026,-51.132677888897994,56.31770830745293,0.0
2016-08-02 15:19:13.800,-0.824,-0.305,0.004,26.388055444285456,-50.10193993268857,53.6813764182152,0.0
2016-08-02 15:19:13.810,-0.793,-0.258,-0.023,24.53626244717706,-49.239725059392185,53.54885862031516,0.0
2016-08-02 15:19:13.820,-0.828,-0.281,-0.074,23.520891615113165,-48.15799320110376,52.06532818090082,0.0
2016-08-02 15:19:13.830,-0.875,-0.262,-0.027,20.661461253685758,-51.252412465650345,51.45959671887994,0.0
2016-08-02 15:19:13.840,-0.816,-0.238,-0.023,18.696702904780764,-51.89994770029048,55.00537797300834,0.0
2016-08-02 15:19:13.850,-0.832,-0.277,-0.016,19.910213632113383,-50.399961353495264,53.40954533045429,0.0
2016-08-02 15:19:13.860,-0.867,-0.27,0.059,18.93068485415849,-52.160380914654745,52.219299641504726,0.0
2016-08-02 15:19:13.870,-0.813,-0.238,0.078,15.434240365363198,-49.902464117050314,55.394046133286146,0.0
2016-08-02 15:19:13.880,-0.809,-0.242,0.09,13.112957198673262,-44.78616225827831,50.63091106615817,0.0
2016-08-02 15:19:13.890,-0.824,-0.219,0.113,10.102462318895972,-42.35514639242056,45.32899017099312,0.0
2016-08-02 15:19:13.900,-0.824,-0.215,0.07,6.632717902916326,-39.504906610787046,46.567378362341415,0.0
2016-08-02 15:19:13.910,-0.855,-0.23,0.063,6.1172946542092514,-37.89819116308614,45.012621381348836,0.0
2016-08-02 15:19:13.920,-0.859,-0.211,0.078,6.23035833981672,-36.564085640269,44.51918773588701,0.0
2016-08-02 15:19:13.930,-0.824,-0.184,0.09,4.098569265062975,-31.045603822375725,45.50132544065425,0.0
2016-08-02 15:19:13.940,-0.809,-0.16,0.102,-0.21896944585495226,-24.926812530490196,39.93524948939936,0.0
2016-08-02 15:19:13.950,-0.809,-0.137,0.098,-8.536545604373744,-20.793592264385335,33.34117063481172,0.0
2016-08-02 15:19:13.960,-0.824,-0.152,0.078,-17.58715250279246,-18.18004844490374,28.455220519111414,0.0
2016-08-02 15:19:13.970,-0.84,-0.176,0.094,-20.330964610625546,-16.988988630388626,23.677573696669214,0.0
2016-08-02 15:19:13.980,-0.832,-0.18,0.109,-17.60125464669291,-14.777460941856035,23.061503718616457,0.0
2016-08-02 15:19:13.990,-0.805,-0.184,0.109,-11.420077681983248,-11.096686535691404,23.67994806965415,0.0
2016-08-02 15:19:14.000,-0.816,-0.184,0.082,-5.32654254679113,-8.65676682607855,22.012360378507736,0.0
2016-08-02 15:19:14.010,-0.852,-0.152,0.039,-10.698058229927447,-10.075217641405011,20.285427935875546,0.0
2016-08-02 15:19:14.020,-0.906,-0.145,0.023,-26.551245739627348,-15.012806404664278,16.73597519363206,0.0
2016-08-02 15:19:14.030,-0.922,-0.164,0.063,-36.098849190549245,-17.014543805372313,10.783462476665445,0.0
2016-08-02 15:19:14.040,-0.934,-0.203,0.121,-33.50795666104436,-11.811766173435833,5.803742862715437,0.0
2016-08-02 15:19:14.050,-0.965,-0.23,0.148,-25.999725221325246,-4.32184969647612,2.6775458703586192,0.0
2016-08-02 15:19:14.060,-1.0,-0.223,0.133,-18.87311591474736,1.2512571618383255,0.972305381347565,0.0
2016-08-02 15:19:14.070,-1.016,-0.207,0.082,-14.702883209103002,5.472755954575378,0.11527402495053349,0.0
2016-08-02 15:19:14.080,-1.027,-0.172,0.031,-14.71118329381963,7.2258996230176855,0.01651767917365532,0.0
2016-08-02 15:19:14.090,-1.043,-0.133,0.004,-17.284434580033487,5.247773912974537,1.6734905504155257,0.0
2016-08-02 15:19:14.100,-1.039,-0.125,0.02,-18.552740128597456,1.9000952274798917,3.978533675422623,0.0
2016-08-02 15:19:14.110,-1.008,-0.133,0.074,-15.878405421986121,0.34010645820182456,5.199808003766641,0.0
2016-08-02 15:19:14.120,-0.98,-0.137,0.145,-10.892665902041742,1.0264441324440117,5.110533126216397,0.0
2016-08-02 15:19:14.130,-0.965,-0.141,0.184,-5.505126484485387,2.7695628326459536,3.1224251257031,0.0
2016-08-02 15:19:14.140,-0.965,-0.137,0.184,-1.066762427585077,4.756517937519766,0.2624645222892891,0.0
2016-08-02 15:19:14.150,-0.98,-0.125,0.16,0.5089495805682731,6.242408392769748,-1.6188262311228456,0.0
2016-08-02 15:19:14.160,-0.988,-0.121,0.125,1.2173414079120644,7.302528838285683,-3.106929761003695,0.0
2016-08-02 15:19:14.170,-0.996,-0.113,0.07,2.275178806767595,7.656335411397911,-3.8935071112449693,0.0
2016-08-02 15:19:14.180,-1.016,-0.109,0.035,1.3488603372470043,6.154795672392062,-2.757438373708869,0.0
2016-08-02 15:19:14.190,-1.016,-0.117,0.031,1.4952431219533096,4.69473243101964,-1.2283087772338204,0.0
2016-08-02 15:19:14.200,-1.004,-0.148,0.043,6.385642188861654,5.38971555044089,-0.8190104422027548,0.0
2016-08-02 15:19:14.210,-1.0,-0.172,0.059,11.326466595223163,6.222406893365227,-0.8433300785602151,0.0
2016-08-02 15:19:14.220,-1.004,-0.176,0.07,11.4491288847363,5.455048297333365,-1.229981414445708,0.0
2016-08-02 15:19:14.230,-0.996,-0.184,0.078,9.028838331197765,4.616070317187082,-2.7220113898080367,0.0
2016-08-02 15:19:14.240,-0.98,-0.195,0.082,8.27664441928098,5.2458266836329965,-4.763177846213151,0.0
2016-08-02 15:19:14.250,-0.984,-0.203,0.086,8.797800275080816,6.25729803421842,-5.718611379700155,0.0
2016-08-02 15:19:14.260,-0.98,-0.188,0.07,8.219228546075481,6.213141345583516,-4.947058748969229,0.0
2016-08-02 15:19:14.270,-0.98,-0.18,0.055,7.498917402151364,5.574794991011073,-3.6694052152626684,0.0
2016-08-02 15:19:14.280,-0.977,-0.176,0.051,7.391143543941025,4.969371613099754,-2.7469483163732775,0.0
2016-08-02 15:19:14.290,-0.973,-0.176,0.047,6.248727096096088,4.560682750784145,-2.2600312632294206,0.0
2016-08-02 15:19:14.300,-0.969,-0.168,0.055,3.9169202899993434,4.488696464811514,-2.9123156676955393,0.0
2016-08-02 15:19:14.310,-0.961,-0.172,0.066,1.5282782519827751,4.826205870422417,-4.465312651355571,0.0
2016-08-02 15:19:14.320,-0.957,-0.176,0.078,-0.1273784348671026,6.145000367638371,-5.787101057494411,0.0
2016-08-02 15:19:14.330,-0.945,-0.176,0.082,-0.9290813205794979,8.214498418092525,-6.712972156736867,0.0
2016-08-02 15:19:14.340,-0.938,-0.18,0.078,-1.8378718439979247,9.865051207060066,-7.292776727654399,0.0
2016-08-02 15:19:14.350,-0.941,-0.176,0.066,-3.715958713297188,11.011945618173646,-7.41793747161061,0.0
2016-08-02 15:19:14.360,-0.934,-0.172,0.059,-6.69091632392823,12.138048070707615,-7.479077527740268,0.0
2016-08-02 15:19:14.370,-0.934,-0.168,0.059,-9.998026557189228,13.563905900801384,-8.183170333528,0.0
2016-08-02 15:19:14.380,-0.934,-0.176,0.055,-12.63807067347562,15.342553660623985,-10.00449544547499,0.0
2016-08-02 15:19:14.390,-0.941,-0.184,0.051,-14.893353465850769,17.124181938085147,-12.561125055045052,0.0
2016-08-02 15:19:14.400,-0.934,-0.199,0.055,-16.627890154829274,19.21522213166132,-15.391566710479431,0.0
2016-08-02 15:19:14.410,-0.926,-0.211,0.047,-16.943051679773973,21.84994937851993,-18.533203527094397,0.0
2016-08-02 15:19:14.420,-0.906,-0.215,0.059,-16.707310354324967,24.737556171328396,-21.236042433061108,0.0
2016-08-02 15:19:14.430,-0.887,-0.215,0.059,-16.436687805421876,28.11581857679776,-23.016937318032195,0.0
2016-08-02 15:19:14.440,-0.859,-0.223,0.055,-15.633623849751551,31.542880331902,-24.902361745862137,0.0
2016-08-02 15:19:14.450,-0.852,-0.227,0.043,-16.01897206209359,34.38926594518879,-26.91268698367523,0.0
2016-08-02 15:19:14.460,-0.844,-0.223,0.02,-18.301883223893334,36.66846900062957,-28.21625215824584,0.0
2016-08-02 15:19:14.470,-0.855,-0.223,-0.027,-21.442881481693664,36.147495565423924,-29.07797124806191,0.0
2016-08-02 15:19:14.480,-0.898,-0.219,-0.031,-25.659849892455625,32.51917840167538,-28.289580274341944,0.0
2016-08-02 15:19:14.490,-0.887,-0.238,-0.02,-26.78880482636755,31.744480940273903,-25.492149512596697,0.0
2016-08-02 15:19:14.500,-0.871,-0.266,-0.027,-21.336811541510343,34.491017385104755,-25.263958323677997,0.0
2016-08-02 15:19:14.510,-0.879,-0.27,-0.012,-16.71248664991764,35.73697233986526,-27.439371264180828,0.0
2016-08-02 15:19:14.520,-0.867,-0.266,-0.004,-16.377712447317375,37.938266639116684,-26.75475050423873,0.0
2016-08-02 15:19:14.530,-0.852,-0.262,-0.02,-14.363562041236564,41.99230268285858,-26.5552776047415,0.0
2016-08-02 15:19:14.540,-0.848,-0.258,-0.035,-12.372240289750014,43.099556108669816,-29.983380472650346,0.0
2016-08-02 15:19:14.550,-0.848,-0.266,-0.039,-13.136806823774759,43.70199707391003,-31.2566851872504,0.0
2016-08-02 15:19:14.560,-0.859,-0.285,-0.066,-11.2077459295738,45.297158034225596,-30.126344576482637,0.0
2016-08-02 15:19:14.570,-0.891,-0.285,-0.082,-7.134860639897219,43.6494288686563,-30.497698630364162,0.0
2016-08-02 15:19:14.580,-0.887,-0.273,-0.07,-5.4853698818463705,42.12821908353965,-30.192629527582824,0.0
2016-08-02 15:19:14.590,-0.875,-0.266,-0.07,-5.086807971140523,43.9008668538219,-29.40459207116862,0.0
2016-08-02 15:19:14.600,-0.887,-0.273,-0.063,-5.700636346620087,43.96953579623229,-31.307336552129982,0.0
2016-08-02 15:19:14.610,-0.883,-0.285,-0.063,-7.379856177753929,43.47150996703487,-33.25982625713746,0.0
2016-08-02 15:19:14.620,-0.883,-0.289,-0.063,-6.648749782519287,45.507676176628166,-33.13036458036278,0.0
2016-08-02 15:19:14.630,-0.875,-0.285,-0.063,-3.118536245480278,46.87865162001874,-32.90632104241628,0.0
2016-08-02 15:19:14.640,-0.859,-0.293,-0.082,0.9477020741488822,48.65122601936618,-32.87044227420111,0.0
2016-08-02 15:19:14.650,-0.875,-0.297,-0.109,4.2555890168711334,50.70119756634111,-33.05927728467987,0.0
2016-08-02 15:19:14.660,-0.887,-0.289,-0.133,4.4130263683000805,49.19236988726853,-33.01093995064047,0.0
2016-08-02 15:19:14.670,-0.91,-0.301,-0.168,1.809124982971939,46.40362476081942,-31.468388540876514,0.0
2016-08-02 15:19:14.680,-0.941,-0.305,-0.172,-0.131432781775874,43.342821400473596,-30.182363984607136,0.0
2016-08-02 15:19:14.690,-0.934,-0.305,-0.133,-0.5457255848157443,40.27927893511734,-29.70722886736885,0.0
2016-08-02 15:19:14.700,-0.891,-0.309,-0.105,1.0728004057112082,40.82844051036608,-29.297863177147786,0.0
2016-08-02 15:19:14.710,-0.887,-0.32,-0.105,4.249153306628644,42.39202105976421,-30.177858779383172,0.0
2016-08-02 15:19:14.720,-0.91,-0.34,-0.133,6.033945193125762,41.49118926999256,-30.72208859538897,0.0
2016-08-02 15:19:14.730,-0.934,-0.348,-0.176,5.453396166029636,39.7861044043685,-29.13068766871328,0.0
2016-08-02 15:19:14.740,-0.957,-0.32,-0.188,2.544091663503942,37.29998730461494,-26.993627026334476,0.0
2016-08-02 15:19:14.750,-0.934,-0.285,-0.164,-1.4059704188543471,34.70314408023138,-25.022461261339195,0.0
2016-08-02 15:19:14.760,-0.902,-0.301,-0.141,-2.6258648100278057,34.559859597101905,-24.546916268315826,0.0
2016-08-02 15:19:14.770,-0.875,-0.316,-0.113,-0.33668065171914396,36.40586622616511,-26.628041067924244,0.0
2016-08-02 15:19:14.780,-0.844,-0.285,-0.109,3.0375339061322757,38.71753700529762,-29.20255774075987,0.0
2016-08-02 15:19:14.790,-0.82,-0.266,-0.16,5.073572524732976,40.22803499412901,-31.340758562203167,0.0
2016-08-02 15:19:14.800,-0.852,-0.305,-0.262,4.03645349347857,39.117256578115985,-32.417689193008016,0.0
2016-08-02 15:19:14.810,-0.914,-0.352,-0.336,0.4857808977022192,35.892520192136445,-31.417720565027636,0.0
2016-08-02 15:19:14.820,-0.93,-0.332,-0.324,-4.751464665260986,33.01035668469639,-30.348781005396887,0.0
2016-08-02 15:19:14.830,-0.895,-0.297,-0.277,-11.906293574485748,31.533185343985497,-30.332276719957214,0.0
2016-08-02 15:19:14.840,-0.867,-0.32,-0.215,-17.287846943840503,31.477239421129305,-29.989221245190244,0.0
2016-08-02 15:19:14.850,-0.859,-0.371,-0.156,-15.594978635169166,33.460681710067036,-29.478821336899674,0.0
2016-08-02 15:19:14.860,-0.852,-0.398,-0.152,-8.9526309315278,37.55526167648237,-29.277703326705982,0.0
2016-08-02 15:19:14.870,-0.848,-0.426,-0.234,-4.489409549039731,41.442969038613654,-28.025041586820493,0.0
2016-08-02 15:19:14.880,-0.875,-0.441,-0.34,-5.437491209824936,41.61422541302034,-25.815377865653073,0.0
2016-08-02 15:19:14.890,-0.902,-0.406,-0.383,-9.912326104181803,37.7479704488636,-25.371532041899997,0.0
2016-08-02 15:19:14.900,-0.883,-0.371,-0.391,-16.598204591996517,33.82460013671538,-26.870188295099794,0.0
2016-08-02 15:19:14.910,-0.871,-0.371,-0.375,-23.754802148298936,31.5444655274098,-28.181831401790387,0.0
2016-08-02 15:19:14.920,-0.875,-0.387,-0.297,-24.390555092179483,30.037832739148456,-29.552611747607422,0.0
2016-08-02 15:19:14.930,-0.844,-0.391,-0.199,-16.667809150205713,31.691284945679264,-31.792233481535494,0.0
2016-08-02 15:19:14.940,-0.805,-0.41,-0.18,-7.75333371037359,36.286316188982724,-34.181937910758585,0.0
2016-08-02 15:19:14.950,-0.816,-0.434,-0.242,-1.1987869133988167,38.38767000249657,-35.63349792313071,0.0
2016-08-02 15:19:14.960,-0.848,-0.418,-0.297,2.457932242178272,36.373497131859956,-36.46222490454389,0.0
2016-08-02 15:19:14.970,-0.852,-0.367,-0.336,1.753679617473936,32.82321074290629,-37.98206242691487,0.0
2016-08-02 15:19:14.980,-0.84,-0.344,-0.371,-1.423130645315231,29.244956640754335,-39.97346730574151,0.0
2016-08-02 15:19:14.990,-0.824,-0.348,-0.375,-2.7656004861915546,26.340427898208908,-42.39690921316418,0.0
2016-08-02 15:19:15.000,-0.809,-0.348,-0.32,0.3476747817822792,25.42119494282518,-45.55598032970273,0.0
2016-08-02 15:19:15.010,-0.773,-0.359,-0.258,5.941407648751767,27.11043704649976,-47.95474084941368,0.0
2016-08-02 15:19:15.020,-0.762,-0.395,-0.258,10.854315402494812,29.31023235694397,-49.22082879675548,0.0
2016-08-02 15:19:15.030,-0.785,-0.383,-0.266,15.542989807795468,29.780238595220055,-49.77005493916238,0.0
2016-08-02 15:19:15.040,-0.805,-0.402,-0.301,19.474155631882756,29.63986525817577,-48.697084872447356,0.0
2016-08-02 15:19:15.050,-0.824,-0.41,-0.324,20.550305669289383,29.848306391562133,-47.30526982522897,0.0
2016-08-02 15:19:15.060,-0.82,-0.414,-0.328,19.352913191336267,29.59051042363652,-47.28646053993569,0.0
2016-08-02 15:19:15.070,-0.797,-0.426,-0.344,16.506369326223876,29.593547908911262,-48.05642686596426,0.0
2016-08-02 15:19:15.080,-0.789,-0.438,-0.336,12.857959942005827,29.978641313329792,-50.09827750574022,0.0
2016-08-02 15:19:15.090,-0.77,-0.445,-0.313,10.84874337553702,29.882448507746272,-52.49655103089002,0.0
2016-08-02 15:19:15.100,-0.758,-0.484,-0.324,10.966695334507811,30.45137561614871,-52.982406550463914,0.0
2016-08-02 15:19:15.110,-0.777,-0.516,-0.332,12.017098083119073,31.158045489149675,-52.21401559321227,0.0
2016-08-02 15:19:15.120,-0.797,-0.5,-0.309,13.56959184299009,30.55012643895642,-50.00434661557454,0.0
2016-08-02 15:19:15.130,-0.797,-0.531,-0.324,14.073273391633013,30.57044222978557,-46.35436492831939,0.0
2016-08-02 15:19:15.140,-0.797,-0.555,-0.332,11.574169539190393,31.365401380240417,-45.17103900814877,0.0
2016-08-02 15:19:15.150,-0.789,-0.547,-0.316,7.569186317289005,31.306689073336234,-46.5273177889014,0.0
2016-08-02 15:19:15.160,-0.766,-0.555,-0.316,3.135442394753026,31.833342041283707,-46.86834531713917,0.0
2016-08-02 15:19:15.170,-0.77,-0.566,-0.309,-1.7082520581990124,32.32511186004594,-47.63931997804224,0.0
2016-08-02 15:19:15.180,-0.781,-0.563,-0.289,-3.747385464301276,31.00018749038592,-49.040870179639114,0.0
2016-08-02 15:19:15.190,-0.777,-0.602,-0.324,-3.041712955880694,30.65639004174479,-48.04211699531518,0.0
2016-08-02 15:19:15.200,-0.777,-0.637,-0.355,-2.999848275694221,31.88521052763653,-47.49051329298975,0.0
2016-08-02 15:19:15.210,-0.773,-0.637,-0.359,-3.2813151504694904,31.906085546835257,-48.90992223325072,0.0
2016-08-02 15:19:15.220,-0.754,-0.676,-0.414,-5.6342611003978975,32.119805901702705,-49.35846243139184,0.0
2016-08-02 15:19:15.230,-0.762,-0.68,-0.43,-11.219033894525161,32.85268233883204,-50.06125110456751,0.0
2016-08-02 15:19:15.240,-0.773,-0.695,-0.406,-14.106817176284615,31.611173247456776,-50.21094726948651,0.0
2016-08-02 15:19:15.250,-0.773,-0.719,-0.363,-12.128994833967113,31.142441958668442,-48.28327177566066,0.0
2016-08-02 15:19:15.260,-0.758,-0.73,-0.316,-6.733561785833327,33.67927619114376,-47.75276493783091,0.0
2016-08-02 15:19:15.270,-0.738,-0.723,-0.305,0.669470640781655,36.33573802663082,-48.5990116668841,0.0
2016-08-02 15:19:15.280,-0.711,-0.719,-0.344,4.2678936144499,38.09167252013827,-49.7768887421977,0.0
2016-08-02 15:19:15.290,-0.699,-0.715,-0.398,2.2105577537521155,38.83796085579078,-52.109590239732974,0.0
2016-08-02 15:19:15.300,-0.695,-0.68,-0.434,-2.288666073132757,37.039019204013805,-53.58402693145679,0.0
2016-08-02 15:19:15.310,-0.691,-0.699,-0.484,-8.168909097750857,34.00963883663831,-53.74308065469068,0.0
2016-08-02 15:19:15.320,-0.68,-0.73,-0.508,-12.880132621924886,32.27914880005032,-53.95647008982091,0.0
2016-08-02 15:19:15.330,-0.676,-0.742,-0.473,-13.412572185533026,31.82535420045412,-52.9299428690142,0.0
2016-08-02 15:19:15.340,-0.656,-0.77,-0.438,-10.83908600468126,32.90391670512468,-50.785664480341325,0.0
2016-08-02 15:19:15.350,-0.645,-0.793,-0.406,-6.091942831914514,35.69896702139989,-49.967836500995304,0.0
2016-08-02 15:19:15.360,-0.633,-0.793,-0.383,0.6139766312246253,38.32060178479036,-49.50949754163791,0.0
2016-08-02 15:19:15.370,-0.625,-0.797,-0.418,5.901438875484008,40.11857184219628,-47.59859900238118,0.0
2016-08-02 15:19:15.380,-0.629,-0.773,-0.461,6.8713917451364255,40.97011113805606,-45.08696344165867,0.0
2016-08-02 15:19:15.390,-0.629,-0.754,-0.512,3.919386993395484,39.57142349884106,-42.30597722501298,0.0
2016-08-02 15:19:15.400,-0.621,-0.754,-0.555,-0.9317562222718366,37.358456653748874,-39.08756437226347,0.0
2016-08-02 15:19:15.410,-0.605,-0.746,-0.555,-4.6586277319476155,36.57155792168585,-36.0910405300076,0.0
2016-08-02 15:19:15.420,-0.594,-0.773,-0.52,-5.365217730790529,36.384777596856644,-33.950975483630664,0.0
2016-08-02 15:19:15.430,-0.578,-0.789,-0.469,-1.801567727407787,37.431579200394765,-32.33162654192534,0.0
2016-08-02 15:19:15.440,-0.566,-0.82,-0.43,6.95780694356392,40.69416466367688,-30.5433507793351,0.0
2016-08-02 15:19:15.450,-0.566,-0.859,-0.422,17.321410191075167,43.19411102476309,-29.084228976398936,0.0
2016-08-02 15:19:15.460,-0.559,-0.855,-0.488,22.40857501339154,43.59004197776696,-27.359200971790848,0.0
2016-08-02 15:19:15.470,-0.555,-0.816,-0.57,19.14315507171143,42.607378700594325,-24.211569479861733,0.0
2016-08-02 15:19:15.480,-0.547,-0.801,-0.633,12.04387892194702,39.46271246579179,-21.40618793734634,0.0
2016-08-02 15:19:15.490,-0.527,-0.805,-0.652,7.176507944418032,35.97644078155554,-19.7296063148015,0.0
2016-08-02 15:19:15.500,-0.527,-0.809,-0.629,5.016102725036396,34.29285578538455,-17.914756613655975,0.0
2016-08-02 15:19:15.510,-0.527,-0.832,-0.59,4.958356657406203,33.18188505944653,-16.5679708927504,0.0
2016-08-02 15:19:15.520,-0.52,-0.852,-0.539,9.03941808521934,33.18630839161422,-15.888300381898219,0.0
2016-08-02 15:19:15.530,-0.52,-0.867,-0.52,16.76261286742287,34.8204043703914,-15.125020589076318,0.0
2016-08-02 15:19:15.540,-0.516,-0.887,-0.531,23.99519568237931,35.45331566618438,-14.61936599933645,0.0
2016-08-02 15:19:15.550,-0.504,-0.879,-0.574,27.0194908385029,34.39056574182879,-13.860409702963983,0.0
2016-08-02 15:19:15.560,-0.496,-0.863,-0.641,24.0201010411984,31.854724693498074,-12.65597954794135,0.0
2016-08-02 15:19:15.570,-0.492,-0.852,-0.703,16.141005113571516,26.843729329792836,-12.43986179722005,0.0
2016-08-02 15:19:15.580,-0.488,-0.855,-0.727,7.748621786756277,20.96564691142022,-13.225729826651767,0.0
2016-08-02 15:19:15.590,-0.488,-0.871,-0.691,2.951947055251941,16.885653995036108,-13.61456207663537,0.0
2016-08-02 15:19:15.600,-0.492,-0.898,-0.648,3.0966503228252122,15.004763083251168,-12.920764282829492,0.0
2016-08-02 15:19:15.610,-0.5,-0.922,-0.594,7.064294928162582,14.322687439169616,-11.603584102729258,0.0
2016-08-02 15:19:15.620,-0.508,-0.934,-0.57,11.983252613123852,13.224446750021608,-10.526641394635678,0.0
2016-08-02 15:19:15.630,-0.508,-0.918,-0.586,14.436740424331436,11.073668419498627,-9.548193022775116,0.0
2016-08-02 15:19:15.640,-0.5,-0.887,-0.617,12.86550555714452,8.643775199653136,-8.409031426583159,0.0
2016-08-02 15:19:15.650,-0.5,-0.867,-0.648,9.08112945277017,5.902984140266628,-7.764798319366421,0.0
2016-08-02 15:19:15.660,-0.504,-0.84,-0.645,5.984329305899411,2.480415722666572,-7.507725173577192,0.0
2016-08-02 15:19:15.670,-0.492,-0.832,-0.613,5.44034227310503,-0.637911732708301,-7.376025987025118,0.0
2016-08-02 15:19:15.680,-0.496,-0.824,-0.566,7.491056086237776,-2.4864513148456897,-7.452337026496198,0.0
2016-08-02 15:19:15.690,-0.5,-0.824,-0.547,9.677914923132207,-3.3038126626787827,-6.749567089128813,0.0
2016-08-02 15:19:15.700,-0.492,-0.832,-0.531,10.313273711635722,-3.606253621382103,-5.08241392945024,0.0
2016-08-02 15:19:15.710,-0.488,-0.82,-0.547,8.902357295533472,-4.048637975780169,-3.12363611223259,0.0
2016-08-02 15:19:15.720,-0.48,-0.805,-0.586,4.116277865560612,-5.692453951659214,-0.8947797063687103,0.0
2016-08-02 15:19:15.730,-0.469,-0.805,-0.633,-2.608248809896107,-8.94420027977259,1.0032148820230646,0.0
2016-08-02 15:19:15.740,-0.465,-0.816,-0.652,-8.421437341782132,-12.950988314256167,2.3908544702066408,0.0
2016-08-02 15:19:15.750,-0.457,-0.844,-0.648,-13.385788118144891,-16.40625088611694,4.07570365815,0.0
2016-08-02 15:19:15.760,-0.453,-0.859,-0.633,-17.5482631587725,-18.557856825846024,6.303050877220623,0.0
2016-08-02 15:19:15.770,-0.457,-0.879,-0.602,-19.774251767417375,-19.5763939459662,9.202323393470387,0.0
2016-08-02 15:19:15.780,-0.457,-0.895,-0.586,-20.24109069079919,-19.7082202339062,12.501831508308713,0.0
2016-08-02 15:19:15.790,-0.453,-0.898,-0.563,-19.972434863037705,-19.216180215740188,15.324620709213638,0.0
2016-08-02 15:19:15.800,-0.465,-0.895,-0.547,-18.907677778435104,-18.776763492754256,17.833774412409227,0.0
2016-08-02 15:19:15.810,-0.457,-0.891,-0.547,-16.82854318856915,-18.322449449285397,20.22352187481535,0.0
2016-08-02 15:19:15.820,-0.477,-0.859,-0.563,-15.444406560172371,-17.908402667246044,21.93882906412309,0.0
2016-08-02 15:19:15.830,-0.492,-0.828,-0.57,-15.64583013460032,-18.39671349975146,23.20475499812002,0.0
2016-08-02 15:19:15.840,-0.508,-0.809,-0.578,-15.594685383502267,-19.134413285212005,24.118075230491037,0.0
2016-08-02 15:19:15.850,-0.516,-0.805,-0.578,-15.036656469105314,-19.1011081060009,24.628265069231738,0.0
2016-08-02 15:19:15.860,-0.52,-0.789,-0.563,-14.725380194157461,-18.730226028508802,25.565846933963268,0.0
2016-08-02 15:19:15.870,-0.52,-0.797,-0.543,-12.724774249779244,-17.85113822399493,26.803684687434853,0.0
2016-08-02 15:19:15.880,-0.52,-0.797,-0.52,-8.485860583957999,-16.151413538921624,27.431868049855538,0.0
2016-08-02 15:19:15.890,-0.523,-0.805,-0.504,-4.154265300124032,-14.526534899278579,27.550394489479658,0.0
2016-08-02 15:19:15.900,-0.527,-0.801,-0.504,0.007989691989292669,-13.447246520617258,27.287109084094276,0.0
2016-08-02 15:19:15.910,-0.535,-0.805,-0.504,3.6933311085506344,-12.877335803641675,26.31026983170155,0.0
2016-08-02 15:19:15.920,-0.527,-0.793,-0.508,5.304119814587902,-12.552420427795777,25.049086170606213,0.0
2016-08-02 15:19:15.930,-0.535,-0.785,-0.504,6.300626666115858,-11.729881824525624,24.107698685633476,0.0
2016-08-02 15:19:15.940,-0.539,-0.793,-0.496,8.865904295605024,-10.499627919412633,23.08217001063873,0.0
2016-08-02 15:19:15.950,-0.543,-0.793,-0.496,11.901884962137245,-9.411960966981981,21.8720890336001,0.0
2016-08-02 15:19:15.960,-0.559,-0.785,-0.5,13.762617248558222,-8.893274823668412,21.077205314113076,0.0
2016-08-02 15:19:15.970,-0.574,-0.785,-0.52,13.919695885142136,-9.366870605834933,20.235112195978765,0.0
2016-08-02 15:19:15.980,-0.582,-0.781,-0.531,12.222062680476377,-10.157538972600477,18.76437627190552,0.0
2016-08-02 15:19:15.990,-0.602,-0.777,-0.531,9.63826918632036,-10.545397564260595,17.481624855819334,0.0
2016-08-02 15:19:16.000,-0.621,-0.789,-0.523,7.709237285557682,-10.687776457883873,16.64636982142384,0.0
2016-08-02 15:19:16.010,-0.617,-0.797,-0.492,6.860178792178718,-10.390832895498388,15.596932702709543,0.0
2016-08-02 15:19:16.020,-0.605,-0.813,-0.461,7.47970971013272,-9.670960459623654,14.236235155240259,0.0
2016-08-02 15:19:16.030,-0.609,-0.813,-0.43,10.721553823811943,-8.980473206978024,12.717255867971428,0.0
2016-08-02 15:19:16.040,-0.613,-0.809,-0.414,15.854311148350341,-8.392881231194945,11.543724935756646,0.0
2016-08-02 15:19:16.050,-0.621,-0.809,-0.441,19.022670016611002,-8.348858574900028,10.616951598652062,0.0
2016-08-02 15:19:16.060,-0.625,-0.777,-0.477,16.53957546424223,-9.338329751958671,9.786086042503305,0.0
2016-08-02 15:19:16.070,-0.633,-0.738,-0.512,8.822830063968814,-11.254076492948723,10.368561183848891,0.0
2016-08-02 15:19:16.080,-0.641,-0.73,-0.543,-0.19116711825260246,-13.790272433068868,11.606784309339472,0.0
2016-08-02 15:19:16.090,-0.633,-0.738,-0.527,-6.681925175696298,-15.662497116799614,11.997892150617659,0.0
2016-08-02 15:19:16.100,-0.625,-0.746,-0.477,-8.665095388134585,-15.846496929225594,13.300346119210808,0.0
2016-08-02 15:19:16.110,-0.617,-0.773,-0.441,-6.588225840531639,-15.324870707214785,15.49105529157804,0.0
2016-08-02 15:19:16.120,-0.621,-0.785,-0.43,-2.9846990288725572,-14.977255626481124,16.644586366870907,0.0
2016-08-02 15:19:16.130,-0.629,-0.789,-0.434,-0.12160603352780747,-14.763252674415288,18.236307112500917,0.0
2016-08-02 15:19:16.140,-0.621,-0.793,-0.449,1.1763774928640267,-14.571089971835539,20.92138175534594,0.0
2016-08-02 15:19:16.150,-0.633,-0.777,-0.484,0.4572608756146335,-13.99237795754715,23.74879173972437,0.0
2016-08-02 15:19:16.160,-0.656,-0.758,-0.523,-3.3275742919239963,-13.629093322045879,27.83372208458362,0.0
2016-08-02 15:19:16.170,-0.66,-0.77,-0.547,-9.651927894793829,-14.307563169963665,32.00651827862413,0.0
2016-08-02 15:19:16.180,-0.652,-0.758,-0.535,-14.461609252654528,-14.521584621890408,34.8733085327496,0.0
2016-08-02 15:19:16.190,-0.652,-0.773,-0.508,-14.620078662425417,-13.43923349430698,38.58829649829543,0.0
2016-08-02 15:19:16.200,-0.66,-0.789,-0.453,-10.582547435602851,-12.26202049771405,42.28032383495533,0.0
2016-08-02 15:19:16.210,-0.66,-0.813,-0.418,-2.7978731168402753,-10.881383897167652,43.921815043115444,0.0
2016-08-02 15:19:16.220,-0.664,-0.813,-0.414,7.233071491159123,-9.848122168936655,44.76960221709677,0.0
2016-08-02 15:19:16.230,-0.676,-0.801,-0.441,15.34436933800518,-11.043759461820706,44.904143021550645,0.0
2016-08-02 15:19:16.240,-0.684,-0.781,-0.492,19.200718570815123,-13.797763556545345,44.249555362947696,0.0
2016-08-02 15:19:16.250,-0.691,-0.746,-0.543,18.963163670098652,-17.00880047574168,44.41886020590594,0.0
2016-08-02 15:19:16.260,-0.699,-0.727,-0.574,16.060870687645085,-21.08123553459219,45.83318775938804,0.0
2016-08-02 15:19:16.270,-0.691,-0.723,-0.574,14.216287387727137,-25.033233830774577,47.30031206952397,0.0
2016-08-02 15:19:16.280,-0.684,-0.711,-0.551,15.425385216743024,-27.71861382604088,48.33751986889476,0.0
2016-08-02 15:19:16.290,-0.684,-0.727,-0.52,17.690203458391856,-30.010204897301396,49.53517705504536,0.0
2016-08-02 15:19:16.300,-0.676,-0.742,-0.488,20.27853135297616,-31.990326779949708,49.24465042001901,0.0
2016-08-02 15:19:16.310,-0.676,-0.723,-0.453,22.982398997052872,-32.91185985503187,47.05463130806604,0.0
2016-08-02 15:19:16.320,-0.676,-0.699,-0.426,22.868803184510462,-34.48257979868918,46.37259723368826,0.0
2016-08-02 15:19:16.330,-0.684,-0.703,-0.426,21.98758302985086,-38.34689847675712,46.28599964532682,0.0
2016-08-02 15:19:16.340,-0.699,-0.711,-0.406,27.237245962518557,-42.77237987478093,44.15571064500578,0.0
2016-08-02 15:19:16.350,-0.707,-0.707,-0.418,36.305493974003575,-45.661734148629435,42.57837655438671,0.0
2016-08-02 15:19:16.360,-0.707,-0.676,-0.43,40.32934489141472,-47.069913672619435,42.77336447976192,0.0
2016-08-02 15:19:16.370,-0.699,-0.629,-0.438,36.776802114161725,-47.57664781273341,43.75270281884612,0.0
2016-08-02 15:19:16.380,-0.695,-0.586,-0.465,26.563481535390636,-47.786430308007176,45.81733110829252,0.0
2016-08-02 15:19:16.390,-0.703,-0.52,-0.457,11.983663342810992,-49.23666310930943,47.75608924999454,0.0
2016-08-02 15:19:16.400,-0.707,-0.5,-0.434,-0.4013677730959053,-52.30636737168645,49.40514679157948,0.0
2016-08-02 15:19:16.410,-0.699,-0.539,-0.414,-5.094286410400205,-54.52245316741653,51.0337984714521,0.0
2016-08-02 15:19:16.420,-0.703,-0.574,-0.387,-2.0233275503661288,-54.51044540922982,51.008320268238144,0.0
2016-08-02 15:19:16.430,-0.703,-0.582,-0.348,2.670174426160802,-53.60141321374104,51.28538417236746,0.0
2016-08-02 15:19:16.440,-0.695,-0.559,-0.32,2.5501967908162237,-52.22400123891279,53.7672420333851,0.0
2016-08-02 15:19:16.450,-0.695,-0.539,-0.316,-2.3276732419486716,-50.94580632764897,56.07808009816421,0.0
2016-08-02 15:19:16.460,-0.707,-0.547,-0.316,-9.864731983065337,-51.58768288184742,57.371020586866244,0.0
2016-08-02 15:19:16.470,-0.73,-0.559,-0.305,-15.75730207993041,-53.78714642920293,58.28010594053371,0.0
2016-08-02 15:19:16.480,-0.754,-0.586,-0.297,-14.067152424472196,-55.819326625375915,59.3242949968926,0.0
2016-08-02 15:19:16.490,-0.781,-0.617,-0.309,-7.80440802736762,-57.408586567246275,60.68139526508622,0.0
2016-08-02 15:19:16.500,-0.805,-0.613,-0.313,-4.532544056736972,-58.283167197842005,61.1171548530037,0.0
2016-08-02 15:19:16.510,-0.797,-0.57,-0.313,-5.690771056142381,-57.731212818461756,61.8079917869739,0.0
2016-08-02 15:19:16.520,-0.793,-0.555,-0.309,-10.300270627533104,-57.31413083525767,64.18749346996847,0.0
2016-08-02 15:19:16.530,-0.793,-0.551,-0.27,-15.160950125976788,-58.96894422269585,65.00397927425585,0.0
2016-08-02 15:19:16.540,-0.785,-0.531,-0.23,-14.38054074034709,-60.90202666505409,62.840083626772326,0.0
2016-08-02 15:19:16.550,-0.793,-0.539,-0.215,-9.47164155185948,-61.34505375469886,60.898443803641186,0.0
2016-08-02 15:19:16.560,-0.813,-0.527,-0.176,-5.300326022828224,-62.01955302680229,60.38208357480403,0.0
2016-08-02 15:19:16.570,-0.805,-0.512,-0.156,-0.3187979303239685,-62.82916328904628,60.217929192919186,0.0
2016-08-02 15:19:16.580,-0.789,-0.484,-0.156,4.3726104789619535,-61.764293980073205,59.550229345440684,0.0
2016-08-02 15:19:16.590,-0.785,-0.445,-0.172,5.536652619042856,-60.56405611739118,58.92011022778223,0.0
2016-08-02 15:19:16.600,-0.809,-0.449,-0.207,5.818879911662428,-61.02712167589648,59.77078444766406,0.0
2016-08-02 15:19:16.610,-0.836,-0.445,-0.191,5.558833760082944,-62.117000879236755,60.045296144712786,0.0
2016-08-02 15:19:16.620,-0.828,-0.398,-0.164,3.7781252782072596,-62.83068758614135,59.20456850022195,0.0
2016-08-02 15:19:16.630,-0.844,-0.43,-0.172,2.6801029282028983,-63.01085666101387,59.6593301714895,0.0
2016-08-02 15:19:16.640,-0.855,-0.434,-0.109,2.998167601378001,-63.775789800681736,59.29871636514898,0.0
2016-08-02 15:19:16.650,-0.801,-0.395,-0.063,5.521362425119392,-62.8909296210039,57.90621926196461,0.0
2016-08-02 15:19:16.660,-0.75,-0.367,-0.051,8.275782454453923,-58.036081086602096,57.08522264590772,0.0
2016-08-02 15:19:16.670,-0.734,-0.34,-0.039,10.444576311151877,-54.25105110781611,55.19743577512527,0.0
2016-08-02 15:19:16.680,-0.738,-0.324,-0.121,17.289885800439343,-52.75566912865399,53.75887509282058,0.0
2016-08-02 15:19:16.690,-0.813,-0.371,-0.211,21.94816280185271,-51.9292443383564,53.853284923545395,0.0
2016-08-02 15:19:16.700,-0.875,-0.27,-0.168,12.692331453986682,-56.6319809845815,55.79425341391674,0.0
2016-08-02 15:19:16.710,-0.84,-0.203,-0.164,-0.7369417329468304,-63.76991499955947,59.48435783317123,0.0
2016-08-02 15:19:16.720,-0.84,-0.266,-0.09,-5.196794462922872,-65.39868932738992,58.18624495761052,0.0
2016-08-02 15:19:16.730,-0.805,-0.301,0.035,-1.257794947120014,-62.59829013281568,52.284102534668435,0.0
2016-08-02 15:19:16.740,-0.746,-0.313,0.074,8.817883472736451,-55.790447032504304,48.329696730630154,0.0
2016-08-02 15:19:16.750,-0.773,-0.348,0.047,18.11711840005141,-48.700245285158566,44.96750763529107,0.0
2016-08-02 15:19:16.760,-0.813,-0.281,0.012,19.871620046839286,-47.999277355883095,44.9530820943833,0.0
2016-08-02 15:19:16.770,-0.852,-0.281,-0.105,16.328459516986495,-50.25844854211054,49.89842348518961,0.0
2016-08-02 15:19:16.780,-0.949,-0.258,-0.074,5.540246927231132,-55.172195237476885,53.81356497770106,0.0
2016-08-02 15:19:16.790,-0.906,-0.18,0.016,-8.176502736241225,-61.1372591822834,58.07695094187771,0.0
2016-08-02 15:19:16.800,-0.828,-0.23,0.055,-8.491811706271205,-57.74056675848037,58.516835520596146,0.0
2016-08-02 15:19:16.810,-0.832,-0.328,0.109,3.851482946653921,-48.946100916351845,51.6103616887133,0.0
2016-08-02 15:19:16.820,-0.836,-0.313,0.082,13.684834901266829,-44.30958890064382,50.487913795362644,0.0
2016-08-02 15:19:16.830,-0.871,-0.277,0.016,12.860358200026472,-44.66857053529208,54.55514325449215,0.0
2016-08-02 15:19:16.840,-0.887,-0.191,0.027,2.901517149423106,-49.209373137333536,55.78627343792293,0.0
2016-08-02 15:19:16.850,-0.844,-0.156,0.023,-6.182262019512908,-51.34464181978287,57.16463968222973,0.0
2016-08-02 15:19:16.860,-0.824,-0.219,0.07,-7.215644354551217,-47.70724314984154,54.48668790062501,0.0
2016-08-02 15:19:16.870,-0.801,-0.246,0.094,-2.8858165848176864,-41.94646032707783,48.5472005274792,0.0
2016-08-02 15:19:16.880,-0.805,-0.234,0.066,0.3723782601970402,-36.38385666953201,45.80363466494816,0.0
2016-08-02 15:19:16.890,-0.828,-0.203,0.078,-2.5356931836738297,-34.26510611012519,42.911398589991435,0.0
2016-08-02 15:19:16.900,-0.824,-0.168,0.082,-8.631942067891107,-33.063975166268264,39.56093290910307,0.0
2016-08-02 15:19:16.910,-0.813,-0.18,0.094,-12.469980021065915,-28.02772533646967,34.79471693258235,0.0
2016-08-02 15:19:16.920,-0.82,-0.195,0.121,-15.341156236376086,-21.26862009699673,27.218408211645414,0.0
2016-08-02 15:19:16.930,-0.824,-0.203,0.102,-17.453629490509382,-14.70996638732881,21.97588799498855,0.0
2016-08-02 15:19:16.940,-0.848,-0.215,0.066,-17.74846802719707,-9.939337589467033,17.861177633039752,0.0
2016-08-02 15:19:16.950,-0.887,-0.203,0.047,-19.32887978554981,-7.9218400998570075,13.728558119360635,0.0
2016-08-02 15:19:16.960,-0.895,-0.203,0.043,-21.73426766570916,-5.906845684180121,11.975809991332426,0.0
2016-08-02 15:19:16.970,-0.895,-0.199,0.074,-22.31059791914955,-2.638040549829966,9.213635395634036,0.0
2016-08-02 15:19:16.980,-0.898,-0.191,0.094,-22.39041160928451,0.7904288254120918,5.125325496098093,0.0
2016-08-02 15:19:16.990,-0.898,-0.199,0.094,-21.303320331040307,3.1849332095340968,1.793300929987767,0.0
2016-08-02 15:19:17.000,-0.934,-0.207,0.098,-18.98337782322191,3.517853895667199,-0.9792754347918401,0.0
2016-08-02 15:19:17.010,-0.941,-0.199,0.109,-17.77832305908396,2.8047483873703025,-1.6819566408519528,0.0
2016-08-02 15:19:17.020,-0.949,-0.203,0.105,-14.342213853756215,2.936089702286083,-1.7560785581093374,0.0
2016-08-02 15:19:17.030,-0.965,-0.211,0.102,-7.655754253073251,3.9513421034838103,-2.340272131913933,0.0
2016-08-02 15:19:17.040,-0.98,-0.191,0.082,-4.002056389977975,4.5098906961956295,-1.5667260084542685,0.0
2016-08-02 15:19:17.050,-0.992,-0.164,0.059,-4.593958008386024,3.437844518189421,-1.2576440353776572,0.0
2016-08-02 15:19:17.060,-0.996,-0.145,0.055,-5.488576979860186,1.486468321629764,-2.3066593932033417,0.0
2016-08-02 15:19:17.070,-1.004,-0.164,0.078,-3.9606133077316734,0.49391355894709266,-2.6276826391643318,0.0
2016-08-02 15:19:17.080,-1.0,-0.18,0.102,1.3956686432214014,0.984190329626462,-2.305244166284883,0.0
2016-08-02 15:19:17.090,-0.988,-0.18,0.109,7.802323789164979,2.2047382138719103,-2.287321879945627,0.0
2016-08-02 15:19:17.100,-0.992,-0.176,0.117,11.820695889164304,3.5195733119926085,-2.5921965622425045,0.0
2016-08-02 15:19:17.110,-0.984,-0.18,0.105,14.697820472933945,5.031065320169996,-3.1085075768338664,0.0
2016-08-02 15:19:17.120,-0.98,-0.164,0.094,16.032288753350844,6.083777565467575,-4.0937080708692255,0.0
2016-08-02 15:19:17.130,-0.988,-0.16,0.086,14.152381725937202,6.008700714607994,-5.1035992587065255,0.0
2016-08-02 15:19:17.140,-0.988,-0.172,0.082,13.265385797389172,6.086245702876286,-5.198288841539621,0.0
2016-08-02 15:19:17.150,-0.996,-0.188,0.082,16.12346868436461,6.679061725184921,-4.421474538689809,0.0
2016-08-02 15:19:17.160,-0.996,-0.195,0.074,19.072388527716008,6.664363929009696,-3.0904332104189702,0.0
2016-08-02 15:19:17.170,-0.992,-0.195,0.074,20.126461615977906,6.269216566189304,-1.8799412260560544,0.0
2016-08-02 15:19:17.180,-0.98,-0.188,0.063,19.057520821845433,5.741318963952379,-1.8134923155411484,0.0
2016-08-02 15:19:17.190,-0.973,-0.195,0.07,15.87945206387236,4.985525734826245,-2.8547434461985035,0.0
2016-08-02 15:19:17.200,-0.961,-0.211,0.09,13.581087001271705,5.105208590582222,-4.2446406280879465,0.0
2016-08-02 15:19:17.210,-0.953,-0.223,0.094,13.243338120083937,6.335282072159912,-5.699387385303864,0.0
2016-08-02 15:19:17.220,-0.945,-0.23,0.094,12.64473683182894,7.447682497919633,-7.1100734446927705,0.0
2016-08-02 15:19:17.230,-0.949,-0.223,0.09,10.714771204246956,7.846273065839246,-7.547925025681767,0.0
2016-08-02 15:19:17.240,-0.953,-0.215,0.09,8.07351883421767,7.936375607763702,-6.687677800561493,0.0
2016-08-02 15:19:17.250,-0.949,-0.219,0.09,6.644410980744531,8.939998335221947,-5.963065785942449,0.0
2016-08-02 15:19:17.260,-0.941,-0.223,0.086,6.615292267636914,10.904649311714746,-6.080092898596491,0.0
2016-08-02 15:19:17.270,-0.938,-0.223,0.086,5.321397453834564,12.230905419910908,-6.548396175080143,0.0
2016-08-02 15:19:17.280,-0.918,-0.207,0.082,2.4845794735133464,13.419086105794264,-7.727614338876654,0.0
2016-08-02 15:19:17.290,-0.906,-0.207,0.082,0.2576469320260104,15.826137845526159,-9.866023658856733,0.0
2016-08-02 15:19:17.300,-0.902,-0.215,0.066,-0.688227428321326,18.513068598262905,-11.996131371138121,0.0
2016-08-02 15:19:17.310,-0.922,-0.223,0.023,-1.4956558039660068,19.304387633350636,-13.032070048821302,0.0
2016-08-02 15:19:17.320,-0.965,-0.219,-0.016,-4.920845118936041,16.117709345002233,-12.016955653570712,0.0
2016-08-02 15:19:17.330,-0.973,-0.199,-0.016,-11.853116904057845,11.164086599760573,-9.565160725945635,0.0
2016-08-02 15:19:17.340,-0.941,-0.207,0.012,-17.90308710630867,10.148942822489891,-9.120931002494647,0.0
2016-08-02 15:19:17.350,-0.918,-0.234,0.043,-19.80915726029399,13.224851953547983,-11.61065148956886,0.0
2016-08-02 15:19:17.360,-0.918,-0.25,0.066,-19.784658976298125,16.483789633311467,-13.667703057762445,0.0
2016-08-02 15:19:17.370,-0.895,-0.242,0.082,-19.648241854077888,19.75901542813019,-14.992510786435009,0.0
2016-08-02 15:19:17.380,-0.855,-0.227,0.07,-18.89605227456652,24.880750744244544,-18.008285848666468,0.0
2016-08-02 15:19:17.390,-0.859,-0.219,0.012,-18.33608675134569,29.30390990355942,-21.726090283605405,0.0
2016-08-02 15:19:17.400,-0.926,-0.23,-0.035,-19.637750439622575,27.319826151458322,-22.437598466415817,0.0
2016-08-02 15:19:17.410,-0.965,-0.223,-0.047,-22.31361363694828,20.919767005423346,-18.529235764451165,0.0
2016-08-02 15:19:17.420,-0.945,-0.223,-0.02,-23.369063909951358,18.495540396122806,-14.802928176721952,0.0
2016-08-02 15:19:17.430,-0.91,-0.25,0.016,-21.240434477800363,21.525779173093962,-16.338428774263576,0.0
2016-08-02 15:19:17.440,-0.906,-0.27,0.043,-18.630815390004322,26.035784582974088,-19.86383136447248,0.0
2016-08-02 15:19:17.450,-0.906,-0.25,0.047,-19.097795164505172,28.516759429662862,-22.43956967810832,0.0
2016-08-02 15:19:17.460,-0.879,-0.223,0.051,-22.509529446057215,28.981585662701384,-26.700721150185785,0.0
2016-08-02 15:19:17.470,-0.844,-0.219,0.027,-24.75675113835012,32.67318838290768,-31.439585922572583,0.0
2016-08-02 15:19:17.480,-0.883,-0.258,-0.035,-23.38735060565746,36.30272656774689,-33.18327321925936,0.0
2016-08-02 15:19:17.490,-0.941,-0.254,-0.039,-21.033461310581938,32.018688761343434,-31.838958711788695,0.0
2016-08-02 15:19:17.500,-0.914,-0.234,-0.031,-19.732330022524476,27.972663569405483,-28.987919369213625,0.0
2016-08-02 15:19:17.510,-0.871,-0.25,-0.016,-18.865818536189504,30.204220330751863,-29.116218797239185,0.0
2016-08-02 15:19:17.520,-0.852,-0.25,0.012,-18.440943338583125,31.94498279438294,-33.322036331661806,0.0
2016-08-02 15:19:17.530,-0.809,-0.246,0.039,-17.425814955604963,35.20688591563399,-36.12260978790112,0.0
2016-08-02 15:19:17.540,-0.754,-0.23,0.031,-14.768904798515745,41.79983617281536,-38.68505104007994,0.0
2016-08-02 15:19:17.550,-0.738,-0.238,-0.027,-12.523361661486623,45.13277947750593,-44.641040924704754,0.0
2016-08-02 15:19:17.560,-0.793,-0.27,-0.105,-11.995166072927619,44.29970459221664,-48.44625482258392,0.0
2016-08-02 15:19:17.570,-0.867,-0.297,-0.152,-14.111723131344435,40.53656626856091,-46.58050765588196,0.0
2016-08-02 15:19:17.580,-0.871,-0.309,-0.137,-18.55126856683404,36.88621696045756,-42.78645362204289,0.0
2016-08-02 15:19:17.590,-0.84,-0.32,-0.086,-18.854486492887485,38.28955295263328,-40.4393791354407,0.0
2016-08-02 15:19:17.600,-0.813,-0.352,-0.043,-13.31027972588044,42.9815524572759,-40.14844558868606,0.0
2016-08-02 15:19:17.610,-0.805,-0.352,0.004,-8.358249688030094,48.01485286650372,-40.654004826809555,0.0
2016-08-02 15:19:17.620,-0.785,-0.324,0.023,-6.2651295632851784,52.601262888315034,-41.674030350449286,0.0
2016-08-02 15:19:17.630,-0.793,-0.363,-0.043,-5.150890920384558,55.694514034585666,-43.07541374666299,0.0
2016-08-02 15:19:17.640,-0.855,-0.41,-0.113,-2.7934847094942015,56.5463755474625,-43.40198288309246,0.0
2016-08-02 15:19:17.650,-0.895,-0.398,-0.164,0.32393435092167105,54.4234193221234,-42.300308915377855,0.0
2016-08-02 15:19:17.660,-0.898,-0.379,-0.211,0.1269207519120804,50.82205439257453,-40.6887663800744,0.0
2016-08-02 15:19:17.670,-0.918,-0.371,-0.23,-2.5650517078214246,46.9553467138446,-39.19923094063652,0.0
2016-08-02 15:19:17.680,-0.926,-0.352,-0.203,-3.84397817558892,42.76691655736187,-37.24443499508356,0.0
2016-08-02 15:19:17.690,-0.91,-0.367,-0.195,-4.897881678869035,40.85249922120498,-35.41358480361377,0.0
2016-08-02 15:19:17.700,-0.918,-0.387,-0.164,-6.4112062504017855,41.41452757399736,-35.03716590569144,0.0
2016-08-02 15:19:17.710,-0.895,-0.383,-0.133,-5.294891437167727,42.18766620074665,-34.704015796526996,0.0
2016-08-02 15:19:17.720,-0.887,-0.402,-0.16,-2.4251422314173974,43.92372037284311,-34.406603740381705,0.0
2016-08-02 15:19:17.730,-0.914,-0.402,-0.164,-1.373184131380363,45.17821942656873,-35.30108601471382,0.0
2016-08-02 15:19:17.740,-0.906,-0.379,-0.18,-2.1860050445669774,44.106363613545156,-35.5080493446168,0.0
2016-08-02 15:19:17.750,-0.898,-0.387,-0.207,-4.012388079113519,43.27267776532064,-35.152827392586154,0.0
2016-08-02 15:19:17.760,-0.926,-0.379,-0.211,-5.49197224954185,42.46919208431446,-35.37223193757073,0.0
2016-08-02 15:19:17.770,-0.926,-0.359,-0.188,-4.6099036292557045,40.81387501897265,-34.72404819634414,0.0
2016-08-02 15:19:17.780,-0.883,-0.359,-0.195,-2.236541057256902,41.158416299893425,-34.273589021911434,0.0
2016-08-02 15:19:17.790,-0.879,-0.379,-0.215,-0.5680305068547982,42.845431276551,-35.54369914365831,0.0
2016-08-02 15:19:17.800,-0.867,-0.359,-0.203,-0.8653532098390706,43.49419974927226,-36.43818308967894,0.0
2016-08-02 15:19:17.810,-0.832,-0.352,-0.215,-2.3148471351747775,44.636391616771704,-36.01748605216902,0.0
2016-08-02 15:19:17.820,-0.828,-0.387,-0.246,-3.0689948801195275,46.33230582789005,-36.26738234130154,0.0
2016-08-02 15:19:17.830,-0.813,-0.391,-0.219,-2.6243334345715152,46.92987519818952,-37.91551972908173,0.0
2016-08-02 15:19:17.840,-0.789,-0.379,-0.242,-2.0056511584945893,47.545549121557436,-39.59876757901045,0.0
2016-08-02 15:19:17.850,-0.813,-0.391,-0.27,-3.2704049981755263,47.547043197614904,-40.664289179034526,0.0
2016-08-02 15:19:17.860,-0.82,-0.387,-0.25,-3.9964069142592438,45.56739161283923,-40.86766672985311,0.0
2016-08-02 15:19:17.870,-0.793,-0.383,-0.242,-0.332599000723953,44.83410279774489,-40.416611485851135,0.0
2016-08-02 15:19:17.880,-0.781,-0.414,-0.258,4.230562626379282,46.29481603127009,-41.04480102252784,0.0
2016-08-02 15:19:17.890,-0.762,-0.434,-0.262,6.656757905711094,47.29036389258475,-42.92501301870031,0.0
2016-08-02 15:19:17.900,-0.734,-0.418,-0.285,7.409515920971737,48.4376969933036,-44.48420702879692,0.0
2016-08-02 15:19:17.910,-0.723,-0.43,-0.348,4.458762260469468,49.538731942923185,-46.074446773068075,0.0
2016-08-02 15:19:17.920,-0.742,-0.438,-0.352,-0.6860564604668948,47.65208376635545,-48.63106981721366,0.0
2016-08-02 15:19:17.930,-0.754,-0.438,-0.332,-2.4870333412593766,44.0064580048669,-50.094022501028434,0.0
2016-08-02 15:19:17.940,-0.777,-0.484,-0.371,-1.1879553168810941,42.187918389914444,-49.193482421529055,0.0
2016-08-02 15:19:17.950,-0.809,-0.508,-0.363,0.37429933418628303,41.27872105855645,-48.457752398074334,0.0
2016-08-02 15:19:17.960,-0.813,-0.523,-0.355,2.957830331842324,39.85902190490656,-47.723559977483504,0.0
2016-08-02 15:19:17.970,-0.809,-0.57,-0.398,5.661216505348412,40.036420287262814,-45.937320356325145,0.0
2016-08-02 15:19:17.980,-0.805,-0.574,-0.406,7.249565144106768,40.48362734400759,-45.783840469505236,0.0
2016-08-02 15:19:17.990,-0.805,-0.57,-0.41,9.030391211279328,38.56379838925321,-46.78198409835619,0.0
2016-08-02 15:19:18.000,-0.801,-0.605,-0.441,9.895913139563437,36.69352415095324,-47.94523510873733,0.0
2016-08-02 15:19:18.010,-0.801,-0.609,-0.438,9.979621968287148,34.906927960017896,-51.29214484502347,0.0
2016-08-02 15:19:18.020,-0.809,-0.602,-0.422,11.290506526159739,30.925112488941544,-54.06557082531513,0.0
2016-08-02 15:19:18.030,-0.828,-0.609,-0.41,12.587724057854862,27.061494032241853,-53.67690895566783,0.0
2016-08-02 15:19:18.040,-0.84,-0.633,-0.379,15.075604544171629,25.01175499866736,-52.7713498002894,0.0
2016-08-02 15:19:18.050,-0.836,-0.637,-0.348,21.664846062947277,23.944645281037058,-51.47698970005368,0.0
2016-08-02 15:19:18.060,-0.84,-0.676,-0.371,28.999177175225142,24.072729950308208,-48.85913327058509,0.0
2016-08-02 15:19:18.070,-0.84,-0.684,-0.391,32.86921776997356,24.133097223351843,-47.39065429363453,0.0
2016-08-02 15:19:18.080,-0.824,-0.664,-0.391,34.05829396769469,22.833396457567794,-47.4788372742625,0.0
2016-08-02 15:19:18.090,-0.809,-0.656,-0.406,33.80648233996148,21.908594053332834,-47.167882584028135,0.0
2016-08-02 15:19:18.100,-0.797,-0.668,-0.406,32.8907637605204,21.819556425460984,-47.22740495642391,0.0
2016-08-02 15:19:18.110,-0.789,-0.648,-0.387,32.21582303381564,21.208947000859016,-47.63338648035346,0.0
2016-08-02 15:19:18.120,-0.789,-0.633,-0.391,30.760239686949383,20.45824063957088,-46.340988799105645,0.0
2016-08-02 15:19:18.130,-0.785,-0.648,-0.41,28.503160918701738,20.344361688141262,-44.90582272144607,0.0
2016-08-02 15:19:18.140,-0.77,-0.641,-0.406,26.333265163690793,20.6907306518594,-44.87521484728032,0.0
2016-08-02 15:19:18.150,-0.754,-0.645,-0.418,22.382873955917482,21.44186541309051,-43.88626739560709,0.0
2016-08-02 15:19:18.160,-0.73,-0.664,-0.414,15.933774183937917,22.538349935231718,-42.25446465239531,0.0
2016-08-02 15:19:18.170,-0.711,-0.68,-0.387,10.454020090286173,23.397346041394236,-41.94983914602421,0.0
2016-08-02 15:19:18.180,-0.68,-0.695,-0.371,7.57927697211168,24.05848083514448,-41.62917490176896,0.0
2016-08-02 15:19:18.190,-0.656,-0.715,-0.352,5.429939065970675,25.101529853303674,-41.40356815235167,0.0
2016-08-02 15:19:18.200,-0.641,-0.727,-0.348,3.649486687808449,25.516123619260654,-41.917697798705134,0.0
2016-08-02 15:19:18.210,-0.633,-0.758,-0.379,1.5333371798643467,24.66170038519668,-41.71111773063945,0.0
2016-08-02 15:19:18.220,-0.625,-0.773,-0.391,-2.0678559054308607,23.80953831940351,-41.49660865393681,0.0
2016-08-02 15:19:18.230,-0.621,-0.785,-0.383,-5.0253898098578444,23.250985471396916,-41.12549884841672,0.0
2016-08-02 15:19:18.240,-0.609,-0.793,-0.387,-6.880829680571228,22.823827647046116,-39.26918028220306,0.0
2016-08-02 15:19:18.250,-0.594,-0.793,-0.387,-8.794888750687806,22.550171426437107,-38.30595132338624,0.0
2016-08-02 15:19:18.260,-0.586,-0.801,-0.371,-9.346880955495951,21.742259526280392,-38.78534413733285,0.0
2016-08-02 15:19:18.270,-0.566,-0.801,-0.375,-9.402538775262173,20.970406370827774,-38.4404693658375,0.0
2016-08-02 15:19:18.280,-0.563,-0.781,-0.383,-11.190196473841747,20.621392400212123,-37.8186951346156,0.0
2016-08-02 15:19:18.290,-0.578,-0.789,-0.395,-13.260986672016056,19.506876029611814,-37.4961012072974,0.0
2016-08-02 15:19:18.300,-0.582,-0.805,-0.418,-13.761630678931834,18.204251694162743,-36.79151946010174,0.0
2016-08-02 15:19:18.310,-0.586,-0.816,-0.426,-13.279549922426977,17.982754550543888,-35.44308703753925,0.0
2016-08-02 15:19:18.320,-0.59,-0.82,-0.414,-13.06554372272295,18.222132414774748,-33.183055110858504,0.0
2016-08-02 15:19:18.330,-0.578,-0.816,-0.395,-12.574052237795513,18.92872636177386,-31.38819430945717,0.0
2016-08-02 15:19:18.340,-0.563,-0.809,-0.367,-10.67080280350002,20.77968928451965,-31.173542484885083,0.0
2016-08-02 15:19:18.350,-0.555,-0.801,-0.348,-7.669437651620432,22.705553822848575,-31.148227740448085,0.0
2016-08-02 15:19:18.360,-0.539,-0.813,-0.371,-4.205783565893591,24.00289464393761,-30.856069508829577,0.0
2016-08-02 15:19:18.370,-0.527,-0.816,-0.395,-1.6575544756573442,25.29920811539101,-30.91551171288289,0.0
2016-08-02 15:19:18.380,-0.535,-0.809,-0.414,-1.1870933093932496,26.266814366837185,-30.181249629596213,0.0
2016-08-02 15:19:18.390,-0.535,-0.813,-0.445,-1.7878442468314892,26.554603707708782,-27.737403121728093,0.0
2016-08-02 15:19:18.400,-0.523,-0.832,-0.461,-2.67388492058672,26.646250275795403,-25.260254607792277,0.0
2016-08-02 15:19:18.410,-0.52,-0.848,-0.469,-3.6950049457049703,26.76123616466079,-23.40709669791704,0.0
2016-08-02 15:19:18.420,-0.52,-0.859,-0.461,-3.546908025992332,27.511364048551954,-20.866335557842017,0.0
2016-08-02 15:19:18.430,-0.531,-0.852,-0.438,-1.6489406272546738,29.062095407057686,-18.45323383639498,0.0
2016-08-02 15:19:18.440,-0.531,-0.863,-0.414,1.2573720877869108,30.683860804854277,-17.240730928765956,0.0
2016-08-02 15:19:18.450,-0.527,-0.863,-0.406,4.818100735044449,32.813318374439675,-16.400352586378137,0.0
2016-08-02 15:19:18.460,-0.531,-0.852,-0.43,7.145329870801913,34.96346532593291,-16.124228160221296,0.0
2016-08-02 15:19:18.470,-0.535,-0.828,-0.445,6.338955446766086,35.58164479958392,-16.484735286746503,0.0
2016-08-02 15:19:18.480,-0.527,-0.836,-0.488,4.4217780638573725,35.604689362252905,-16.400476898742223,0.0
2016-08-02 15:19:18.490,-0.527,-0.844,-0.523,2.019530251716098,35.67738215405845,-16.270718445085507,0.0
2016-08-02 15:19:18.500,-0.539,-0.852,-0.547,-2.744512537893106,35.00330684426142,-15.924084275563366,0.0
2016-08-02 15:19:18.510,-0.543,-0.879,-0.563,-7.732721245912446,34.22989030779594,-14.445209125155907,0.0
2016-08-02 15:19:18.520,-0.555,-0.914,-0.57,-9.692139104188483,33.67862994325728,-13.278325006816921,0.0
2016-08-02 15:19:18.530,-0.555,-0.957,-0.57,-8.502805776661852,33.195931132060906,-12.65320779414991,0.0
2016-08-02 15:19:18.540,-0.551,-0.984,-0.566,-5.579249691148332,33.28450532415724,-11.243447810661568,0.0
2016-08-02 15:19:18.550,-0.547,-1.008,-0.566,-2.9115096931514204,32.94403719878497,-9.956941005502978,0.0
2016-08-02 15:19:18.560,-0.523,-1.023,-0.57,-1.339230284059415,31.775648638964057,-9.174761915611462,0.0
2016-08-02 15:19:18.570,-0.504,-1.027,-0.578,-0.8511144373741003,30.895214767952744,-7.84940589399568,0.0
2016-08-02 15:19:18.580,-0.508,-1.012,-0.594,-2.263808309366155,29.118804224851193,-6.4984718520282545,0.0
2016-08-02 15:19:18.590,-0.52,-0.984,-0.605,-4.92759319551456,25.907743113886724,-5.811808496420967,0.0
2016-08-02 15:19:18.600,-0.516,-0.973,-0.613,-6.257881535225967,23.05763291300992,-5.280645394882168,0.0
2016-08-02 15:19:18.610,-0.512,-0.965,-0.633,-6.007181017653746,20.31949786352088,-4.770734229146123,0.0
2016-08-02 15:19:18.620,-0.512,-0.938,-0.637,-7.054564176226028,16.918238711632707,-3.9109835929830097,0.0
2016-08-02 15:19:18.630,-0.512,-0.918,-0.633,-10.143679898615478,13.744826031073913,-1.9346804148328325,0.0
2016-08-02 15:19:18.640,-0.508,-0.898,-0.613,-12.953039759708902,11.313946796438092,0.7721848949045708,0.0
2016-08-02 15:19:18.650,-0.504,-0.887,-0.594,-14.181580360842867,9.100638689271367,3.4124160505113688,0.0
2016-08-02 15:19:18.660,-0.508,-0.879,-0.586,-13.480198912132416,6.547223733310451,5.599210131865141,0.0
2016-08-02 15:19:18.670,-0.504,-0.859,-0.582,-11.31740047792298,4.091857241314461,7.286811306199077,0.0
2016-08-02 15:19:18.680,-0.492,-0.852,-0.59,-9.638736508417718,1.9897278437857826,8.64918642539685,0.0
2016-08-02 15:19:18.690,-0.477,-0.844,-0.602,-9.144331983002438,-0.5263567276630114,9.971765960812919,0.0
2016-08-02 15:19:18.700,-0.465,-0.836,-0.613,-9.616292809123895,-3.5033163524602067,11.964014954016063,0.0
2016-08-02 15:19:18.710,-0.453,-0.828,-0.637,-11.458718301286702,-6.314786111873573,14.697467464629593,0.0
2016-08-02 15:19:18.720,-0.445,-0.832,-0.641,-13.52499366654027,-9.028074414018795,17.305842275502478,0.0
2016-08-02 15:19:18.730,-0.445,-0.844,-0.637,-14.16032700318741,-12.053574973108336,19.53299770264396,0.0
2016-08-02 15:19:18.740,-0.445,-0.844,-0.629,-13.46466837056321,-15.481891305873646,21.40228651304643,0.0
2016-08-02 15:19:18.750,-0.449,-0.852,-0.637,-11.529558834751256,-19.31794468173315,22.626168395872686,0.0
2016-08-02 15:19:18.760,-0.449,-0.852,-0.656,-9.325708011783428,-23.486655302434713,23.2281449111742,0.0
2016-08-02 15:19:18.770,-0.445,-0.84,-0.664,-8.853315320655321,-27.75553300946369,23.327775950212597,0.0
2016-08-02 15:19:18.780,-0.445,-0.836,-0.676,-9.244758617293046,-32.00462887096807,23.26507932916481,0.0
2016-08-02 15:19:18.790,-0.449,-0.836,-0.676,-8.917928990831854,-35.98161688829303,23.62484681973648,0.0
2016-08-02 15:19:18.800,-0.457,-0.832,-0.672,-8.303203610010275,-39.311884417774195,24.373696190390504,0.0
2016-08-02 15:19:18.810,-0.469,-0.828,-0.652,-6.657362462835153,-42.224966630691696,24.946844888389244,0.0
2016-08-02 15:19:18.820,-0.492,-0.82,-0.617,-2.691038959423403,-44.90239038150621,25.157751224968163,0.0
2016-08-02 15:19:18.830,-0.508,-0.828,-0.598,2.374989348842173,-46.4626812873983,25.20135023029612,0.0
2016-08-02 15:19:18.840,-0.516,-0.82,-0.586,6.78807281934661,-46.76559203086532,24.932589643727866,0.0
2016-08-02 15:19:18.850,-0.531,-0.813,-0.574,10.495239039208418,-46.899076133665474,24.548043312277613,0.0
2016-08-02 15:19:18.860,-0.543,-0.813,-0.559,13.98871648607195,-47.05784306827199,24.415365632093476,0.0
2016-08-02 15:19:18.870,-0.551,-0.828,-0.543,17.824479484021865,-47.07863653700627,23.79547045796711,0.0
2016-08-02 15:19:18.880,-0.555,-0.836,-0.551,22.173630630183368,-47.15915368005894,22.25365106543067,0.0
2016-08-02 15:19:18.890,-0.57,-0.801,-0.555,25.000176745499562,-47.20487509025145,21.138237681864844,0.0
2016-08-02 15:19:18.900,-0.578,-0.773,-0.547,23.614000009345467,-47.44525274548974,20.88051290534154,0.0
2016-08-02 15:19:18.910,-0.578,-0.77,-0.531,19.954352070408408,-47.57401012266527,19.78718987761571,0.0
2016-08-02 15:19:18.920,-0.582,-0.766,-0.477,19.499012997025353,-45.89382517177442,18.691656309565076,0.0
2016-08-02 15:19:18.930,-0.59,-0.77,-0.426,22.58164416169159,-42.56647327464974,19.3269893090077,0.0
2016-08-02 15:19:18.940,-0.598,-0.781,-0.387,25.242856927244425,-39.46580805255912,19.838930296147485,0.0
2016-08-02 15:19:18.950,-0.598,-0.785,-0.387,26.80907045588548,-36.40634164496346,19.477303649706357,0.0
2016-08-02 15:19:18.960,-0.609,-0.758,-0.418,27.127962566623378,-33.96236122375087,19.251931442657565,0.0
2016-08-02 15:19:18.970,-0.633,-0.719,-0.445,23.59279097064485,-34.28038633480131,18.66130200801844,0.0
2016-08-02 15:19:18.980,-0.645,-0.703,-0.469,16.194164615625546,-35.792749270188345,17.692712963851314,0.0
2016-08-02 15:19:18.990,-0.645,-0.699,-0.465,8.329897081530227,-35.65617616126175,17.04452408262369,0.0
2016-08-02 15:19:19.000,-0.656,-0.707,-0.418,2.623894381759646,-34.66283745906111,17.516832968448814,0.0
2016-08-02 15:19:19.010,-0.652,-0.727,-0.367,0.4060960518915961,-33.723835686440836,19.47775145728505,0.0
2016-08-02 15:19:19.020,-0.648,-0.75,-0.324,2.008843623060044,-31.860996633663163,21.24341044930225,0.0
2016-08-02 15:19:19.030,-0.648,-0.773,-0.305,5.213507774389291,-29.751825560028514,21.673312851771342,0.0
2016-08-02 15:19:19.040,-0.648,-0.781,-0.301,7.613400153749609,-28.67537878591466,21.92888613949774,0.0
2016-08-02 15:19:19.050,-0.664,-0.766,-0.324,8.613283401674078,-28.39891645772553,22.899359086007575,0.0
2016-08-02 15:19:19.060,-0.676,-0.766,-0.359,6.845929836752138,-28.932400225105198,24.455138973810513,0.0
2016-08-02 15:19:19.070,-0.68,-0.754,-0.363,2.585450925667666,-29.93629896379049,26.147893098420717,0.0
2016-08-02 15:19:19.080,-0.668,-0.762,-0.375,-0.6178073653605698,-30.349444441002042,27.8402631149201,0.0
2016-08-02 15:19:19.090,-0.66,-0.773,-0.375,-2.2659554759670213,-30.267125802215517,29.39032993347212,0.0
2016-08-02 15:19:19.100,-0.668,-0.773,-0.375,-4.588518596470442,-30.97300292192576,30.43144396994188,0.0
2016-08-02 15:19:19.110,-0.668,-0.766,-0.355,-7.182878966873949,-33.0716665721872,31.316826850216593,0.0
2016-08-02 15:19:19.120,-0.684,-0.773,-0.316,-7.105068171716946,-35.10355709610462,32.10593479811372,0.0
2016-08-02 15:19:19.130,-0.68,-0.805,-0.273,-2.078873756546915,-35.001929975955136,32.880300973526424,0.0
2016-08-02 15:19:19.140,-0.68,-0.816,-0.254,5.196972056621702,-32.69273543666242,33.998894073236045,0.0
2016-08-02 15:19:19.150,-0.672,-0.805,-0.266,9.523653786189561,-30.312023626690653,35.47790537712726,0.0
2016-08-02 15:19:19.160,-0.672,-0.785,-0.309,9.851128722371605,-29.393521701079614,37.94986023067224,0.0
2016-08-02 15:19:19.170,-0.68,-0.773,-0.363,7.55876592565474,-30.00659053211595,41.14523368762414,0.0
2016-08-02 15:19:19.180,-0.703,-0.766,-0.379,3.955467191171656,-32.72135249153566,43.855169160826655,0.0
2016-08-02 15:19:19.190,-0.707,-0.75,-0.363,1.9303852579137142,-36.303892927377774,46.26600313692529,0.0
2016-08-02 15:19:19.200,-0.707,-0.738,-0.316,3.0094821436272614,-37.54451704945372,49.13797239982454,0.0
2016-08-02 15:19:19.210,-0.684,-0.746,-0.262,6.003121327483408,-36.438939474404165,51.427091261260955,0.0
2016-08-02 15:19:19.220,-0.656,-0.742,-0.223,11.19961760360739,-34.09560251485285,52.359263884466586,0.0
2016-08-02 15:19:19.230,-0.648,-0.742,-0.223,17.17469148628909,-30.344034300188557,54.200251349696096,0.0
2016-08-02 15:19:19.240,-0.656,-0.727,-0.242,19.079416982524858,-27.646623871031814,57.348618510623545,0.0
2016-08-02 15:19:19.250,-0.68,-0.688,-0.289,17.42073386219779,-28.087378338306003,59.71772168699856,0.0
2016-08-02 15:19:19.260,-0.719,-0.684,-0.371,14.187861769478374,-29.839737243806216,61.28922162429442,0.0
2016-08-02 15:19:19.270,-0.766,-0.656,-0.391,6.117687619477826,-32.87529577287523,61.76561476962547,0.0
2016-08-02 15:19:19.280,-0.77,-0.625,-0.34,-4.16301350766808,-37.480594405073255,61.928696255476304,0.0
2016-08-02 15:19:19.290,-0.75,-0.648,-0.266,-8.239146760599628,-38.87448276314709,64.29199499857117,0.0
2016-08-02 15:19:19.300,-0.723,-0.676,-0.152,-2.6893033661134993,-35.426643220947454,67.1327195273415,0.0
2016-08-02 15:19:19.310,-0.691,-0.719,-0.105,10.585118138974199,-30.3308505970336,68.19879210262204,0.0
2016-08-02 15:19:19.320,-0.68,-0.703,-0.109,24.012896442900974,-25.113907615442237,67.67764330769324,0.0
2016-08-02 15:19:19.330,-0.699,-0.629,-0.18,29.03546027093704,-22.442843986500478,66.06751236567932,0.0
2016-08-02 15:19:19.340,-0.738,-0.574,-0.277,22.868650684315995,-23.886672049768293,65.67029848118229,0.0
2016-08-02 15:19:19.350,-0.777,-0.5,-0.297,9.16624866099365,-28.110018608266117,66.13219686271091,0.0
2016-08-02 15:19:19.360,-0.781,-0.5,-0.289,-3.282142811188139,-33.144657218367094,66.32974890075432,0.0
2016-08-02 15:19:19.370,-0.781,-0.52,-0.215,-8.179127285741435,-35.811927734223296,67.40958818749124,0.0
2016-08-02 15:19:19.380,-0.754,-0.527,-0.121,-4.280353269231704,-35.90474730794469,66.68036230429524,0.0
2016-08-02 15:19:19.390,-0.715,-0.543,-0.074,6.246159744955197,-34.10102685091357,63.7620863343639,0.0
2016-08-02 15:19:19.400,-0.707,-0.527,-0.105,16.958862329361118,-30.83619310512421,61.23981037829676,0.0
2016-08-02 15:19:19.410,-0.742,-0.496,-0.184,20.896657868815634,-30.148903383199738,58.57048717641859,0.0
2016-08-02 15:19:19.420,-0.789,-0.457,-0.25,14.579269370513924,-33.60358022152307,57.26222984368323,0.0
2016-08-02 15:19:19.430,-0.82,-0.41,-0.246,3.282020224933365,-38.77551986846765,58.26563010476402,0.0
2016-08-02 15:19:19.440,-0.82,-0.414,-0.227,-3.967054612032822,-43.03311409332887,60.09608955919154,0.0
2016-08-02 15:19:19.450,-0.82,-0.453,-0.16,-5.400929532034902,-44.51815699070727,61.31737764865767,0.0
2016-08-02 15:19:19.460,-0.793,-0.473,-0.082,1.0915834984672332,-42.81165658579886,60.292271898100545,0.0
2016-08-02 15:19:19.470,-0.758,-0.5,-0.082,12.932032178699746,-38.568808953441476,58.06989681119592,0.0
2016-08-02 15:19:19.480,-0.773,-0.453,-0.102,15.173605516155433,-36.83362074008025,55.395711415213796,0.0
2016-08-02 15:19:19.490,-0.793,-0.426,-0.148,8.407435260551003,-39.91847625211122,54.966616036701474,0.0
2016-08-02 15:19:19.500,-0.844,-0.457,-0.203,6.177960503122447,-42.515322743710556,59.14730614958396,0.0
2016-08-02 15:19:19.510,-0.879,-0.441,-0.188,6.673229718477181,-44.55841272732879,61.939961573250535,0.0
2016-08-02 15:19:19.520,-0.859,-0.395,-0.164,6.366136098484388,-47.0469810817626,63.559486175444704,0.0
2016-08-02 15:19:19.530,-0.852,-0.418,-0.18,6.971656245386604,-47.663240938835585,67.19469964531845,0.0
2016-08-02 15:19:19.540,-0.875,-0.43,-0.16,5.939012713640858,-49.36000019687097,65.783878795369,0.0
2016-08-02 15:19:19.550,-0.852,-0.402,-0.121,3.5036858776487048,-51.40659056070057,60.246961521734264,0.0
2016-08-02 15:19:19.560,-0.824,-0.371,-0.125,-0.29844752799754226,-50.09556003157994,56.60306645620281,0.0
2016-08-02 15:19:19.570,-0.82,-0.336,-0.125,-7.1734257240530805,-49.81794263614371,51.65693858042237,0.0
2016-08-02 15:19:19.580,-0.797,-0.289,-0.121,-12.407181424386891,-51.96550003945017,46.23639494321631,0.0
2016-08-02 15:19:19.590,-0.785,-0.297,-0.184,-14.083932337469928,-52.3343459140781,43.459923604427985,0.0
2016-08-02 15:19:19.600,-0.836,-0.281,-0.184,-17.42651960426465,-53.58698609282717,41.74136251035767,0.0
2016-08-02 15:19:19.610,-0.816,-0.195,-0.137,-20.965168433418707,-57.190361794001134,42.966183251655195,0.0
2016-08-02 15:19:19.620,-0.793,-0.227,-0.133,-20.103194836935486,-57.22312439458533,44.97609728620045,0.0
2016-08-02 15:19:19.630,-0.813,-0.281,-0.086,-17.02824401164012,-54.05831854628659,43.553894494588924,0.0
2016-08-02 15:19:19.640,-0.797,-0.266,-0.039,-11.843277121927231,-50.30397187588643,44.47569821611783,0.0
2016-08-02 15:19:19.650,-0.797,-0.277,-0.055,-6.422520768129861,-45.052858950296894,46.6162147713822,0.0
2016-08-02 15:19:19.660,-0.832,-0.25,-0.035,-8.22772329241713,-42.85937708020673,44.39650396918168,0.0
2016-08-02 15:19:19.670,-0.82,-0.215,-0.027,-13.944089000835634,-42.90862176480509,43.418485463087066,0.0
2016-08-02 15:19:19.680,-0.84,-0.238,-0.031,-17.06558466220495,-39.549805783445166,42.67799031631809,0.0
2016-08-02 15:19:19.690,-0.848,-0.258,-0.02,-18.21124178566032,-35.634085482329546,39.024464743475626,0.0
2016-08-02 15:19:19.700,-0.848,-0.281,-0.051,-15.877843726989125,-31.603363185475402,37.72595781669643,0.0
2016-08-02 15:19:19.710,-0.879,-0.27,-0.066,-14.267262320665086,-28.380301196525025,36.9749976579313,0.0
2016-08-02 15:19:19.720,-0.91,-0.234,-0.063,-19.148321131915957,-30.213163429643146,35.97196670665579,0.0
2016-08-02 15:19:19.730,-0.914,-0.27,-0.055,-22.93511862037385,-32.53719866216656,37.21035307192257,0.0
2016-08-02 15:19:19.740,-0.926,-0.289,0.02,-20.864544064513336,-32.015221543172146,37.293550439582546,0.0
2016-08-02 15:19:19.750,-0.891,-0.297,0.07,-16.74142478565253,-28.975958312617223,36.849113217214594,0.0
2016-08-02 15:19:19.760,-0.859,-0.313,0.082,-11.34651676739196,-22.659851633612007,35.404588268725455,0.0
2016-08-02 15:19:19.770,-0.852,-0.273,0.07,-8.024572390381534,-17.065488429338988,30.658553055467927,0.0
2016-08-02 15:19:19.780,-0.863,-0.238,0.0,-10.30954655204436,-14.693182869464836,27.219705612602375,0.0
2016-08-02 15:19:19.790,-0.91,-0.238,-0.051,-14.844387431160017,-15.818351405409746,25.690897424738644,0.0
2016-08-02 15:19:19.800,-0.941,-0.207,-0.051,-19.385363127034452,-19.898912110646886,24.919172472371546,0.0
2016-08-02 15:19:19.810,-0.938,-0.246,-0.063,-21.282611186788774,-22.203997137300238,26.158354670366293,0.0
2016-08-02 15:19:19.820,-0.938,-0.25,-0.008,-17.38490974236341,-21.856608236645783,26.72046363616427,0.0
2016-08-02 15:19:19.830,-0.91,-0.234,0.035,-12.388073981791333,-19.584664534586736,26.428317310469616,0.0
2016-08-02 15:19:19.840,-0.891,-0.246,0.051,-9.73765613827273,-14.855834593954445,24.40148675416653,0.0
2016-08-02 15:19:19.850,-0.902,-0.23,0.063,-8.182851687723128,-10.968380489418447,19.252667882891902,0.0
2016-08-02 15:19:19.860,-0.914,-0.215,0.02,-8.536482185799088,-9.103494942555143,15.280227676749515,0.0
2016-08-02 15:19:19.870,-0.953,-0.223,0.008,-9.073982178201378,-9.167118724361188,12.868961610718335,0.0
2016-08-02 15:19:19.880,-0.98,-0.215,0.008,-7.893408899906387,-11.403350089485981,12.570906817555896,0.0
2016-08-02 15:19:19.890,-0.969,-0.207,0.008,-5.932698778488758,-12.909880441249829,15.170283692035238,0.0
2016-08-02 15:19:19.900,-0.973,-0.207,0.031,-2.9685640431333145,-12.67760889876895,15.998542313182782,0.0
2016-08-02 15:19:19.910,-0.98,-0.199,0.043,-1.6957899810525012,-12.100148693904261,16.349687060976624,0.0
2016-08-02 15:19:19.920,-0.973,-0.188,0.055,-4.514618681947583,-11.680292121988273,16.900874613076574,0.0
2016-08-02 15:19:19.930,-0.965,-0.18,0.059,-7.431972035161534,-10.35076741549021,13.643297713830963,0.0
2016-08-02 15:19:19.940,-0.961,-0.199,0.047,-6.922039640992134,-7.892482092037122,9.384117137295371,0.0
2016-08-02 15:19:19.950,-0.973,-0.211,0.047,-3.724737357636975,-6.585725478723774,7.495062984196549,0.0
2016-08-02 15:19:19.960,-0.977,-0.199,0.027,-0.808995327641244,-6.717520275749667,7.327934949969751,0.0
2016-08-02 15:19:19.970,-0.984,-0.191,0.023,-0.27929190103036194,-7.149808211966015,8.226670221795786,0.0
2016-08-02 15:19:19.980,-0.98,-0.18,0.02,-1.1062097519830145,-7.459333846923571,9.19263355843048,0.0
2016-08-02 15:19:19.990,-0.965,-0.168,0.02,-2.542773425574266,-6.827369738309592,8.72090252928306,0.0
2016-08-02 15:19:20.000,-0.961,-0.172,0.023,-4.29983024985448,-5.490917117185529,6.058667978527776,0.0
2016-08-02 15:19:20.010,-0.957,-0.188,0.027,-4.458058326557605,-4.363482535842794,2.8243846887112207,0.0
2016-08-02 15:19:20.020,-0.957,-0.188,0.047,-3.3442235939297844,-3.6331001531577987,0.3766656376540081,0.0
2016-08-02 15:19:20.030,-0.945,-0.188,0.043,-2.384454099479722,-2.5600357731247794,-1.809362079909,0.0
2016-08-02 15:19:20.040,-0.953,-0.191,0.043,-0.49605766956630126,-1.1852964472882088,-3.402368965462502,0.0
2016-08-02 15:19:20.050,-0.961,-0.18,0.047,0.7877554014940589,-0.8661846243513687,-3.5048774545186436,0.0
2016-08-02 15:19:20.060,-0.961,-0.172,0.035,-0.6905353602261183,-1.1244884638399415,-2.974520913467652,0.0
2016-08-02 15:19:20.070,-0.965,-0.164,0.035,-1.801430432700549,-0.7977711982554733,-3.478039565593142,0.0
2016-08-02 15:19:20.080,-0.98,-0.168,0.035,-1.2903135074699508,-0.366567247364733,-4.705696886228289,0.0
2016-08-02 15:19:20.090,-0.988,-0.172,0.039,-1.150275262048891,-0.18299388148136822,-5.712944818281179,0.0
2016-08-02 15:19:20.100,-0.996,-0.168,0.055,-0.6149707562210287,0.16807389413020066,-6.480077320403146,0.0
2016-08-02 15:19:20.110,-0.996,-0.168,0.07,0.4721488973909814,0.8129968037123628,-7.055643153396142,0.0
2016-08-02 15:19:20.120,-0.992,-0.164,0.09,0.6648983299907941,1.5503692281149983,-7.70158302141902,0.0
2016-08-02 15:19:20.130,-0.992,-0.16,0.098,0.23518708033030955,2.2265541005762173,-8.345521547359535,0.0
2016-08-02 15:19:20.140,-0.988,-0.168,0.098,0.3488867459921803,3.011559201910459,-8.997114658408526,0.0
2016-08-02 15:19:20.150,-0.98,-0.184,0.094,2.0047353031552264,4.325756700371849,-9.905515554323484,0.0
2016-08-02 15:19:20.160,-0.992,-0.191,0.074,4.411741216951822,5.331469582613481,-10.161130153733316,0.0
2016-08-02 15:19:20.170,-0.992,-0.191,0.059,5.50695148455508,4.8041690595178235,-9.244838515773687,0.0
2016-08-02 15:19:20.180,-0.98,-0.176,0.055,5.150550480397876,3.9218819677554695,-8.321524269279085,0.0
2016-08-02 15:19:20.190,-0.969,-0.176,0.051,4.012828576861095,3.8798570084939046,-8.259427343212554,0.0
2016-08-02 15:19:20.200,-0.961,-0.184,0.063,2.3631353050417134,3.821262908769583,-8.782421327429013,0.0
2016-08-02 15:19:20.210,-0.953,-0.195,0.078,1.400897072297266,3.946961275989371,-9.582802645826131,0.0
2016-08-02 15:19:20.220,-0.941,-0.207,0.09,2.299899396942296,5.18944478859408,-10.600052545525417,0.0
2016-08-02 15:19:20.230,-0.938,-0.227,0.086,5.169835476035871,7.059818066133882,-11.851403006444187,0.0
2016-08-02 15:19:20.240,-0.941,-0.242,0.078,8.613731448710972,8.768133873102286,-13.136836792905902,0.0
2016-08-02 15:19:20.250,-0.941,-0.238,0.063,10.310502331813252,9.7952303161955,-13.876696820530572,0.0
2016-08-02 15:19:20.260,-0.938,-0.238,0.055,10.115005229679142,10.297556763537852,-14.408999871254426,0.0
2016-08-02 15:19:20.270,-0.945,-0.238,0.043,9.413265423677709,10.909861901489798,-15.474976322701878,0.0
2016-08-02 15:19:20.280,-0.938,-0.25,0.039,8.419577165091454,12.008185711138923,-16.49827414679628,0.0
2016-08-02 15:19:20.290,-0.918,-0.242,0.027,7.562693857346973,14.072403494303142,-17.335714154435568,0.0
2016-08-02 15:19:20.300,-0.895,-0.238,0.027,7.874762566745317,17.314881513508027,-19.083643445396266,0.0
2016-08-02 15:19:20.310,-0.863,-0.234,0.016,9.331946430027708,21.736156271358023,-21.53516137028265,0.0
2016-08-02 15:19:20.320,-0.859,-0.234,-0.016,10.6327588222028,25.374540656979338,-23.561843375172487,0.0
2016-08-02 15:19:20.330,-0.887,-0.227,-0.039,8.729713109698128,24.211249307539582,-24.998537504805096,0.0
2016-08-02 15:19:20.340,-0.879,-0.223,-0.027,2.5212696892082147,20.134424314955954,-26.131875539673274,0.0
2016-08-02 15:19:20.350,-0.836,-0.242,0.004,-2.5162946786149507,20.037778802189184,-28.14208377166259,0.0
2016-08-02 15:19:20.360,-0.809,-0.27,0.039,-2.067750469803923,23.995281716812908,-31.632050938601445,0.0
2016-08-02 15:19:20.370,-0.797,-0.281,0.07,1.006824391724856,28.18721134781685,-34.510714497831415,0.0
2016-08-02 15:19:20.380,-0.777,-0.273,0.074,3.932410803154692,33.43754982575638,-35.892025351080804,0.0
2016-08-02 15:19:20.390,-0.793,-0.27,0.043,5.416463940106381,38.762938165033525,-37.48609250351553,0.0
2016-08-02 15:19:20.400,-0.859,-0.27,0.004,2.8902575408246585,39.15528572762264,-39.124845513667125,0.0
2016-08-02 15:19:20.410,-0.91,-0.273,-0.023,-2.419280166695588,35.62408039603157,-38.453918631054165,0.0
2016-08-02 15:19:20.420,-0.922,-0.285,-0.035,-5.904028288040646,33.402777989194156,-36.6237524008222,0.0
2016-08-02 15:19:20.430,-0.906,-0.305,-0.023,-6.264917979086711,33.25208542164291,-37.87508575108798,0.0
2016-08-02 15:19:20.440,-0.863,-0.301,0.02,-4.590530180143046,35.69993233865897,-41.42006005353084,0.0
2016-08-02 15:19:20.450,-0.813,-0.297,0.039,-2.6834687384133264,41.51231449686639,-44.406302296360955,0.0
2016-08-02 15:19:20.460,-0.809,-0.297,0.047,-3.944625067806168,45.641801131112494,-47.755665581556684,0.0
2016-08-02 15:19:20.470,-0.801,-0.289,0.066,-6.844539473726981,46.47040478874655,-49.61589323403846,0.0
2016-08-02 15:19:20.480,-0.762,-0.293,0.066,-4.67487129158553,50.51549635393061,-47.56387578319615,0.0
2016-08-02 15:19:20.490,-0.758,-0.316,0.023,1.5962948989553805,56.7667661908202,-46.3449160761867,0.0
2016-08-02 15:19:20.500,-0.793,-0.309,0.0,5.761423523966862,58.488823640574516,-47.90496904932675,0.0
2016-08-02 15:19:20.510,-0.785,-0.309,-0.031,8.797731585957425,59.43734435850576,-46.702362483095655,0.0
2016-08-02 15:19:20.520,-0.809,-0.328,-0.102,11.785304432069758,61.69381035614046,-43.884897803247014,0.0
2016-08-02 15:19:20.530,-0.852,-0.328,-0.137,10.928627369803946,58.75645454002546,-44.67563667909011,0.0
2016-08-02 15:19:20.540,-0.859,-0.324,-0.141,7.2295223901139,54.756386698258154,-45.0877171035593,0.0
2016-08-02 15:19:20.550,-0.883,-0.355,-0.176,2.955243000545901,54.77770034191733,-42.48451904721887,0.0
2016-08-02 15:19:20.560,-0.93,-0.375,-0.188,-3.009622205557271,51.41519922634214,-40.95326999694701,0.0
2016-08-02 15:19:20.570,-0.953,-0.402,-0.152,-5.3785518163671275,46.34019206073158,-38.484480734130116,0.0
2016-08-02 15:19:20.580,-0.957,-0.477,-0.156,1.7469516386158217,47.56382911763228,-32.86968468798606,0.0
2016-08-02 15:19:20.590,-0.961,-0.504,-0.137,12.42719722633229,50.07860357022035,-29.75664360289648,0.0
2016-08-02 15:19:20.600,-0.938,-0.488,-0.125,19.686138804009335,50.14076220061283,-30.277475827742315,0.0
2016-08-02 15:19:20.610,-0.93,-0.477,-0.141,21.54867932112714,50.68041977204744,-30.908943008486457,0.0
2016-08-02 15:19:20.620,-0.918,-0.441,-0.121,17.01152165341017,49.19869423165425,-32.71840607445837,0.0
2016-08-02 15:19:20.630,-0.867,-0.398,-0.102,11.933892857143325,46.34575854710487,-35.15822267005527,0.0
2016-08-02 15:19:20.640,-0.836,-0.422,-0.152,12.574056620515549,46.91951090366436,-36.170204344249335,0.0
2016-08-02 15:19:20.650,-0.848,-0.453,-0.188,16.706130862985574,48.0314106651784,-37.36891797947351,0.0
2016-08-02 15:19:20.660,-0.836,-0.426,-0.211,21.249586404799118,47.78790853798303,-37.481741986877225,0.0
2016-08-02 15:19:20.670,-0.82,-0.398,-0.254,22.267478916876975,49.09522245339073,-35.62046073188455,0.0
2016-08-02 15:19:20.680,-0.848,-0.398,-0.27,15.84870091115417,49.19113125538176,-35.153000222821234,0.0
2016-08-02 15:19:20.690,-0.836,-0.383,-0.223,6.935253800036405,46.34709555702489,-35.54347025331867,0.0
2016-08-02 15:19:20.700,-0.809,-0.379,-0.188,1.4361302484893639,44.781193647500956,-35.898482754405535,0.0
2016-08-02 15:19:20.710,-0.801,-0.43,-0.168,-1.3798403927654466,44.88906875969534,-37.6485810138545,0.0
2016-08-02 15:19:20.720,-0.789,-0.457,-0.152,-1.189541070497569,44.89361977320732,-39.4040519667938,0.0
2016-08-02 15:19:20.730,-0.781,-0.457,-0.152,2.706662504075949,45.20299455058327,-40.24784379843677,0.0
2016-08-02 15:19:20.740,-0.781,-0.477,-0.195,6.146722755688593,45.70295365870675,-40.0111210580847,0.0
2016-08-02 15:19:20.750,-0.793,-0.473,-0.227,5.814631473141169,45.6894441548228,-38.541338304128075,0.0
2016-08-02 15:19:20.760,-0.789,-0.445,-0.219,2.987857627999775,44.4520189711135,-37.23016408191247,0.0
2016-08-02 15:19:20.770,-0.785,-0.473,-0.258,-1.9124068173652824,42.91924796876607,-36.67580846595248,0.0
2016-08-02 15:19:20.780,-0.789,-0.484,-0.258,-8.715819713155684,41.7630266703481,-37.763638259753684,0.0
2016-08-02 15:19:20.790,-0.785,-0.473,-0.223,-13.247758113372097,40.01561924424307,-40.047879361535024,0.0
2016-08-02 15:19:20.800,-0.773,-0.48,-0.199,-13.925606544004477,39.372850657994505,-40.98876398558345,0.0
2016-08-02 15:19:20.810,-0.77,-0.508,-0.215,-13.177679716715542,40.413648156397095,-41.290130702145284,0.0
2016-08-02 15:19:20.820,-0.754,-0.508,-0.215,-10.572145609354116,41.10519224537395,-42.34398159663211,0.0
2016-08-02 15:19:20.830,-0.746,-0.512,-0.262,-6.068642256164521,42.329923508080384,-42.83502790549072,0.0
2016-08-02 15:19:20.840,-0.754,-0.512,-0.313,-3.9492917924373696,43.72561601568303,-42.317375965966164,0.0
2016-08-02 15:19:20.850,-0.766,-0.477,-0.313,-6.961822030659185,42.63345720627642,-41.12996387534133,0.0
2016-08-02 15:19:20.860,-0.789,-0.457,-0.313,-11.88675713575517,40.62789876160642,-38.075336487134734,0.0
2016-08-02 15:19:20.870,-0.816,-0.484,-0.309,-13.78271897954212,40.90474071832929,-33.48899457136593,0.0
2016-08-02 15:19:20.880,-0.813,-0.516,-0.277,-9.5457185033609,43.66953186068776,-30.846884462387145,0.0
2016-08-02 15:19:20.890,-0.793,-0.535,-0.258,1.508876271725621,48.28294030082379,-31.52378773993871,0.0
2016-08-02 15:19:20.900,-0.773,-0.566,-0.305,13.438914542898576,53.51616834032489,-33.646330211160205,0.0
2016-08-02 15:19:20.910,-0.77,-0.547,-0.332,17.811280737445614,55.78705734462339,-36.27319521559922,0.0
2016-08-02 15:19:20.920,-0.781,-0.516,-0.367,14.810050163049235,53.017698401046985,-38.273526331763854,0.0
2016-08-02 15:19:20.930,-0.809,-0.563,-0.406,9.358449420355043,47.767552800673066,-39.00568756082582,0.0
2016-08-02 15:19:20.940,-0.82,-0.617,-0.398,5.474827318609215,42.4802617588752,-41.09831408113513,0.0
2016-08-02 15:19:20.950,-0.832,-0.641,-0.344,8.133664829309076,38.09052446677339,-43.1893775179249,0.0
2016-08-02 15:19:20.960,-0.84,-0.68,-0.297,17.059995028056655,36.46270053710483,-41.25097241264554,0.0
2016-08-02 15:19:20.970,-0.828,-0.73,-0.27,27.968799443960936,37.47712167059414,-38.92762958086462,0.0
2016-08-02 15:19:20.980,-0.801,-0.754,-0.277,39.15580414278552,39.12822794899665,-39.22014904123849,0.0
2016-08-02 15:19:20.990,-0.789,-0.746,-0.348,45.10328417941499,39.99526904668251,-38.90678362110931,0.0
2016-08-02 15:19:21.000,-0.797,-0.723,-0.434,39.516373215411974,37.8747511222609,-38.43298822323846,0.0
2016-08-02 15:19:21.010,-0.801,-0.711,-0.465,27.359350048953132,32.19516776940897,-39.54486399284705,0.0
2016-08-02 15:19:21.020,-0.793,-0.727,-0.473,17.8716484802704,27.10241466132752,-40.44898935223031,0.0
2016-08-02 15:19:21.030,-0.781,-0.738,-0.434,12.776900695278426,25.588512157721215,-40.95723450465809,0.0
2016-08-02 15:19:21.040,-0.77,-0.73,-0.363,11.055171776993781,25.641807104354513,-41.411389674582516,0.0
2016-08-02 15:19:21.050,-0.746,-0.734,-0.316,12.920536147608479,26.842093672634004,-40.65344049380742,0.0
2016-08-02 15:19:21.060,-0.727,-0.75,-0.332,15.14293991299104,30.162617432195365,-39.35236932882224,0.0
2016-08-02 15:19:21.070,-0.723,-0.73,-0.344,13.286054479358437,32.38213195274293,-38.43914207045691,0.0
2016-08-02 15:19:21.080,-0.723,-0.73,-0.383,6.492787722768953,31.67349290239664,-37.14190442687439,0.0
2016-08-02 15:19:21.090,-0.727,-0.715,-0.41,-4.063050366567973,30.305972428440516,-35.61922064992238,0.0
2016-08-02 15:19:21.100,-0.73,-0.707,-0.398,-14.551112143077585,28.818630179236678,-34.03749215795327,0.0
2016-08-02 15:19:21.110,-0.723,-0.727,-0.367,-19.69480111206194,27.64332893586029,-31.81584028049663,0.0
2016-08-02 15:19:21.120,-0.711,-0.754,-0.328,-18.830970787718382,28.555834335129077,-30.375851661727907,0.0
2016-08-02 15:19:21.130,-0.699,-0.758,-0.328,-15.709284221450265,30.589814271172976,-30.268213853170078,0.0
2016-08-02 15:19:21.140,-0.688,-0.742,-0.355,-15.514599229454687,31.90684001107594,-29.839878409898397,0.0
2016-08-02 15:19:21.150,-0.676,-0.723,-0.387,-20.38363212086054,32.57329041339965,-29.163273636210967,0.0
2016-08-02 15:19:21.160,-0.664,-0.695,-0.406,-26.683561697994243,33.01116833731304,-28.580681243839326,0.0
2016-08-02 15:19:21.170,-0.656,-0.691,-0.406,-31.48663608455619,33.30278080888379,-27.6662468704195,0.0
2016-08-02 15:19:21.180,-0.633,-0.684,-0.395,-34.643485159674846,34.06518181563722,-27.432191187582063,0.0
2016-08-02 15:19:21.190,-0.617,-0.668,-0.379,-36.004934216362095,35.51096163923953,-28.00561980402332,0.0
2016-08-02 15:19:21.200,-0.609,-0.68,-0.406,-36.95117340142844,36.17816297151873,-28.44574613728195,0.0
2016-08-02 15:19:21.210,-0.59,-0.707,-0.449,-38.17067949404176,36.08848500615423,-29.54272892071308,0.0
2016-08-02 15:19:21.220,-0.586,-0.695,-0.457,-37.66176793846039,36.586548544173965,-30.125301307106096,0.0
2016-08-02 15:19:21.230,-0.578,-0.711,-0.496,-36.17514502788526,36.74616784972147,-28.075318906276646,0.0
2016-08-02 15:19:21.240,-0.563,-0.719,-0.523,-36.42845981920301,36.2562043736573,-25.952178741539967,0.0
2016-08-02 15:19:21.250,-0.551,-0.723,-0.535,-36.887103762176494,36.11692244807983,-24.92926520937693,0.0
2016-08-02 15:19:21.260,-0.547,-0.727,-0.547,-35.94703496002043,35.66869086720409,-23.21647535418231,0.0
2016-08-02 15:19:21.270,-0.531,-0.734,-0.551,-33.987963263365266,34.59015431013447,-22.495466767818428,0.0
2016-08-02 15:19:21.280,-0.516,-0.73,-0.551,-29.71809329750782,33.88424885043097,-23.74667235087306,0.0
2016-08-02 15:19:21.290,-0.5,-0.715,-0.566,-25.710111207194142,34.37742931777785,-25.02116398852672,0.0
2016-08-02 15:19:21.300,-0.492,-0.684,-0.574,-25.796895964887568,35.95092674796095,-25.853742930662175,0.0
2016-08-02 15:19:21.310,-0.492,-0.688,-0.578,-25.77941498072749,37.410158865368096,-26.622257146227465,0.0
2016-08-02 15:19:21.320,-0.484,-0.703,-0.578,-21.84419343605218,38.43994304384504,-27.641383072457295,0.0
2016-08-02 15:19:21.330,-0.488,-0.695,-0.574,-17.21518734291575,39.70883391251007,-29.082066861242986,0.0
2016-08-02 15:19:21.340,-0.488,-0.695,-0.578,-13.62089941538521,40.95497600287625,-30.0932455777864,0.0
2016-08-02 15:19:21.350,-0.5,-0.703,-0.602,-9.679513082458742,41.728320425595555,-30.418642574901458,0.0
2016-08-02 15:19:21.360,-0.5,-0.715,-0.625,-5.917289297609014,42.24870892398526,-30.330104301964504,0.0
2016-08-02 15:19:21.370,-0.512,-0.734,-0.645,-3.2129071131928035,42.383835161198604,-29.52170928301262,0.0
2016-08-02 15:19:21.380,-0.504,-0.746,-0.688,-2.120451212462366,41.59298206336723,-28.820391890747388,0.0
2016-08-02 15:19:21.390,-0.5,-0.758,-0.715,-3.0039749462653655,40.13265749376144,-29.105135072809894,0.0
2016-08-02 15:19:21.400,-0.5,-0.781,-0.734,-2.5727266560915223,38.135407313582306,-29.53067279162865,0.0
2016-08-02 15:19:21.410,-0.504,-0.824,-0.742,1.4787735470730647,35.13616460354746,-30.04357728276269,0.0
2016-08-02 15:19:21.420,-0.508,-0.848,-0.734,6.223994883912684,32.167866938758394,-30.980993912487854,0.0
2016-08-02 15:19:21.430,-0.52,-0.863,-0.73,10.154605731203688,30.06783280450593,-30.996974679371256,0.0
2016-08-02 15:19:21.440,-0.523,-0.883,-0.723,13.38216127816543,28.150108747325532,-30.285284991833258,0.0
2016-08-02 15:19:21.450,-0.52,-0.891,-0.699,15.24972684884424,26.799393663720426,-30.36826007377065,0.0
2016-08-02 15:19:21.460,-0.535,-0.895,-0.672,18.793787072455782,26.20569896664187,-30.41104154650767,0.0
2016-08-02 15:19:21.470,-0.547,-0.91,-0.664,26.482067409032133,25.34408404273681,-30.060433928031454,0.0
2016-08-02 15:19:21.480,-0.547,-0.898,-0.668,33.58198851829256,24.10286003413973,-30.284722168912253,0.0
2016-08-02 15:19:21.490,-0.527,-0.883,-0.699,35.72864273037132,22.364225122999635,-30.201404929011062,0.0
2016-08-02 15:19:21.500,-0.52,-0.863,-0.777,33.527679976757156,19.155804543367754,-29.52351118887698,0.0
2016-08-02 15:19:21.510,-0.512,-0.82,-0.824,26.25358353893403,14.15222745400886,-29.200393508922026,0.0
2016-08-02 15:19:21.520,-0.496,-0.809,-0.824,15.420131913195322,8.481198361056363,-28.46095992594401,0.0
2016-08-02 15:19:21.530,-0.477,-0.832,-0.781,7.98610942669233,4.2589776980626946,-26.788553890885208,0.0
2016-08-02 15:19:21.540,-0.473,-0.859,-0.707,5.887875851902341,2.469025714683771,-24.497930775220425,0.0
2016-08-02 15:19:21.550,-0.449,-0.895,-0.648,6.330027113364945,2.2290015345752567,-21.24815983282614,0.0
2016-08-02 15:19:21.560,-0.434,-0.914,-0.633,8.216889221401603,2.3740569668202465,-17.49896718067315,0.0
2016-08-02 15:19:21.570,-0.422,-0.906,-0.629,8.911744569835555,1.8425610473278584,-13.757928686976447,0.0
2016-08-02 15:19:21.580,-0.395,-0.887,-0.645,6.367931406176104,0.4586989975849092,-9.841702925243123,0.0
2016-08-02 15:19:21.590,-0.383,-0.855,-0.68,0.9810304963043301,-1.4320390071878424,-6.236236996605376,0.0
2016-08-02 15:19:21.600,-0.371,-0.805,-0.746,-8.739956205195167,-5.158672872562455,-3.375303820620733,0.0
2016-08-02 15:19:21.610,-0.363,-0.758,-0.801,-22.186479938078648,-11.211720193917067,-1.0837949408005194,0.0
2016-08-02 15:19:21.620,-0.352,-0.758,-0.785,-33.00153335237695,-17.195467766328633,0.8018524923141838,0.0
2016-08-02 15:19:21.630,-0.352,-0.789,-0.746,-36.896674454316795,-21.342450697549857,2.7881930336634753,0.0
2016-08-02 15:19:21.640,-0.348,-0.813,-0.664,-35.9867256356205,-23.54772698570917,5.7692678541040685,0.0
2016-08-02 15:19:21.650,-0.348,-0.848,-0.59,-30.907160623788933,-23.773307300482706,9.888480437440741,0.0
2016-08-02 15:19:21.660,-0.352,-0.875,-0.543,-21.246883076945362,-22.394123120652242,14.245164991312336,0.0
2016-08-02 15:19:21.670,-0.352,-0.848,-0.563,-14.480906537356393,-20.988489895528993,18.237522700006345,0.0
2016-08-02 15:19:21.680,-0.352,-0.813,-0.59,-14.508681252116483,-21.450393304201402,21.63664434244879,0.0
2016-08-02 15:19:21.690,-0.363,-0.801,-0.613,-12.327432389331065,-23.74049449758671,24.095511870834965,0.0
2016-08-02 15:19:21.700,-0.367,-0.805,-0.641,-5.274470996430189,-26.257978048372422,26.122017486401003,0.0
2016-08-02 15:19:21.710,-0.363,-0.813,-0.664,-1.0095943069570308,-28.175842604368427,28.072694911736665,0.0
2016-08-02 15:19:21.720,-0.363,-0.797,-0.672,0.1440459744190677,-29.68379041335192,29.883472824367075,0.0
2016-08-02 15:19:21.730,-0.371,-0.805,-0.668,2.521930811421285,-31.443170624834988,31.753841780195167,0.0
2016-08-02 15:19:21.740,-0.367,-0.82,-0.652,6.0258274181714,-33.18348118508955,32.618880159495966,0.0
2016-08-02 15:19:21.750,-0.375,-0.813,-0.617,9.28091245494216,-33.19627303136166,32.55554485279507,0.0
2016-08-02 15:19:21.760,-0.398,-0.809,-0.582,12.378346336161183,-31.58601043234372,33.21395602817316,0.0
2016-08-02 15:19:21.770,-0.414,-0.816,-0.559,17.671350732544276,-30.07878478195308,33.49789377540745,0.0
2016-08-02 15:19:21.780,-0.434,-0.832,-0.551,26.055972286156535,-28.965023665197208,32.328175692194,0.0
2016-08-02 15:19:21.790,-0.441,-0.828,-0.566,33.18385855088501,-28.557692498640336,30.84964085264983,0.0
2016-08-02 15:19:21.800,-0.449,-0.805,-0.605,34.9366980568349,-29.201560178170087,29.248051775454467,0.0
2016-08-02 15:19:21.810,-0.453,-0.758,-0.652,31.08289541703125,-30.05358964234628,27.890494035530747,0.0
2016-08-02 15:19:21.820,-0.469,-0.723,-0.648,23.478187732883747,-31.168576425172017,27.47476985456214,0.0
2016-08-02 15:19:21.830,-0.484,-0.734,-0.621,16.435920376468975,-32.53812981484529,26.931970571666657,0.0
2016-08-02 15:19:21.840,-0.496,-0.75,-0.582,13.226661078030396,-32.42001130266629,25.86682750846892,0.0
2016-08-02 15:19:21.850,-0.52,-0.766,-0.527,13.038777324921874,-30.253458427976106,25.44372854392816,0.0
2016-08-02 15:19:21.860,-0.539,-0.789,-0.48,16.47624924583461,-27.678943015593873,25.626627569173763,0.0
2016-08-02 15:19:21.870,-0.547,-0.82,-0.461,23.898264340313425,-25.495640175440812,25.36059920439702,0.0
2016-08-02 15:19:21.880,-0.547,-0.824,-0.477,29.861356527342302,-23.617989195418993,24.52000100792366,0.0
2016-08-02 15:19:21.890,-0.555,-0.797,-0.52,29.634417654408406,-23.249866578512986,23.652012339954478,0.0
2016-08-02 15:19:21.900,-0.578,-0.738,-0.574,23.166558736952336,-25.07307743423596,22.991617902025965,0.0
2016-08-02 15:19:21.910,-0.586,-0.691,-0.582,12.323787859600595,-28.0082962495641,22.201398838426737,0.0
2016-08-02 15:19:21.920,-0.59,-0.699,-0.555,2.9987454732392282,-30.791242060803995,21.020667258827505,0.0
2016-08-02 15:19:21.930,-0.594,-0.738,-0.508,1.5424374742913403,-32.02518902312204,20.335421002344106,0.0
2016-08-02 15:19:21.940,-0.598,-0.773,-0.453,6.86187883571736,-31.650212131615135,20.644399816697558,0.0
2016-08-02 15:19:21.950,-0.609,-0.793,-0.41,14.836961870783398,-31.177739709248407,20.85857690790398,0.0
2016-08-02 15:19:21.960,-0.598,-0.801,-0.41,22.729709253708002,-30.293893165802654,20.785338349780368,0.0
2016-08-02 15:19:21.970,-0.594,-0.766,-0.453,25.096164102509956,-28.80849626430573,21.353373131480364,0.0
2016-08-02 15:19:21.980,-0.598,-0.723,-0.484,18.070600019546955,-29.029589679226333,22.209313434667244,0.0
2016-08-02 15:19:21.990,-0.605,-0.695,-0.492,7.3486852351679754,-31.20941511025751,22.378616388601998,0.0
2016-08-02 15:19:22.000,-0.621,-0.715,-0.496,1.4453168926900208,-32.98102827893665,22.314637120659945,0.0
2016-08-02 15:19:22.010,-0.629,-0.73,-0.484,0.6023673040330024,-34.1651266496549,22.7330257883328,0.0
2016-08-02 15:19:22.020,-0.625,-0.754,-0.492,0.7459096573979604,-35.898641481346566,23.32154219177391,0.0
2016-08-02 15:19:22.030,-0.617,-0.766,-0.504,0.834546539783084,-37.3151363922244,24.10063195393004,0.0
2016-08-02 15:19:22.040,-0.625,-0.758,-0.504,-0.3105957077316278,-37.91979061186522,25.677243456344353,0.0
2016-08-02 15:19:22.050,-0.629,-0.758,-0.473,-3.555933111562159,-38.73844891122151,27.5386823821946,0.0
2016-08-02 15:19:22.060,-0.637,-0.746,-0.434,-5.020463583057325,-39.47740746190564,28.115989879340606,0.0
2016-08-02 15:19:22.070,-0.656,-0.77,-0.434,-1.7478006803706796,-39.595029916306444,27.81086634217032,0.0
2016-08-02 15:19:22.080,-0.668,-0.797,-0.438,3.9862204090053486,-39.77328564687788,28.027870978922707,0.0
2016-08-02 15:19:22.090,-0.672,-0.793,-0.445,9.817402807727305,-40.099671498648476,29.20133117505906,0.0
2016-08-02 15:19:22.100,-0.672,-0.781,-0.477,13.052497511588307,-40.10375156020234,31.925920492665107,0.0
2016-08-02 15:19:22.110,-0.664,-0.754,-0.496,10.147868461174967,-40.022749179066345,34.82643366102772,0.0
2016-08-02 15:19:22.120,-0.656,-0.719,-0.48,3.9422159891591573,-40.24202398061911,36.43140109773338,0.0
2016-08-02 15:19:22.130,-0.652,-0.703,-0.449,1.176978757943803,-40.68017231356103,37.089092156587796,0.0
2016-08-02 15:19:22.140,-0.66,-0.707,-0.418,3.282965761194353,-41.23059243421895,36.27939850431242,0.0
2016-08-02 15:19:22.150,-0.672,-0.715,-0.414,6.814512287535277,-41.606778181370785,34.923453763043895,0.0
2016-08-02 15:19:22.160,-0.688,-0.695,-0.387,8.244713870540483,-41.61464501422623,34.266013553893046,0.0
2016-08-02 15:19:22.170,-0.68,-0.672,-0.379,6.517428154285239,-41.37713892512623,34.09229293849573,0.0
2016-08-02 15:19:22.180,-0.672,-0.652,-0.363,2.071570217651212,-40.47370370325371,34.510232459874295,0.0
2016-08-02 15:19:22.190,-0.652,-0.629,-0.348,-5.254350892827301,-38.95225852735602,34.564525884680975,0.0
2016-08-02 15:19:22.200,-0.652,-0.613,-0.355,-13.607865894408782,-38.422753980954326,34.21485934834401,0.0
2016-08-02 15:19:22.210,-0.672,-0.633,-0.375,-18.797691671363925,-40.087467232310665,34.11887598399087,0.0
2016-08-02 15:19:22.220,-0.688,-0.637,-0.348,-19.58770005342415,-42.6190357028053,33.48080917281477,0.0
2016-08-02 15:19:22.230,-0.684,-0.633,-0.363,-18.95634183811837,-44.35594950040872,33.44252723338763,0.0
2016-08-02 15:19:22.240,-0.68,-0.637,-0.383,-20.798946866265847,-45.80256211081554,34.28885053772985,0.0
2016-08-02 15:19:22.250,-0.676,-0.629,-0.379,-24.757375791057992,-47.442429260322655,34.19912820106865,0.0
2016-08-02 15:19:22.260,-0.668,-0.633,-0.387,-27.61482732908076,-48.59388885031538,34.9077395347704,0.0
2016-08-02 15:19:22.270,-0.676,-0.645,-0.375,-30.261275519474395,-49.39116504967768,37.01561109687376,0.0
2016-08-02 15:19:22.280,-0.688,-0.648,-0.348,-32.40468005030922,-50.573351132217226,38.495836401214085,0.0
2016-08-02 15:19:22.290,-0.703,-0.652,-0.336,-31.457458520496832,-50.7657137392125,40.49196981385247,0.0
2016-08-02 15:19:22.300,-0.727,-0.652,-0.332,-30.963666714368834,-49.40621846075605,42.83256172187531,0.0
2016-08-02 15:19:22.310,-0.75,-0.648,-0.348,-33.55656959705498,-49.92274761286657,43.734474339874666,0.0
2016-08-02 15:19:22.320,-0.777,-0.656,-0.336,-35.63795852659052,-52.948666511301,43.514195854860134,0.0
2016-08-02 15:19:22.330,-0.797,-0.648,-0.309,-34.264855371571784,-55.410016567871565,42.65086133949634,0.0
2016-08-02 15:19:22.340,-0.813,-0.66,-0.277,-28.68146648959224,-57.06940384073892,42.663801652587296,0.0
2016-08-02 15:19:22.350,-0.813,-0.668,-0.266,-19.58852522415765,-58.37488582746695,43.043106417317155,0.0
2016-08-02 15:19:22.360,-0.797,-0.629,-0.25,-9.961493739094706,-58.08028614326514,41.57156469045415,0.0
2016-08-02 15:19:22.370,-0.785,-0.582,-0.258,-2.9938086922459473,-56.91167803737906,40.78536797894061,0.0
2016-08-02 15:19:22.380,-0.805,-0.582,-0.313,0.6067184359492758,-57.405669872667765,41.64478913315471,0.0
2016-08-02 15:19:22.390,-0.832,-0.551,-0.285,2.292064988744926,-60.09696673874706,41.5280888599794,0.0
2016-08-02 15:19:22.400,-0.84,-0.531,-0.25,4.879198876617771,-62.98995488358386,43.04116707522719,0.0
2016-08-02 15:19:22.410,-0.848,-0.555,-0.203,10.15879492007977,-64.00809106753017,46.593105932716256,0.0
2016-08-02 15:19:22.420,-0.836,-0.563,-0.152,17.110760057465956,-62.924828004334216,46.97673735986986,0.0
2016-08-02 15:19:22.430,-0.805,-0.547,-0.137,24.838395500701317,-60.77943879894129,46.66659955741716,0.0
2016-08-02 15:19:22.440,-0.816,-0.574,-0.152,32.548441948189506,-58.17684637064467,48.71149651690012,0.0
2016-08-02 15:19:22.450,-0.813,-0.527,-0.125,39.777476396048016,-55.98382849943993,50.112479483023606,0.0
2016-08-02 15:19:22.460,-0.801,-0.523,-0.188,46.18851825183432,-54.59035650779562,52.535465043165814,0.0
2016-08-02 15:19:22.470,-0.82,-0.504,-0.219,47.706368886280494,-52.67938546177273,55.57482490769492,0.0
2016-08-02 15:19:22.480,-0.816,-0.445,-0.227,42.83883439602845,-50.75062898286397,57.36594290410828,0.0
2016-08-02 15:19:22.490,-0.809,-0.438,-0.23,36.35082679764457,-50.2513030132525,61.919043263292444,0.0
2016-08-02 15:19:22.500,-0.82,-0.488,-0.227,32.66422262540213,-49.652781406250924,66.02332942714409,0.0
2016-08-02 15:19:22.510,-0.82,-0.5,-0.191,33.43970272176344,-47.68683155338799,66.2531482018641,0.0
2016-08-02 15:19:22.520,-0.82,-0.496,-0.184,34.21861483400515,-46.009397122617266,67.86276370483583,0.0
2016-08-02 15:19:22.530,-0.836,-0.48,-0.125,30.36966469191642,-45.8480885874594,70.18720542514106,0.0
2016-08-02 15:19:22.540,-0.809,-0.438,-0.051,25.861753773165297,-45.8939144324396,71.30466264327592,0.0
2016-08-02 15:19:22.550,-0.762,-0.445,-0.012,25.2607936000459,-44.51901695916126,71.87268725570866,0.0
2016-08-02 15:19:22.560,-0.746,-0.492,-0.012,28.649777792750957,-40.97580914505018,67.85273622341721,0.0
2016-08-02 15:19:22.570,-0.738,-0.477,-0.023,31.698257349696313,-36.43301386834926,62.14924387870771,0.0
2016-08-02 15:19:22.580,-0.766,-0.453,-0.121,28.75294703058423,-35.77205238267047,61.21537715956859,0.0
2016-08-02 15:19:22.590,-0.836,-0.422,-0.141,20.043513328196354,-40.89590291925695,62.02757918221063,0.0
2016-08-02 15:19:22.600,-0.832,-0.348,-0.098,9.603565364818849,-46.030480404429326,64.6762523792329,0.0
2016-08-02 15:19:22.610,-0.805,-0.344,-0.059,2.329577015637663,-47.091838970050986,69.88208092850779,0.0
2016-08-02 15:19:22.620,-0.781,-0.379,-0.008,2.264063991209847,-45.420183553572336,70.22668844697097,0.0
2016-08-02 15:19:22.630,-0.762,-0.391,0.008,7.314204604849066,-41.830269667758635,65.95288250905995,0.0
2016-08-02 15:19:22.640,-0.762,-0.344,0.031,8.89628452606831,-38.558520697127534,61.550254587124684,0.0
2016-08-02 15:19:22.650,-0.766,-0.281,0.031,3.2621456149440804,-39.59115592342269,56.76089685033699,0.0
2016-08-02 15:19:22.660,-0.762,-0.281,0.0,-1.8974644107100387,-41.85766850295292,53.50168366685347,0.0
2016-08-02 15:19:22.670,-0.777,-0.285,-0.02,-4.888288901896567,-41.39458752199436,50.091953818896684,0.0
2016-08-02 15:19:22.680,-0.777,-0.211,-0.008,-12.383373527177184,-42.27444064362696,45.66816829146851,0.0
2016-08-02 15:19:22.690,-0.746,-0.219,-0.031,-18.344534150738838,-43.78649055910793,44.737740951967865,0.0
2016-08-02 15:19:22.700,-0.738,-0.238,-0.027,-16.592382163003517,-40.81191015909072,43.42067486826652,0.0
2016-08-02 15:19:22.710,-0.727,-0.195,-0.004,-15.714698071619047,-35.76712497500506,39.91717517834165,0.0
2016-08-02 15:19:22.720,-0.711,-0.191,0.0,-17.651219624991683,-30.580501385228043,38.523804709906436,0.0
2016-08-02 15:19:22.730,-0.703,-0.199,0.008,-18.158216493514967,-24.246957424827876,34.40879239265941,0.0
2016-08-02 15:19:22.740,-0.738,-0.207,-0.004,-20.762364999020793,-19.03805296109501,27.299776586114348,0.0
2016-08-02 15:19:22.750,-0.781,-0.234,-0.012,-25.039118333371817,-16.2067378985109,23.037317318407766,0.0
2016-08-02 15:19:22.760,-0.797,-0.234,0.016,-25.73602491958332,-13.648303092899916,19.230976822197913,0.0
2016-08-02 15:19:22.770,-0.805,-0.262,0.012,-22.844948853918783,-9.356351761591862,14.617637113611595,0.0
2016-08-02 15:19:22.780,-0.824,-0.301,0.004,-18.073584626550875,-3.2762949832330177,10.026516488942647,0.0
2016-08-02 15:19:22.790,-0.852,-0.273,-0.023,-14.218505280210948,2.3170591430909067,5.420540867900573,0.0
2016-08-02 15:19:22.800,-0.895,-0.27,-0.082,-15.014807948925128,4.196459534847538,2.644979462320745,0.0
2016-08-02 15:19:22.810,-0.961,-0.289,-0.098,-18.23809089372881,2.3022079617715234,0.7123618978670878,0.0
2016-08-02 15:19:22.820,-1.016,-0.285,-0.063,-19.484852045307065,-0.5621300904426806,0.4385148460766656,0.0
2016-08-02 15:19:22.830,-1.004,-0.305,-0.012,-16.836558991855487,-2.0611948169578542,2.507805660286195,0.0
2016-08-02 15:19:22.840,-0.984,-0.332,0.039,-8.974620674498883,-0.019290591769480114,2.0495346261962704,0.0
2016-08-02 15:19:22.850,-0.977,-0.293,0.043,-0.5679541597222875,4.000389880659855,0.03968254540280523,0.0
2016-08-02 15:19:22.860,-0.977,-0.258,0.004,1.690892521231208,4.852808601796506,-0.24356734873424551,0.0
2016-08-02 15:19:22.870,-0.988,-0.227,-0.012,0.20288910666739396,2.4202213721442836,-0.734341346734273,0.0
2016-08-02 15:19:22.880,-0.996,-0.199,-0.016,-0.03731251129725202,0.24301070113709078,-0.2748044690972055,0.0
2016-08-02 15:19:22.890,-0.988,-0.207,-0.004,2.0665807154691342,-0.2409622225324153,1.3319603333590544,0.0
2016-08-02 15:19:22.900,-0.98,-0.215,0.027,6.492956658818958,1.2999184795886587,1.020116765778644,0.0
2016-08-02 15:19:22.910,-0.969,-0.199,0.027,10.754206593724307,3.83050820819481,0.13232387951308608,0.0
2016-08-02 15:19:22.920,-0.953,-0.195,0.023,12.82984303574922,6.141460769416269,-0.586832329017457,0.0
2016-08-02 15:19:22.930,-0.949,-0.191,0.012,14.050889857351045,8.391737210519278,-2.3643568681075164,0.0
2016-08-02 15:19:22.940,-0.965,-0.207,-0.004,14.026695414597135,9.17345279470834,-3.4800644489859356,0.0
2016-08-02 15:19:22.950,-0.973,-0.227,-0.016,13.009245179626244,7.646193748736612,-3.2301792865398586,0.0
2016-08-02 15:19:22.960,-0.988,-0.25,-0.004,13.871464121917679,5.89859535630245,-2.3257641695134152,0.0
2016-08-02 15:19:22.970,-0.984,-0.262,0.016,16.036944739942925,5.149404550324163,-1.0691534254906547,0.0
2016-08-02 15:19:22.980,-0.977,-0.277,0.02,17.208565741468878,5.100203772988914,-1.340947256047642,0.0
2016-08-02 15:19:22.990,-0.992,-0.285,0.008,16.401436444471496,4.675436846310102,-3.2095527084468722,0.0
2016-08-02 15:19:23.000,-1.004,-0.285,-0.008,13.462811406804905,3.2117408692471687,-4.2705701879964115,0.0
2016-08-02 15:19:23.010,-0.988,-0.289,-0.012,11.146414788635758,2.45171805717004,-4.8915940929076624,0.0
2016-08-02 15:19:23.020,-0.984,-0.305,-0.02,11.135401204629023,2.931432165008015,-5.8058758998069395,0.0
2016-08-02 15:19:23.030,-0.965,-0.293,-0.027,11.003402977665402,3.0820952453353727,-5.358994385009683,0.0
2016-08-02 15:19:23.040,-0.945,-0.281,-0.023,9.376846963875163,3.0494492379782945,-4.260685646562141,0.0
2016-08-02 15:19:23.050,-0.938,-0.27,-0.02,6.851809203275805,3.40646079909558,-4.333895965229704,0.0
2016-08-02 15:19:23.060,-0.93,-0.262,-0.008,3.9130386912930333,3.9209922237536246,-4.573246666833712,0.0
2016-08-02 15:19:23.070,-0.91,-0.262,0.0,0.9481925033330006,4.763134474577643,-4.888586677266101,0.0
2016-08-02 15:19:23.080,-0.902,-0.258,0.008,-2.3276739598212166,5.757292233192735,-6.2375194818744895,0.0
2016-08-02 15:19:23.090,-0.887,-0.258,0.016,-5.939239754780321,6.963800219953189,-7.562519345321632,0.0
2016-08-02 15:19:23.100,-0.879,-0.262,0.02,-8.616345519067352,8.917873198442269,-8.56576349037921,0.0
2016-08-02 15:19:23.110,-0.879,-0.277,0.023,-9.692193215981932,11.093533264980724,-9.867313936911987,0.0
2016-08-02 15:19:23.120,-0.875,-0.281,0.023,-10.085878165925951,13.097095220174358,-10.791528441003146,0.0
2016-08-02 15:19:23.130,-0.871,-0.285,0.008,-10.742563771418629,15.147014191982827,-11.429884686400701,0.0
2016-08-02 15:19:23.140,-0.891,-0.289,-0.004,-12.283019899729776,16.2716307311551,-12.475065974747597,0.0
2016-08-02 15:19:23.150,-0.895,-0.285,-0.008,-15.174913249465892,16.13348529494832,-13.170728506472116,0.0
2016-08-02 15:19:23.160,-0.875,-0.285,-0.004,-18.27181983984904,16.812790523419732,-13.86182731175789,0.0
2016-08-02 15:19:23.170,-0.855,-0.289,0.012,-19.984174259463245,19.57502725527949,-16.494837425743395,0.0
2016-08-02 15:19:23.180,-0.832,-0.281,0.031,-20.617993031101694,23.698209816927758,-20.592975455709762,0.0
2016-08-02 15:19:23.190,-0.805,-0.281,0.016,-20.306937965693358,28.74533441720967,-24.396615271599998,0.0
2016-08-02 15:19:23.200,-0.801,-0.305,-0.031,-18.433978443340987,33.501329495844494,-27.803425130980543,0.0
2016-08-02 15:19:23.210,-0.824,-0.293,-0.066,-16.61097734243093,35.356359832583564,-30.073849353898844,0.0
2016-08-02 15:19:23.220,-0.828,-0.277,-0.102,-16.6366328637925,35.182600200688036,-30.127399929396976,0.0
2016-08-02 15:19:23.230,-0.832,-0.277,-0.141,-17.398512804462914,35.897609965732286,-30.16594317362585,0.0
2016-08-02 15:19:23.240,-0.844,-0.285,-0.148,-18.220516327354364,35.7358111436275,-32.12374331724561,0.0
2016-08-02 15:19:23.250,-0.84,-0.289,-0.121,-19.210898748657662,34.75168742320653,-33.138062881468194,0.0
2016-08-02 15:19:23.260,-0.813,-0.305,-0.113,-18.085120950685894,37.56565496201932,-31.83228209235496,0.0
2016-08-02 15:19:23.270,-0.801,-0.332,-0.102,-13.914178389278467,42.51141821259907,-31.335119231710863,0.0
2016-08-02 15:19:23.280,-0.793,-0.336,-0.078,-8.750479547341248,46.050183478163774,-31.863464202166725,0.0
2016-08-02 15:19:23.290,-0.785,-0.332,-0.098,-4.377567626631615,49.756244829329944,-31.97102746496597,0.0
2016-08-02 15:19:23.300,-0.828,-0.355,-0.141,-3.699508424376515,51.65513025768674,-33.70418629846861,0.0
2016-08-02 15:19:23.310,-0.871,-0.34,-0.152,-7.2781402897531144,49.166882995403654,-36.762788138654415,0.0
2016-08-02 15:19:23.320,-0.875,-0.301,-0.148,-10.077882460077255,47.37699558032316,-37.80915911442909,0.0
2016-08-02 15:19:23.330,-0.855,-0.309,-0.129,-8.804413025509774,50.05841982850993,-38.1237498358898,0.0
2016-08-02 15:19:23.340,-0.836,-0.34,-0.125,-2.8278414911859766,55.007567723324584,-40.581566347310314,0.0
2016-08-02 15:19:23.350,-0.848,-0.367,-0.152,6.080153415906721,59.311294713208376,-43.14504824137353,0.0
2016-08-02 15:19:23.360,-0.902,-0.383,-0.207,10.808254919661803,59.3150013196131,-42.7785522579587,0.0
2016-08-02 15:19:23.370,-0.938,-0.367,-0.215,8.779612295953228,54.092080297018846,-40.29838097869123,0.0
2016-08-02 15:19:23.380,-0.934,-0.336,-0.188,5.82004178107502,48.329603320013696,-38.07107111110564,0.0
2016-08-02 15:19:23.390,-0.902,-0.371,-0.152,6.421883209361406,46.12854211527967,-37.33523408540242,0.0
2016-08-02 15:19:23.400,-0.887,-0.391,-0.121,10.42916007626679,47.69857075504937,-38.98079964844826,0.0
2016-08-02 15:19:23.410,-0.887,-0.355,-0.129,13.4792389888631,49.868435671008214,-41.427209275283715,0.0
2016-08-02 15:19:23.420,-0.918,-0.375,-0.188,10.907992773318412,49.14048812248564,-41.27391830829958,0.0
2016-08-02 15:19:23.430,-0.953,-0.387,-0.207,4.798443510308939,45.426854182953974,-39.50201301888053,0.0
2016-08-02 15:19:23.440,-0.953,-0.375,-0.195,0.07186701043217414,40.72894361318349,-38.51375145356284,0.0
2016-08-02 15:19:23.450,-0.93,-0.402,-0.188,-3.1648443308341023,37.59949803890394,-38.48203121709243,0.0
2016-08-02 15:19:23.460,-0.918,-0.441,-0.164,-5.13558263545305,37.03081133279963,-39.6202680395727,0.0
2016-08-02 15:19:23.470,-0.875,-0.43,-0.141,-3.6794623596816574,38.13716039200013,-40.63864265468678,0.0
2016-08-02 15:19:23.480,-0.828,-0.406,-0.156,-1.7259455247534354,40.579186457942996,-41.14094447492798,0.0
2016-08-02 15:19:23.490,-0.813,-0.41,-0.211,-3.0797373010213134,42.520414206335516,-41.597149796536236,0.0
2016-08-02 15:19:23.500,-0.816,-0.422,-0.246,-5.51375191705251,42.06709535919574,-39.912096601455026,0.0
2016-08-02 15:19:23.510,-0.801,-0.406,-0.258,-8.199530336115865,40.85097313311294,-37.032725889482265,0.0
2016-08-02 15:19:23.520,-0.785,-0.406,-0.266,-12.910177463014943,40.14500018992225,-35.51043132438919,0.0
2016-08-02 15:19:23.530,-0.781,-0.426,-0.258,-18.572426109386303,39.71637423542226,-34.7574164137964,0.0
2016-08-02 15:19:23.540,-0.77,-0.426,-0.238,-22.86117795271464,40.36716144658671,-35.33698800344485,0.0
2016-08-02 15:19:23.550,-0.738,-0.43,-0.23,-24.655520490077997,42.3269449497647,-38.04198881360445,0.0
2016-08-02 15:19:23.560,-0.723,-0.457,-0.258,-24.86397515846021,44.49679462900665,-41.452966862250605,0.0
2016-08-02 15:19:23.570,-0.711,-0.457,-0.277,-25.000295223948495,45.383721171800914,-44.35749167987782,0.0
2016-08-02 15:19:23.580,-0.707,-0.461,-0.316,-25.0053243363949,44.527422667282025,-46.31146004356431,0.0
2016-08-02 15:19:23.590,-0.719,-0.48,-0.336,-26.06510583474448,42.75030027264741,-47.61414484341798,0.0
2016-08-02 15:19:23.600,-0.723,-0.465,-0.332,-28.867974751841274,39.95324897815512,-48.2842806146694,0.0
2016-08-02 15:19:23.610,-0.727,-0.504,-0.355,-30.783779517821323,37.378229170193634,-47.444943789725066,0.0
2016-08-02 15:19:23.620,-0.73,-0.543,-0.352,-30.897524611746082,36.922791385006086,-46.455895933599926,0.0
2016-08-02 15:19:23.630,-0.723,-0.547,-0.316,-28.265442973846376,37.26922492355956,-47.04213817272519,0.0
2016-08-02 15:19:23.640,-0.703,-0.566,-0.293,-21.59777347240081,38.48085576713949,-47.789091546982256,0.0
2016-08-02 15:19:23.650,-0.703,-0.582,-0.324,-14.498515780054312,40.60420586949323,-48.495738397468386,0.0
2016-08-02 15:19:23.660,-0.711,-0.586,-0.359,-10.10317162637558,39.995208561700025,-49.88913905910616,0.0
2016-08-02 15:19:23.670,-0.734,-0.59,-0.414,-7.655868774219213,36.890052929303536,-50.34336456673198,0.0
2016-08-02 15:19:23.680,-0.762,-0.59,-0.434,-6.260124309630148,33.85789784903043,-49.705916940187215,0.0
2016-08-02 15:19:23.690,-0.766,-0.578,-0.414,-4.611804734537826,30.91323025096812,-48.87762874389436,0.0
2016-08-02 15:19:23.700,-0.75,-0.59,-0.387,-0.549690901090484,30.399328449973975,-47.740385283271806,0.0
2016-08-02 15:19:23.710,-0.727,-0.605,-0.344,6.529237706545543,33.30602753281677,-47.47826898114143,0.0
2016-08-02 15:19:23.720,-0.703,-0.594,-0.313,14.961095131869307,36.08049717197152,-48.21024621813683,0.0
2016-08-02 15:19:23.730,-0.688,-0.586,-0.34,22.165422636087506,37.51587307669409,-48.53021346287971,0.0
2016-08-02 15:19:23.740,-0.691,-0.582,-0.375,26.228569111563555,38.08630423017239,-48.83734234811335,0.0
2016-08-02 15:19:23.750,-0.723,-0.578,-0.41,27.281764811916638,36.92071109726048,-48.67129660037419,0.0
2016-08-02 15:19:23.760,-0.746,-0.578,-0.434,26.63381538927641,34.44402710700017,-46.799808862642756,0.0
2016-08-02 15:19:23.770,-0.77,-0.605,-0.434,25.589392170345857,32.42483889093981,-44.54956932898653,0.0
2016-08-02 15:19:23.780,-0.773,-0.625,-0.406,26.026002356734743,31.96390897372266,-43.03045563623326,0.0
2016-08-02 15:19:23.790,-0.754,-0.66,-0.395,28.519998691889576,33.30767546202943,-41.859789009970044,0.0
2016-08-02 15:19:23.800,-0.734,-0.68,-0.387,31.090397031222693,35.91075344098583,-41.00197664561075,0.0
2016-08-02 15:19:23.810,-0.727,-0.688,-0.387,32.39765347276854,37.69733312198438,-39.942097869844076,0.0
2016-08-02 15:19:23.820,-0.727,-0.719,-0.422,32.24591599157283,37.52803457273498,-37.953998231946976,0.0
2016-08-02 15:19:23.830,-0.734,-0.727,-0.438,30.171570830851355,36.605829707923434,-35.87267614725449,0.0
2016-08-02 15:19:23.840,-0.742,-0.723,-0.438,27.36398641604186,34.71838221099196,-34.01915187330746,0.0
2016-08-02 15:19:23.850,-0.73,-0.738,-0.434,26.105691337141607,32.164772897729264,-31.7026344959843,0.0
2016-08-02 15:19:23.860,-0.707,-0.746,-0.426,26.59430864465392,30.90624165950208,-30.997527333876462,0.0
2016-08-02 15:19:23.870,-0.68,-0.734,-0.414,27.773452328529896,29.593778410412746,-33.05685055464499,0.0
2016-08-02 15:19:23.880,-0.652,-0.734,-0.426,29.399821108169597,27.41280885645075,-34.77614017528045,0.0
2016-08-02 15:19:23.890,-0.629,-0.746,-0.457,29.55459514264281,26.18881575538083,-35.91804020815137,0.0
2016-08-02 15:19:23.900,-0.621,-0.707,-0.477,23.585917281766815,24.06025260081095,-38.401000246777755,0.0
2016-08-02 15:19:23.910,-0.645,-0.707,-0.488,12.081969268577671,19.53052920709877,-39.48536887965033,0.0
2016-08-02 15:19:23.920,-0.672,-0.734,-0.461,2.900581806702359,15.695425867930824,-37.59559258217993,0.0
2016-08-02 15:19:23.930,-0.68,-0.77,-0.418,0.4127829397932852,13.676595256734142,-36.091637726425176,0.0
2016-08-02 15:19:23.940,-0.68,-0.789,-0.383,1.9374232761343717,12.883277622693681,-35.71179240416495,0.0
2016-08-02 15:19:23.950,-0.664,-0.793,-0.387,3.703708633494541,13.965129689416933,-34.53769270113201,0.0
2016-08-02 15:19:23.960,-0.648,-0.777,-0.41,3.7138397412920137,15.758621331616258,-32.54429220918344,0.0
2016-08-02 15:19:23.970,-0.645,-0.77,-0.469,0.7949954156690479,16.655695205890282,-30.326813585543142,0.0
2016-08-02 15:19:23.980,-0.633,-0.758,-0.508,-5.641452655121862,16.697998801287895,-28.511061811160737,0.0
2016-08-02 15:19:23.990,-0.629,-0.75,-0.508,-13.76908112334706,15.880830079510332,-27.278344653729427,0.0
2016-08-02 15:19:24.000,-0.625,-0.762,-0.492,-19.622539809318212,14.706665010030315,-25.88119811489784,0.0
2016-08-02 15:19:24.010,-0.602,-0.781,-0.43,-20.87813716042559,14.495146353161719,-24.795994675978406,0.0
2016-08-02 15:19:24.020,-0.563,-0.785,-0.371,-18.274738614347285,15.675498054813023,-24.84904921421747,0.0
2016-08-02 15:19:24.030,-0.535,-0.777,-0.348,-13.675782328182853,17.882986578408104,-24.920366916155647,0.0
2016-08-02 15:19:24.040,-0.52,-0.781,-0.383,-9.212463816250244,20.196380368432596,-24.061655529710478,0.0
2016-08-02 15:19:24.050,-0.516,-0.766,-0.426,-7.452265741048681,21.12614841705411,-23.073235121879733,0.0
2016-08-02 15:19:24.060,-0.523,-0.723,-0.449,-9.325965350918649,20.48109055620373,-21.597439681087323,0.0
2016-08-02 15:19:24.070,-0.527,-0.715,-0.484,-13.108072855105899,19.607590571449784,-18.274093945235066,0.0
2016-08-02 15:19:24.080,-0.531,-0.723,-0.5,-16.763229041691986,19.05747509993237,-15.195129628387557,0.0
2016-08-02 15:19:24.090,-0.527,-0.727,-0.488,-19.142038343551217,18.738952620245602,-14.36873812931436,0.0
2016-08-02 15:19:24.100,-0.52,-0.723,-0.461,-20.40140370244419,19.42138868082719,-13.281232070707897,0.0
2016-08-02 15:19:24.110,-0.508,-0.73,-0.453,-21.029432984424137,21.341565125773098,-10.475592287425485,0.0
2016-08-02 15:19:24.120,-0.504,-0.723,-0.477,-20.78812404986447,23.518461296112786,-6.7841616218270175,0.0
2016-08-02 15:19:24.130,-0.512,-0.746,-0.496,-18.49882047283697,25.312049344911568,-2.3269626603853397,0.0
2016-08-02 15:19:24.140,-0.523,-0.766,-0.543,-15.78191681363046,26.300835752747197,0.761050632335459,0.0
2016-08-02 15:19:24.150,-0.535,-0.746,-0.559,-20.634027363823613,25.71393618878222,0.8314733259317398,0.0
2016-08-02 15:19:24.160,-0.543,-0.766,-0.535,-30.1979411149928,24.709417952166504,1.9562943595511224,0.0
2016-08-02 15:19:24.170,-0.547,-0.805,-0.492,-30.668563381599483,25.86520502505316,4.652334813271047,0.0
2016-08-02 15:19:24.180,-0.547,-0.848,-0.473,-24.613197414377616,28.633509199012398,3.992535491209524,0.0
2016-08-02 15:19:24.190,-0.539,-0.871,-0.457,-19.341494345269165,30.57139661635487,1.9134598541979138,0.0
2016-08-02 15:19:24.200,-0.539,-0.895,-0.488,-10.93796087421299,31.12841096609141,1.6698661542514563,0.0
2016-08-02 15:19:24.210,-0.551,-0.922,-0.559,-1.6331868804840137,30.319772817405653,1.2549831038970034,0.0
2016-08-02 15:19:24.220,-0.563,-0.914,-0.625,1.1350295940242958,27.762708856683894,0.43376024990462625,0.0
2016-08-02 15:19:24.230,-0.578,-0.883,-0.691,-2.592673144827419,24.03783043458502,0.8312557893826358,0.0
2016-08-02 15:19:24.240,-0.602,-0.863,-0.734,-8.96434296877152,19.7143511159494,2.045660337393515,0.0
2016-08-02 15:19:24.250,-0.613,-0.875,-0.719,-13.752202316089024,15.577715831517205,2.5656004311379137,0.0
2016-08-02 15:19:24.260,-0.613,-0.91,-0.664,-11.99269723727997,13.484276836664229,2.120810154306378,0.0
2016-08-02 15:19:24.270,-0.613,-0.926,-0.602,-3.0757703524273223,13.147251926421669,1.0164094184235997,0.0
2016-08-02 15:19:24.280,-0.598,-0.918,-0.582,7.2169779841170705,13.30100452253173,-0.33780446232367467,0.0
2016-08-02 15:19:24.290,-0.59,-0.898,-0.594,14.34070626590013,13.675660656548558,-1.585439004044242,0.0
2016-08-02 15:19:24.300,-0.594,-0.867,-0.629,19.089514915585188,12.121299025524195,-3.5663054418179345,0.0
2016-08-02 15:19:24.310,-0.605,-0.824,-0.688,21.186689793989324,8.017610335195124,-5.637940619141457,0.0
2016-08-02 15:19:24.320,-0.609,-0.781,-0.715,18.896858831026496,3.9467600800106495,-6.546635399042391,0.0
2016-08-02 15:19:24.330,-0.605,-0.766,-0.711,15.696924484059958,0.6487175271361754,-7.524403816549313,0.0
2016-08-02 15:19:24.340,-0.605,-0.762,-0.668,15.642214466122944,-1.7833070530561408,-8.382101328652311,0.0
2016-08-02 15:19:24.350,-0.594,-0.781,-0.633,17.548723396680884,-2.7518477504402066,-7.997144701364693,0.0
2016-08-02 15:19:24.360,-0.566,-0.789,-0.598,19.79509845396716,-2.675759162458757,-7.200054098994441,0.0
2016-08-02 15:19:24.370,-0.551,-0.777,-0.598,21.18271818447148,-1.844992312111819,-5.494344060392885,0.0
2016-08-02 15:19:24.380,-0.543,-0.773,-0.617,19.017781258689823,-1.650855656568535,-2.9231290365295104,0.0
2016-08-02 15:19:24.390,-0.527,-0.781,-0.633,14.102180938629289,-3.365150076112415,-1.7860634749930533,0.0
2016-08-02 15:19:24.400,-0.516,-0.793,-0.652,10.426485443144431,-5.733083634701493,-1.7374415321064516,0.0
2016-08-02 15:19:24.410,-0.512,-0.789,-0.656,7.35872002164429,-8.272326924957637,-0.9751717602211415,0.0
2016-08-02 15:19:24.420,-0.5,-0.789,-0.637,2.3659640450952955,-11.038750512072546,0.5154784142623062,0.0
2016-08-02 15:19:24.430,-0.492,-0.805,-0.605,-1.2914009922783514,-12.381216034776319,2.8409917045640585,0.0
2016-08-02 15:19:24.440,-0.496,-0.816,-0.57,-0.793615677458792,-12.007203297093046,5.8574278445987105,0.0
2016-08-02 15:19:24.450,-0.492,-0.813,-0.551,0.2286636805840162,-11.550633899397509,8.586004932937463,0.0
2016-08-02 15:19:24.460,-0.484,-0.809,-0.543,-0.06134966558377797,-11.799587940584338,10.72795229146425,0.0
2016-08-02 15:19:24.470,-0.488,-0.813,-0.539,1.6995191827667209,-12.843173033992787,12.14628983810316,0.0
2016-08-02 15:19:24.480,-0.496,-0.801,-0.539,6.150615819238791,-14.700119085284275,13.048225377144645,0.0
2016-08-02 15:19:24.490,-0.508,-0.777,-0.566,8.55903679626958,-16.771526811307552,14.46056342285897,0.0
2016-08-02 15:19:24.500,-0.516,-0.746,-0.598,5.479549012266217,-18.81177809472863,16.42789182777595,0.0
2016-08-02 15:19:24.510,-0.516,-0.738,-0.602,0.4143885531266912,-21.26548702482906,18.119225656447497,0.0
2016-08-02 15:19:24.520,-0.516,-0.754,-0.598,-0.7236388171124986,-23.414461474527762,19.496234517830857,0.0
2016-08-02 15:19:24.530,-0.516,-0.773,-0.555,1.6550790998169105,-24.08448845618522,20.469836864246645,0.0
2016-08-02 15:19:24.540,-0.508,-0.777,-0.508,4.244741043142999,-23.552883363822506,21.09003884059083,0.0
2016-08-02 15:19:24.550,-0.527,-0.801,-0.492,8.04909648064153,-22.288274270396677,22.129416316717354,0.0
2016-08-02 15:19:24.560,-0.543,-0.824,-0.477,13.893717178831903,-20.261555081428767,22.76043805271943,0.0
2016-08-02 15:19:24.570,-0.559,-0.824,-0.477,19.355070919014523,-17.88437847766635,22.15345178588839,0.0
2016-08-02 15:19:24.580,-0.57,-0.832,-0.48,23.085356654081206,-15.677689364020335,21.56607823169759,0.0
2016-08-02 15:19:24.590,-0.582,-0.836,-0.492,25.798692395102698,-13.873617761287445,20.995194050534007,0.0
2016-08-02 15:19:24.600,-0.582,-0.828,-0.512,27.371683581189814,-12.641135753045251,19.5753664964113,0.0
2016-08-02 15:19:24.610,-0.59,-0.809,-0.527,26.210106648721542,-12.093231396647568,17.83790748982707,0.0
2016-08-02 15:19:24.620,-0.598,-0.785,-0.531,22.10936603112391,-12.189083121622598,16.1934274105173,0.0
2016-08-02 15:19:24.630,-0.609,-0.785,-0.516,17.14396203692249,-12.496981319735657,14.932314631740368,0.0
2016-08-02 15:19:24.640,-0.613,-0.789,-0.473,14.292993439031815,-12.183267256113252,14.396228133603097,0.0
2016-08-02 15:19:24.650,-0.617,-0.809,-0.426,15.86594934222567,-10.479823553835642,14.46422184803912,0.0
2016-08-02 15:19:24.660,-0.621,-0.828,-0.395,20.304964054315516,-7.515173948579594,14.634402711525766,0.0
2016-08-02 15:19:24.670,-0.621,-0.824,-0.395,23.02147235215484,-4.436788202371796,14.064655988865987,0.0
2016-08-02 15:19:24.680,-0.629,-0.797,-0.422,21.541588167838825,-2.6728768834805416,13.220512080928003,0.0
2016-08-02 15:19:24.690,-0.641,-0.777,-0.453,16.04582723947283,-3.1358438732771883,12.781499254719979,0.0
2016-08-02 15:19:24.700,-0.645,-0.758,-0.48,7.646236975114235,-4.963916744694584,11.768154827621075,0.0
2016-08-02 15:19:24.710,-0.648,-0.75,-0.469,-1.0096043135938464,-6.642739365494089,10.505563900720727,0.0
2016-08-02 15:19:24.720,-0.656,-0.773,-0.43,-6.218730455684099,-7.770587259628709,10.309345091962609,0.0
2016-08-02 15:19:24.730,-0.652,-0.801,-0.387,-6.059929221831145,-7.82876551700666,10.398998463082481,0.0
2016-08-02 15:19:24.740,-0.652,-0.813,-0.348,-2.1102211245010203,-6.64054537254788,10.356828702894632,0.0
2016-08-02 15:19:24.750,-0.648,-0.82,-0.355,1.7108064206468823,-5.051664337894677,10.920191137766938,0.0
2016-08-02 15:19:24.760,-0.652,-0.793,-0.363,2.0360655647315444,-3.754173020124239,11.573693096234225,0.0
2016-08-02 15:19:24.770,-0.656,-0.77,-0.391,-0.8364147258135894,-3.4307757839493083,12.649649906996734,0.0
2016-08-02 15:19:24.780,-0.664,-0.75,-0.426,-5.095105573812319,-4.066928896567673,14.64749112976861,0.0
2016-08-02 15:19:24.790,-0.672,-0.746,-0.449,-10.455179771626854,-5.137756119831155,16.031374213946833,0.0
2016-08-02 15:19:24.800,-0.664,-0.75,-0.457,-15.4441199843606,-6.716010591630393,16.941511810806126,0.0
2016-08-02 15:19:24.810,-0.656,-0.762,-0.449,-17.670402342511867,-8.18574205123086,18.278072143647247,0.0
2016-08-02 15:19:24.820,-0.648,-0.77,-0.418,-16.60585091968502,-8.777275182902166,19.658784003608332,0.0
2016-08-02 15:19:24.830,-0.633,-0.781,-0.391,-12.915242540237674,-8.657495285432601,21.358061419527033,0.0
2016-08-02 15:19:24.840,-0.625,-0.801,-0.375,-7.91927176128886,-7.863984913837587,22.632859075620942,0.0
2016-08-02 15:19:24.850,-0.621,-0.797,-0.359,-2.8489870842418905,-6.746329002456401,22.88689121256668,0.0
2016-08-02 15:19:24.860,-0.633,-0.789,-0.395,1.6902672783817079,-6.2319164198412835,23.951033354091265,0.0
2016-08-02 15:19:24.870,-0.637,-0.789,-0.461,3.4130326196032983,-6.875384591913479,25.898823202037484,0.0
2016-08-02 15:19:24.880,-0.645,-0.762,-0.496,0.7880544142974213,-9.22417066988011,26.826467450860868,0.0
2016-08-02 15:19:24.890,-0.645,-0.754,-0.539,-2.96545667860095,-12.76490981462457,27.594925721165005,0.0
2016-08-02 15:19:24.900,-0.648,-0.773,-0.551,-5.291395737683491,-15.938157274580604,27.979259966832945,0.0
2016-08-02 15:19:24.910,-0.648,-0.754,-0.504,-6.38471907473377,-19.11965143180076,25.528718126467766,0.0
2016-08-02 15:19:24.920,-0.648,-0.75,-0.453,-5.683669647513366,-22.318604281495507,23.182359936816376,0.0
2016-08-02 15:19:24.930,-0.652,-0.75,-0.414,-2.5820185933594884,-23.902631793187314,23.629493448532568,0.0
2016-08-02 15:19:24.940,-0.645,-0.742,-0.383,3.941740432068248,-24.15819707719085,24.455783368557668,0.0
2016-08-02 15:19:24.950,-0.645,-0.727,-0.387,12.597651046877315,-23.76009295630812,26.113213193788088,0.0
2016-08-02 15:19:24.960,-0.641,-0.707,-0.418,17.518668022217334,-23.19950269643228,28.43649558203593,0.0
2016-08-02 15:19:24.970,-0.637,-0.648,-0.441,15.32280033227356,-23.754838693437527,28.17334075277637,0.0
2016-08-02 15:19:24.980,-0.637,-0.598,-0.484,7.450822281980901,-25.284096208407853,27.883803667656522,0.0
2016-08-02 15:19:24.990,-0.645,-0.582,-0.5,-3.778209425094762,-28.040119087649266,29.725434569576365,0.0
2016-08-02 15:19:25.000,-0.656,-0.586,-0.453,-12.412409087048108,-32.37741305789258,30.14528381734531,0.0
2016-08-02 15:19:25.010,-0.637,-0.609,-0.391,-10.504069309690749,-34.44637658861891,31.02884497708029,0.0
2016-08-02 15:19:25.020,-0.625,-0.633,-0.352,0.20700971244028654,-31.794279191997227,34.9428536603951,0.0
2016-08-02 15:19:25.030,-0.613,-0.621,-0.305,11.97819079937648,-28.05039042521649,38.67219178833999,0.0
2016-08-02 15:19:25.040,-0.598,-0.602,-0.301,22.075263041536786,-24.53259996991796,43.147381120580974,0.0
2016-08-02 15:19:25.050,-0.59,-0.559,-0.332,28.112728165549335,-19.519647995506045,49.48689521385306,0.0
2016-08-02 15:19:25.060,-0.586,-0.52,-0.398,26.80161374573629,-15.538552408925323,53.99108817531762,0.0
2016-08-02 15:19:25.070,-0.586,-0.52,-0.465,18.5313902030818,-15.852321790196811,54.970721537939056,0.0
2016-08-02 15:19:25.080,-0.586,-0.523,-0.512,7.728666214695524,-19.63779544874985,51.87289173139237,0.0
2016-08-02 15:19:25.090,-0.582,-0.559,-0.523,0.520589883900375,-23.705640852232673,47.15825381218153,0.0
2016-08-02 15:19:25.100,-0.594,-0.602,-0.5,-2.262957916084691,-26.340121004771554,45.60969092592982,0.0
2016-08-02 15:19:25.110,-0.617,-0.652,-0.48,-2.5014928820727076,-29.074926414383967,45.61415342713508,0.0
2016-08-02 15:19:25.120,-0.648,-0.707,-0.457,-0.5651251558595,-31.717684047878492,44.85765804090735,0.0
2016-08-02 15:19:25.130,-0.691,-0.707,-0.402,1.2518410278535987,-33.52012786320035,45.13214845710438,0.0
2016-08-02 15:19:25.140,-0.715,-0.746,-0.395,3.46751282668982,-36.65213829421554,46.87456202977066,0.0
2016-08-02 15:19:25.150,-0.727,-0.777,-0.395,7.861810717406465,-39.544693445906994,47.85241970943508,0.0
2016-08-02 15:19:25.160,-0.742,-0.754,-0.395,12.286314180623233,-40.65722612302875,46.08644278124899,0.0
2016-08-02 15:19:25.170,-0.762,-0.73,-0.457,13.901980807796665,-43.08022691867602,45.3017653745145,0.0
2016-08-02 15:19:25.180,-0.813,-0.707,-0.504,9.323616659441386,-47.61328248314392,48.02899217361477,0.0
2016-08-02 15:19:25.190,-0.848,-0.656,-0.488,0.9135212833775769,-54.27802525037203,50.57100681377532,0.0
2016-08-02 15:19:25.200,-0.855,-0.656,-0.473,-4.406904353523083,-60.99387070639979,53.330924522812595,0.0
2016-08-02 15:19:25.210,-0.852,-0.652,-0.395,-6.477101894547288,-63.384847038495806,55.63779722931371,0.0
2016-08-02 15:19:25.220,-0.832,-0.633,-0.313,-5.8006369396752335,-62.920892008636045,54.40125576522818,0.0
2016-08-02 15:19:25.230,-0.809,-0.621,-0.254,-2.063151806883586,-61.25951533770662,53.584443205984044,0.0
2016-08-02 15:19:25.240,-0.793,-0.566,-0.184,1.2699050616387009,-57.96600226668525,53.46938932033972,0.0
2016-08-02 15:19:25.250,-0.785,-0.516,-0.176,2.9827467464535165,-55.51660326599203,51.88771504980608,0.0
2016-08-02 15:19:25.260,-0.813,-0.527,-0.203,2.516922818590619,-54.772444951665264,52.41950267080748,0.0
2016-08-02 15:19:25.270,-0.84,-0.512,-0.199,2.55979774049285,-55.778188727045645,53.282902739545655,0.0
2016-08-02 15:19:25.280,-0.844,-0.516,-0.238,7.953705301031416,-57.66131449600683,52.595136399943584,0.0
2016-08-02 15:19:25.290,-0.867,-0.48,-0.266,11.122387340628926,-58.10345954608078,53.27725316366727,0.0
2016-08-02 15:19:25.300,-0.891,-0.445,-0.27,5.3656596701750905,-59.92203847332975,53.65003067145519,0.0
2016-08-02 15:19:25.310,-0.879,-0.418,-0.23,-2.270785657364933,-63.430771028342285,53.57132485955921,0.0
2016-08-02 15:19:25.320,-0.863,-0.418,-0.203,-7.80977788690903,-63.698569465813094,54.723239312489454,0.0
2016-08-02 15:19:25.330,-0.859,-0.445,-0.168,-10.894833779937489,-62.157330293972045,55.08507787703702,0.0
2016-08-02 15:19:25.340,-0.867,-0.473,-0.16,-9.269576800615127,-61.74228514962229,54.33472234544447,0.0
2016-08-02 15:19:25.350,-0.879,-0.473,-0.148,-6.722795639341108,-61.72730329088698,53.087488522509005,0.0
2016-08-02 15:19:25.360,-0.879,-0.441,-0.145,-7.853209956378867,-62.804725163481834,51.99165189678878,0.0
2016-08-02 15:19:25.370,-0.891,-0.426,-0.148,-11.341385135037505,-64.5937915139016,52.61366333190437,0.0
2016-08-02 15:19:25.380,-0.895,-0.418,-0.094,-14.049564355651846,-65.6093900473584,53.393482150631705,0.0
2016-08-02 15:19:25.390,-0.852,-0.426,-0.063,-13.58341671028475,-65.19551809163424,52.169370948413146,0.0
2016-08-02 15:19:25.400,-0.824,-0.414,-0.055,-12.430215803442582,-62.508581846698135,49.4499432020208,0.0
2016-08-02 15:19:25.410,-0.816,-0.375,-0.02,-12.720268873543523,-59.4331683924137,46.87217996778561,0.0
2016-08-02 15:19:25.420,-0.805,-0.383,-0.027,-10.157939154402085,-56.61799169935687,46.46740161315317,0.0
2016-08-02 15:19:25.430,-0.84,-0.406,-0.055,-6.975983535738218,-53.116120150053064,46.42270173619397,0.0
2016-08-02 15:19:25.440,-0.867,-0.34,-0.008,-10.616541562205605,-53.31077612001899,44.27946500947689,0.0
2016-08-02 15:19:25.450,-0.816,-0.293,0.023,-18.19577784467928,-55.74178213815715,43.505614163389744,0.0
2016-08-02 15:19:25.460,-0.777,-0.305,0.027,-23.860452597214326,-52.81339877674465,42.80053531659693,0.0
2016-08-02 15:19:25.470,-0.75,-0.285,0.07,-26.821800992086114,-47.40667988403365,37.36347587804287,0.0
2016-08-02 15:19:25.480,-0.699,-0.277,0.047,-23.67122100786252,-40.907730598411646,32.462643774634394,0.0
2016-08-02 15:19:25.490,-0.711,-0.293,-0.008,-16.72902981841815,-30.498920090584303,30.769153453351397,0.0
2016-08-02 15:19:25.500,-0.746,-0.23,-0.043,-16.487215740644352,-25.04663498566326,28.499467657520626,0.0
2016-08-02 15:19:25.510,-0.766,-0.207,-0.117,-21.156364338229118,-26.67741341250745,28.01899264957105,0.0
2016-08-02 15:19:25.520,-0.813,-0.242,-0.105,-25.282928196025516,-27.094312046001168,28.559200042301722,0.0
2016-08-02 15:19:25.530,-0.809,-0.227,-0.012,-30.235313551626696,-27.188442108749616,27.400575287392762,0.0
2016-08-02 15:19:25.540,-0.773,-0.262,0.055,-29.03755890306262,-24.62142200302036,26.919482338948598,0.0
2016-08-02 15:19:25.550,-0.77,-0.313,0.125,-19.943530336168628,-15.817494284987916,23.800862133594546,0.0
2016-08-02 15:19:25.560,-0.766,-0.289,0.141,-14.262618233845295,-8.583656758778517,17.66174448730458,0.0
2016-08-02 15:19:25.570,-0.777,-0.277,0.078,-12.831778830657406,-4.959818100449899,14.422376359178424,0.0
2016-08-02 15:19:25.580,-0.84,-0.309,0.0,-9.558096781953152,-2.4520392297163527,12.229339572105356,0.0
2016-08-02 15:19:25.590,-0.902,-0.32,-0.074,-5.4453238593558275,-3.2863928599000847,10.459911253420605,0.0
2016-08-02 15:19:25.600,-0.965,-0.305,-0.082,-4.497662491216547,-6.842901883244307,12.458525348333245,0.0
2016-08-02 15:19:25.610,-0.992,-0.313,-0.031,-7.379720079544949,-11.450902460849202,15.609358003331312,0.0
2016-08-02 15:19:25.620,-0.973,-0.328,0.043,-8.002074945691424,-13.8035346910989,17.15437473807621,0.0
2016-08-02 15:19:25.630,-0.965,-0.363,0.09,-2.7423587827375915,-10.84952360154683,16.66672517265386,0.0
2016-08-02 15:19:25.640,-0.969,-0.375,0.086,3.3363355547069196,-7.748607737605978,15.195154181502222,0.0
2016-08-02 15:19:25.650,-0.973,-0.359,0.027,7.958853800094262,-8.222191305116954,15.929351974278186,0.0
2016-08-02 15:19:25.660,-1.012,-0.359,-0.043,12.684680240621823,-10.298710100510124,18.78920481261441,0.0
2016-08-02 15:19:25.670,-1.047,-0.332,-0.074,14.848468402512587,-13.909802704838093,23.356975876520618,0.0
2016-08-02 15:19:25.680,-1.039,-0.289,-0.094,10.30105094391327,-18.658274906710968,30.060226623394946,0.0
2016-08-02 15:19:25.690,-1.035,-0.262,-0.059,-0.8356543603205595,-23.60678965535807,34.740302059371814,0.0
2016-08-02 15:19:25.700,-0.996,-0.27,0.016,-9.783424989800377,-27.353650565258995,35.70716334013941,0.0
2016-08-02 15:19:25.710,-0.922,-0.305,0.074,-7.644389174086062,-25.525481013416385,34.9281760013506,0.0
2016-08-02 15:19:25.720,-0.879,-0.301,0.102,-0.43795418048315815,-18.521418538827643,32.19077303693038,0.0
2016-08-02 15:19:25.730,-0.848,-0.27,0.066,3.6598288292368832,-11.64036682825991,29.783068579866935,0.0
2016-08-02 15:19:25.740,-0.84,-0.25,0.0,6.084522333387243,-6.51392008066743,28.752998912350577,0.0
2016-08-02 15:19:25.750,-0.84,-0.211,-0.043,4.692039028016178,-3.6764861704456697,26.74172372742747,0.0
2016-08-02 15:19:25.760,-0.836,-0.203,-0.082,-1.8917174133058805,-3.2080231154436523,25.175917483685872,0.0
2016-08-02 15:19:25.770,-0.82,-0.215,-0.098,-7.098012578479611,-2.1153727467039807,23.251204544888374,0.0
2016-08-02 15:19:25.780,-0.809,-0.223,-0.078,-11.029513837985487,0.41235829667075535,18.44789012037463,0.0
2016-08-02 15:19:25.790,-0.805,-0.242,-0.059,-17.360180972347838,2.725062632021924,13.607063361345217,0.0
2016-08-02 15:19:25.800,-0.805,-0.27,-0.051,-21.78741218478096,5.322504852654786,9.022913297337412,0.0
2016-08-02 15:19:25.810,-0.809,-0.293,-0.047,-21.755654185850148,9.189653038208462,2.9501776697819424,0.0
2016-08-02 15:19:25.820,-0.816,-0.324,-0.078,-19.667173129944185,13.60256339997126,-2.2195845543627626,0.0
2016-08-02 15:19:25.830,-0.859,-0.324,-0.121,-17.721334969997525,16.45942546675134,-5.735630474084318,0.0
2016-08-02 15:19:25.840,-0.902,-0.285,-0.148,-20.07662207233421,15.720206099831106,-7.844375698046942,0.0
2016-08-02 15:19:25.850,-0.926,-0.301,-0.172,-25.135602974385087,13.057055849846314,-7.771807376085363,0.0
2016-08-02 15:19:25.860,-0.957,-0.316,-0.156,-25.27333334389206,11.620848093745359,-7.654201186137206,0.0
2016-08-02 15:19:25.870,-0.961,-0.301,-0.121,-21.964859001648463,11.126912504945505,-7.801945955309198,0.0
2016-08-02 15:19:25.880,-0.957,-0.309,-0.098,-18.841093996863837,11.164294110084075,-7.47675064736282,0.0
2016-08-02 15:19:25.890,-0.969,-0.301,-0.074,-13.781104901551455,12.230851547099814,-8.735584609833666,0.0
2016-08-02 15:19:25.900,-0.969,-0.281,-0.078,-9.552915527610262,13.008611822150296,-9.951801954295679,0.0
2016-08-02 15:19:25.910,-0.98,-0.27,-0.094,-8.611406649890693,12.799616941246988,-9.692168649963566,0.0
2016-08-02 15:19:25.920,-1.0,-0.266,-0.109,-7.296581820601345,11.733877766715512,-9.745317732713126,0.0
2016-08-02 15:19:25.930,-1.012,-0.254,-0.113,-5.246726804180383,9.837303040651978,-8.450680346840336,0.0
2016-08-02 15:19:25.940,-1.016,-0.254,-0.109,-3.1887192454738087,8.333664744179693,-5.506965923317017,0.0
2016-08-02 15:19:25.950,-1.016,-0.258,-0.098,0.8125333792180378,7.7293623102902504,-3.4879882840308296,0.0
2016-08-02 15:19:25.960,-1.008,-0.266,-0.082,5.620123221397342,7.410668957437071,-2.110652934001942,0.0
2016-08-02 15:19:25.970,-0.992,-0.262,-0.066,8.824752588732554,7.40321530775778,-1.2798710068141244,0.0
2016-08-02 15:19:25.980,-0.973,-0.254,-0.059,10.60940148068785,7.892551075094435,-1.8287926881495165,0.0
2016-08-02 15:19:25.990,-0.945,-0.254,-0.051,12.045277521541625,9.149497490697993,-2.914788835737988,0.0
2016-08-02 15:19:26.000,-0.914,-0.254,-0.047,13.899287719682803,11.756728511201189,-4.529780262815217,0.0
2016-08-02 15:19:26.010,-0.859,-0.246,-0.035,15.12442175286428,15.589038837712987,-7.549897048183323,0.0
2016-08-02 15:19:26.020,-0.809,-0.23,-0.039,14.374516828695091,19.971268898506246,-11.458557060005448,0.0
2016-08-02 15:19:26.030,-0.785,-0.25,-0.07,14.158563624936349,24.643824460174425,-15.580459287705558,0.0
2016-08-02 15:19:26.040,-0.793,-0.281,-0.094,16.703123318011922,28.000564593573674,-19.395801399933383,0.0
2016-08-02 15:19:26.050,-0.805,-0.266,-0.082,18.480404401637095,28.020435708909428,-21.269320960497268,0.0
2016-08-02 15:19:26.060,-0.789,-0.25,-0.074,16.269795905267447,27.077525374027715,-21.41979041365656,0.0
2016-08-02 15:19:26.070,-0.766,-0.258,-0.055,12.442225269955944,28.399959926610123,-23.79238030556548,0.0
2016-08-02 15:19:26.080,-0.758,-0.277,-0.035,9.49339809644255,31.563932720608257,-29.16564388662029,0.0
2016-08-02 15:19:26.090,-0.746,-0.301,-0.074,7.822201963265576,36.40765358610625,-33.32024528899775,0.0
2016-08-02 15:19:26.100,-0.773,-0.332,-0.148,7.455974954764674,41.123892650876336,-35.79251435676527,0.0
2016-08-02 15:19:26.110,-0.816,-0.32,-0.18,5.831407071978665,41.370499222204614,-37.86305115188607,0.0
2016-08-02 15:19:26.120,-0.836,-0.289,-0.203,0.5545244478532194,38.98601938917403,-36.51629622904136,0.0
2016-08-02 15:19:26.130,-0.832,-0.305,-0.211,-5.910884950956557,38.787415893121114,-33.097479075755224,0.0
2016-08-02 15:19:26.140,-0.832,-0.316,-0.203,-9.459206229472102,40.19969543037639,-33.445704435244835,0.0
2016-08-02 15:19:26.150,-0.816,-0.332,-0.188,-10.038489570308048,42.56533377780391,-36.27527356161936,0.0
2016-08-02 15:19:26.160,-0.82,-0.336,-0.168,-10.465279516546072,46.151904405436255,-37.80256652888936,0.0
2016-08-02 15:19:26.170,-0.809,-0.336,-0.164,-10.828588430750528,48.499004755615985,-39.2324173407861,0.0
2016-08-02 15:19:26.180,-0.793,-0.352,-0.168,-10.204864553616627,50.07903914336755,-41.50858987949302,0.0
2016-08-02 15:19:26.190,-0.816,-0.359,-0.168,-9.629545239187568,52.570378612305454,-43.42519156742751,0.0
2016-08-02 15:19:26.200,-0.84,-0.328,-0.148,-9.556828164539555,52.863931503981036,-44.1664396466776,0.0
2016-08-02 15:19:26.210,-0.828,-0.313,-0.129,-10.494449997758,50.68454927578773,-44.120015706869914,0.0
2016-08-02 15:19:26.220,-0.813,-0.313,-0.117,-13.08872817871137,50.25371498597892,-45.10406926325466,0.0
2016-08-02 15:19:26.230,-0.793,-0.297,-0.078,-14.453554535952687,51.461986979249644,-47.53383134343155,0.0
2016-08-02 15:19:26.240,-0.75,-0.316,-0.09,-10.872056014837503,53.853821163145895,-49.354547287857066,0.0
2016-08-02 15:19:26.250,-0.777,-0.375,-0.164,-4.18188361658131,58.36151035154919,-50.117353358348126,0.0
2016-08-02 15:19:26.260,-0.828,-0.359,-0.184,0.24424551791436017,59.462857918936585,-50.488774727138996,0.0
2016-08-02 15:19:26.270,-0.809,-0.316,-0.191,2.1068606021760097,55.99405210868443,-48.55455343186895,0.0
2016-08-02 15:19:26.280,-0.797,-0.348,-0.25,5.251905044552286,55.855308003267126,-45.06275819243361,0.0
2016-08-02 15:19:26.290,-0.828,-0.352,-0.242,9.386652031690906,57.536650476679135,-44.740417159050416,0.0
2016-08-02 15:19:26.300,-0.789,-0.316,-0.199,13.090367121218506,57.03945545451069,-46.72635823925083,0.0
2016-08-02 15:19:26.310,-0.754,-0.309,-0.203,14.706782376525,59.7724442933472,-47.858017923715884,0.0
2016-08-02 15:19:26.320,-0.801,-0.383,-0.219,11.168841278348465,62.90898642369141,-48.64292613941838,0.0
2016-08-02 15:19:26.330,-0.816,-0.391,-0.203,9.090913244271928,61.03123641288175,-47.87018400065433,0.0
2016-08-02 15:19:26.340,-0.793,-0.391,-0.223,15.381677285066482,60.47490251324815,-45.19766911247599,0.0
2016-08-02 15:19:26.350,-0.805,-0.449,-0.27,21.124224141504676,61.61281680658902,-43.156284835211494,0.0
2016-08-02 15:19:26.360,-0.82,-0.441,-0.285,20.284874743547586,59.357009219162016,-42.554846599193496,0.0
2016-08-02 15:19:26.370,-0.793,-0.379,-0.301,17.96145210222531,57.22102651085122,-43.57373185968061,0.0
2016-08-02 15:19:26.380,-0.789,-0.391,-0.289,13.435468532814863,57.24553691405049,-45.61435886435853,0.0
2016-08-02 15:19:26.390,-0.785,-0.422,-0.262,7.540095669686169,56.936994079371374,-46.683960842090784,0.0
2016-08-02 15:19:26.400,-0.762,-0.453,-0.27,8.86745093535277,57.62185287306815,-46.340866861771296,0.0
2016-08-02 15:19:26.410,-0.754,-0.508,-0.328,14.857161039643785,60.25107554220175,-45.5081633865985,0.0
2016-08-02 15:19:26.420,-0.766,-0.516,-0.391,16.42231062026504,61.548545087051586,-44.260121246567934,0.0
2016-08-02 15:19:26.430,-0.777,-0.48,-0.426,14.249261089085255,59.76559640958703,-42.592938263469094,0.0
2016-08-02 15:19:26.440,-0.781,-0.496,-0.457,9.452023818579866,56.84466623974153,-41.39957355966775,0.0
2016-08-02 15:19:26.450,-0.785,-0.508,-0.465,1.8003540780304832,54.42183031558995,-41.36154797788592,0.0
2016-08-02 15:19:26.460,-0.789,-0.527,-0.43,-2.7653911574475742,52.32891493595514,-42.48462000394951,0.0
2016-08-02 15:19:26.470,-0.789,-0.563,-0.414,-3.3155545041868786,50.860261701346786,-43.558986122842825,0.0
2016-08-02 15:19:26.480,-0.781,-0.57,-0.383,-3.6835730537541087,50.44138277249634,-43.69199796601306,0.0
2016-08-02 15:19:26.490,-0.77,-0.559,-0.387,-1.4246128680979107,50.05262758828181,-43.06759872314811,0.0
2016-08-02 15:19:26.500,-0.781,-0.582,-0.441,1.8103194788633574,49.32833767056349,-41.32253382354296,0.0
2016-08-02 15:19:26.510,-0.781,-0.555,-0.441,0.9608725607563559,48.55327360422839,-39.97278866677141,0.0
2016-08-02 15:19:26.520,-0.754,-0.512,-0.445,-0.57812038637955,47.26683184030999,-40.10572931578875,0.0
2016-08-02 15:19:26.530,-0.75,-0.523,-0.469,-3.8262085238191,45.747721962685596,-40.71294641702402,0.0
2016-08-02 15:19:26.540,-0.758,-0.551,-0.434,-11.776606503795822,43.39695792612121,-43.78899094037136,0.0
2016-08-02 15:19:26.550,-0.742,-0.555,-0.363,-13.887694245851495,40.2446358245043,-48.96377197769597,0.0
2016-08-02 15:19:26.560,-0.727,-0.566,-0.305,-5.934793972690563,39.7653381409683,-51.28422824924734,0.0
2016-08-02 15:19:26.570,-0.723,-0.578,-0.281,2.7064462357363324,41.54073727452581,-50.799101085101235,0.0
2016-08-02 15:19:26.580,-0.699,-0.57,-0.289,10.053966543710697,42.54943847026545,-50.61707238757591,0.0
2016-08-02 15:19:26.590,-0.684,-0.586,-0.367,17.118205047053856,44.4513303289028,-50.07066433728451,0.0
2016-08-02 15:19:26.600,-0.699,-0.578,-0.445,18.15077905407334,46.33050665902972,-49.33641828094783,0.0
2016-08-02 15:19:26.610,-0.688,-0.547,-0.469,11.90705430691797,44.464707199855695,-51.14352447328506,0.0
2016-08-02 15:19:26.620,-0.691,-0.578,-0.516,4.360532842060403,40.85606107164016,-53.807335985231205,0.0
2016-08-02 15:19:26.630,-0.707,-0.656,-0.535,-0.07676034617676662,38.114986854849086,-54.05355673526415,0.0
2016-08-02 15:19:26.640,-0.703,-0.691,-0.492,0.922492118403813,35.62986213275436,-53.33256309643274,0.0
2016-08-02 15:19:26.650,-0.699,-0.727,-0.465,6.95956519588478,34.83332226068673,-51.344261436736566,0.0
2016-08-02 15:19:26.660,-0.691,-0.754,-0.512,11.973233180827764,36.990743953878905,-45.885950216524165,0.0
2016-08-02 15:19:26.670,-0.68,-0.738,-0.535,10.389992266820892,39.41026158873871,-41.018873152476374,0.0
2016-08-02 15:19:26.680,-0.672,-0.711,-0.566,2.4212683244375883,40.04011220108945,-39.698524277621054,0.0
2016-08-02 15:19:26.690,-0.672,-0.727,-0.582,-7.114165013071121,39.43488018860011,-38.45438170809037,0.0
2016-08-02 15:19:26.700,-0.664,-0.766,-0.543,-11.528241948045302,38.144618955075394,-37.553668272804515,0.0
2016-08-02 15:19:26.710,-0.652,-0.789,-0.52,-9.010640226475324,37.662981414033744,-38.75837857043764,0.0
2016-08-02 15:19:26.720,-0.652,-0.793,-0.527,-5.351743882485971,38.86475164273132,-38.19763180590796,0.0
2016-08-02 15:19:26.730,-0.648,-0.773,-0.52,-4.249756361951607,39.20435418104238,-34.912331915860996,0.0
2016-08-02 15:19:26.740,-0.641,-0.766,-0.504,-2.016448219240835,38.31016429832267,-32.70747278412232,0.0
2016-08-02 15:19:26.750,-0.645,-0.781,-0.527,2.4699301088359773,38.60127620717088,-31.648151603955846,0.0
2016-08-02 15:19:26.760,-0.664,-0.797,-0.508,5.479959065678239,38.84377011711851,-30.210751197234984,0.0
2016-08-02 15:19:26.770,-0.668,-0.813,-0.48,8.808334724384947,38.213115404440046,-29.287855609975278,0.0
2016-08-02 15:19:26.780,-0.668,-0.855,-0.48,15.822079999079758,39.02300416221618,-29.21750485046478,0.0
2016-08-02 15:19:26.790,-0.668,-0.855,-0.52,21.16965394233722,40.31549863557132,-30.155977369643345,0.0
2016-08-02 15:19:26.800,-0.664,-0.809,-0.539,19.95314807297728,39.724962083761994,-31.614666589789113,0.0
2016-08-02 15:19:26.810,-0.656,-0.816,-0.574,17.07276082828257,37.70119406577945,-31.05527695140605,0.0
2016-08-02 15:19:26.820,-0.641,-0.84,-0.605,17.535234786599688,34.910061527541885,-29.64058955676895,0.0
2016-08-02 15:19:26.830,-0.621,-0.848,-0.594,19.891781539180986,32.094104720145324,-30.7386517418622,0.0
2016-08-02 15:19:26.840,-0.602,-0.859,-0.563,22.333775700346685,30.64624898137358,-32.03769595548956,0.0
2016-08-02 15:19:26.850,-0.586,-0.859,-0.52,24.38071552343263,30.756396931968162,-31.106727621533246,0.0
2016-08-02 15:19:26.860,-0.57,-0.848,-0.5,24.993583791300047,31.73772415579127,-30.23538270932238,0.0
2016-08-02 15:19:26.870,-0.543,-0.844,-0.48,25.386296740122532,33.275012148103386,-29.842650947576725,0.0
2016-08-02 15:19:26.880,-0.52,-0.832,-0.5,26.827745204658225,34.860286362997854,-28.71218670414835,0.0
2016-08-02 15:19:26.890,-0.496,-0.797,-0.535,25.291289471862914,35.37244303391654,-27.749663297066252,0.0
2016-08-02 15:19:26.900,-0.477,-0.773,-0.582,17.711016563167128,34.1471388884718,-27.261702013678914,0.0
2016-08-02 15:19:26.910,-0.449,-0.754,-0.602,7.934940117585099,31.708930026811124,-26.269631682435254,0.0
2016-08-02 15:19:26.920,-0.434,-0.758,-0.59,0.24037676898841698,29.419717126904214,-24.564603302051925,0.0
2016-08-02 15:19:26.930,-0.414,-0.777,-0.566,-4.448055161258439,28.3249054023887,-22.765825718447672,0.0
2016-08-02 15:19:26.940,-0.395,-0.781,-0.559,-6.986832912766183,28.288085609882412,-21.1895490095083,0.0
2016-08-02 15:19:26.950,-0.387,-0.777,-0.547,-9.424265945488443,28.280327959715645,-19.447827837768664,0.0
2016-08-02 15:19:26.960,-0.371,-0.773,-0.535,-11.704612936405645,27.68263875101707,-17.647353967388874,0.0
2016-08-02 15:19:26.970,-0.363,-0.773,-0.531,-11.075801155228348,27.017792833017555,-16.184030822477165,0.0
2016-08-02 15:19:26.980,-0.363,-0.785,-0.531,-7.091091605354268,26.71280315348348,-14.917726525782387,0.0
2016-08-02 15:19:26.990,-0.348,-0.746,-0.57,-5.329630030907306,25.909333934062076,-14.91977409511128,0.0
2016-08-02 15:19:27.000,-0.348,-0.711,-0.613,-12.04887660249801,23.691652425392512,-16.285259596832375,0.0
2016-08-02 15:19:27.010,-0.34,-0.711,-0.602,-21.8427321397223,21.438314140867526,-15.989456726202388,0.0
2016-08-02 15:19:27.020,-0.348,-0.746,-0.602,-25.103529135342868,19.9982623785582,-15.14384841613087,0.0
2016-08-02 15:19:27.030,-0.352,-0.766,-0.609,-24.456820628224285,18.099972210900006,-16.288378387562105,0.0
2016-08-02 15:19:27.040,-0.359,-0.789,-0.609,-24.243149775985177,16.32827905916707,-16.247696958850277,0.0
2016-08-02 15:19:27.050,-0.367,-0.82,-0.605,-21.228755784003727,14.904079101842234,-14.846702922984168,0.0
2016-08-02 15:19:27.060,-0.375,-0.852,-0.617,-14.516186890393442,12.697351054808053,-14.490688161547249,0.0
2016-08-02 15:19:27.070,-0.371,-0.859,-0.645,-8.698796931829095,10.577433908350615,-13.777235241983181,0.0
2016-08-02 15:19:27.080,-0.383,-0.844,-0.664,-6.86115783938333,8.721171734493243,-11.831050572091097,0.0
2016-08-02 15:19:27.090,-0.383,-0.863,-0.699,-6.024395398686837,5.7849759528727525,-9.48715468964725,0.0
2016-08-02 15:19:27.100,-0.379,-0.871,-0.711,-3.4639845766862223,2.494540630830996,-8.357999757645691,0.0
2016-08-02 15:19:27.110,-0.398,-0.883,-0.711,-0.7242704313637718,0.29763473161420934,-7.948998479913974,0.0
2016-08-02 15:19:27.120,-0.418,-0.91,-0.699,2.4580870437845905,-1.5353791923105895,-6.154705825642579,0.0
2016-08-02 15:19:27.130,-0.426,-0.918,-0.664,7.387137410748718,-3.1141291524315315,-4.689297709063728,0.0
2016-08-02 15:19:27.140,-0.441,-0.93,-0.621,13.715648426736013,-3.1173462574542152,-4.133960645252321,0.0
2016-08-02 15:19:27.150,-0.445,-0.953,-0.613,21.8116425578367,-2.2115800722644803,-2.530994596439883,0.0
2016-08-02 15:19:27.160,-0.441,-0.918,-0.645,29.291420146855415,-1.5823955895152113,-1.1904685582972858,0.0
2016-08-02 15:19:27.170,-0.445,-0.859,-0.68,30.790196612610526,-1.3851130835789522,-0.5940432016816125,0.0
2016-08-02 15:19:27.180,-0.426,-0.84,-0.711,27.300414323950818,-2.364496072115334,0.12620464930741496,0.0
2016-08-02 15:19:27.190,-0.41,-0.828,-0.723,25.216753639667218,-4.208748784523916,-0.6880881658993374,0.0
2016-08-02 15:19:27.200,-0.422,-0.824,-0.703,24.332291376591918,-5.669944355681563,-1.929448396163344,0.0
2016-08-02 15:19:27.210,-0.43,-0.832,-0.668,21.046211288969932,-6.850247496253552,-1.0502404954440199,0.0
2016-08-02 15:19:27.220,-0.438,-0.848,-0.625,18.50739660011322,-7.20776015345961,0.7864753340193136,0.0
2016-08-02 15:19:27.230,-0.445,-0.848,-0.598,18.02787939164552,-5.9733669837815775,3.4954972657714825,0.0
2016-08-02 15:19:27.240,-0.445,-0.844,-0.602,15.45860198966214,-4.63787050943689,7.745589461400893,0.0
2016-08-02 15:19:27.250,-0.434,-0.859,-0.633,11.482524502330438,-4.46611760142037,11.737355695114237,0.0
2016-08-02 15:19:27.260,-0.43,-0.859,-0.652,7.578333752441002,-5.46360780630173,14.732502979745579,0.0
2016-08-02 15:19:27.270,-0.422,-0.855,-0.66,1.4875792994934127,-7.698088861553439,17.481315131589227,0.0
2016-08-02 15:19:27.280,-0.41,-0.859,-0.656,-5.429753854653679,-10.229004277764219,19.94603332474406,0.0
2016-08-02 15:19:27.290,-0.41,-0.871,-0.621,-9.885246414978374,-12.112225436253087,21.757242050915927,0.0
2016-08-02 15:19:27.300,-0.414,-0.875,-0.594,-12.198819115427273,-13.845294500074615,23.118383153357524,0.0
2016-08-02 15:19:27.310,-0.422,-0.863,-0.578,-14.061649969111654,-15.629265663396133,24.629811146800776,0.0
2016-08-02 15:19:27.320,-0.422,-0.852,-0.574,-15.484779379859642,-17.29488737580541,26.330063421197703,0.0
2016-08-02 15:19:27.330,-0.434,-0.848,-0.582,-14.859854552814436,-19.153090432911306,27.507309983219002,0.0
2016-08-02 15:19:27.340,-0.438,-0.844,-0.594,-13.08170310785892,-21.28367335104855,28.217918056053605,0.0
2016-08-02 15:19:27.350,-0.449,-0.832,-0.602,-13.167188446365747,-23.668416694018678,29.267405230815037,0.0
2016-08-02 15:19:27.360,-0.453,-0.824,-0.633,-14.60452906638746,-26.63433735045549,30.24910753062946,0.0
2016-08-02 15:19:27.370,-0.461,-0.82,-0.652,-16.156215801090767,-30.166699256779683,30.565716990744086,0.0
2016-08-02 15:19:27.380,-0.469,-0.824,-0.656,-17.661782627352615,-33.487614389004015,31.027352477739072,0.0
2016-08-02 15:19:27.390,-0.48,-0.836,-0.645,-17.60786211506535,-35.89860613637999,31.81407608257424,0.0
2016-08-02 15:19:27.400,-0.488,-0.836,-0.609,-16.70951297176358,-37.201730463551854,32.21581287445254,0.0
2016-08-02 15:19:27.410,-0.496,-0.852,-0.566,-15.660536132414682,-37.29576954222391,32.31719577167618,0.0
2016-08-02 15:19:27.420,-0.5,-0.867,-0.539,-12.061483512309447,-36.31739722587698,31.851222629908243,0.0
2016-08-02 15:19:27.430,-0.504,-0.863,-0.535,-6.631223397957042,-35.1202675099681,30.63579210629814,0.0
2016-08-02 15:19:27.440,-0.496,-0.848,-0.559,-2.4743690741130147,-35.0272056893958,29.276956800069694,0.0
2016-08-02 15:19:27.450,-0.496,-0.832,-0.59,0.16682445021309028,-36.15859218082452,27.363060098245906,0.0
2016-08-02 15:19:27.460,-0.512,-0.813,-0.617,1.1253209975487504,-37.71012170079665,25.212231467170312,0.0
2016-08-02 15:19:27.470,-0.523,-0.797,-0.629,-0.7468108564449214,-39.96781926303449,24.4530052253638,0.0
2016-08-02 15:19:27.480,-0.539,-0.797,-0.605,-2.642818540033155,-42.475271474687254,25.385181592271614,0.0
2016-08-02 15:19:27.490,-0.555,-0.82,-0.582,-0.24571955367833742,-43.24160479519665,27.69122378480796,0.0
2016-08-02 15:19:27.500,-0.574,-0.836,-0.559,5.159366692099981,-42.16642948329944,30.321246230720863,0.0
2016-08-02 15:19:27.510,-0.574,-0.844,-0.539,9.921111458609737,-40.66700552792307,31.580080329416596,0.0
2016-08-02 15:19:27.520,-0.582,-0.84,-0.527,12.972234130592364,-39.09054206429697,31.969099795271923,0.0
2016-08-02 15:19:27.530,-0.582,-0.813,-0.52,14.081612538387462,-37.87295807800382,32.202588575672614,0.0
2016-08-02 15:19:27.540,-0.586,-0.785,-0.527,13.764065693002824,-37.57810125421051,31.168272156691547,0.0
2016-08-02 15:19:27.550,-0.598,-0.777,-0.527,13.679571103023644,-37.749003500934016,29.419915850521292,0.0
2016-08-02 15:19:27.560,-0.609,-0.777,-0.52,15.34697310141569,-38.415376728113806,28.921173351038775,0.0
2016-08-02 15:19:27.570,-0.617,-0.77,-0.512,18.620922719680856,-39.45412273267364,29.929995471518406,0.0
2016-08-02 15:19:27.580,-0.625,-0.762,-0.504,21.016130923692987,-39.60210728836704,32.02571316546091,0.0
2016-08-02 15:19:27.590,-0.629,-0.758,-0.477,21.421730437285916,-38.431684028230094,34.51288358260962,0.0
2016-08-02 15:19:27.600,-0.645,-0.758,-0.449,21.04261290023119,-36.93827286205693,36.37546845937453,0.0
2016-08-02 15:19:27.610,-0.648,-0.762,-0.449,20.063886004308372,-36.17107599900934,37.624324425249696,0.0
2016-08-02 15:19:27.620,-0.668,-0.75,-0.453,19.1167796835684,-36.087970851901495,38.394512326428966,0.0
2016-08-02 15:19:27.630,-0.68,-0.746,-0.469,18.55930346136227,-37.03474797920209,38.88757770631312,0.0
2016-08-02 15:19:27.640,-0.676,-0.75,-0.484,16.909797859347528,-39.26600689290803,39.30885448689072,0.0
2016-08-02 15:19:27.650,-0.66,-0.734,-0.477,15.264635792154461,-40.33477770550815,39.5840775593659,0.0
2016-08-02 15:19:27.660,-0.656,-0.691,-0.465,12.780515158165036,-39.61077119259423,40.70395766136256,0.0
2016-08-02 15:19:27.670,-0.664,-0.672,-0.457,5.5349788710584225,-40.18138864271309,42.30290810371148,0.0
2016-08-02 15:19:27.680,-0.68,-0.664,-0.445,-1.6886093845159604,-42.37879444504997,42.40043867216985,0.0
2016-08-02 15:19:27.690,-0.699,-0.699,-0.422,-1.760860607582558,-43.93259325089362,42.13205373180918,0.0
2016-08-02 15:19:27.700,-0.711,-0.715,-0.418,2.709916851162691,-44.38531014755349,43.3006643765293,0.0
2016-08-02 15:19:27.710,-0.715,-0.711,-0.422,5.766289383988901,-44.232154464073034,44.27790887583528,0.0
2016-08-02 15:19:27.720,-0.711,-0.68,-0.434,3.766457246550518,-43.849191513518264,44.61943451341369,0.0
2016-08-02 15:19:27.730,-0.711,-0.66,-0.434,-3.0518079505944824,-44.47636996510059,45.5351977121658,0.0
2016-08-02 15:19:27.740,-0.711,-0.656,-0.418,-10.391228570194126,-46.99500697339187,45.33472026965546,0.0
2016-08-02 15:19:27.750,-0.707,-0.637,-0.387,-15.38657859910429,-49.83323707823367,43.36737625170953,0.0
2016-08-02 15:19:27.760,-0.715,-0.637,-0.344,-17.182470459260994,-51.4030502104863,42.965071356463014,0.0
2016-08-02 15:19:27.770,-0.719,-0.656,-0.328,-14.572769879168172,-52.18549666527974,45.61264750972249,0.0
2016-08-02 15:19:27.780,-0.719,-0.676,-0.332,-8.139673545676906,-52.51452583207147,48.50042125283931,0.0
2016-08-02 15:19:27.790,-0.715,-0.68,-0.355,-1.3254220672855206,-52.275557920076324,49.90944839733591,0.0
2016-08-02 15:19:27.800,-0.723,-0.66,-0.426,0.7114267210413885,-51.833343378758926,51.85534347392242,0.0
2016-08-02 15:19:27.810,-0.75,-0.613,-0.492,-6.140135952261467,-52.94982216141644,55.21853157343062,0.0
2016-08-02 15:19:27.820,-0.77,-0.598,-0.496,-18.54598499075758,-57.91965749887984,58.268693964910824,0.0
2016-08-02 15:19:27.830,-0.777,-0.621,-0.43,-25.11338195488627,-63.732774147979114,60.30899635931424,0.0
2016-08-02 15:19:27.840,-0.773,-0.633,-0.316,-19.58035507993613,-64.97047518285699,61.58984493090374,0.0
2016-08-02 15:19:27.850,-0.758,-0.668,-0.262,-7.325699044515455,-62.71747398805216,62.7896333363385,0.0
2016-08-02 15:19:27.860,-0.738,-0.648,-0.207,6.269613515456315,-60.05333539586455,63.98476934061004,0.0
2016-08-02 15:19:27.870,-0.715,-0.59,-0.219,17.772568080599342,-57.125701291154414,63.482917446733694,0.0
2016-08-02 15:19:27.880,-0.719,-0.531,-0.316,18.95746193668884,-54.889708139036244,62.370293319642954,0.0
2016-08-02 15:19:27.890,-0.762,-0.496,-0.383,8.553633857570766,-56.40319340305898,62.38957836915824,0.0
2016-08-02 15:19:27.900,-0.793,-0.477,-0.402,-1.399161235471757,-62.65187974642727,61.8966070185174,0.0
2016-08-02 15:19:27.910,-0.801,-0.488,-0.406,-3.130475625578275,-68.52012493456498,61.50875771327863,0.0
2016-08-02 15:19:27.920,-0.801,-0.473,-0.379,-0.5175876895672968,-70.95965343428225,61.46051216810101,0.0
2016-08-02 15:19:27.930,-0.793,-0.461,-0.336,3.268772007233604,-72.73915877520596,59.73005616863322,0.0
2016-08-02 15:19:27.940,-0.789,-0.465,-0.25,7.857893404823843,-72.59134409104325,58.1622522279845,0.0
2016-08-02 15:19:27.950,-0.781,-0.434,-0.156,9.581007078417631,-69.56342847200243,57.03480260401895,0.0
2016-08-02 15:19:27.960,-0.766,-0.41,-0.121,8.04840007658271,-67.37395310763408,54.99045661744751,0.0
2016-08-02 15:19:27.970,-0.777,-0.43,-0.121,6.804705560104244,-65.86961613232185,54.109010602203185,0.0
2016-08-02 15:19:27.980,-0.781,-0.418,-0.117,6.721203952246274,-64.60229448415782,53.30341426548364,0.0
2016-08-02 15:19:27.990,-0.766,-0.395,-0.141,8.444755681350403,-64.69254695355856,51.1882177031582,0.0
2016-08-02 15:19:28.000,-0.797,-0.395,-0.215,9.740907741575032,-64.28933192850837,50.06873608359456,0.0
2016-08-02 15:19:28.010,-0.82,-0.359,-0.211,6.4993654137109775,-64.59457995548155,49.23335504967864,0.0
2016-08-02 15:19:28.020,-0.801,-0.305,-0.184,1.156879328907375,-66.36340226238103,48.68868208709576,0.0
2016-08-02 15:19:28.030,-0.797,-0.352,-0.207,-3.3326896718219223,-65.03207865751072,50.47261679172064,0.0
2016-08-02 15:19:28.040,-0.824,-0.379,-0.145,-7.293636615455763,-62.54721891519287,50.99073902000394,0.0
2016-08-02 15:19:28.050,-0.816,-0.371,-0.07,-9.220536511912693,-62.728940037007746,48.766881199222226,0.0
2016-08-02 15:19:28.060,-0.82,-0.379,-0.039,-10.108451568035411,-60.54251932487896,48.99381107475344,0.0
2016-08-02 15:19:28.070,-0.852,-0.41,-0.043,-12.887737556783366,-56.997444122472245,50.29724756487842,0.0
2016-08-02 15:19:28.080,-0.887,-0.391,-0.035,-15.249457131681476,-58.949537221621426,48.847333404381985,0.0
2016-08-02 15:19:28.090,-0.879,-0.406,-0.094,-15.268608566474995,-62.123776332850255,48.04185114278368,0.0
2016-08-02 15:19:28.100,-0.898,-0.395,-0.082,-16.661783345937348,-61.99589970094929,48.171053688221114,0.0
2016-08-02 15:19:28.110,-0.895,-0.34,-0.102,-19.88491231120847,-62.71682611973961,48.11939265339093,0.0
2016-08-02 15:19:28.120,-0.918,-0.344,-0.109,-22.40494870250149,-64.49926139563551,51.20913927957233,0.0
2016-08-02 15:19:28.130,-0.941,-0.348,-0.055,-25.863685467643805,-66.03017570168669,55.58308575012845,0.0
2016-08-02 15:19:28.140,-0.906,-0.316,0.027,-28.15746744135803,-68.39239959218268,58.387307519157794,0.0
2016-08-02 15:19:28.150,-0.859,-0.332,0.043,-25.468194292473484,-67.27477667306702,60.47693375619346,0.0
2016-08-02 15:19:28.160,-0.863,-0.332,0.074,-22.30928009998782,-63.17245215835008,59.299229810991974,0.0
2016-08-02 15:19:28.170,-0.82,-0.285,0.109,-22.24888126441676,-61.76115268176818,56.253566698032365,0.0
2016-08-02 15:19:28.180,-0.777,-0.285,0.074,-21.651354935575007,-58.8134891310889,56.135424560320025,0.0
2016-08-02 15:19:28.190,-0.785,-0.246,0.063,-19.64465852103823,-54.30425037052895,55.3894265964196,0.0
2016-08-02 15:19:28.200,-0.758,-0.227,0.035,-18.936463018333978,-53.33271664735394,53.62037101657373,0.0
2016-08-02 15:19:28.210,-0.777,-0.246,0.008,-18.212466635130152,-50.91684291205635,55.3532522513672,0.0
2016-08-02 15:19:28.220,-0.793,-0.223,0.027,-18.328662131319835,-48.340226486194595,56.46924680677566,0.0
2016-08-02 15:19:28.230,-0.77,-0.211,0.055,-22.45698673919363,-48.48267679386353,54.479006510072345,0.0
2016-08-02 15:19:28.240,-0.727,-0.234,0.09,-25.52619013494975,-43.645442244602755,50.33245580182855,0.0
2016-08-02 15:19:28.250,-0.699,-0.25,0.109,-22.78497539816519,-34.707454521537386,42.00130459568137,0.0
2016-08-02 15:19:28.260,-0.707,-0.254,0.078,-17.081226756179902,-26.296509315107777,33.97051569052488,0.0
2016-08-02 15:19:28.270,-0.754,-0.266,0.02,-10.99116391581582,-19.434085628205963,30.288521663685987,0.0
2016-08-02 15:19:28.280,-0.809,-0.234,0.008,-8.719266032311943,-18.590996514685777,28.57829404658752,0.0
2016-08-02 15:19:28.290,-0.828,-0.215,0.008,-14.134970761337463,-21.556335171280217,28.567569723100238,0.0
2016-08-02 15:19:28.300,-0.848,-0.258,0.008,-20.502729229994696,-22.02414641350658,28.03447547585042,0.0
2016-08-02 15:19:28.310,-0.863,-0.266,0.047,-20.708175467960665,-19.984672677039804,24.329389003743497,0.0
2016-08-02 15:19:28.320,-0.852,-0.258,0.07,-17.84760109442171,-15.923417877386557,20.49081986884878,0.0
2016-08-02 15:19:28.330,-0.836,-0.262,0.082,-14.260406608771927,-9.422182858258255,16.543406167495444,0.0
2016-08-02 15:19:28.340,-0.844,-0.246,0.055,-8.988974148566289,-2.6509833234587012,10.260617677968506,0.0
2016-08-02 15:19:28.350,-0.871,-0.23,0.02,-5.898925255530289,1.1111869566169226,4.728519780910144,0.0
2016-08-02 15:19:28.360,-0.895,-0.215,-0.004,-7.714964251986354,0.891838836407603,1.4460966643606352,0.0
2016-08-02 15:19:28.370,-0.918,-0.207,-0.004,-9.866560690474687,-0.5805611279233338,-0.6821953977042966,0.0
2016-08-02 15:19:28.380,-0.926,-0.207,0.02,-8.204486894758759,-1.3018298724171502,-0.7526606488526142,0.0
2016-08-02 15:19:28.390,-0.93,-0.199,0.055,-4.13101859255026,-1.3794622928192568,0.03323757194660553,0.0
2016-08-02 15:19:28.400,-0.938,-0.195,0.094,-1.1462596374805536,-0.41441413913240893,-0.4687628035893434,0.0
2016-08-02 15:19:28.410,-0.934,-0.191,0.105,-0.03841421414142071,1.4547440716402562,-2.419758841427667,0.0
2016-08-02 15:19:28.420,-0.949,-0.199,0.098,1.1902054830807463,3.768715604435367,-5.865268357720532,0.0
2016-08-02 15:19:28.430,-0.977,-0.211,0.078,2.9498233105180702,5.811593340782118,-9.2635977613985,0.0
2016-08-02 15:19:28.440,-0.996,-0.223,0.035,5.95757286765485,6.640657001679898,-10.298523285714305,0.0
2016-08-02 15:19:28.450,-1.027,-0.219,0.02,11.85882702378232,6.764570986041143,-8.925216225621508,0.0
2016-08-02 15:19:28.460,-1.035,-0.203,0.016,16.988886010318787,6.161985821730428,-6.087952464744521,0.0
2016-08-02 15:19:28.470,-1.031,-0.191,0.02,18.15348156521178,4.745586403669856,-3.382334228556548,0.0
2016-08-02 15:19:28.480,-1.031,-0.184,0.043,17.804201362513794,3.446513782950666,-2.272031995932033,0.0
2016-08-02 15:19:28.490,-1.023,-0.195,0.078,16.336275742341662,1.9108719961687717,-2.1211771070659546,0.0
2016-08-02 15:19:28.500,-1.012,-0.219,0.102,15.022191077162056,1.1138855746149727,-2.5611847932996405,0.0
2016-08-02 15:19:28.510,-1.0,-0.238,0.117,18.215102540147278,2.792222189178016,-3.6639286425276314,0.0
2016-08-02 15:19:28.520,-0.98,-0.23,0.102,23.63322368089037,5.2603759320315895,-4.453499260944753,0.0
2016-08-02 15:19:28.530,-0.977,-0.223,0.074,25.97083144300454,6.6049926753196715,-4.984025928568785,0.0
2016-08-02 15:19:28.540,-0.977,-0.215,0.059,25.271768323175834,6.442577546080003,-5.282393477831132,0.0
2016-08-02 15:19:28.550,-0.969,-0.211,0.055,23.3270983360579,5.155037308277719,-4.729617351416918,0.0
2016-08-02 15:19:28.560,-0.957,-0.215,0.051,21.088019309340908,4.292239162915473,-4.2107371975585135,0.0
2016-08-02 15:19:28.570,-0.941,-0.219,0.055,19.327962949610168,4.20639772421457,-4.2513979215997795,0.0
2016-08-02 15:19:28.580,-0.922,-0.227,0.066,18.328541701110623,4.884361735214155,-4.5397401865530655,0.0
2016-08-02 15:19:28.590,-0.918,-0.242,0.074,18.198531212187117,6.949911649129195,-5.505220262807029,0.0
2016-08-02 15:19:28.600,-0.914,-0.25,0.082,17.943940442999725,9.151530000673993,-6.851748950259328,0.0
2016-08-02 15:19:28.610,-0.902,-0.242,0.074,16.438243698352167,10.738910482153262,-8.035960962783674,0.0
2016-08-02 15:19:28.620,-0.914,-0.242,0.066,13.467264534835385,11.983530220263486,-9.667527306147967,0.0
2016-08-02 15:19:28.630,-0.918,-0.25,0.059,8.436688701194369,11.991304103815162,-11.576038737161518,0.0
2016-08-02 15:19:28.640,-0.914,-0.262,0.07,3.4266133921847377,12.110716443004133,-12.999253768404659,0.0
2016-08-02 15:19:28.650,-0.891,-0.27,0.074,1.984810322423143,14.484162489704069,-14.610161079630203,0.0
2016-08-02 15:19:28.660,-0.875,-0.27,0.074,2.8978183540478546,18.137671427453494,-16.96547327733715,0.0
2016-08-02 15:19:28.670,-0.855,-0.277,0.051,3.70961240908745,22.291407941669757,-19.25258983556208,0.0
2016-08-02 15:19:28.680,-0.859,-0.281,0.027,4.417911016061899,26.153853987522428,-20.929055543450357,0.0
2016-08-02 15:19:28.690,-0.875,-0.27,0.008,4.173377294294239,27.463697714951103,-22.04946180736903,0.0
2016-08-02 15:19:28.700,-0.879,-0.254,-0.004,1.627753171286292,27.064886454860847,-22.51222467798667,0.0
2016-08-02 15:19:28.710,-0.891,-0.262,0.0,-2.4691393015397334,26.959480985045417,-23.0008771588823,0.0
2016-08-02 15:19:28.720,-0.887,-0.277,0.031,-6.1211549282845095,26.435980501263437,-24.485988912393818,0.0
2016-08-02 15:19:28.730,-0.859,-0.277,0.066,-8.078982226133661,27.149723070087816,-26.650499736338922,0.0
2016-08-02 15:19:28.740,-0.816,-0.27,0.086,-8.017933031580277,31.88830157008423,-29.775675251085936,0.0
2016-08-02 15:19:28.750,-0.789,-0.27,0.07,-6.24154712574892,38.82604611344962,-34.51234442113735,0.0
2016-08-02 15:19:28.760,-0.797,-0.273,0.027,-4.5876664263151525,44.42522214965303,-39.03818376872181,0.0
2016-08-02 15:19:28.770,-0.809,-0.262,-0.012,-5.246487785405305,46.638504776468736,-41.15425087958153,0.0
2016-08-02 15:19:28.780,-0.816,-0.254,-0.047,-7.6910236466298185,45.72975750694032,-41.15781955477087,0.0
2016-08-02 15:19:28.790,-0.824,-0.238,-0.035,-9.99978868206039,43.24433130767774,-41.093937072795526,0.0
2016-08-02 15:19:28.800,-0.785,-0.227,-0.004,-11.383607351648022,41.83216089150554,-42.34130420469381,0.0
2016-08-02 15:19:28.810,-0.73,-0.223,0.02,-9.956325970676914,45.91169902275064,-44.48662648840016,0.0
2016-08-02 15:19:28.820,-0.715,-0.246,-0.023,-4.4883386899092175,53.94326153444623,-47.30649084946157,0.0
2016-08-02 15:19:28.830,-0.746,-0.246,-0.051,0.4404574725172166,58.903326087613436,-50.384597914561574,0.0
2016-08-02 15:19:28.840,-0.758,-0.234,-0.066,1.5121440672864614,60.41614455870324,-51.275192635840305,0.0
2016-08-02 15:19:28.850,-0.75,-0.246,-0.094,1.1393592642836803,62.607211867502585,-49.951165423111576,0.0
2016-08-02 15:19:28.860,-0.742,-0.25,-0.078,-1.0680363369178405,64.6776915466765,-51.340117370402226,0.0
2016-08-02 15:19:28.870,-0.723,-0.25,-0.047,-4.6438022286132465,65.21943275600704,-56.67052489880744,0.0
2016-08-02 15:19:28.880,-0.711,-0.289,-0.047,-4.854866426439956,67.37573580723985,-61.07041796044295,0.0
2016-08-02 15:19:28.890,-0.711,-0.324,-0.051,-2.2432305754394846,70.60071406420826,-63.96907783239361,0.0
2016-08-02 15:19:28.900,-0.711,-0.332,-0.086,1.0360730650703045,71.6612887044586,-66.98510208622314,0.0
2016-08-02 15:19:28.910,-0.73,-0.363,-0.16,4.545160797586641,72.73040873299576,-67.09140768906697,0.0
2016-08-02 15:19:28.920,-0.793,-0.379,-0.219,3.1503871493033624,72.32584900279096,-64.04419817388465,0.0
2016-08-02 15:19:28.930,-0.852,-0.395,-0.254,-4.654802190268924,66.24880449079785,-60.18726896808234,0.0
2016-08-02 15:19:28.940,-0.91,-0.414,-0.246,-12.689480429373804,59.13499639707159,-55.20852247837439,0.0
2016-08-02 15:19:28.950,-0.93,-0.445,-0.199,-17.51074139463423,54.891274375358,-50.319029219114796,0.0
2016-08-02 15:19:28.960,-0.914,-0.488,-0.156,-18.143507679851332,52.54184875064493,-47.36970729967557,0.0
2016-08-02 15:19:28.970,-0.914,-0.555,-0.176,-13.959772867916797,53.38337464068057,-46.60519039680326,0.0
2016-08-02 15:19:28.980,-0.926,-0.59,-0.242,-8.033941226952853,55.65614912164914,-48.28108209435598,0.0
2016-08-02 15:19:28.990,-0.973,-0.574,-0.32,-5.764450552070823,54.30723235288079,-50.274806502733206,0.0
2016-08-02 15:19:29.000,-1.02,-0.563,-0.359,-9.771773498827372,48.23799152165958,-48.30753138686463,0.0
2016-08-02 15:19:29.010,-1.027,-0.578,-0.367,-14.891688240082438,40.89289496031328,-42.569707749936754,0.0
2016-08-02 15:19:29.020,-1.023,-0.57,-0.32,-14.889292294171355,35.93932739935752,-38.136450521136524,0.0
2016-08-02 15:19:29.030,-1.008,-0.555,-0.23,-11.603139653176157,33.58858346974256,-36.576920457275094,0.0
2016-08-02 15:19:29.040,-0.969,-0.547,-0.152,-7.257358455619121,33.31425379772782,-35.12069704397289,0.0
2016-08-02 15:19:29.050,-0.93,-0.547,-0.141,0.3706785064748339,34.97932044760969,-32.618484990314954,0.0
2016-08-02 15:19:29.060,-0.91,-0.566,-0.172,10.1018539189368,37.323616377383445,-30.50548337672558,0.0
2016-08-02 15:19:29.070,-0.91,-0.523,-0.215,16.21940444339866,39.10884568491909,-30.359421987337093,0.0
2016-08-02 15:19:29.080,-0.902,-0.473,-0.273,13.925390893449846,38.54718981415999,-30.94265262293293,0.0
2016-08-02 15:19:29.090,-0.898,-0.457,-0.297,4.56370915159701,35.45243597316714,-30.637207047252918,0.0
2016-08-02 15:19:29.100,-0.879,-0.453,-0.277,-2.8954767162211184,32.80766522510468,-31.008096265908453,0.0
2016-08-02 15:19:29.110,-0.848,-0.453,-0.246,-3.0193814487803694,32.52214186240319,-32.30893215428443,0.0
2016-08-02 15:19:29.120,-0.832,-0.496,-0.234,-0.19896437167637032,34.204771137158545,-32.636520881192666,0.0
2016-08-02 15:19:29.130,-0.824,-0.496,-0.199,1.739205985133315,36.31802837086182,-31.9873158071023,0.0
2016-08-02 15:19:29.140,-0.813,-0.469,-0.203,2.24837072462939,37.74867825877772,-30.283190587281442,0.0
2016-08-02 15:19:29.150,-0.813,-0.496,-0.23,0.47732671051655823,39.358896705928125,-27.024247543549556,0.0
2016-08-02 15:19:29.160,-0.813,-0.516,-0.238,-1.5536599253866414,40.930340526915884,-24.72119088980091,0.0
2016-08-02 15:19:29.170,-0.785,-0.52,-0.25,-2.0130027724782464,41.5724373124181,-25.14997288928698,0.0
2016-08-02 15:19:29.180,-0.758,-0.504,-0.262,-3.815687466286661,42.932024871376996,-26.04670559293768,0.0
2016-08-02 15:19:29.190,-0.75,-0.492,-0.277,-7.651371775084662,44.72527083847082,-26.07741392899761,0.0
2016-08-02 15:19:29.200,-0.727,-0.488,-0.285,-10.886051293176347,45.17367396630482,-26.113830176676323,0.0
2016-08-02 15:19:29.210,-0.703,-0.488,-0.305,-13.251433713106156,46.09721995213644,-26.306863142982934,0.0
2016-08-02 15:19:29.220,-0.707,-0.504,-0.348,-13.282669736496594,47.809414771421764,-26.12621613393155,0.0
2016-08-02 15:19:29.230,-0.711,-0.527,-0.395,-11.366116891882896,47.42130621813754,-25.673011492626564,0.0
2016-08-02 15:19:29.240,-0.711,-0.563,-0.445,-12.405835282779607,44.17165464859323,-26.552498430505274,0.0
2016-08-02 15:19:29.250,-0.695,-0.59,-0.488,-15.493531462946835,39.658393786492056,-30.31050623109113,0.0
2016-08-02 15:19:29.260,-0.668,-0.578,-0.461,-17.82560509290625,37.11430633283451,-35.556232640970066,0.0
2016-08-02 15:19:29.270,-0.66,-0.555,-0.43,-21.667551218740353,38.21639354196073,-38.690837200802214,0.0
2016-08-02 15:19:29.280,-0.676,-0.563,-0.41,-27.810269945885313,39.20626022394712,-39.24240479840253,0.0
2016-08-02 15:19:29.290,-0.684,-0.598,-0.383,-32.775864602724994,37.70453009715749,-39.88799109820371,0.0
2016-08-02 15:19:29.300,-0.699,-0.625,-0.352,-31.190486439265598,36.93045511059468,-40.37087822985581,0.0
2016-08-02 15:19:29.310,-0.73,-0.652,-0.352,-22.867372740879773,37.46422078956769,-39.863135523368506,0.0
2016-08-02 15:19:29.320,-0.746,-0.672,-0.367,-13.402139143727563,36.73573398129339,-40.17725174551889,0.0
2016-08-02 15:19:29.330,-0.75,-0.66,-0.367,-4.560573325961564,35.75512435282516,-41.52781409958426,0.0
2016-08-02 15:19:29.340,-0.758,-0.641,-0.371,5.201187094909245,35.82266828886975,-42.762247041407306,0.0
2016-08-02 15:19:29.350,-0.75,-0.621,-0.383,14.810111653022277,35.90127484782841,-44.11444687986512,0.0
2016-08-02 15:19:29.360,-0.738,-0.609,-0.391,22.052947944988336,35.93642221690426,-46.058663190404125,0.0
2016-08-02 15:19:29.370,-0.727,-0.621,-0.414,27.59715511388643,35.705287061254715,-48.026494720750236,0.0
2016-08-02 15:19:29.380,-0.723,-0.641,-0.453,33.06522563058509,34.46731259152906,-49.52367654569285,0.0
2016-08-02 15:19:29.390,-0.738,-0.633,-0.434,37.52281983637762,32.69930536708957,-50.87936746806096,0.0
2016-08-02 15:19:29.400,-0.75,-0.609,-0.398,41.271897849774774,31.12949115171238,-51.11836522866823,0.0
2016-08-02 15:19:29.410,-0.754,-0.621,-0.383,46.647563258954996,31.205813137478025,-49.079877178982095,0.0
2016-08-02 15:19:29.420,-0.742,-0.648,-0.395,52.767427937333814,33.97195220861917,-46.75084369725909,0.0
2016-08-02 15:19:29.430,-0.715,-0.648,-0.414,56.24881817589806,37.40189955140882,-46.048839198539305,0.0
2016-08-02 15:19:29.440,-0.695,-0.656,-0.465,55.197501635915636,39.54649578004617,-45.61142647471467,0.0
2016-08-02 15:19:29.450,-0.684,-0.672,-0.508,49.672263132012446,40.81248996080506,-44.896836233006404,0.0
2016-08-02 15:19:29.460,-0.684,-0.668,-0.523,41.198234774023135,41.20936484841143,-44.90923005257879,0.0
2016-08-02 15:19:29.470,-0.672,-0.684,-0.504,31.7081861548895,40.98254151541883,-44.23440406915232,0.0
2016-08-02 15:19:29.480,-0.664,-0.711,-0.477,23.02761651672351,41.871290501607334,-42.21179149270489,0.0
2016-08-02 15:19:29.490,-0.656,-0.738,-0.449,17.704514610103075,43.65329639219532,-40.69966831237228,0.0
2016-08-02 15:19:29.500,-0.656,-0.766,-0.434,15.769603275939332,44.8773576416899,-39.97918778565575,0.0
2016-08-02 15:19:29.510,-0.641,-0.809,-0.453,13.615663092854824,46.10174632365743,-39.68331179965151,0.0
2016-08-02 15:19:29.520,-0.633,-0.797,-0.477,8.855016645862433,47.401973176787834,-39.73469835072963,0.0
2016-08-02 15:19:29.530,-0.629,-0.785,-0.504,0.888510523189362,47.80991902763608,-39.03318607544666,0.0
2016-08-02 15:19:29.540,-0.609,-0.77,-0.523,-10.502886581814792,47.4802900242319,-38.23351541715345,0.0
2016-08-02 15:19:29.550,-0.578,-0.766,-0.508,-22.34240432088778,46.92252771949965,-39.49090438235,0.0
2016-08-02 15:19:29.560,-0.559,-0.758,-0.453,-29.374992058028,46.52701112733205,-41.612284885678854,0.0
2016-08-02 15:19:29.570,-0.535,-0.766,-0.418,-30.25243341458674,46.50893740007929,-42.5977710737037,0.0
2016-08-02 15:19:29.580,-0.508,-0.781,-0.406,-28.07644150723418,47.05137709778202,-43.61217592298819,0.0
2016-08-02 15:19:29.590,-0.492,-0.766,-0.395,-25.376389468433292,48.12085444239872,-45.06823898367669,0.0
2016-08-02 15:19:29.600,-0.484,-0.762,-0.449,-23.295385526821022,48.309781434818134,-45.57221532818323,0.0
2016-08-02 15:19:29.610,-0.484,-0.742,-0.496,-24.590243787740814,47.0766743576426,-45.63485508178215,0.0
2016-08-02 15:19:29.620,-0.484,-0.746,-0.527,-29.845334807984678,45.170164933794396,-46.363516030185565,0.0
2016-08-02 15:19:29.630,-0.465,-0.762,-0.523,-33.84625885668209,42.65523858202266,-47.12082331901853,0.0
2016-08-02 15:19:29.640,-0.453,-0.789,-0.496,-32.20843643608093,40.55903748230641,-47.673327519491394,0.0
2016-08-02 15:19:29.650,-0.43,-0.824,-0.473,-25.16669242071581,39.48660568974942,-48.255538031869065,0.0
2016-08-02 15:19:29.660,-0.41,-0.844,-0.469,-15.047465490585417,38.58510434296152,-48.33213622108438,0.0
2016-08-02 15:19:29.670,-0.398,-0.852,-0.5,-4.604663936921135,38.0203848859492,-47.64812835995919,0.0
2016-08-02 15:19:29.680,-0.391,-0.852,-0.535,3.6352911808107353,37.155893303594766,-46.61947050725046,0.0
2016-08-02 15:19:29.690,-0.371,-0.852,-0.582,8.682378979767297,34.81015113472987,-46.00015506917646,0.0
2016-08-02 15:19:29.700,-0.371,-0.867,-0.609,12.051323812305645,32.1559217204638,-45.853573508286274,0.0
2016-08-02 15:19:29.710,-0.367,-0.883,-0.633,15.52239551118182,29.84352569922799,-45.709567570324054,0.0
2016-08-02 15:19:29.720,-0.363,-0.902,-0.664,18.670670252600218,26.817018140992758,-45.76143957500826,0.0
2016-08-02 15:19:29.730,-0.371,-0.914,-0.676,20.37728390595754,23.342981286406143,-46.03230003435315,0.0
2016-08-02 15:19:29.740,-0.375,-0.945,-0.695,22.13165059646247,19.87813390597468,-45.806607340925986,0.0
2016-08-02 15:19:29.750,-0.367,-0.992,-0.746,25.176644150794722,15.978429312836083,-44.87682335690624,0.0
2016-08-02 15:19:29.760,-0.391,-1.016,-0.738,27.2771133704126,12.214224756157062,-43.61520156048524,0.0
2016-08-02 15:19:29.770,-0.418,-1.047,-0.734,28.343076342655728,8.855209547543591,-41.42477766125682,0.0
2016-08-02 15:19:29.780,-0.422,-1.074,-0.719,30.248050501296646,5.754290486716256,-37.7633438484778,0.0
2016-08-02 15:19:29.790,-0.422,-1.086,-0.684,31.6401467082255,4.287414460337155,-33.222066607896274,0.0
2016-08-02 15:19:29.800,-0.426,-1.098,-0.668,32.26466708251835,4.391759013425293,-28.009942003487232,0.0
2016-08-02 15:19:29.810,-0.422,-1.094,-0.672,33.24453551973946,4.545556652276179,-22.546299707310805,0.0
2016-08-02 15:19:29.820,-0.441,-1.055,-0.664,31.972323348514525,5.151390120925411,-17.442827100908794,0.0
2016-08-02 15:19:29.830,-0.438,-1.027,-0.648,27.16784963432533,6.250316647213767,-12.251247438361982,0.0
2016-08-02 15:19:29.840,-0.422,-1.004,-0.648,22.382296859484523,7.0144725297277795,-7.214124450794591,0.0
2016-08-02 15:19:29.850,-0.414,-0.977,-0.656,19.035055348318803,7.60390896020654,-3.1354630751938863,0.0
2016-08-02 15:19:29.860,-0.398,-0.945,-0.652,14.043664836332757,7.56243944200882,0.4784903814815803,0.0
2016-08-02 15:19:29.870,-0.391,-0.93,-0.625,5.9915032358938864,6.724353595592407,4.297484296019817,0.0
2016-08-02 15:19:29.880,-0.379,-0.922,-0.586,-2.141793522746836,6.572937701756404,8.846511809083973,0.0
2016-08-02 15:19:29.890,-0.379,-0.922,-0.551,-7.8090049282180996,7.854969169184152,14.588636591311058,0.0
2016-08-02 15:19:29.900,-0.363,-0.926,-0.535,-12.25874098435709,9.536968533618001,20.487750234992145,0.0
2016-08-02 15:19:29.910,-0.352,-0.934,-0.523,-16.60196716905467,10.305877367697544,25.409026453985753,0.0
2016-08-02 15:19:29.920,-0.336,-0.941,-0.539,-19.85312710769895,9.31867135672274,29.687282076898192,0.0
2016-08-02 15:19:29.930,-0.316,-0.953,-0.574,-22.841487876282866,6.067583316859797,33.26528009075591,0.0
2016-08-02 15:19:29.940,-0.313,-0.934,-0.605,-27.24204759210702,1.2406632930146042,35.762074957876536,0.0
2016-08-02 15:19:29.950,-0.324,-0.922,-0.641,-32.73467277823015,-4.313216985323683,38.0925874295822,0.0
2016-08-02 15:19:29.960,-0.336,-0.922,-0.664,-39.09026659119486,-10.864050672776862,40.299963707060236,0.0
2016-08-02 15:19:29.970,-0.344,-0.926,-0.668,-44.95847436963789,-17.48256817040414,41.60721284337121,0.0
2016-08-02 15:19:29.980,-0.34,-0.945,-0.656,-47.28273893386347,-22.92324803368465,42.9502277329592,0.0
2016-08-02 15:19:29.990,-0.344,-0.961,-0.625,-45.442288937019086,-27.73985621715424,44.600303518876764,0.0
2016-08-02 15:19:30.000,-0.363,-0.98,-0.59,-40.09086172729193,-31.837199527950776,46.08390571965756,0.0
2016-08-02 15:19:30.010,-0.363,-0.984,-0.57,-31.619028817110575,-34.8114136979909,47.69022760009404,0.0
2016-08-02 15:19:30.020,-0.375,-0.953,-0.574,-22.559153785782506,-37.54739349326532,48.60999347696016,0.0
2016-08-02 15:19:30.030,-0.395,-0.918,-0.594,-15.7817079586711,-40.351284981481385,48.609108448012655,0.0
2016-08-02 15:19:30.040,-0.41,-0.887,-0.617,-11.714529763728189,-43.00992230944825,48.47921664693067,0.0
2016-08-02 15:19:30.050,-0.422,-0.867,-0.621,-8.886108956857226,-45.540341185950936,48.015533471329086,0.0
2016-08-02 15:19:30.060,-0.441,-0.863,-0.605,-4.889398794428725,-47.803882445219585,47.66304537417422,0.0
2016-08-02 15:19:30.070,-0.453,-0.867,-0.602,1.3649872523360087,-49.63943888384589,48.19866441308433,0.0
2016-08-02 15:19:30.080,-0.461,-0.863,-0.602,7.743971474794696,-50.20732705468705,49.16793737386035,0.0
2016-08-02 15:19:30.090,-0.469,-0.828,-0.602,11.567615553151136,-49.36614517792443,50.009499267394126,0.0
2016-08-02 15:19:30.100,-0.488,-0.809,-0.598,13.221328242746418,-48.95153527411111,50.328727231870765,0.0
2016-08-02 15:19:30.110,-0.496,-0.793,-0.578,14.60279283432645,-49.168066929864274,49.84051269163383,0.0
2016-08-02 15:19:30.120,-0.504,-0.781,-0.547,16.188826859582925,-48.258646920807685,48.82755724214247,0.0
2016-08-02 15:19:30.130,-0.512,-0.789,-0.523,18.64328261623706,-46.515262326518624,48.015062327943525,0.0
2016-08-02 15:19:30.140,-0.52,-0.789,-0.508,22.980928458463048,-45.19601557280394,47.73591068512203,0.0
2016-08-02 15:19:30.150,-0.523,-0.77,-0.535,26.856461611772282,-44.4692651300567,47.58693254554164,0.0
2016-08-02 15:19:30.160,-0.531,-0.73,-0.586,26.064115729367224,-44.811599825864675,47.420614436028806,0.0
2016-08-02 15:19:30.170,-0.543,-0.688,-0.637,19.33690514034404,-47.03196204937364,47.144426252333204,0.0
2016-08-02 15:19:30.180,-0.547,-0.672,-0.633,9.0030028113876,-50.57070999559491,46.13551651772872,0.0
2016-08-02 15:19:30.190,-0.559,-0.688,-0.57,0.23096351313458796,-53.48460690989629,44.38190711087673,0.0
2016-08-02 15:19:30.200,-0.574,-0.727,-0.492,-1.7000717303456523,-54.63959518554583,43.30771459597699,0.0
2016-08-02 15:19:30.210,-0.594,-0.766,-0.414,3.836164298109027,-53.91576853466371,43.4716037156453,0.0
2016-08-02 15:19:30.220,-0.598,-0.793,-0.367,13.232171574162098,-51.612234755266776,43.61129894670966,0.0
2016-08-02 15:19:30.230,-0.59,-0.785,-0.371,21.914607667479494,-48.798845282627035,43.635106204026656,0.0
2016-08-02 15:19:30.240,-0.598,-0.734,-0.414,25.009008880806473,-46.50018709645967,43.85904133768094,0.0
2016-08-02 15:19:30.250,-0.621,-0.672,-0.449,19.88532164533621,-46.29674136957247,43.0942702023249,0.0
2016-08-02 15:19:30.260,-0.625,-0.637,-0.461,9.380046311192418,-48.498045475517,40.9112239724199,0.0
2016-08-02 15:19:30.270,-0.637,-0.637,-0.465,-0.9799354081934293,-50.56200312257176,38.968269828790845,0.0
2016-08-02 15:19:30.280,-0.652,-0.68,-0.457,-7.003746729006828,-52.216427547267855,38.31597326057736,0.0
2016-08-02 15:19:30.290,-0.648,-0.707,-0.422,-7.274959856195675,-54.003441464514694,38.278204835197165,0.0
2016-08-02 15:19:30.300,-0.656,-0.707,-0.383,-4.356592534073193,-53.04620777242768,40.159440508925165,0.0
2016-08-02 15:19:30.310,-0.664,-0.723,-0.375,-2.6001298576260727,-49.714291480705825,44.32363851195274,0.0
2016-08-02 15:19:30.320,-0.676,-0.727,-0.344,-2.287960855755241,-48.19998515462811,45.84097024692538,0.0
2016-08-02 15:19:30.330,-0.699,-0.746,-0.336,0.1272895943670156,-48.36461168366334,43.72646784039468,0.0
2016-08-02 15:19:30.340,-0.723,-0.766,-0.363,3.1334365590396636,-47.80797624688206,43.18639375307485,0.0
2016-08-02 15:19:30.350,-0.742,-0.754,-0.348,1.8882350431112007,-46.87080973836356,44.654109117364776,0.0
2016-08-02 15:19:30.360,-0.758,-0.727,-0.34,-0.8485269848023034,-45.171521254295016,47.24153140442391,0.0
2016-08-02 15:19:30.370,-0.785,-0.734,-0.344,-2.0993814737282874,-41.29112645573443,52.823271828647655,0.0
2016-08-02 15:19:30.380,-0.797,-0.734,-0.313,-5.313593701160066,-38.265173860865715,56.9644821989693,0.0
2016-08-02 15:19:30.390,-0.801,-0.719,-0.289,-8.109005999435336,-39.39758967690799,54.969844192222396,0.0
2016-08-02 15:19:30.400,-0.816,-0.668,-0.266,-5.713416903872245,-42.46294419646405,49.918670450845184,0.0
2016-08-02 15:19:30.410,-0.836,-0.656,-0.234,-2.0215795063583566,-45.81626714174907,45.659243744603906,0.0
2016-08-02 15:19:30.420,-0.816,-0.656,-0.219,0.809875042202834,-49.24883679991506,44.33015358417155,0.0
2016-08-02 15:19:30.430,-0.793,-0.625,-0.199,6.675975270337057,-50.280857795152,44.884698102920304,0.0
2016-08-02 15:19:30.440,-0.785,-0.609,-0.215,13.801243634106275,-48.962658472367735,45.29973040562512,0.0
2016-08-02 15:19:30.450,-0.793,-0.586,-0.27,15.58099220824548,-48.16785344191943,46.47227149029913,0.0
2016-08-02 15:19:30.460,-0.816,-0.551,-0.332,11.347585128029538,-49.79814418040728,46.82544490298625,0.0
2016-08-02 15:19:30.470,-0.844,-0.547,-0.395,4.245705895831791,-54.409399321001096,46.21280444947644,0.0
2016-08-02 15:19:30.480,-0.867,-0.539,-0.395,-4.644509931188156,-60.06384682022052,47.73852434181282,0.0
2016-08-02 15:19:30.490,-0.867,-0.543,-0.332,-11.7318566505861,-64.4588786625767,49.93159969344244,0.0
2016-08-02 15:19:30.500,-0.848,-0.574,-0.266,-12.898797696671894,-65.90545334691993,51.56879980456261,0.0
2016-08-02 15:19:30.510,-0.813,-0.602,-0.199,-9.650869481698203,-63.17384352943666,53.240395323367515,0.0
2016-08-02 15:19:30.520,-0.797,-0.602,-0.191,-4.159765151547549,-59.19219433380603,54.03863874948537,0.0
2016-08-02 15:19:30.530,-0.824,-0.625,-0.246,0.8042008578153602,-57.74065932907857,55.760969288560766,0.0
2016-08-02 15:19:30.540,-0.867,-0.59,-0.254,1.3633924866113214,-59.80674023878795,59.17224626164598,0.0
2016-08-02 15:19:30.550,-0.875,-0.559,-0.266,0.5584267090107908,-64.14794881370925,62.88784632197661,0.0
2016-08-02 15:19:30.560,-0.871,-0.559,-0.27,0.7068886117997892,-66.52708974070163,68.01101328243331,0.0
2016-08-02 15:19:30.570,-0.844,-0.539,-0.254,-0.6446252396173378,-66.2808097290851,72.55510782644028,0.0
2016-08-02 15:19:30.580,-0.809,-0.527,-0.242,0.7952352471716133,-65.79338049848133,73.46590361310045,0.0
2016-08-02 15:19:30.590,-0.789,-0.477,-0.199,4.836610742571261,-63.944094745396455,72.46757959745074,0.0
2016-08-02 15:19:30.600,-0.773,-0.438,-0.18,3.2978317774906185,-61.75987308489812,70.60136624377216,0.0
2016-08-02 15:19:30.610,-0.785,-0.438,-0.168,-1.6659555455112784,-61.7186423317494,68.62212574998327,0.0
2016-08-02 15:19:30.620,-0.793,-0.418,-0.129,-3.7754799873299585,-63.77113514639204,67.3136363518822,0.0
2016-08-02 15:19:30.630,-0.762,-0.414,-0.105,0.9947102538216241,-65.41357899260042,66.3846824194341,0.0
2016-08-02 15:19:30.640,-0.73,-0.438,-0.152,12.48357547081411,-62.30202150714983,67.13393978299457,0.0
2016-08-02 15:19:30.650,-0.734,-0.352,-0.176,17.05591127960625,-58.92474439971815,67.10325707142302,0.0
2016-08-02 15:19:30.660,-0.734,-0.301,-0.203,9.039613560067641,-61.580627109759874,65.60229715615964,0.0
2016-08-02 15:19:30.670,-0.734,-0.281,-0.199,-2.051068612167975,-64.88187993442884,67.00036737864212,0.0
2016-08-02 15:19:30.680,-0.703,-0.277,-0.168,-11.47164652331331,-65.86489447207548,67.03026334862207,0.0
2016-08-02 15:19:30.690,-0.707,-0.348,-0.164,-14.279404491020543,-65.56948667181317,62.13028965201383,0.0
2016-08-02 15:19:30.700,-0.723,-0.344,-0.098,-10.74741880559203,-63.21327836202016,58.36501424670556,0.0
2016-08-02 15:19:30.710,-0.684,-0.293,-0.063,-8.867314644739281,-60.67910704947235,57.22850262968811,0.0
2016-08-02 15:19:30.720,-0.676,-0.32,-0.066,-7.94365797602009,-55.89840575100574,55.883135343590126,0.0
2016-08-02 15:19:30.730,-0.723,-0.32,-0.047,-7.506812545799566,-50.58916916612753,53.13711723522626,0.0
2016-08-02 15:19:30.740,-0.73,-0.285,-0.012,-9.962572298334779,-50.731770669136566,50.757620590717394,0.0
2016-08-02 15:19:30.750,-0.715,-0.281,-0.008,-12.986150562553375,-49.70331013491581,51.036604475234945,0.0
2016-08-02 15:19:30.760,-0.73,-0.313,-0.02,-14.58232826219642,-43.768121408366554,48.96450803204652,0.0
2016-08-02 15:19:30.770,-0.77,-0.332,-0.039,-11.920543350854558,-38.96844385992419,43.96227340693927,0.0
2016-08-02 15:19:30.780,-0.805,-0.305,-0.047,-5.924129473622705,-35.77072012494053,43.69837877130197,0.0
2016-08-02 15:19:30.790,-0.805,-0.25,-0.031,-3.9822242253481406,-33.8821362398702,45.55910576787493,0.0
2016-08-02 15:19:30.800,-0.828,-0.23,-0.023,-7.4605118075621935,-33.50064342288627,43.25168122051936,0.0
2016-08-02 15:19:30.810,-0.863,-0.234,0.047,-13.197341100032542,-33.884880155932876,39.69875043871807,0.0
2016-08-02 15:19:30.820,-0.836,-0.262,0.105,-18.79924436198893,-35.1955644153879,36.918281587837704,0.0
2016-08-02 15:19:30.830,-0.82,-0.305,0.148,-18.780698192456775,-32.94221102905635,32.11779726636447,0.0
2016-08-02 15:19:30.840,-0.824,-0.313,0.164,-12.637550582233088,-26.599952084880282,25.768767850177163,0.0
2016-08-02 15:19:30.850,-0.836,-0.309,0.098,-5.692964740252381,-20.22874508044357,22.148673883013554,0.0
2016-08-02 15:19:30.860,-0.879,-0.281,0.043,-0.3824394597735049,-14.840807133059112,21.91206046866195,0.0
2016-08-02 15:19:30.870,-0.887,-0.211,-0.008,-0.11703183270095407,-13.408609723717493,22.475721616505336,0.0
2016-08-02 15:19:30.880,-0.926,-0.199,-0.035,-5.576000118671539,-15.829306684647019,23.457343373815966,0.0
2016-08-02 15:19:30.890,-0.957,-0.207,0.016,-11.689212639492721,-20.66516621464665,24.579410040879864,0.0
2016-08-02 15:19:30.900,-0.914,-0.254,0.066,-13.19142836266033,-25.543879893285304,26.42034573663983,0.0
2016-08-02 15:19:30.910,-0.918,-0.305,0.098,-4.7807082886080625,-23.778729449218297,29.295310422671896,0.0
2016-08-02 15:19:30.920,-0.949,-0.297,0.105,8.266508996923271,-20.25465539185005,31.3954571441537,0.0
2016-08-02 15:19:30.930,-0.961,-0.242,0.09,13.50899238164461,-21.7954951638732,34.295173937172365,0.0
2016-08-02 15:19:30.940,-0.941,-0.207,0.09,11.098435088033312,-23.698833271330138,36.0525641048805,0.0
2016-08-02 15:19:30.950,-0.941,-0.203,0.082,6.749246913528041,-24.11596793543994,32.324596215529965,0.0
2016-08-02 15:19:30.960,-0.973,-0.23,0.082,3.1018128807209924,-24.79120612169923,28.79169995393228,0.0
2016-08-02 15:19:30.970,-0.98,-0.254,0.094,4.118551183926266,-26.02559509811286,29.70206849694999,0.0
2016-08-02 15:19:30.980,-0.969,-0.242,0.121,9.969317588825295,-26.610475516053654,31.088989741007573,0.0
2016-08-02 15:19:30.990,-0.941,-0.227,0.113,15.971809870657648,-23.523166346927624,31.45970822557804,0.0
2016-08-02 15:19:31.000,-0.949,-0.207,0.078,19.59419902855172,-17.562457824930277,30.836085892639726,0.0
2016-08-02 15:19:31.010,-0.949,-0.168,0.07,18.466045377555346,-13.0353154212545,28.01260782531273,0.0
2016-08-02 15:19:31.020,-0.898,-0.137,0.047,10.885078675566538,-9.80061287023258,23.123050839455253,0.0
2016-08-02 15:19:31.030,-0.875,-0.168,0.027,5.106484642287356,-4.446522185263074,16.186225350368854,0.0
2016-08-02 15:19:31.040,-0.918,-0.203,0.012,8.287109983810108,0.9977788123918674,9.752710023588689,0.0
2016-08-02 15:19:31.050,-0.941,-0.234,-0.02,12.53901081328707,2.18052319790647,8.342755301272112,0.0
2016-08-02 15:19:31.060,-0.926,-0.211,-0.016,11.38425131300042,0.42252320324975845,9.502367840003036,0.0
2016-08-02 15:19:31.070,-0.906,-0.168,0.004,6.858418060237175,-1.0008261881102134,8.535751818800383,0.0
2016-08-02 15:19:31.080,-0.898,-0.18,0.039,0.42853867147758795,-1.2762531173029619,6.184011553044721,0.0
2016-08-02 15:19:31.090,-0.898,-0.227,0.066,-2.1243683371294293,0.5903071356251204,3.4612895594756776,0.0
2016-08-02 15:19:31.100,-0.906,-0.258,0.051,3.3569686433384116,4.818153296752213,0.2408317746698424,0.0
2016-08-02 15:19:31.110,-0.945,-0.266,0.023,9.41619589411237,7.672058904392453,-2.724060292009569,0.0
2016-08-02 15:19:31.120,-0.984,-0.23,-0.008,9.91549431239937,6.4284106261244816,-3.943004592058746,0.0
2016-08-02 15:19:31.130,-0.996,-0.199,-0.023,5.98485718023808,2.954182557177572,-3.2368334408752446,0.0
2016-08-02 15:19:31.140,-0.984,-0.18,0.0,-0.2875351068627421,0.02146178892191518,-3.5131239360003486,0.0
2016-08-02 15:19:31.150,-0.992,-0.176,0.035,-5.559199105143503,-0.7766726926796443,-4.844651602576361,0.0
2016-08-02 15:19:31.160,-0.973,-0.188,0.07,-6.643986891305555,0.5490189106013577,-4.633941457550196,0.0
2016-08-02 15:19:31.170,-0.961,-0.199,0.078,-2.8122316078351752,3.507186398212616,-4.615139113757444,0.0
2016-08-02 15:19:31.180,-0.98,-0.199,0.07,3.2510154376295874,6.639511634119595,-5.827531995225972,0.0
2016-08-02 15:19:31.190,-0.996,-0.18,0.043,6.175077963366173,7.21627778464143,-5.528316376666547,0.0
2016-08-02 15:19:31.200,-0.996,-0.168,0.035,5.254274259153688,5.941566459205357,-3.989336209998479,0.0
2016-08-02 15:19:31.210,-0.996,-0.148,0.027,3.8092987921942596,4.9774415703291055,-3.260246346808012,0.0
2016-08-02 15:19:31.220,-1.0,-0.148,0.039,1.844570956455849,4.018972043437441,-2.9244541405202065,0.0
2016-08-02 15:19:31.230,-0.992,-0.164,0.063,-0.14776230384529707,3.125055090460174,-2.510951735276863,0.0
2016-08-02 15:19:31.240,-0.977,-0.176,0.078,0.4747385200248295,3.0713427908085333,-2.6638745969238595,0.0
2016-08-02 15:19:31.250,-0.977,-0.188,0.082,2.411228808518388,3.925999973619591,-3.6737040948110984,0.0
2016-08-02 15:19:31.260,-0.977,-0.199,0.074,3.35545268739459,4.8730215860669635,-4.841889753417712,0.0
2016-08-02 15:19:31.270,-0.969,-0.195,0.066,3.9090408921059616,5.112942953483309,-5.3580185010683685,0.0
2016-08-02 15:19:31.280,-0.961,-0.195,0.059,3.5393299512112177,4.933699789719942,-5.935308946568547,0.0
2016-08-02 15:19:31.290,-0.949,-0.203,0.055,1.3127384199592989,4.687851421168614,-7.291230423378777,0.0
2016-08-02 15:19:31.300,-0.934,-0.207,0.055,-0.2870007376580912,5.013338034742699,-8.793237034320448,0.0
2016-08-02 15:19:31.310,-0.906,-0.223,0.066,1.0503612112536649,6.8679138773129065,-10.655977640782027,0.0
2016-08-02 15:19:31.320,-0.879,-0.238,0.07,4.333273369932197,10.380190368631268,-13.70380740066095,0.0
2016-08-02 15:19:31.330,-0.859,-0.242,0.055,7.880384316584213,15.303478311100804,-17.511013666404807,0.0
2016-08-02 15:19:31.340,-0.867,-0.234,0.02,9.850764458216986,19.768441098495842,-21.38664976442879,0.0
2016-08-02 15:19:31.350,-0.898,-0.23,-0.008,7.6501681990822625,20.687234028487904,-24.62681832763572,0.0
2016-08-02 15:19:31.360,-0.91,-0.223,-0.023,1.6988591418474055,18.59524571454286,-25.932484557814227,0.0
2016-08-02 15:19:31.370,-0.91,-0.234,-0.027,-2.972421981639357,17.313189553056514,-25.734195130250903,0.0
2016-08-02 15:19:31.380,-0.902,-0.246,-0.02,-3.5693157064218584,18.520230741667575,-26.2806189958388,0.0
2016-08-02 15:19:31.390,-0.902,-0.254,-0.016,-2.6496060421783687,20.968498310364517,-27.872306387577048,0.0
2016-08-02 15:19:31.400,-0.902,-0.27,-0.031,-2.414913530390143,23.65995363874541,-29.143692734313106,0.0
2016-08-02 15:19:31.410,-0.926,-0.262,-0.035,-3.5637414551692634,25.035068612912337,-30.29674673438744,0.0
2016-08-02 15:19:31.420,-0.926,-0.227,-0.016,-7.401138071148544,22.417314510889653,-32.06948215034237,0.0
2016-08-02 15:19:31.430,-0.887,-0.215,0.0,-14.684187720723454,18.81238490241355,-33.2131950521703,0.0
2016-08-02 15:19:31.440,-0.871,-0.262,0.031,-21.431148631111718,20.402564107845087,-32.93817759918666,0.0
2016-08-02 15:19:31.450,-0.855,-0.305,0.074,-19.737241754598497,25.600251755680496,-33.35155589884209,0.0
2016-08-02 15:19:31.460,-0.809,-0.305,0.098,-11.550635832341278,31.071934067319717,-35.978234633304126,0.0
2016-08-02 15:19:31.470,-0.754,-0.266,0.09,-6.976764292535277,38.164394008457855,-39.96191819703194,0.0
2016-08-02 15:19:31.480,-0.727,-0.223,0.063,-6.955979189949703,45.42980126527569,-45.187268821106265,0.0
2016-08-02 15:19:31.490,-0.723,-0.223,0.012,-7.840458977518509,50.43600815209055,-50.750937149952385,0.0
2016-08-02 15:19:31.500,-0.773,-0.25,-0.059,-8.813083986712382,53.47521734824972,-53.22215094325621,0.0
2016-08-02 15:19:31.510,-0.82,-0.262,-0.098,-8.079324696842672,52.39377106502583,-52.26911673218581,0.0
2016-08-02 15:19:31.520,-0.82,-0.254,-0.113,-5.597307186947168,47.724078061917254,-50.142574740007504,0.0
2016-08-02 15:19:31.530,-0.793,-0.254,-0.102,-3.3366614688455654,46.49764537685199,-47.5463423420913,0.0
2016-08-02 15:19:31.540,-0.773,-0.258,-0.07,-1.9628685567303032,49.99948331880245,-46.960959949515825,0.0
2016-08-02 15:19:31.550,-0.77,-0.277,-0.063,-2.614064698367536,53.21670267664125,-50.59695563737653,0.0
2016-08-02 15:19:31.560,-0.781,-0.285,-0.039,-7.637013462433889,54.78366511578704,-55.66003951994395,0.0
2016-08-02 15:19:31.570,-0.773,-0.289,-0.016,-14.531927411082115,54.869787696816815,-58.76519450618296,0.0
2016-08-02 15:19:31.580,-0.773,-0.34,-0.039,-15.207125311851636,54.911195856894224,-58.92621803842965,0.0
2016-08-02 15:19:31.590,-0.805,-0.395,-0.082,-6.751884198220126,57.17815315292884,-56.807182312340004,0.0
2016-08-02 15:19:31.600,-0.828,-0.395,-0.121,6.423632021868638,58.800165217214115,-53.90433620685247,0.0
2016-08-02 15:19:31.610,-0.828,-0.371,-0.191,17.53860563845048,58.444785666134706,-50.261195287012065,0.0
2016-08-02 15:19:31.620,-0.871,-0.355,-0.25,18.786181418004674,57.54714536996907,-47.35243138490712,0.0
2016-08-02 15:19:31.630,-0.91,-0.332,-0.23,9.002728105891263,52.66907838238848,-47.729878264868184,0.0
2016-08-02 15:19:31.640,-0.879,-0.344,-0.168,-2.591209094874409,45.99084344679313,-48.69829824826064,0.0
2016-08-02 15:19:31.650,-0.84,-0.391,-0.09,-7.614022466277577,45.5123732273789,-48.365818131110984,0.0
2016-08-02 15:19:31.660,-0.809,-0.441,-0.023,-4.4653729207390365,48.97710930946138,-49.658175430434916,0.0
2016-08-02 15:19:31.670,-0.789,-0.504,-0.066,6.317313132984066,52.40942928142179,-51.152226170428875,0.0
2016-08-02 15:19:31.680,-0.844,-0.531,-0.16,19.64805264900399,56.351146942289645,-50.48899570230107,0.0
2016-08-02 15:19:31.690,-0.934,-0.465,-0.227,25.336882226334836,54.66388686623349,-49.29297112104325,0.0
2016-08-02 15:19:31.700,-0.98,-0.434,-0.313,19.234085153470406,45.60162047574635,-45.29476250063543,0.0
2016-08-02 15:19:31.710,-1.031,-0.469,-0.352,5.490525091073329,37.15463337949838,-38.799699804381234,0.0
2016-08-02 15:19:31.720,-1.043,-0.496,-0.277,-8.063489490166589,30.070401410103024,-36.28914771988852,0.0
2016-08-02 15:19:31.730,-0.977,-0.508,-0.152,-11.993113673175554,25.003985438610233,-36.794290265399866,0.0
2016-08-02 15:19:31.740,-0.883,-0.52,-0.031,-5.666589935269434,27.767296833400877,-37.61142246340957,0.0
2016-08-02 15:19:31.750,-0.773,-0.5,0.031,4.03348051451512,34.823149565095406,-41.395611829348624,0.0
2016-08-02 15:19:31.760,-0.727,-0.496,-0.023,14.613617389996053,41.11425356070522,-46.40987849246419,0.0
2016-08-02 15:19:31.770,-0.781,-0.512,-0.105,21.119198859504074,45.62238663928723,-49.83175122259685,0.0
2016-08-02 15:19:31.780,-0.828,-0.457,-0.168,18.28120412778915,44.85914528874042,-51.27853849052791,0.0
2016-08-02 15:19:31.790,-0.816,-0.375,-0.195,10.441108795027244,40.874080612427264,-49.37103027797413,0.0
2016-08-02 15:19:31.800,-0.797,-0.348,-0.176,0.1763785551438697,38.46659788314568,-47.287896308021,0.0
2016-08-02 15:19:31.810,-0.766,-0.387,-0.129,-10.141907691492625,36.81711417248087,-48.450417668860695,0.0
2016-08-02 15:19:31.820,-0.723,-0.441,-0.086,-11.223284018664039,37.272379375271,-50.33116988677867,0.0
2016-08-02 15:19:31.830,-0.695,-0.496,-0.113,-3.1485584568135376,42.13175519588289,-52.260201834118185,0.0
2016-08-02 15:19:31.840,-0.711,-0.539,-0.195,3.3833688431628914,46.904577598084046,-54.496088287084646,0.0
2016-08-02 15:19:31.850,-0.75,-0.523,-0.246,3.214685451700635,46.849495528932025,-55.49242229080861,0.0
2016-08-02 15:19:31.860,-0.773,-0.488,-0.266,-1.3357306841623298,42.96418422338892,-55.00726503303586,0.0
2016-08-02 15:19:31.870,-0.793,-0.488,-0.266,-6.663189472427227,38.92286207882256,-50.982015403897734,0.0
2016-08-02 15:19:31.880,-0.789,-0.531,-0.246,-10.289816233850216,37.18023155083819,-43.82122505077032,0.0
2016-08-02 15:19:31.890,-0.77,-0.57,-0.227,-9.483480650517015,37.83050338910641,-39.852207343789125,0.0
2016-08-02 15:19:31.900,-0.746,-0.617,-0.27,-5.179775872089666,40.64714336357942,-40.14431731259241,0.0
2016-08-02 15:19:31.910,-0.742,-0.613,-0.324,-4.550913782224645,44.41350318097608,-40.57286329253871,0.0
2016-08-02 15:19:31.920,-0.75,-0.59,-0.371,-9.646514032186655,45.53242393369959,-40.54984166848227,0.0
2016-08-02 15:19:31.930,-0.762,-0.609,-0.406,-15.58641434958411,43.23865880768074,-39.79682682558871,0.0
2016-08-02 15:19:31.940,-0.781,-0.621,-0.41,-20.546001744787937,40.68483456927551,-39.31641933547417,0.0
2016-08-02 15:19:31.950,-0.813,-0.621,-0.359,-23.234497933290537,38.404182880456005,-41.36291205612479,0.0
2016-08-02 15:19:31.960,-0.828,-0.625,-0.309,-22.68339977918301,36.401849142298964,-42.13740458418941,0.0
2016-08-02 15:19:31.970,-0.816,-0.652,-0.27,-20.441388301331948,37.143443022381874,-39.82781981997751,0.0
2016-08-02 15:19:31.980,-0.801,-0.684,-0.238,-13.134408147950316,40.05092633629761,-38.536762509881854,0.0
2016-08-02 15:19:31.990,-0.789,-0.707,-0.285,0.5243938605492162,43.06229052488162,-38.81041726351819,0.0
2016-08-02 15:19:32.000,-0.797,-0.688,-0.348,10.868979520127635,45.697203523833245,-39.759335009239834,0.0
2016-08-02 15:19:32.010,-0.801,-0.652,-0.387,11.749462710801634,45.4144931871876,-42.11705271804709,0.0
2016-08-02 15:19:32.020,-0.793,-0.641,-0.402,9.04353148334956,41.203701957520984,-44.51578262901855,0.0
2016-08-02 15:19:32.030,-0.801,-0.66,-0.41,9.345553593911465,37.64422176629291,-45.8001993664559,0.0
2016-08-02 15:19:32.040,-0.82,-0.672,-0.367,12.200887379763744,36.64013495361873,-46.82121374561879,0.0
2016-08-02 15:19:32.050,-0.816,-0.691,-0.309,16.929800386525272,35.70777264504082,-47.17989967965901,0.0
2016-08-02 15:19:32.060,-0.813,-0.758,-0.305,26.849420648075572,36.144091415512804,-46.492815685285194,0.0
2016-08-02 15:19:32.070,-0.789,-0.773,-0.289,39.13402704205458,39.52388233659744,-46.084758207769994,0.0
2016-08-02 15:19:32.080,-0.777,-0.746,-0.293,47.14221853530032,43.26517924198336,-45.45095969412027,0.0
2016-08-02 15:19:32.090,-0.77,-0.742,-0.348,49.92203143878503,46.10038061185648,-42.80086286370384,0.0
2016-08-02 15:19:32.100,-0.754,-0.75,-0.43,46.0665701872239,47.72847823851843,-40.22128105037246,0.0
2016-08-02 15:19:32.110,-0.738,-0.754,-0.504,36.53171538463957,46.61266307645541,-40.51045623980677,0.0
2016-08-02 15:19:32.120,-0.742,-0.773,-0.547,27.369017457217463,43.01590812940349,-41.26648570419461,0.0
2016-08-02 15:19:32.130,-0.742,-0.82,-0.559,19.603507060697776,38.59353274264023,-40.40538466125626,0.0
2016-08-02 15:19:32.140,-0.723,-0.844,-0.52,13.14865792763602,35.178699665276085,-38.967026478478886,0.0
2016-08-02 15:19:32.150,-0.715,-0.875,-0.453,10.266770778890923,35.06627417541604,-35.95167466272747,0.0
2016-08-02 15:19:32.160,-0.703,-0.883,-0.406,7.885848173550833,38.01435451905703,-31.50098327046977,0.0
2016-08-02 15:19:32.170,-0.66,-0.891,-0.367,3.369468301309448,40.847969083751714,-29.315012636754517,0.0
2016-08-02 15:19:32.180,-0.625,-0.875,-0.336,1.0313095052896089,42.71866146991523,-29.758239396803297,0.0
2016-08-02 15:19:32.190,-0.602,-0.859,-0.348,2.743071302933806,44.68148565404108,-30.151536463809975,0.0
2016-08-02 15:19:32.200,-0.574,-0.84,-0.402,3.1037225035891685,45.028704463964615,-30.73635606824355,0.0
2016-08-02 15:19:32.210,-0.563,-0.801,-0.461,-3.145171653118946,43.00921139921445,-32.142616954579594,0.0
2016-08-02 15:19:32.220,-0.555,-0.773,-0.504,-15.085539219809345,40.59317965535125,-32.89745101059106,0.0
2016-08-02 15:19:32.230,-0.543,-0.754,-0.516,-28.894435511489327,37.53468739082552,-33.034177078617944,0.0
2016-08-02 15:19:32.240,-0.543,-0.766,-0.488,-41.05521576192629,33.84808350225578,-33.24887384737125,0.0
2016-08-02 15:19:32.250,-0.539,-0.801,-0.426,-47.235156992440764,31.701041781247756,-32.68475493565023,0.0
2016-08-02 15:19:32.260,-0.527,-0.84,-0.355,-44.996031580206875,31.35513670141498,-31.693759179773394,0.0
2016-08-02 15:19:32.270,-0.52,-0.855,-0.301,-35.1654865767676,32.06689105563172,-31.669911181460837,0.0
2016-08-02 15:19:32.280,-0.508,-0.84,-0.316,-21.41646843867145,33.16520374134348,-32.522375727166,0.0
2016-08-02 15:19:32.290,-0.492,-0.809,-0.395,-10.875776740252526,33.704519387952125,-33.48534208168504,0.0
2016-08-02 15:19:32.300,-0.488,-0.742,-0.477,-9.690594833355656,33.390662973256795,-34.3851572112026,0.0
2016-08-02 15:19:32.310,-0.484,-0.715,-0.543,-16.588668948560695,31.214103334164562,-35.06439279179056,0.0
2016-08-02 15:19:32.320,-0.473,-0.734,-0.574,-23.92754031252427,27.694679052978323,-35.22659808404706,0.0
2016-08-02 15:19:32.330,-0.473,-0.766,-0.543,-26.09381275493763,25.31701420451207,-35.46207867761987,0.0
2016-08-02 15:19:32.340,-0.469,-0.813,-0.48,-22.13189001103426,24.07876501986502,-35.68128419798412,0.0
2016-08-02 15:19:32.350,-0.48,-0.867,-0.43,-11.575128524886333,24.068522720371867,-34.93995315852791,0.0
2016-08-02 15:19:32.360,-0.484,-0.902,-0.418,3.769231222919434,26.092269284317,-33.781762001708,0.0
2016-08-02 15:19:32.370,-0.477,-0.91,-0.457,18.058767835500266,28.381378935708298,-32.354114622180646,0.0
2016-08-02 15:19:32.380,-0.469,-0.895,-0.539,26.690405303858054,28.994695893502687,-30.465192424560286,0.0
2016-08-02 15:19:32.390,-0.449,-0.867,-0.629,27.551777088119408,27.2586359568131,-29.398389413842473,0.0
2016-08-02 15:19:32.400,-0.434,-0.848,-0.684,21.621101718030648,23.73705770573931,-29.102400439625008,0.0
2016-08-02 15:19:32.410,-0.43,-0.844,-0.707,15.303583524672025,19.83178552334551,-28.3713246923637,0.0
2016-08-02 15:19:32.420,-0.438,-0.844,-0.688,12.837387464094453,16.357446773678397,-27.128447588311232,0.0
2016-08-02 15:19:32.430,-0.438,-0.844,-0.648,11.724484303780033,14.260849173544418,-25.53072529643892,0.0
2016-08-02 15:19:32.440,-0.434,-0.848,-0.578,10.66625547539247,14.17705016639734,-23.950344314043676,0.0
2016-08-02 15:19:32.450,-0.438,-0.848,-0.523,11.305316879497308,15.467189564555415,-22.572149622256447,0.0
2016-08-02 15:19:32.460,-0.434,-0.852,-0.484,13.08465287112226,17.467537992835446,-21.182876230468892,0.0
2016-08-02 15:19:32.470,-0.438,-0.867,-0.465,15.250047376137251,19.7728777954502,-20.479461544215308,0.0
2016-08-02 15:19:32.480,-0.43,-0.855,-0.48,18.344133407950043,21.639436536141478,-20.563793910180323,0.0
2016-08-02 15:19:32.490,-0.422,-0.836,-0.512,19.96554325718146,22.60084253710238,-20.5937362381042,0.0
2016-08-02 15:19:32.500,-0.422,-0.816,-0.559,17.650277367116107,22.34939848843299,-20.68401561956839,0.0
2016-08-02 15:19:32.510,-0.414,-0.805,-0.582,13.200331280414844,20.791063937025285,-20.95385064882708,0.0
2016-08-02 15:19:32.520,-0.418,-0.82,-0.586,7.983607922128634,18.950326708147376,-20.93192701474888,0.0
2016-08-02 15:19:32.530,-0.402,-0.867,-0.559,2.527168776459106,17.65773386947783,-20.50889797529528,0.0
2016-08-02 15:19:32.540,-0.395,-0.91,-0.52,-0.27432004212218863,17.02710735019292,-19.517090094814595,0.0
2016-08-02 15:19:32.550,-0.402,-0.945,-0.492,0.6212664386165123,17.129803338375453,-17.5195005100517,0.0
2016-08-02 15:19:32.560,-0.406,-0.973,-0.516,2.9713894364678834,17.19456883834719,-14.715100158835607,0.0
2016-08-02 15:19:32.570,-0.402,-0.988,-0.555,4.315344451456035,16.17232770991661,-12.161250908336966,0.0
2016-08-02 15:19:32.580,-0.395,-0.996,-0.602,3.0713952105425815,13.843878127793475,-10.151692303406074,0.0
2016-08-02 15:19:32.590,-0.391,-0.984,-0.648,-0.6193266566195519,10.528411214850584,-7.653762060919541,0.0
2016-08-02 15:19:32.600,-0.383,-0.977,-0.66,-6.7581819020684755,6.756138432963432,-4.714707351231019,0.0
2016-08-02 15:19:32.610,-0.367,-0.984,-0.637,-14.199548481349531,3.456937990316989,-2.0353647575657146,0.0
2016-08-02 15:19:32.620,-0.375,-0.984,-0.602,-18.26723557439057,1.2980021586927457,0.9832353376386912,0.0
2016-08-02 15:19:32.630,-0.383,-0.984,-0.555,-16.88338190675465,-0.25218221328650386,4.541247166738048,0.0
2016-08-02 15:19:32.640,-0.395,-0.977,-0.523,-12.300076693566782,-1.381455540860054,7.869763036814845,0.0
2016-08-02 15:19:32.650,-0.402,-0.941,-0.523,-7.395675872963039,-1.4940624730113647,10.860529279074177,0.0
2016-08-02 15:19:32.660,-0.41,-0.891,-0.574,-6.3604681995845365,-1.045716335545517,14.0342941896042,0.0
2016-08-02 15:19:32.670,-0.418,-0.859,-0.594,-11.407252761439995,-0.9578222833363572,17.119005058545763,0.0
2016-08-02 15:19:32.680,-0.41,-0.855,-0.598,-17.814910653266715,-1.1069254667554622,19.618828964308364,0.0
2016-08-02 15:19:32.690,-0.41,-0.855,-0.586,-20.243571715547663,-1.0758236257904972,21.978394555751454,0.0
2016-08-02 15:19:32.700,-0.418,-0.863,-0.57,-19.506125947939108,-1.2465452654525317,24.123192988106076,0.0
2016-08-02 15:19:32.710,-0.41,-0.855,-0.555,-17.237996376248155,-1.7594642225583157,25.76311202712882,0.0
2016-08-02 15:19:32.720,-0.395,-0.859,-0.57,-14.125161265912569,-2.320036739855118,27.136710312641274,0.0
2016-08-02 15:19:32.730,-0.387,-0.852,-0.586,-13.287400008965063,-3.495542198098102,27.619673518368543,0.0
2016-08-02 15:19:32.740,-0.387,-0.867,-0.598,-14.68570584780321,-5.699146180812326,27.27787902971675,0.0
2016-08-02 15:19:32.750,-0.391,-0.875,-0.613,-14.987011603927925,-8.53086141184594,27.16467098249225,0.0
2016-08-02 15:19:32.760,-0.391,-0.887,-0.629,-14.936467253970614,-11.906678829669003,26.868300813695768,0.0
2016-08-02 15:19:32.770,-0.387,-0.895,-0.641,-15.6485430233916,-15.603425361734661,26.02676585773655,0.0
2016-08-02 15:19:32.780,-0.395,-0.906,-0.641,-15.687066303646223,-19.198794568296545,24.7310365987041,0.0
2016-08-02 15:19:32.790,-0.418,-0.906,-0.602,-15.140008640340762,-22.93857554256342,22.561914577509125,0.0
2016-08-02 15:19:32.800,-0.418,-0.934,-0.566,-13.305930495354922,-26.41759236476264,20.30201454166748,0.0
2016-08-02 15:19:32.810,-0.438,-0.941,-0.535,-8.204414084456667,-28.56642295303455,18.501313519800945,0.0
2016-08-02 15:19:32.820,-0.465,-0.941,-0.516,-0.864498434964422,-29.89751182566099,17.141313500918002,0.0
2016-08-02 15:19:32.830,-0.492,-0.93,-0.531,6.1088929216450145,-31.55126338867947,16.933765278323325,0.0
2016-08-02 15:19:32.840,-0.508,-0.898,-0.57,11.071664141959971,-33.44748025389626,17.248553884054452,0.0
2016-08-02 15:19:32.850,-0.523,-0.855,-0.617,12.913410951813711,-35.33457838728203,17.579619702387273,0.0
2016-08-02 15:19:32.860,-0.539,-0.836,-0.652,10.864682489043789,-37.622780243159525,18.57694004687366,0.0
2016-08-02 15:19:32.870,-0.531,-0.82,-0.633,5.267233734080646,-40.12565814850208,19.141350314161283,0.0
2016-08-02 15:19:32.880,-0.547,-0.816,-0.574,-0.770568923703975,-41.07649212141481,18.832447778531627,0.0
2016-08-02 15:19:32.890,-0.566,-0.848,-0.516,-2.964131174003363,-39.47534778794745,19.82066622216017,0.0
2016-08-02 15:19:32.900,-0.559,-0.867,-0.445,-0.07808177820309248,-36.179439999156195,21.55772374745574,0.0
2016-08-02 15:19:32.910,-0.566,-0.879,-0.426,6.262628152119662,-31.61832183065809,22.26499410210071,0.0
2016-08-02 15:19:32.920,-0.578,-0.855,-0.465,11.813531973395719,-26.57607721617977,23.660772329668823,0.0
2016-08-02 15:19:32.930,-0.586,-0.816,-0.508,11.091426787936264,-23.288154893820007,25.298028871461977,0.0
2016-08-02 15:19:32.940,-0.59,-0.797,-0.563,4.492396694562658,-22.83707964721166,25.178217293764277,0.0
2016-08-02 15:19:32.950,-0.598,-0.789,-0.578,-3.4320259918985214,-23.889681144976638,25.203814664121154,0.0
2016-08-02 15:19:32.960,-0.605,-0.801,-0.563,-9.92534150147602,-25.276446372482475,27.00572673156509,0.0
2016-08-02 15:19:32.970,-0.613,-0.852,-0.547,-12.053650592408678,-26.545134537179198,30.24586786695948,0.0
2016-08-02 15:19:32.980,-0.613,-0.879,-0.516,-9.316339543981341,-26.7797306263733,33.89984116615155,0.0
2016-08-02 15:19:32.990,-0.617,-0.898,-0.5,-5.789307160025482,-26.394391951190542,36.87054935115005,0.0
2016-08-02 15:19:33.000,-0.613,-0.91,-0.488,-4.553028607764458,-26.232197618133,39.335804870162015,0.0
2016-08-02 15:19:33.010,-0.605,-0.902,-0.457,-6.072218656334709,-26.314273970663223,40.90382842309387,0.0
2016-08-02 15:19:33.020,-0.609,-0.91,-0.43,-7.634446318362629,-27.23345819613693,41.698429005375,0.0
2016-08-02 15:19:33.030,-0.617,-0.934,-0.434,-3.7578259567444956,-28.381927503529425,42.74522409795786,0.0
2016-08-02 15:19:33.040,-0.633,-0.918,-0.457,5.1104846559730746,-28.605949313438124,43.59495600722078,0.0
2016-08-02 15:19:33.050,-0.633,-0.859,-0.512,9.4682965808865,-29.044026006173638,44.82503848729052,0.0
2016-08-02 15:19:33.060,-0.633,-0.789,-0.539,2.9509333487969034,-30.90678230854159,47.51186222495416,0.0
2016-08-02 15:19:33.070,-0.637,-0.773,-0.531,-9.185109510473273,-34.01786579036102,50.83044152841778,0.0
2016-08-02 15:19:33.080,-0.641,-0.777,-0.465,-17.664786063383424,-37.55408200157568,52.86086568828904,0.0
2016-08-02 15:19:33.090,-0.645,-0.777,-0.371,-16.703680369157002,-39.97294587408984,52.095770070126335,0.0
2016-08-02 15:19:33.100,-0.652,-0.805,-0.359,-5.996595910921483,-40.672037285659144,50.710448724104694,0.0
2016-08-02 15:19:33.110,-0.656,-0.809,-0.363,7.756677854200886,-40.64063103312509,51.12943106148607,0.0
2016-08-02 15:19:33.120,-0.652,-0.766,-0.41,17.159996332916553,-40.81127049166967,52.70664699363898,0.0
2016-08-02 15:19:33.130,-0.648,-0.719,-0.473,18.184912156262556,-40.95133254203258,56.67796242365533,0.0
2016-08-02 15:19:33.140,-0.656,-0.664,-0.508,8.566754404477969,-41.198479319176,62.68774609835026,0.0
2016-08-02 15:19:33.150,-0.672,-0.656,-0.48,-6.487339762630169,-43.79573958294653,66.28251286969909,0.0
2016-08-02 15:19:33.160,-0.68,-0.668,-0.418,-14.958143369736158,-48.85210252430384,66.57724873465777,0.0
2016-08-02 15:19:33.170,-0.695,-0.711,-0.379,-10.85243978405904,-52.378481184339854,65.89636368143795,0.0
2016-08-02 15:19:33.180,-0.707,-0.727,-0.32,0.7573121570234713,-53.11638454716312,66.39078818028658,0.0
2016-08-02 15:19:33.190,-0.695,-0.723,-0.34,12.42643613320545,-53.57001832218292,69.14241945997108,0.0
2016-08-02 15:19:33.200,-0.672,-0.672,-0.359,19.804972994905988,-53.218481893720266,72.54987065827882,0.0
2016-08-02 15:19:33.210,-0.668,-0.617,-0.422,19.469069578184126,-51.5739466802965,75.9404978664389,0.0
2016-08-02 15:19:33.220,-0.672,-0.602,-0.461,11.090565626480387,-52.950568327863344,79.01900852655434,0.0
2016-08-02 15:19:33.230,-0.664,-0.531,-0.473,2.226713695182179,-58.33416070816448,78.13550875171468,0.0
2016-08-02 15:19:33.240,-0.668,-0.523,-0.484,1.152637044674408,-63.37003007730904,73.94604595597374,0.0
2016-08-02 15:19:33.250,-0.664,-0.52,-0.418,1.2187709811908558,-66.71177546884891,72.30450869764873,0.0
2016-08-02 15:19:33.260,-0.625,-0.488,-0.332,-2.046852426916655,-69.38939797160316,73.04036477182132,0.0
2016-08-02 15:19:33.270,-0.609,-0.547,-0.313,3.385928420079743,-69.30109095443052,74.29360524338314,0.0
2016-08-02 15:19:33.280,-0.617,-0.543,-0.281,13.711192097391677,-65.98844367082263,75.44297244449763,0.0
2016-08-02 15:19:33.290,-0.621,-0.496,-0.293,16.61832781149898,-64.6749982011073,72.90062954318226,0.0
2016-08-02 15:19:33.300,-0.637,-0.496,-0.367,15.74642361191659,-66.63318397955074,70.49411671861884,0.0
2016-08-02 15:19:33.310,-0.66,-0.5,-0.406,12.227818765818654,-68.54268536695663,72.10689755711773,0.0
2016-08-02 15:19:33.320,-0.676,-0.488,-0.418,7.761419402181907,-71.1294047921718,72.61121667801116,0.0
2016-08-02 15:19:33.330,-0.68,-0.5,-0.449,5.882270752075326,-74.0874321482764,73.7101154574234,0.0
2016-08-02 15:19:33.340,-0.711,-0.52,-0.445,0.53386209354974,-75.69217177655801,77.36632090273127,0.0
2016-08-02 15:19:33.350,-0.734,-0.527,-0.383,-6.864029835421514,-78.8930887683058,78.3446636180005,0.0
2016-08-02 15:19:33.360,-0.734,-0.586,-0.367,-8.639529801414483,-83.03212539649311,78.75145782941708,0.0
2016-08-02 15:19:33.370,-0.762,-0.598,-0.281,-6.691322423488487,-83.88564201238714,80.10322848013179,0.0
2016-08-02 15:19:33.380,-0.766,-0.559,-0.219,-2.099615617485425,-83.77907722721923,78.64213047844271,0.0
2016-08-02 15:19:33.390,-0.793,-0.578,-0.23,5.2109416391220105,-83.2983885674007,79.07518027091271,0.0
2016-08-02 15:19:33.400,-0.813,-0.5,-0.176,7.5896588971055206,-81.3927512075526,81.97693152896545,0.0
2016-08-02 15:19:33.410,-0.777,-0.445,-0.195,6.3771642774092925,-81.70719031922368,81.06969777570676,0.0
2016-08-02 15:19:33.420,-0.793,-0.449,-0.25,6.482825564501499,-81.49821407629203,79.88796713064175,0.0
2016-08-02 15:19:33.430,-0.828,-0.363,-0.184,-0.9058876823774309,-83.56170421496455,77.62976398208316,0.0
2016-08-02 15:19:33.440,-0.777,-0.301,-0.117,-12.346681740182182,-93.05360457979948,73.1184787633126,0.0
2016-08-02 15:19:33.450,-0.758,-0.324,-0.078,-14.43189900896683,-95.9998005262303,75.72364317901764,0.0
2016-08-02 15:19:33.460,-0.742,-0.313,-0.004,-11.146865977009139,-91.5444714566368,80.26887643283668,0.0
2016-08-02 15:19:33.470,-0.707,-0.301,0.0,-3.220646921525684,-89.9437184315607,79.89776640127063,0.0
2016-08-02 15:19:33.480,-0.727,-0.273,-0.047,9.154606135568196,-84.5092564178747,81.9003820809065,0.0
2016-08-02 15:19:33.490,-0.738,-0.188,-0.113,8.8385855089113,-80.32693129733593,84.74609755973219,0.0
2016-08-02 15:19:33.500,-0.789,-0.191,-0.152,-3.363146065172882,-84.68797977600519,85.38947016161664,0.0
2016-08-02 15:19:33.510,-0.793,-0.188,-0.086,-11.94729381836051,-88.82017007897163,86.16142966575657,0.0
2016-08-02 15:19:33.520,-0.73,-0.188,-0.023,-15.462643007933616,-90.40338352136706,85.05162762190507,0.0
2016-08-02 15:19:33.530,-0.684,-0.223,0.043,-11.363424374686486,-86.97100571448095,82.23865979365841,0.0
2016-08-02 15:19:33.540,-0.645,-0.211,0.094,-0.4456991572188771,-77.14850213538548,77.91592794511625,0.0
2016-08-02 15:19:33.550,-0.633,-0.172,0.086,5.30660129234852,-66.94053490261868,71.97828691599122,0.0
2016-08-02 15:19:33.560,-0.664,-0.168,0.043,0.7332168241492378,-59.119729440200636,65.67156299640754,0.0
2016-08-02 15:19:33.570,-0.707,-0.191,0.039,-10.385744077372575,-56.96580791484226,56.763565546391916,0.0
2016-08-02 15:19:33.580,-0.715,-0.203,0.066,-20.277606526399897,-57.51017371452908,47.97998271792963,0.0
2016-08-02 15:19:33.590,-0.672,-0.242,0.09,-21.713470517575963,-51.697892243958336,41.814199905907984,0.0
2016-08-02 15:19:33.600,-0.648,-0.262,0.078,-13.561990747276708,-39.16107382153484,32.44838207594107,0.0
2016-08-02 15:19:33.610,-0.672,-0.23,0.016,-1.8305317944612027,-25.01291188423658,20.804923364826486,0.0
2016-08-02 15:19:33.620,-0.746,-0.207,-0.055,1.794975279948075,-15.181001561476547,13.021241297210103,0.0
2016-08-02 15:19:33.630,-0.816,-0.195,-0.063,-7.6408527521254594,-13.479014733534822,7.6178621747653334,0.0
2016-08-02 15:19:33.640,-0.859,-0.23,-0.02,-21.70442834246137,-16.885068361230502,1.758442504945874,0.0
2016-08-02 15:19:33.650,-0.871,-0.273,0.051,-31.349648956647936,-19.430272361833666,-3.7131047719072043,0.0
2016-08-02 15:19:33.660,-0.871,-0.289,0.125,-32.78267274891514,-16.898183700869218,-7.4820954404213005,0.0
2016-08-02 15:19:33.670,-0.879,-0.309,0.133,-23.92664276308311,-9.064313611029398,-8.93361307637497,0.0
2016-08-02 15:19:33.680,-0.934,-0.285,0.098,-11.485725596944667,-0.9991328201117724,-9.188414453890513,0.0
2016-08-02 15:19:33.690,-0.984,-0.215,0.051,-7.909686211104702,2.255972492674845,-8.40905840444928,0.0
2016-08-02 15:19:33.700,-1.02,-0.145,0.02,-13.303260334682413,1.0567213943904283,-6.098718138488924,0.0
2016-08-02 15:19:33.710,-1.047,-0.141,0.051,-19.743813906729812,-2.4044012794081473,-5.10783666007763,0.0
2016-08-02 15:19:33.720,-1.063,-0.168,0.113,-23.399444637006212,-5.78340324411621,-5.346403325814936,0.0
2016-08-02 15:19:33.730,-1.047,-0.188,0.18,-20.26495569000463,-5.915872259354233,-3.665654991835921,0.0
2016-08-02 15:19:33.740,-1.027,-0.176,0.227,-10.269424261861642,-3.193281792370409,-2.437525480989127,0.0
2016-08-02 15:19:33.750,-1.02,-0.148,0.234,-1.98410211792454,-0.5412687778071625,-3.0745047807690895,0.0
2016-08-02 15:19:33.760,-1.016,-0.129,0.207,0.9191973503945443,0.850203962877754,-2.3355569015381077,0.0
2016-08-02 15:19:33.770,-1.023,-0.121,0.18,2.966583707264527,0.9830812256652751,-0.4478973198266729,0.0
2016-08-02 15:19:33.780,-1.027,-0.121,0.156,5.1241676636763795,0.062436219333269705,1.0543448109294369,0.0
2016-08-02 15:19:33.790,-1.035,-0.137,0.141,5.60915801751296,-1.6890600612775823,2.7186564230195938,0.0
2016-08-02 15:19:33.800,-1.031,-0.156,0.133,6.227849456487185,-3.313683719594807,4.1773451370962285,0.0
2016-08-02 15:19:33.810,-1.012,-0.18,0.133,9.084575623676141,-3.4546621308428604,4.960450488550865,0.0
2016-08-02 15:19:33.820,-1.004,-0.195,0.125,13.041901881177495,-2.24267446167433,5.101319233916759,0.0
2016-08-02 15:19:33.830,-1.0,-0.203,0.113,15.470822716148994,-1.0621450140680784,4.510210897372509,0.0
2016-08-02 15:19:33.840,-0.992,-0.203,0.109,14.97764813090643,-0.9584436147330774,3.6420431286853376,0.0
2016-08-02 15:19:33.850,-0.977,-0.215,0.117,12.738054854316697,-1.5225546255551115,2.9587576807062748,0.0
2016-08-02 15:19:33.860,-0.961,-0.242,0.117,11.539819914896427,-1.4667803607735805,2.4394845665765876,0.0
2016-08-02 15:19:33.870,-0.949,-0.262,0.109,12.482734757726973,-0.5042898309620202,1.6840309234833757,0.0
2016-08-02 15:19:33.880,-0.941,-0.266,0.094,13.871440432800087,0.8343885501858277,0.6688043137592653,0.0
2016-08-02 15:19:33.890,-0.934,-0.246,0.07,13.87805674564098,1.958142216240696,-0.23503253774593086,0.0
2016-08-02 15:19:33.900,-0.926,-0.234,0.063,11.7139559970334,2.369043850331743,-1.3343836351399774,0.0
2016-08-02 15:19:33.910,-0.914,-0.234,0.07,8.274294756887375,2.863229218712241,-2.696494881470274,0.0
2016-08-02 15:19:33.920,-0.902,-0.23,0.086,5.787666709580221,4.312254667649535,-4.035887138524845,0.0
2016-08-02 15:19:33.930,-0.898,-0.23,0.102,4.689191564165468,6.231856265444929,-5.510663453320522,0.0
2016-08-02 15:19:33.940,-0.891,-0.234,0.117,4.256278272030239,8.662677738726474,-6.995831813916321,0.0
2016-08-02 15:19:33.950,-0.895,-0.238,0.129,4.173040308088166,11.692587605822787,-8.635974188598741,0.0
2016-08-02 15:19:33.960,-0.898,-0.227,0.133,3.560378601887589,14.61071495370837,-10.661655496264082,0.0
2016-08-02 15:19:33.970,-0.898,-0.223,0.125,1.9635451749415613,17.564421433720916,-12.642105307743334,0.0
2016-08-02 15:19:33.980,-0.898,-0.211,0.125,-0.4229463185551523,20.443790807710293,-14.747892312428572,0.0
2016-08-02 15:19:33.990,-0.898,-0.207,0.117,-3.362056068850081,22.73061716047288,-17.221998461471532,0.0
2016-08-02 15:19:34.000,-0.898,-0.207,0.117,-6.127865780763871,25.092726575029435,-19.55550439716661,0.0
2016-08-02 15:19:34.010,-0.887,-0.215,0.121,-8.053824120695381,27.85680714290196,-21.700377945344847,0.0
2016-08-02 15:19:34.020,-0.871,-0.227,0.117,-8.13248743123568,31.312557605733133,-24.13286572346804,0.0
2016-08-02 15:19:34.030,-0.875,-0.238,0.102,-6.056074434693176,35.46417896799133,-26.848215952237165,0.0
2016-08-02 15:19:34.040,-0.887,-0.23,0.094,-4.441902638660018,38.31436409875811,-28.72008310394017,0.0
2016-08-02 15:19:34.050,-0.891,-0.246,0.086,-4.280001627016946,39.803318307401675,-28.858870135357108,0.0
2016-08-02 15:19:34.060,-0.891,-0.242,0.086,-3.878150782374366,41.20383399548904,-28.921320969934833,0.0
2016-08-02 15:19:34.070,-0.875,-0.23,0.09,-5.454148076109792,41.52695675129456,-30.306201720237773,0.0
2016-08-02 15:19:34.080,-0.855,-0.234,0.109,-10.33313874482359,42.144044246845795,-31.489610795339107,0.0
2016-08-02 15:19:34.090,-0.824,-0.246,0.113,-12.735593772404375,45.55180744320273,-32.547367886847674,0.0
2016-08-02 15:19:34.100,-0.813,-0.258,0.09,-9.402630507282394,50.6142058407366,-35.24014431355289,0.0
2016-08-02 15:19:34.110,-0.832,-0.258,0.035,-5.4744954317286565,55.13978478297605,-38.195173040865015,0.0
2016-08-02 15:19:34.120,-0.859,-0.258,0.0,-5.416420860160848,56.922638346269494,-39.08193417636582,0.0
2016-08-02 15:19:34.130,-0.883,-0.258,-0.031,-6.436195892794303,55.89208936756844,-37.7459707008931,0.0
2016-08-02 15:19:34.140,-0.891,-0.266,-0.023,-5.418217308012178,54.49056341350934,-35.88269187825858,0.0
2016-08-02 15:19:34.150,-0.867,-0.277,-0.004,-4.312035876276733,53.58695429614923,-35.958345585579124,0.0
2016-08-02 15:19:34.160,-0.84,-0.297,0.008,-3.8996302633107724,54.45074643709552,-38.39250153845596,0.0
2016-08-02 15:19:34.170,-0.836,-0.301,-0.008,-3.045380698466104,57.29047837917065,-41.5125279630509,0.0
2016-08-02 15:19:34.180,-0.84,-0.309,-0.039,-2.09714992472654,58.99756293704055,-43.27881885333865,0.0
2016-08-02 15:19:34.190,-0.859,-0.332,-0.098,0.1838265772759604,59.6907116637105,-41.96331072787621,0.0
2016-08-02 15:19:34.200,-0.91,-0.359,-0.141,4.612671530632991,60.14385523496408,-38.96979912326515,0.0
2016-08-02 15:19:34.210,-0.926,-0.348,-0.152,8.276628458577429,57.97542962587014,-36.859198487874366,0.0
2016-08-02 15:19:34.220,-0.906,-0.32,-0.156,9.076771670065312,55.15940094161735,-35.04773649597635,0.0
2016-08-02 15:19:34.230,-0.879,-0.316,-0.133,8.761554297034408,54.94804648597437,-34.20079956967804,0.0
2016-08-02 15:19:34.240,-0.848,-0.32,-0.098,9.620057864806684,55.517412987367074,-37.15889443337369,0.0
2016-08-02 15:19:34.250,-0.816,-0.34,-0.117,11.789411671726137,56.354968917396754,-42.431960410598094,0.0
2016-08-02 15:19:34.260,-0.855,-0.395,-0.184,15.179057009028647,57.841024253379246,-46.15580967083522,0.0
2016-08-02 15:19:34.270,-0.926,-0.398,-0.199,18.766365822643113,56.36451492673257,-46.98900774931306,0.0
2016-08-02 15:19:34.280,-0.91,-0.371,-0.191,20.50186498227983,51.88387058345975,-44.42076413927676,0.0
2016-08-02 15:19:34.290,-0.863,-0.375,-0.207,21.294193784186508,49.98454799503463,-40.99979147899628,0.0
2016-08-02 15:19:34.300,-0.852,-0.375,-0.191,21.23608619807909,50.79580815266333,-42.13600144385637,0.0
2016-08-02 15:19:34.310,-0.836,-0.355,-0.156,18.311684679819564,50.39489636999245,-46.13145405508642,0.0
2016-08-02 15:19:34.320,-0.801,-0.352,-0.141,14.191769698042542,49.72138334894169,-48.07705935204939,0.0
2016-08-02 15:19:34.330,-0.793,-0.402,-0.172,11.987777323145838,49.64700027860395,-49.83892029600849,0.0
2016-08-02 15:19:34.340,-0.816,-0.441,-0.195,12.728629638535459,48.519625011423365,-52.133099025708006,0.0
2016-08-02 15:19:34.350,-0.82,-0.418,-0.203,15.62019570334279,47.06037134140232,-51.82716778224188,0.0
2016-08-02 15:19:34.360,-0.801,-0.406,-0.227,17.987598577076962,45.93531880206232,-49.58972848469786,0.0
2016-08-02 15:19:34.370,-0.789,-0.414,-0.25,16.357890418178876,45.00510778640778,-48.07924028552759,0.0
2016-08-02 15:19:34.380,-0.777,-0.398,-0.246,10.792409455103433,45.33183336700404,-48.084543764090576,0.0
2016-08-02 15:19:34.390,-0.754,-0.375,-0.219,4.6446233150222955,46.39254523742265,-49.076151070725174,0.0
2016-08-02 15:19:34.400,-0.719,-0.379,-0.223,-1.8793112562857068,47.13249767785395,-50.49876565382307,0.0
2016-08-02 15:19:34.410,-0.699,-0.406,-0.25,-8.388754549686174,48.17777841567084,-51.85270173261884,0.0
2016-08-02 15:19:34.420,-0.711,-0.434,-0.273,-11.892412445101687,49.39062229686385,-52.74296045702134,0.0
2016-08-02 15:19:34.430,-0.719,-0.434,-0.266,-12.192518641033022,50.10072339540414,-52.97154746744877,0.0
2016-08-02 15:19:34.440,-0.723,-0.422,-0.258,-10.745823587914032,50.47305925257815,-51.620432826182345,0.0
2016-08-02 15:19:34.450,-0.715,-0.426,-0.277,-10.307229064957387,50.500662274173706,-49.67191322993579,0.0
2016-08-02 15:19:34.460,-0.707,-0.422,-0.27,-13.824301197748158,50.36965224316441,-50.460956626127754,0.0
2016-08-02 15:19:34.470,-0.691,-0.398,-0.246,-19.103318665045386,50.17123194777679,-54.37846535389004,0.0
2016-08-02 15:19:34.480,-0.684,-0.43,-0.289,-22.551582017546494,49.46513439838951,-58.03326877351742,0.0
2016-08-02 15:19:34.490,-0.691,-0.484,-0.316,-23.99557005325186,49.14022619656387,-59.653410221203245,0.0
2016-08-02 15:19:34.500,-0.707,-0.48,-0.34,-22.656916442045734,49.34609540587965,-60.877763348639974,0.0
2016-08-02 15:19:34.510,-0.719,-0.516,-0.395,-18.69290369352921,48.34876005075006,-61.005505859706545,0.0
2016-08-02 15:19:34.520,-0.738,-0.535,-0.441,-17.006273470390557,46.35028616184964,-58.29747999516735,0.0
2016-08-02 15:19:34.530,-0.758,-0.531,-0.445,-18.172958371555836,43.575349639534195,-55.77040702314171,0.0
2016-08-02 15:19:34.540,-0.766,-0.547,-0.426,-18.41323157108264,39.70399351389446,-55.44007024382888,0.0
2016-08-02 15:19:34.550,-0.773,-0.57,-0.387,-18.809796303903955,37.03712822117525,-56.02982000919758,0.0
2016-08-02 15:19:34.560,-0.777,-0.613,-0.355,-17.965012701268332,35.79220508287314,-57.25810402776115,0.0
2016-08-02 15:19:34.570,-0.789,-0.652,-0.352,-12.12551019783645,34.3938555222991,-58.274656273291455,0.0
2016-08-02 15:19:34.580,-0.789,-0.668,-0.344,-3.5208974830026865,34.015703332051935,-58.02801223814839,0.0
2016-08-02 15:19:34.590,-0.789,-0.668,-0.379,5.682060009556943,34.22420744305039,-56.747650346368154,0.0
2016-08-02 15:19:34.600,-0.777,-0.648,-0.406,13.182427107472108,33.47038411578763,-55.44434780806322,0.0
2016-08-02 15:19:34.610,-0.762,-0.641,-0.398,15.662204844820256,32.57670834505882,-55.737097815496284,0.0
2016-08-02 15:19:34.620,-0.758,-0.645,-0.387,15.930697965929536,32.12952408513418,-56.80562366056701,0.0
2016-08-02 15:19:34.630,-0.777,-0.656,-0.383,17.2063897905294,32.1357473796161,-56.18907559996312,0.0
2016-08-02 15:19:34.640,-0.793,-0.688,-0.371,19.87902998176121,32.53116133433045,-53.2134808894196,0.0
2016-08-02 15:19:34.650,-0.809,-0.707,-0.379,26.494328268442313,33.12833229835945,-48.4504251166755,0.0
2016-08-02 15:19:34.660,-0.801,-0.727,-0.414,34.93627405895884,33.88567627456953,-44.007490513710444,0.0
2016-08-02 15:19:34.670,-0.781,-0.719,-0.449,38.76129000980839,34.49939350889154,-41.60448132504773,0.0
2016-08-02 15:19:34.680,-0.766,-0.707,-0.473,37.219883258920895,34.855667177387346,-40.686413846028245,0.0
2016-08-02 15:19:34.690,-0.75,-0.707,-0.48,32.25231891542234,34.344879051355875,-40.71564391269842,0.0
2016-08-02 15:19:34.700,-0.734,-0.742,-0.496,25.77301977394815,32.35399111200034,-41.29259739936801,0.0
2016-08-02 15:19:34.710,-0.727,-0.773,-0.469,21.240148056498448,29.390464858308917,-42.45635195027867,0.0
2016-08-02 15:19:34.720,-0.727,-0.816,-0.43,20.891855496823627,25.978694949350626,-43.882133707843956,0.0
2016-08-02 15:19:34.730,-0.727,-0.867,-0.406,24.8714604056772,23.294212256954072,-42.986711811826304,0.0
2016-08-02 15:19:34.740,-0.715,-0.859,-0.387,29.824371128531993,22.741359327593877,-39.68030073658461,0.0
2016-08-02 15:19:34.750,-0.707,-0.844,-0.387,31.167248172226536,23.26428124664845,-36.12460622581942,0.0
2016-08-02 15:19:34.760,-0.688,-0.84,-0.402,28.33641430530212,23.38066950610535,-32.18139046507126,0.0
2016-08-02 15:19:34.770,-0.664,-0.84,-0.426,23.760608875082788,23.389828435846518,-29.48408354647001,0.0
2016-08-02 15:19:34.780,-0.664,-0.828,-0.441,19.5942042397628,23.03260937397668,-29.27674113672912,0.0
2016-08-02 15:19:34.790,-0.664,-0.809,-0.449,14.701708654827083,21.804689135704137,-28.83635278989497,0.0
2016-08-02 15:19:34.800,-0.668,-0.801,-0.434,7.572958287514478,20.393155830620547,-27.634056629769105,0.0
2016-08-02 15:19:34.810,-0.656,-0.805,-0.395,0.244586544549533,19.187880274871347,-26.792553276365396,0.0
2016-08-02 15:19:34.820,-0.637,-0.813,-0.34,-4.538531927483409,18.59475298278935,-26.128232276272,0.0
2016-08-02 15:19:34.830,-0.621,-0.82,-0.293,-4.932582233224872,19.55483476816225,-25.734226409296582,0.0
2016-08-02 15:19:34.840,-0.609,-0.801,-0.277,-2.6755147141088127,21.461876355269755,-25.816919848162037,0.0
2016-08-02 15:19:34.850,-0.594,-0.773,-0.301,-2.438558560046251,22.71491654800164,-26.20575904615923,0.0
2016-08-02 15:19:34.860,-0.594,-0.766,-0.324,-4.260366259267618,23.290599721943547,-26.016886842725125,0.0
2016-08-02 15:19:34.870,-0.59,-0.758,-0.34,-5.151976562771539,23.758354984992238,-24.86609411254152,0.0
2016-08-02 15:19:34.880,-0.578,-0.766,-0.359,-5.19428294652195,23.92416063029725,-23.475260018203358,0.0
2016-08-02 15:19:34.890,-0.563,-0.781,-0.379,-5.613924969986445,24.222464298740967,-22.314383461076588,0.0
2016-08-02 15:19:34.900,-0.543,-0.777,-0.383,-6.734052454186502,25.272434474534947,-21.608559270553606,0.0
2016-08-02 15:19:34.910,-0.523,-0.777,-0.379,-8.654606029005622,26.220104505024732,-20.992091114711073,0.0
2016-08-02 15:19:34.920,-0.516,-0.777,-0.395,-11.214666292477864,26.311606045190405,-20.351790746535762,0.0
2016-08-02 15:19:34.930,-0.504,-0.766,-0.402,-14.222214517470968,26.058272386735588,-20.338335789673323,0.0
2016-08-02 15:19:34.940,-0.488,-0.797,-0.438,-17.035199758147446,25.3296504541845,-20.318329727749216,0.0
2016-08-02 15:19:34.950,-0.473,-0.824,-0.457,-17.98501329773417,24.091776270718164,-19.799503090339734,0.0
2016-08-02 15:19:34.960,-0.508,-0.824,-0.434,-15.707832118034672,23.534028186708422,-18.677907188216167,0.0
2016-08-02 15:19:34.970,-0.527,-0.863,-0.438,-11.269466977235451,23.133714473118058,-15.530913668347376,0.0
2016-08-02 15:19:34.980,-0.531,-0.867,-0.457,-7.946467953779392,22.388974095754545,-12.08739056471193,0.0
2016-08-02 15:19:34.990,-0.535,-0.848,-0.477,-7.871786256675653,22.450088962348612,-11.182658789298905,0.0
2016-08-02 15:19:35.000,-0.531,-0.84,-0.473,-9.81101155152377,22.212545439473477,-11.243195448131752,0.0
2016-08-02 15:19:35.010,-0.52,-0.852,-0.441,-9.598846682063863,21.369181691150132,-12.04158617730954,0.0
2016-08-02 15:19:35.020,-0.508,-0.855,-0.414,-4.4697780111234655,22.06559165562758,-14.60509427497973,0.0
2016-08-02 15:19:35.030,-0.516,-0.859,-0.398,2.7463728144017856,23.687866754575893,-17.013703291396745,0.0
2016-08-02 15:19:35.040,-0.531,-0.859,-0.41,9.458864785326883,24.67928112709434,-18.344590215238252,0.0
2016-08-02 15:19:35.050,-0.543,-0.84,-0.438,15.738242758580045,25.50346815308394,-18.990091378617635,0.0
2016-08-02 15:19:35.060,-0.555,-0.828,-0.473,19.24822019049764,26.358507699246882,-18.967814363712183,0.0
2016-08-02 15:19:35.070,-0.559,-0.828,-0.508,18.768208101967918,26.72253238293599,-19.14983189976173,0.0
2016-08-02 15:19:35.080,-0.547,-0.816,-0.535,15.912422673590104,26.770672995438773,-19.890347116702557,0.0
2016-08-02 15:19:35.090,-0.539,-0.824,-0.539,11.703344488959573,26.74551737915099,-20.339572782384014,0.0
2016-08-02 15:19:35.100,-0.527,-0.848,-0.559,8.086680634251659,25.876970449325093,-20.737882320854027,0.0
2016-08-02 15:19:35.110,-0.516,-0.875,-0.578,6.552727425400517,24.162566576683275,-21.503337246252762,0.0
2016-08-02 15:19:35.120,-0.512,-0.902,-0.594,5.594378999529385,22.575335772704204,-21.88934231222127,0.0
2016-08-02 15:19:35.130,-0.516,-0.926,-0.602,3.8500588315252093,20.76861499694559,-21.57564431301237,0.0
2016-08-02 15:19:35.140,-0.52,-0.949,-0.586,1.7198653092457388,18.609763608590754,-20.838545241196307,0.0
2016-08-02 15:19:35.150,-0.516,-0.965,-0.563,0.03789610704971172,17.30354070983939,-19.93202853129319,0.0
2016-08-02 15:19:35.160,-0.504,-0.973,-0.547,-0.2917486264942146,16.885154388850165,-18.66981225990132,0.0
2016-08-02 15:19:35.170,-0.496,-0.969,-0.543,1.0820078667147834,16.40789992473913,-17.112728159629473,0.0
2016-08-02 15:19:35.180,-0.484,-0.957,-0.551,2.826901723385865,15.613823973086193,-16.015231253559243,0.0
2016-08-02 15:19:35.190,-0.477,-0.945,-0.559,3.7828199503115827,14.460281045869507,-15.36250385720503,0.0
2016-08-02 15:19:35.200,-0.465,-0.941,-0.582,4.643379963215048,12.723361272305498,-14.939785144553039,0.0
2016-08-02 15:19:35.210,-0.465,-0.926,-0.594,4.4174060488226505,10.384215117134799,-14.73314115194141,0.0
2016-08-02 15:19:35.220,-0.465,-0.918,-0.586,1.7169261842319765,7.9664781303031695,-13.643304481636676,0.0
2016-08-02 15:19:35.230,-0.477,-0.91,-0.555,-0.9004023964949148,5.893043531067044,-11.098872923577394,0.0
2016-08-02 15:19:35.240,-0.48,-0.918,-0.531,-0.7818969956127397,3.9674888724200637,-8.212217420798815,0.0
2016-08-02 15:19:35.250,-0.469,-0.918,-0.508,2.0318620483117877,2.5134878856972267,-5.373025245624835,0.0
2016-08-02 15:19:35.260,-0.449,-0.906,-0.496,6.062977525966035,2.037146059887922,-2.17166891741781,0.0
2016-08-02 15:19:35.270,-0.434,-0.883,-0.516,8.758219640422142,1.9484443700353582,0.866845883441636,0.0
2016-08-02 15:19:35.280,-0.414,-0.855,-0.535,8.046952555806222,1.2434584791342664,3.292582889753273,0.0
2016-08-02 15:19:35.290,-0.398,-0.84,-0.559,4.029429752666703,-0.4726805869871098,5.270880401120811,0.0
2016-08-02 15:19:35.300,-0.402,-0.832,-0.559,-0.5368847355379688,-2.632138378018692,7.103799630624131,0.0
2016-08-02 15:19:35.310,-0.398,-0.844,-0.547,-2.9114901530607393,-4.57057257217313,9.288574968578853,0.0
2016-08-02 15:19:35.320,-0.391,-0.836,-0.527,-3.5780558922229053,-6.123651315312555,11.756302983439781,0.0
2016-08-02 15:19:35.330,-0.391,-0.848,-0.516,-3.8930084192276,-7.145777569450438,13.939662227545572,0.0
2016-08-02 15:19:35.340,-0.387,-0.855,-0.504,-3.8403629910429293,-8.003240388822956,15.444136584316876,0.0
2016-08-02 15:19:35.350,-0.391,-0.859,-0.492,-3.387272689242165,-8.95787594066085,16.31408391611681,0.0
2016-08-02 15:19:35.360,-0.402,-0.855,-0.5,-2.651434231192352,-9.684980145594139,16.87652979725118,0.0
2016-08-02 15:19:35.370,-0.418,-0.855,-0.512,-1.9658405415505735,-10.782474921615204,17.031001843300928,0.0
2016-08-02 15:19:35.380,-0.43,-0.855,-0.523,-1.767196677703864,-12.646669976011298,16.94694481564745,0.0
2016-08-02 15:19:35.390,-0.445,-0.844,-0.551,-1.8822052115314118,-14.567737047342527,17.41727765569152,0.0
2016-08-02 15:19:35.400,-0.457,-0.848,-0.566,-2.830648253686369,-16.637809373693436,18.29876799135093,0.0
2016-08-02 15:19:35.410,-0.461,-0.855,-0.574,-5.192437703176551,-18.707737996554986,18.612796636849303,0.0
2016-08-02 15:19:35.420,-0.473,-0.871,-0.555,-7.646228537143355,-19.678165084456136,18.454769091187295,0.0
2016-08-02 15:19:35.430,-0.48,-0.895,-0.52,-8.85130202195788,-19.945534128134547,18.24295883150723,0.0
2016-08-02 15:19:35.440,-0.496,-0.914,-0.48,-8.327804373752828,-20.18675525853034,17.56610020154325,0.0
2016-08-02 15:19:35.450,-0.5,-0.938,-0.449,-5.437235799212102,-19.713196215577053,16.548032364672107,0.0
2016-08-02 15:19:35.460,-0.512,-0.945,-0.43,-0.15752984190500707,-18.769017156779455,15.628399679885579,0.0
2016-08-02 15:19:35.470,-0.52,-0.945,-0.441,6.6805876708347665,-18.230747700724702,15.03389580315691,0.0
2016-08-02 15:19:35.480,-0.52,-0.926,-0.477,12.292697862347172,-17.801883022700448,14.978936895572538,0.0
2016-08-02 15:19:35.490,-0.531,-0.887,-0.512,12.806351243556932,-17.41972672148649,15.354864566990486,0.0
2016-08-02 15:19:35.500,-0.547,-0.863,-0.52,8.488856384417671,-17.722920659359666,16.1676413475833,0.0
2016-08-02 15:19:35.510,-0.547,-0.852,-0.516,3.4063628898422946,-18.352844634924708,16.837026181958766,0.0
2016-08-02 15:19:35.520,-0.563,-0.848,-0.492,0.28313745330573403,-18.371343136027097,16.857268789778345,0.0
2016-08-02 15:19:35.530,-0.574,-0.855,-0.449,-0.8171447042923388,-17.841252070219905,16.8940387398951,0.0
2016-08-02 15:19:35.540,-0.574,-0.863,-0.418,-0.18130791845951744,-16.893028754649915,16.86134728537362,0.0
2016-08-02 15:19:35.550,-0.57,-0.863,-0.398,2.258360464463854,-15.034214686170085,16.586442299526865,0.0
2016-08-02 15:19:35.560,-0.57,-0.852,-0.406,4.757937018352781,-12.677461293853769,17.057310407609034,0.0
2016-08-02 15:19:35.570,-0.57,-0.859,-0.426,4.875911670155887,-11.012497951942501,18.31212595045944,0.0
2016-08-02 15:19:35.580,-0.574,-0.855,-0.441,2.7429732068049577,-10.529162716718362,19.120884885158357,0.0
2016-08-02 15:19:35.590,-0.582,-0.863,-0.477,0.10753636846587489,-10.812211160306864,19.623515654323594,0.0
2016-08-02 15:19:35.600,-0.594,-0.867,-0.504,-3.484185354554966,-11.903113041233354,21.092320773437358,0.0
2016-08-02 15:19:35.610,-0.598,-0.879,-0.516,-9.15817917114595,-14.49322903846587,23.238054422019616,0.0
2016-08-02 15:19:35.620,-0.598,-0.906,-0.512,-14.24754344805611,-17.43967039596343,25.53988883229738,0.0
2016-08-02 15:19:35.630,-0.598,-0.922,-0.457,-16.2904438166558,-19.279866762871805,28.019810783547328,0.0
2016-08-02 15:19:35.640,-0.605,-0.938,-0.418,-16.040975588288145,-20.47192238765679,30.006041508439875,0.0
2016-08-02 15:19:35.650,-0.617,-0.957,-0.383,-12.996759377782784,-20.797146377047916,31.72399216815709,0.0
2016-08-02 15:19:35.660,-0.617,-0.969,-0.379,-6.245671553245371,-20.23862914851238,33.672022570108794,0.0
2016-08-02 15:19:35.670,-0.617,-0.941,-0.414,0.736619855012296,-20.571556880159022,34.95241908719457,0.0
2016-08-02 15:19:35.680,-0.621,-0.887,-0.457,2.4268191354935706,-22.765334645379568,35.2558298616722,0.0
2016-08-02 15:19:35.690,-0.633,-0.855,-0.5,-1.6595210084028038,-26.53766142832384,36.156332051310855,0.0
2016-08-02 15:19:35.700,-0.641,-0.844,-0.539,-6.42205411630112,-31.29568201561285,38.51178600659189,0.0
2016-08-02 15:19:35.710,-0.648,-0.816,-0.559,-8.024774445485685,-35.775727716785205,41.101677173776594,0.0
2016-08-02 15:19:35.720,-0.648,-0.785,-0.543,-9.53389958533263,-38.98236207771801,43.606048079840136,0.0
2016-08-02 15:19:35.730,-0.648,-0.773,-0.488,-16.06675012411923,-41.55858945103179,45.75011503036213,0.0
2016-08-02 15:19:35.740,-0.645,-0.789,-0.43,-23.520283940081832,-43.547613249173004,46.63005925672596,0.0
2016-08-02 15:19:35.750,-0.648,-0.82,-0.371,-23.775570688839103,-43.41272030976802,47.89392489081274,0.0
2016-08-02 15:19:35.760,-0.641,-0.832,-0.344,-17.63066153296265,-41.998876279263044,49.59201618679412,0.0
2016-08-02 15:19:35.770,-0.641,-0.816,-0.367,-10.86121722177248,-41.11340910420293,49.64881113768589,0.0
2016-08-02 15:19:35.780,-0.637,-0.77,-0.418,-8.21485230519798,-40.75841065888808,49.588734481068755,0.0
2016-08-02 15:19:35.790,-0.645,-0.711,-0.469,-11.590974633278984,-42.4681670297641,50.45680528272892,0.0
2016-08-02 15:19:35.800,-0.648,-0.66,-0.504,-16.740579055246883,-46.941893516873606,50.84559969556051,0.0
2016-08-02 15:19:35.810,-0.648,-0.652,-0.52,-20.58443845238668,-51.22099956214525,51.47225382630056,0.0
2016-08-02 15:19:35.820,-0.633,-0.656,-0.488,-25.254794392431506,-53.693630405893266,53.1399843587148,0.0
2016-08-02 15:19:35.830,-0.641,-0.652,-0.422,-28.857201055321177,-54.69580284377373,55.21611989810995,0.0
2016-08-02 15:19:35.840,-0.656,-0.68,-0.379,-28.015722245517942,-54.31175076548344,58.303585884444985,0.0
2016-08-02 15:19:35.850,-0.66,-0.688,-0.332,-24.607299458998,-53.62556563189746,61.43224086323336,0.0
2016-08-02 15:19:35.860,-0.656,-0.676,-0.293,-20.42659252200375,-53.37611621066155,61.61781463509138,0.0
2016-08-02 15:19:35.870,-0.652,-0.645,-0.305,-15.991009310283458,-53.12227198996677,60.573340641666775,0.0
2016-08-02 15:19:35.880,-0.656,-0.633,-0.348,-11.950953000936899,-53.59560751172309,60.965709509862435,0.0
2016-08-02 15:19:35.890,-0.664,-0.621,-0.43,-7.192792158869956,-55.48406500562948,60.56352692532606,0.0
2016-08-02 15:19:35.900,-0.68,-0.602,-0.512,-2.735814351384349,-57.738354941792345,59.3541311248033,0.0
2016-08-02 15:19:35.910,-0.699,-0.551,-0.543,-4.70213026268165,-60.1355720314875,60.04216558221806,0.0
2016-08-02 15:19:35.920,-0.723,-0.504,-0.488,-15.8630223756942,-64.12655787110589,62.014111229393464,0.0
2016-08-02 15:19:35.930,-0.727,-0.527,-0.375,-27.6488898075569,-69.43385570224255,64.05216066533876,0.0
2016-08-02 15:19:35.940,-0.715,-0.594,-0.281,-28.700366225271097,-71.88866781460538,65.45776984435838,0.0
2016-08-02 15:19:35.950,-0.723,-0.645,-0.23,-16.561464442708598,-68.91421444140856,64.70277459035346,0.0
2016-08-02 15:19:35.960,-0.738,-0.625,-0.211,2.1308084882562315,-64.41866711860683,62.285514226085496,0.0
2016-08-02 15:19:35.970,-0.742,-0.539,-0.238,17.281807834182047,-61.77779703521993,60.07287258079248,0.0
2016-08-02 15:19:35.980,-0.742,-0.484,-0.336,22.376629191699017,-59.90252417333869,59.44292787515221,0.0
2016-08-02 15:19:35.990,-0.77,-0.445,-0.402,16.503864240185123,-59.257371458901915,60.51598996127175,0.0
2016-08-02 15:19:36.000,-0.801,-0.43,-0.418,4.698140441266566,-61.796571138329256,60.823179988117815,0.0
2016-08-02 15:19:36.010,-0.801,-0.438,-0.387,-4.6470874919495015,-65.3729098395489,59.529750433428546,0.0
2016-08-02 15:19:36.020,-0.801,-0.398,-0.281,-7.856873968282094,-66.92445644637621,58.007717021707705,0.0
2016-08-02 15:19:36.030,-0.793,-0.414,-0.199,-5.08589362350526,-67.16680294343772,56.65662696534189,0.0
2016-08-02 15:19:36.040,-0.797,-0.445,-0.145,1.8652785878915425,-65.31861332567988,56.75074679916444,0.0
2016-08-02 15:19:36.050,-0.813,-0.453,-0.117,10.374356231936051,-61.20604263905954,57.41401426003941,0.0
2016-08-02 15:19:36.060,-0.828,-0.453,-0.125,19.355623126604506,-58.843136410877456,56.26636110533806,0.0
2016-08-02 15:19:36.070,-0.859,-0.441,-0.168,25.648947853738605,-58.32180002579485,54.77524440133276,0.0
2016-08-02 15:19:36.080,-0.895,-0.43,-0.219,26.015723359265948,-58.034349869203794,54.20120889240002,0.0
2016-08-02 15:19:36.090,-0.918,-0.395,-0.242,20.0950895738807,-59.60015680901521,54.517988803941115,0.0
2016-08-02 15:19:36.100,-0.941,-0.387,-0.23,9.89512484905769,-63.201971111315686,56.520679058071295,0.0
2016-08-02 15:19:36.110,-0.945,-0.422,-0.16,1.7605025265085277,-67.22525556039075,60.524266242520866,0.0
2016-08-02 15:19:36.120,-0.898,-0.426,-0.07,1.3388457264910316,-69.27605635651946,65.6257411828146,0.0
2016-08-02 15:19:36.130,-0.855,-0.434,-0.023,8.894055810765913,-66.8086461946622,69.19712262242055,0.0
2016-08-02 15:19:36.140,-0.871,-0.43,-0.039,19.212442786133874,-61.99462949174412,69.64739731762147,0.0
2016-08-02 15:19:36.150,-0.898,-0.391,-0.043,23.49466480458758,-60.44198884280064,68.04654090373934,0.0
2016-08-02 15:19:36.160,-0.887,-0.344,-0.066,18.285930816553275,-62.7141108596007,66.52264943364683,0.0
2016-08-02 15:19:36.170,-0.891,-0.336,-0.094,8.722167238221159,-65.81495381139774,65.82806648855572,0.0
2016-08-02 15:19:36.180,-0.887,-0.332,-0.074,1.28462280262098,-69.16784977095257,65.09883402380439,0.0
2016-08-02 15:19:36.190,-0.863,-0.352,-0.066,-1.1149267614971303,-71.70657204681011,66.07386990244612,0.0
2016-08-02 15:19:36.200,-0.859,-0.332,-0.027,-0.5976946241376383,-72.71081999630589,70.41370942661342,0.0
2016-08-02 15:19:36.210,-0.828,-0.254,0.027,-2.708270940528447,-75.46524356763626,76.69623171424212,0.0
2016-08-02 15:19:36.220,-0.758,-0.246,0.09,-7.116118191750493,-79.11494376556873,84.07511736859192,0.0
2016-08-02 15:19:36.230,-0.695,-0.277,0.129,-5.570980605918587,-76.80485710836743,88.55378149289393,0.0
2016-08-02 15:19:36.240,-0.668,-0.258,0.129,3.95375082143713,-68.33148355397442,86.38431844410219,0.0
2016-08-02 15:19:36.250,-0.68,-0.246,0.051,11.308462690417286,-60.11539260995489,82.39532533408044,0.0
2016-08-02 15:19:36.260,-0.711,-0.191,0.0,9.217113732136575,-56.948082554031934,79.95415715995995,0.0
2016-08-02 15:19:36.270,-0.699,-0.133,-0.008,3.2965394141660718,-59.48660856694562,79.21410711159547,0.0
2016-08-02 15:19:36.280,-0.648,-0.109,0.051,-0.22183812682159776,-62.3336430076113,81.35176261129298,0.0
2016-08-02 15:19:36.290,-0.578,-0.121,0.117,-0.8118806037500518,-59.33988735956571,80.9799947302404,0.0
2016-08-02 15:19:36.300,-0.59,-0.145,0.125,2.5535234743621857,-49.805972475247856,74.33852110013923,0.0
2016-08-02 15:19:36.310,-0.637,-0.188,0.117,6.093689859896296,-39.03588107903816,64.81437036912672,0.0
2016-08-02 15:19:36.320,-0.676,-0.203,0.082,5.082448742732236,-31.572226718082042,53.1779915556599,0.0
2016-08-02 15:19:36.330,-0.711,-0.199,0.043,4.284350246283185,-24.022107418684918,40.13166518174935,0.0
2016-08-02 15:19:36.340,-0.75,-0.211,0.012,3.99902881956249,-15.722902335880914,27.295348204131912,0.0
2016-08-02 15:19:36.350,-0.781,-0.242,-0.016,-0.14777259801609288,-9.707574539336566,14.800407470949274,0.0
2016-08-02 15:19:36.360,-0.816,-0.266,-0.047,-3.0788706902201834,-3.52390855538521,5.438428532325487,0.0
2016-08-02 15:19:36.370,-0.84,-0.227,-0.07,-3.7454712681628606,1.9303245369390072,0.7621972865627298,0.0
2016-08-02 15:19:36.380,-0.895,-0.215,-0.063,-9.116402693596768,2.606986054934674,-1.0946909085497085,0.0
2016-08-02 15:19:36.390,-0.938,-0.262,-0.023,-15.998302902185952,-0.27701789430842294,-0.05676701256116057,0.0
2016-08-02 15:19:36.400,-0.934,-0.297,0.047,-13.662038417887485,-1.9264620591352521,2.9880915349613186,0.0
2016-08-02 15:19:36.410,-0.93,-0.297,0.07,-2.57141256086054,1.54851627974594,3.6182830839998705,0.0
2016-08-02 15:19:36.420,-0.949,-0.266,0.051,5.182542306008293,6.264886488417707,0.41728164762641284,0.0
2016-08-02 15:19:36.430,-0.988,-0.219,0.031,3.902974966032594,6.891862282157624,-3.6713540287645987,0.0
2016-08-02 15:19:36.440,-1.008,-0.195,0.035,-1.762824047914272,5.41035253829628,-6.917178126562208,0.0
2016-08-02 15:19:36.450,-0.988,-0.184,0.063,-6.525234272036011,4.236437249928457,-9.390274392931737,0.0
2016-08-02 15:19:36.460,-1.0,-0.184,0.074,-7.086987506711412,5.255896208902691,-10.589192460672212,0.0
2016-08-02 15:19:36.470,-1.0,-0.184,0.051,-4.078982744547091,8.679957606640198,-10.54311487582694,0.0
2016-08-02 15:19:36.480,-1.008,-0.172,0.031,-0.9097132069826597,10.61818531595278,-10.111875201454025,0.0
2016-08-02 15:19:36.490,-1.027,-0.156,0.02,-0.3140198471012057,10.366688292349416,-8.93559524695418,0.0
2016-08-02 15:19:36.500,-1.031,-0.152,0.035,-4.134628362154306,8.687759732133125,-6.35539603467904,0.0
2016-08-02 15:19:36.510,-1.008,-0.172,0.074,-8.324341207107123,6.057990351080061,-4.219570999479473,0.0
2016-08-02 15:19:36.520,-1.012,-0.195,0.109,-7.621662353676599,5.613241702019477,-3.9872549737840983,0.0
2016-08-02 15:19:36.530,-1.004,-0.215,0.117,-4.584340379989882,7.119896604953794,-3.911005319539819,0.0
2016-08-02 15:19:36.540,-1.004,-0.219,0.109,-2.180879877462991,8.050954986952249,-3.776448780003819,0.0
2016-08-02 15:19:36.550,-1.004,-0.219,0.082,-1.0424715478863003,8.663238796828258,-4.830976588375076,0.0
2016-08-02 15:19:36.560,-0.992,-0.215,0.043,-2.176257026537679,9.180077177769414,-5.704182324150194,0.0
2016-08-02 15:19:36.570,-1.0,-0.199,-0.008,-3.5798077114963855,9.240492914957837,-5.0759082483106885,0.0
2016-08-02 15:19:36.580,-1.004,-0.188,-0.027,-5.437996852038703,7.328728906969355,-3.2041800910534124,0.0
2016-08-02 15:19:36.590,-0.984,-0.195,-0.012,-9.966353566418809,3.0143950459197306,-0.6590353293932789,0.0
2016-08-02 15:19:36.600,-0.969,-0.223,0.023,-12.897377723297906,0.4431482883609549,1.0227562016612173,0.0
2016-08-02 15:19:36.610,-0.961,-0.25,0.059,-11.193508068128917,1.1057461688957746,0.585077727856205,0.0
2016-08-02 15:19:36.620,-0.949,-0.25,0.074,-8.787053495129353,2.403598519992836,-1.3742905802760075,0.0
2016-08-02 15:19:36.630,-0.949,-0.246,0.063,-8.671447476076544,3.8008871089804472,-3.7401289358890795,0.0
2016-08-02 15:19:36.640,-0.961,-0.242,0.047,-11.045454637469343,4.835334212062373,-5.796074794749822,0.0
2016-08-02 15:19:36.650,-0.969,-0.246,0.012,-13.450270116882592,4.98536097517681,-6.534940227305469,0.0
2016-08-02 15:19:36.660,-0.984,-0.223,-0.016,-13.070841229155086,4.755697533655502,-5.1885131753280955,0.0
2016-08-02 15:19:36.670,-0.996,-0.215,-0.027,-12.853511630328779,3.140733063488091,-2.494673987201194,0.0
2016-08-02 15:19:36.680,-0.984,-0.215,-0.02,-14.568733147094358,0.9434685682608364,0.14071886794052235,0.0
2016-08-02 15:19:36.690,-0.98,-0.219,0.008,-14.741660221447358,0.6032360403522073,1.5515290050455934,0.0
2016-08-02 15:19:36.700,-0.977,-0.227,0.035,-13.996452922737022,1.2773524051940743,1.1058023819564786,0.0
2016-08-02 15:19:36.710,-0.969,-0.227,0.047,-14.333557054746738,2.327630789940801,-0.6184284667421885,0.0
2016-08-02 15:19:36.720,-0.984,-0.23,0.043,-14.220916183337703,4.134542791672994,-2.3783777270461988,0.0
2016-08-02 15:19:36.730,-0.984,-0.23,0.027,-13.323813394135085,5.01895785637353,-3.00524579690648,0.0
2016-08-02 15:19:36.740,-0.992,-0.219,0.008,-11.491867663023594,4.664923783270355,-2.31902038284626,0.0
2016-08-02 15:19:36.750,-1.012,-0.203,0.0,-9.893862262126076,3.440002547496363,-0.6213362909661394,0.0
2016-08-02 15:19:36.760,-1.004,-0.207,0.008,-10.779172756427844,0.9794199026702176,2.0912476088175165,0.0
2016-08-02 15:19:36.770,-1.0,-0.203,0.023,-11.39129268621267,-0.5163883549135041,4.08870126648578,0.0
2016-08-02 15:19:36.780,-0.996,-0.211,0.031,-10.634621826854731,-0.1740821220941396,3.979775529119343,0.0
2016-08-02 15:19:36.790,-0.996,-0.219,0.035,-10.734984471544587,-0.022990788547883757,3.3197706480079097,0.0
2016-08-02 15:19:36.800,-0.996,-0.219,0.031,-9.464014305818612,0.0974796374575068,2.9847265846517606,0.0
2016-08-02 15:19:36.810,-0.988,-0.223,0.02,-6.507985044652883,0.8572232876323418,2.6059846849382606,0.0
2016-08-02 15:19:36.820,-1.0,-0.223,0.004,-4.409109314643829,1.3106952033962584,2.6113640820646653,0.0
2016-08-02 15:19:36.830,-1.008,-0.207,-0.008,-2.8216949075689506,0.652198424128753,3.3658709807879115,0.0
2016-08-02 15:19:36.840,-1.004,-0.199,0.0,-3.0152482289203615,-1.252923187900139,4.753320476878837,0.0
2016-08-02 15:19:36.850,-1.0,-0.211,0.023,-4.902329289093994,-2.9938053307652357,5.907978651783548,0.0
2016-08-02 15:19:36.860,-0.996,-0.219,0.031,-4.873363028524582,-3.058947934172968,5.8084258861234215,0.0
2016-08-02 15:19:36.870,-0.996,-0.223,0.031,-3.5810777364927517,-2.0154585673340417,4.636404154065451,0.0
2016-08-02 15:19:36.880,-0.992,-0.223,0.035,-2.835866066870718,-0.7839437805560566,3.1484542619509357,0.0
2016-08-02 15:19:36.890,-0.984,-0.227,0.016,-1.2215103828992577,0.5193955311961105,2.0319286569829087,0.0
2016-08-02 15:19:36.900,-0.98,-0.223,0.004,0.8337420110078411,1.393728759127892,1.5182946616666813,0.0
2016-08-02 15:19:36.910,-0.984,-0.215,0.0,1.3407116061309923,1.0776577393290623,1.6175009255992603,0.0
2016-08-02 15:19:36.920,-0.977,-0.207,0.008,0.5469157076687313,-0.18242610428667694,2.603033128251809,0.0
2016-08-02 15:19:36.930,-0.965,-0.211,0.016,-0.07264500750082997,-1.332219113058791,3.5992629477042257,0.0
2016-08-02 15:19:36.940,-0.969,-0.219,0.027,0.5189233225808608,-1.480468529265125,3.5255309599689544,0.0
2016-08-02 15:19:36.950,-0.973,-0.219,0.031,2.138163916627055,-1.0123922359943136,2.9782043279906953,0.0
2016-08-02 15:19:36.960,-0.977,-0.211,0.031,3.0339559721369147,-0.9894209526004454,2.449563031704104,0.0
2016-08-02 15:19:36.970,-0.973,-0.207,0.031,2.1463935035223374,-0.9924789830056782,1.8364873341657457,0.0
2016-08-02 15:19:36.980,-0.973,-0.203,0.027,0.5763111823238111,-0.5936447178336016,1.3405327562742002,0.0
2016-08-02 15:19:36.990,-0.973,-0.199,0.027,-0.7201055785715273,-0.42237142712834075,1.064350541666478,0.0
2016-08-02 15:19:37.000,-0.988,-0.195,0.027,-1.4635423256584688,-0.44392089899092224,1.2072278330407729,0.0
2016-08-02 15:19:37.010,-0.996,-0.207,0.035,-1.004322499117239,-0.6527504367551396,2.043199695610402,0.0
2016-08-02 15:19:37.020,-0.996,-0.207,0.043,0.2623011050238962,-1.0470939267944084,3.1596642724555606,0.0
2016-08-02 15:19:37.030,-0.996,-0.195,0.047,0.8533816837854267,-0.9542766287583342,3.552105729263503,0.0
2016-08-02 15:19:37.040,-1.0,-0.191,0.051,-0.5556228529856323,-0.7653508502347157,3.19788186576479,0.0
2016-08-02 15:19:37.050,-0.996,-0.191,0.051,-3.4688534949683874,-0.9261012439687384,2.8398255568243105,0.0
2016-08-02 15:19:37.060,-1.0,-0.191,0.051,-5.024361769694091,-0.6074908753562174,2.484978357436666,0.0
2016-08-02 15:19:37.070,-1.0,-0.195,0.051,-4.631678753945861,-0.2624066326129192,2.4885055946830184,0.0
2016-08-02 15:19:37.080,-0.996,-0.195,0.051,-4.212431841681244,-0.697108756327999,3.198917745875228,0.0
2016-08-02 15:19:37.090,-0.996,-0.191,0.051,-3.8617006949847497,-1.1250692979722676,3.982819406545607,0.0
2016-08-02 15:19:37.100,-0.992,-0.191,0.051,-3.698055765467315,-1.619794339731571,4.703366797550792,0.0
2016-08-02 15:19:37.110,-0.984,-0.188,0.055,-4.4821405744279925,-2.266037200182636,5.257453205515796,0.0
2016-08-02 15:19:37.120,-0.984,-0.191,0.055,-5.354159412279548,-2.0152744409708303,5.070167042326831,0.0
2016-08-02 15:19:37.130,-0.992,-0.191,0.055,-5.798957976634472,-1.372471494256529,4.44976075732111,0.0
2016-08-02 15:19:37.140,-0.992,-0.195,0.051,-6.2605696826539985,-1.1025951714962587,3.9911561770170936,0.0
2016-08-02 15:19:37.150,-0.992,-0.195,0.043,-6.4612729474032164,-0.8063682162979757,3.759314386894684,0.0
2016-08-02 15:19:37.160,-0.984,-0.191,0.035,-6.276204623827488,-0.6117663262382683,3.979303707961786,0.0
2016-08-02 15:19:37.170,-0.988,-0.191,0.031,-6.2810914024941145,-0.717158633662113,4.64748392336306,0.0
2016-08-02 15:19:37.180,-0.992,-0.191,0.023,-6.679508030808212,-1.045304445102953,5.25471996169718,0.0
2016-08-02 15:19:37.190,-0.992,-0.191,0.031,-7.020949231388375,-1.454408708739642,5.629887792989295,0.0
2016-08-02 15:19:37.200,-0.984,-0.191,0.043,-6.704024583867685,-1.504247550724685,5.6672000207250735,0.0
2016-08-02 15:19:37.210,-0.98,-0.195,0.047,-5.78610598242498,-0.9966810845520057,5.211274217358166,0.0
2016-08-02 15:19:37.220,-0.988,-0.191,0.051,-5.0360074786826265,-0.30880330689094976,4.497830304705428,0.0
2016-08-02 15:19:37.230,-0.988,-0.188,0.055,-4.854728799357843,-0.008884804960471566,3.7153751373336235,0.0
2016-08-02 15:19:37.240,-0.984,-0.188,0.051,-4.888080830687276,0.31405837763668226,2.9553387441229377,0.0
2016-08-02 15:19:37.250,-0.988,-0.188,0.047,-4.617719842577804,1.0896344154766082,2.4408794478019162,0.0
2016-08-02 15:19:37.260,-0.996,-0.191,0.035,-3.868510279338669,1.2867760136108968,2.4383257812267463,0.0
2016-08-02 15:19:37.270,-0.996,-0.188,0.023,-2.972187579919661,0.5120563390164917,2.9620640208728126,0.0
2016-08-02 15:19:37.280,-1.0,-0.18,0.02,-2.392896313363358,-0.28688689921916133,3.512515346127702,0.0
2016-08-02 15:19:37.290,-1.0,-0.176,0.027,-2.2379148085489526,-0.8331919890924064,3.7204216229371503,0.0
2016-08-02 15:19:37.300,-0.996,-0.18,0.043,-2.2690615360997484,-1.1824156588148502,3.6974859807015314,0.0
2016-08-02 15:19:37.310,-0.992,-0.18,0.055,-1.9198705584105016,-0.7331620709162575,3.454408533557068,0.0
2016-08-02 15:19:37.320,-0.984,-0.18,0.063,-0.9911261516022856,0.38074722727048,2.882750404167434,0.0
2016-08-02 15:19:37.330,-0.988,-0.184,0.059,-0.2714532294290242,1.2475604842250534,2.2174030299226146,0.0
2016-08-02 15:19:37.340,-0.992,-0.184,0.043,-0.10354598953169108,1.6289727309552395,1.8471852340472477,0.0
2016-08-02 15:19:37.350,-0.992,-0.168,0.035,-0.026460574187731022,1.6186306257605263,1.7808010123609734,0.0
2016-08-02 15:19:37.360,-0.996,-0.16,0.035,-0.03219893762380886,1.3638773935349369,1.865519855199108,0.0
2016-08-02 15:19:37.370,-0.996,-0.168,0.039,0.028077801672088412,1.0183331015720916,2.1480497082645273,0.0
2016-08-02 15:19:37.380,-1.0,-0.168,0.043,0.7583314720170966,0.5913975394760493,2.511277932554801,0.0
2016-08-02 15:19:37.390,-0.992,-0.172,0.047,2.0126985040631675,0.4956534072552108,2.571570620431907,0.0
2016-08-02 15:19:37.400,-0.988,-0.172,0.051,3.025824593542395,0.9495970370930269,2.1536493645882793,0.0
2016-08-02 15:19:37.410,-0.996,-0.172,0.039,3.4386551352844164,1.3427253285687224,1.6411108829334344,0.0
2016-08-02 15:19:37.420,-0.996,-0.168,0.043,3.370499110104493,1.156814915838597,1.5174208932433888,0.0
2016-08-02 15:19:37.430,-0.996,-0.164,0.047,3.112618624975573,0.7422567782317961,1.5622835724571937,0.0
2016-08-02 15:19:37.440,-0.996,-0.168,0.051,3.0076366516823025,0.6656029211568739,1.3993794526665106,0.0
2016-08-02 15:19:37.450,-0.996,-0.164,0.051,3.1800964721327825,0.7976445795857572,1.1623916070050013,0.0
2016-08-02 15:19:37.460,-0.992,-0.164,0.047,3.487470557578271,0.9844062657574775,0.8798084512820568,0.0
2016-08-02 15:19:37.470,-0.992,-0.168,0.039,3.691574190687839,1.3527214327988313,0.4034825448513254,0.0
2016-08-02 15:19:37.480,-0.996,-0.168,0.035,3.5208462110215066,1.5808605485988094,-0.1381285364458624,0.0
2016-08-02 15:19:37.490,-0.996,-0.172,0.027,2.994394890376233,1.4843239895111222,-0.4899419536084177,0.0
2016-08-02 15:19:37.500,-1.008,-0.172,0.02,2.4776999002517677,1.2322788910487308,-0.452224489730333,0.0
2016-08-02 15:19:37.510,-1.004,-0.168,0.031,2.253530227530195,0.8815953602591027,0.012235108711990017,0.0
2016-08-02 15:19:37.520,-1.0,-0.176,0.035,2.5007334036862696,0.8020060452628983,0.5768895462338319,0.0
2016-08-02 15:19:37.530,-0.992,-0.176,0.047,3.1002205888721903,1.1914490636092028,0.717619144770524,0.0
2016-08-02 15:19:37.540,-0.988,-0.176,0.051,3.214666115963732,1.6077527209874345,0.22658819427329366,0.0
2016-08-02 15:19:37.550,-0.992,-0.168,0.039,2.215470368129921,1.871479621344632,-0.7052397342684622,0.0
2016-08-02 15:19:37.560,-0.992,-0.172,0.035,0.7519271533098162,2.203973169900521,-1.804114816828382,0.0
2016-08-02 15:19:37.570,-0.992,-0.172,0.035,-0.12800119959034137,2.681097153945177,-2.697199345404536,0.0
2016-08-02 15:19:37.580,-0.996,-0.172,0.031,-0.23660997993837526,3.1014896352644974,-2.9078512521172297,0.0
2016-08-02 15:19:37.590,-0.992,-0.168,0.027,-0.06274630142469673,3.169121082343401,-2.334122522946878,0.0
2016-08-02 15:19:37.600,-0.996,-0.164,0.027,-0.0010579081199643577,2.8444249696107233,-1.4063245470308297,0.0
2016-08-02 15:19:37.610,-0.996,-0.16,0.027,-0.10171981808637373,2.3491091933790944,-0.5850709140956912,0.0
2016-08-02 15:19:37.620,-0.996,-0.164,0.035,-0.23393133342003009,2.0311990380062412,-0.20039496334198564,0.0
2016-08-02 15:19:37.630,-0.992,-0.168,0.039,-0.37186840109992936,2.0723236831697203,-0.48236415776839525,0.0
2016-08-02 15:19:37.640,-0.996,-0.172,0.047,-0.745213367160229,2.24710795336433,-1.2603332878553122,0.0
2016-08-02 15:19:37.650,-0.988,-0.168,0.047,-1.3893386423207394,2.519546081024533,-2.141538194032955,0.0
2016-08-02 15:19:37.660,-0.988,-0.172,0.035,-1.8110951124816745,3.0099084560364497,-2.847708988507606,0.0
2016-08-02 15:19:37.670,-0.984,-0.172,0.031,-1.7446294575269585,3.3522055227901633,-3.10779625532519,0.0
2016-08-02 15:19:37.680,-0.988,-0.176,0.023,-1.572170738785383,3.2368600117661916,-2.817070666939761,0.0
2016-08-02 15:19:37.690,-0.996,-0.176,0.023,-1.409815744639935,2.879231514702025,-2.2719168176759474,0.0
2016-08-02 15:19:37.700,-0.992,-0.176,0.02,-1.0436609621008177,2.5313748175240156,-1.8951178120593897,0.0
2016-08-02 15:19:37.710,-0.992,-0.176,0.016,-0.9227606251725392,2.181190283242195,-1.9021539469420414,0.0
2016-08-02 15:19:37.720,-0.996,-0.18,0.023,-1.3979834722205398,1.8170894503795376,-2.2715215732107294,0.0
2016-08-02 15:19:37.730,-0.992,-0.184,0.027,-1.8208514251049084,1.6534192165636392,-2.8709371447399232,0.0
2016-08-02 15:19:37.740,-0.988,-0.188,0.031,-1.7197692104823714,1.8258522596287043,-3.4684922006660885,0.0
2016-08-02 15:19:37.750,-0.992,-0.191,0.031,-1.1342428100949418,2.21400368470389,-3.7924775810539875,0.0
2016-08-02 15:19:37.760,-0.992,-0.191,0.027,-0.3423520454286136,2.6137476024082438,-3.8587130378987284,0.0
2016-08-02 15:19:37.770,-0.988,-0.184,0.02,-0.08983087610218082,2.7639222598118325,-3.8639262921674913,0.0
2016-08-02 15:19:37.780,-0.988,-0.184,0.016,-0.4876240619095531,2.555299281615157,-3.742255128638421,0.0
2016-08-02 15:19:37.790,-0.988,-0.188,0.008,-0.8143057484415028,2.277350175434864,-3.4600806560189583,0.0
2016-08-02 15:19:37.800,-0.988,-0.188,0.012,-0.7877622606604966,2.2660555078186473,-3.30313612639163,0.0
2016-08-02 15:19:37.810,-0.984,-0.188,0.016,-0.6032098309560402,2.479176597023637,-3.3165363442463267,0.0
2016-08-02 15:19:37.820,-0.98,-0.188,0.02,-0.5085423465468464,2.708838137424738,-3.325624432280538,0.0
2016-08-02 15:19:37.830,-0.98,-0.188,0.023,-0.5427122917675848,2.9285017971167777,-3.3985082957721655,0.0
2016-08-02 15:19:37.840,-0.98,-0.195,0.023,-0.32805165908884976,3.2400020377896013,-3.5522637475357968,0.0
2016-08-02 15:19:37.850,-0.977,-0.195,0.02,0.19968821421125224,3.539992960903796,-3.7589010346361937,0.0
2016-08-02 15:19:37.860,-0.984,-0.203,0.016,0.30498626127669193,3.4651123700446473,-4.094032780526538,0.0
2016-08-02 15:19:37.870,-0.992,-0.207,0.012,-0.2785746145203932,3.0216445208994767,-4.459310817950763,0.0
2016-08-02 15:19:37.880,-0.988,-0.203,0.016,-0.7427678216584881,2.745875645229411,-4.720073120522591,0.0
2016-08-02 15:19:37.890,-0.984,-0.199,0.016,-0.6635551626601744,2.940585101113406,-4.835662801430113,0.0
2016-08-02 15:19:37.900,-0.988,-0.199,0.02,-0.3234249049294377,3.2987249716119367,-4.735786078915555,0.0
2016-08-02 15:19:37.910,-0.992,-0.211,0.016,0.09691133149778579,3.4351138617378476,-4.430166693595188,0.0
2016-08-02 15:19:37.920,-0.988,-0.203,0.016,0.33178828994455656,3.3522451096178,-4.105189646284529,0.0
2016-08-02 15:19:37.930,-0.996,-0.207,0.012,0.2742986498317738,3.1207545642945966,-3.839857106963907,0.0
2016-08-02 15:19:37.940,-0.992,-0.207,0.012,0.2029032056696356,2.7496073968746106,-3.5577545411573768,0.0
2016-08-02 15:19:37.950,-0.988,-0.203,0.012,-0.030607276113108317,2.392890043129782,-3.3736704070740715,0.0
2016-08-02 15:19:37.960,-0.992,-0.207,0.012,-0.4374972531758963,2.3244015831366514,-3.3402801490166096,0.0
2016-08-02 15:19:37.970,-0.988,-0.211,0.016,-0.15576441033433083,2.651558256813915,-3.3038104677735145,0.0
2016-08-02 15:19:37.980,-0.984,-0.211,0.02,0.8393731807136492,3.000626078155879,-3.296989902773757,0.0
2016-08-02 15:19:37.990,-0.98,-0.207,0.02,1.4034726615638915,3.106260748224907,-3.4096379868420024,0.0
2016-08-02 15:19:38.000,-0.996,-0.211,0.012,1.2678390090733835,3.0083517453192052,-3.4919417938389534,0.0
2016-08-02 15:20:21.000,-0.895,-0.324,0.359,1.640062920414587,-1.0030301711883836,0.4341561272283686,1.0
2016-08-02 15:20:21.010,-0.887,-0.324,0.363,1.7165076892881248,-0.7591989134771384,0.3842919840230412,1.0
2016-08-02 15:20:21.020,-0.887,-0.32,0.363,1.3410357164202846,-0.8956874822349354,0.3152782698622641,1.0
2016-08-02 15:20:21.030,-0.891,-0.32,0.363,0.7696506255847395,-1.0260810012287327,0.281357971504437,1.0
2016-08-02 15:20:21.040,-0.883,-0.32,0.367,0.4107714205019208,-0.9371401691751318,0.34877995282160407,1.0
2016-08-02 15:20:21.050,-0.879,-0.32,0.371,0.2319067473521254,-0.6612260138300007,0.3402096064254147,1.0
2016-08-02 15:20:21.060,-0.875,-0.324,0.371,0.18333432915518263,-0.2771077098848816,0.10444500494708367,1.0
2016-08-02 15:20:21.070,-0.883,-0.324,0.371,0.4866260985244256,-0.021501898319290738,-0.1832288710315907,1.0
2016-08-02 15:20:21.080,-0.887,-0.324,0.371,1.1108290436503654,0.30827924724341615,-0.27220223670635485,1.0
2016-08-02 15:20:21.090,-0.887,-0.32,0.371,1.411415766756412,0.6860860851560624,-0.33986539165381924,1.0
2016-08-02 15:20:21.100,-0.887,-0.32,0.371,0.9244628241414055,0.6116635502846437,-0.6015728506316821,1.0
2016-08-02 15:20:21.110,-0.887,-0.316,0.375,0.4087283855372895,0.3027161839338143,-0.7452723847601742,1.0
2016-08-02 15:20:21.120,-0.879,-0.328,0.375,0.5203702599238952,0.3552939023420526,-0.7009400152562979,1.0
2016-08-02 15:20:21.130,-0.879,-0.328,0.375,0.7452264956254743,0.7245157278127026,-0.825144438562555,1.0
2016-08-02 15:20:21.140,-0.887,-0.324,0.367,0.7887769543036335,1.0902518815806226,-0.9164830254708758,1.0
2016-08-02 15:20:21.150,-0.887,-0.324,0.367,0.6709219153506616,1.25330039891516,-0.8772818740056165,1.0
2016-08-02 15:20:21.160,-0.887,-0.324,0.371,0.24596264013685842,1.1715375304405042,-0.9672622832615982,1.0
2016-08-02 15:20:21.170,-0.891,-0.324,0.375,-0.11764651672316459,1.1051821629960694,-0.8390638255686378,1.0
2016-08-02 15:20:21.180,-0.883,-0.316,0.371,-0.14428292059958805,1.0387361470127408,-0.5510082006021033,1.0
2016-08-02 15:20:21.190,-0.887,-0.324,0.371,-0.12981209670424879,0.8346617231414875,-0.6892450368408781,1.0
2016-08-02 15:20:21.200,-0.883,-0.324,0.375,-0.010904525101594079,0.8580248889830802,-0.844419500931436,1.0
2016-08-02 15:20:21.210,-0.879,-0.324,0.375,0.19433036957303412,1.0180388481571403,-0.6241300939298389,1.0
2016-08-02 15:20:21.220,-0.887,-0.324,0.375,-0.1333414092126892,0.8744878627092803,-0.4917777981413294,1.0
2016-08-02 15:20:21.230,-0.891,-0.324,0.367,-0.7965728520718897,0.580648914836442,-0.4914900617779133,1.0
2016-08-02 15:20:21.240,-0.883,-0.328,0.367,-0.706271408324748,0.3558522828618801,-0.43626937898689655,1.0
2016-08-02 15:20:21.250,-0.879,-0.332,0.367,0.12422329693509968,0.35097649712312606,-0.5370126438230526,1.0
2016-08-02 15:20:21.260,-0.883,-0.332,0.367,0.5807651763507902,0.39522428609136856,-0.7788579999748912,1.0
2016-08-02 15:20:21.270,-0.887,-0.332,0.367,0.2568670789338185,0.04299178497898455,-0.818432605885091,1.0
2016-08-02 15:20:21.280,-0.883,-0.324,0.363,-0.5622276452553521,-0.3821691480135333,-0.5544798553153646,1.0
2016-08-02 15:20:21.290,-0.883,-0.32,0.371,-1.6014297233648396,-0.5469887500615153,-0.27257529376141104,1.0
2016-08-02 15:20:21.300,-0.883,-0.324,0.371,-2.231728046555644,-0.570347978328866,-0.14026706750828608,1.0
2016-08-02 15:20:21.310,-0.879,-0.328,0.367,-1.9490804761950318,-0.15786969821746755,-0.02561418512277554,1.0
2016-08-02 15:20:21.320,-0.879,-0.34,0.367,-1.2248460847386493,0.5299098937326744,0.07404916720593349,1.0
2016-08-02 15:20:21.330,-0.883,-0.332,0.375,-0.9261980652969845,0.6957618670490594,0.05553202826445898,1.0
2016-08-02 15:20:21.340,-0.879,-0.328,0.371,-1.4161424134690987,0.41896467100970364,-0.040900742750721676,1.0
2016-08-02 15:20:21.350,-0.883,-0.332,0.363,-2.2069271755268978,0.24387150918952066,-0.10776443247285615,1.0
2016-08-02 15:20:21.360,-0.883,-0.328,0.363,-2.5067084052041855,0.30212051391352446,-0.012854286468318286,1.0
2016-08-02 15:20:21.370,-0.887,-0.328,0.363,-2.426371970000507,0.6731108333993716,0.29090244141278476,1.0
2016-08-02 15:20:21.380,-0.891,-0.336,0.359,-2.42213192475047,1.0802756699761686,0.6570956439050487,1.0
2016-08-02 15:20:21.390,-0.895,-0.34,0.363,-2.2249388345601715,1.0790127587396052,0.8976023153814727,1.0
2016-08-02 15:20:21.400,-0.891,-0.344,0.367,-1.9509358976853393,0.9153803896356534,0.9406307634998783,1.0
2016-08-02 15:20:21.410,-0.887,-0.344,0.375,-2.304749339236606,0.8475997042719144,0.8364118660638452,1.0
2016-08-02 15:20:21.420,-0.887,-0.344,0.371,-3.2198905304456007,0.5272048507420745,0.6831150935423641,1.0
2016-08-02 15:20:21.430,-0.895,-0.348,0.367,-4.00066230917032,-0.08137714437492162,0.6982381678635983,1.0
2016-08-02 15:20:21.440,-0.898,-0.348,0.367,-4.095816076876969,-0.43669811561255684,1.0349109172263455,1.0
2016-08-02 15:20:21.450,-0.898,-0.352,0.375,-3.4551406610937656,-0.3036235545803959,1.4264124692317393,1.0
2016-08-02 15:20:21.460,-0.898,-0.355,0.375,-2.496716422015962,-0.009097516647297483,1.630421895566359,1.0
2016-08-02 15:20:21.470,-0.898,-0.355,0.375,-1.5532334299579436,0.06460521417467605,1.907145439892969,1.0
2016-08-02 15:20:21.480,-0.895,-0.348,0.367,-1.0136640043950602,-0.12802827684713575,2.3418353431295884,1.0
2016-08-02 15:20:21.490,-0.898,-0.34,0.363,-1.3586981819956923,-0.5262094857386892,2.589583559757258,1.0
2016-08-02 15:20:21.500,-0.914,-0.348,0.359,-2.102433884234936,-1.0244959348882323,2.891654285793594,1.0
2016-08-02 15:20:21.510,-0.906,-0.352,0.367,-1.9874845716770744,-0.9743474652267922,3.4497311082705497,1.0
2016-08-02 15:20:21.520,-0.91,-0.355,0.375,-1.059639768392508,-0.07544215204938926,3.682239920348272,1.0
2016-08-02 15:20:21.530,-0.914,-0.367,0.383,-0.7975277050263181,0.7882767682186687,3.7175683051660124,1.0
2016-08-02 15:20:21.540,-0.918,-0.359,0.395,-1.6520953993903966,0.8372078584166537,3.862211138694101,1.0
2016-08-02 15:20:21.550,-0.918,-0.359,0.398,-2.682776907832751,0.14388541447071215,3.5861360200930394,1.0
2016-08-02 15:20:21.560,-0.918,-0.367,0.398,-2.878157879348811,-0.4596940657710647,3.1111404078357805,1.0
2016-08-02 15:20:21.570,-0.918,-0.375,0.395,-1.6022328006121773,-0.011299272102776453,3.027027666270066,1.0
2016-08-02 15:20:21.580,-0.922,-0.367,0.383,0.1830188915282448,1.0589911723277556,2.8287159812352964,1.0
2016-08-02 15:20:21.590,-0.926,-0.359,0.375,0.4805340593599618,1.5048201561553023,2.321872758935302,1.0
2016-08-02 15:20:21.600,-0.934,-0.355,0.371,-0.37928488841373664,0.9660004196252573,1.9012153107024845,1.0
2016-08-02 15:20:21.610,-0.938,-0.367,0.375,-0.5722629208594172,0.16973154201261803,1.293635952808231,1.0
2016-08-02 15:20:21.620,-0.938,-0.371,0.375,-0.14176787947077485,-0.12313496438120407,0.5403272366468009,1.0
2016-08-02 15:20:21.630,-0.934,-0.359,0.379,-0.3795407654778422,-0.4880682871183699,-0.11693544182066265,1.0
2016-08-02 15:20:21.640,-0.938,-0.355,0.387,-1.959612971729341,-1.2662876340182971,-0.5206767438658271,1.0
2016-08-02 15:20:21.650,-0.93,-0.359,0.391,-3.588075439257932,-1.2420184278911572,-0.20034794418297855,1.0
2016-08-02 15:20:21.660,-0.922,-0.371,0.395,-2.8663183805096826,0.07976564718152462,-0.26646111085182766,1.0
2016-08-02 15:20:21.670,-0.922,-0.371,0.395,-0.46657075486803884,1.8911261185401682,-1.2501417970162982,1.0
2016-08-02 15:20:21.680,-0.93,-0.363,0.383,0.25846659545975104,3.123388273823676,-1.5440990569510447,1.0
2016-08-02 15:20:21.690,-0.93,-0.359,0.371,-1.2418971921358817,3.27849197574139,-1.5178547002377394,1.0
2016-08-02 15:20:21.700,-0.934,-0.359,0.359,-2.8098853053756603,2.9895563155372074,-2.0473486708918114,1.0
2016-08-02 15:20:21.710,-0.934,-0.367,0.359,-3.8929977637386095,2.594565376404408,-2.242274506085565,1.0
2016-08-02 15:20:21.720,-0.93,-0.375,0.367,-4.344836723884559,2.1536592997091617,-2.192401877843327,1.0
2016-08-02 15:20:21.730,-0.926,-0.383,0.363,-3.2624827544060535,2.6375616566543645,-2.2886896002334387,1.0
2016-08-02 15:20:21.740,-0.926,-0.383,0.367,-1.8758007269527743,4.03182992418488,-1.8982301023381347,1.0
2016-08-02 15:20:21.750,-0.922,-0.371,0.359,-1.5185802006746474,4.965131854958418,-1.2043845593469291,1.0
2016-08-02 15:20:21.760,-0.906,-0.359,0.359,-1.3461349333848367,5.268726595112326,-0.8665240533498604,1.0
2016-08-02 15:20:21.770,-0.91,-0.359,0.359,-0.9440955477229543,5.444273103212321,-0.6989425979721814,1.0
2016-08-02 15:20:21.780,-0.902,-0.359,0.359,-0.35952194623242634,5.3156349407072145,-0.6663015558450588,1.0
2016-08-02 15:20:21.790,-0.898,-0.34,0.359,0.1496723999718566,5.159590986667299,-0.9293312859469287,1.0
2016-08-02 15:20:21.800,-0.902,-0.332,0.363,-0.32599279628757044,4.956269616267181,-1.4885128592388561,1.0
2016-08-02 15:20:21.810,-0.906,-0.336,0.371,-0.9457849125073692,4.11152253629179,-2.3542382558750945,1.0
2016-08-02 15:20:21.820,-0.906,-0.348,0.379,-0.22843387082868397,3.631195452532591,-3.0477810705564754,1.0
2016-08-02 15:20:21.830,-0.906,-0.352,0.387,0.6526722082378752,4.094180151943872,-3.3874620566898557,1.0
2016-08-02 15:20:21.840,-0.91,-0.348,0.391,-0.18334172865117837,4.185983339515536,-3.743082592651355,1.0
2016-08-02 15:20:21.850,-0.918,-0.344,0.395,-2.3622949525823094,3.798695254779742,-4.164863272306415,1.0
2016-08-02 15:20:21.860,-0.93,-0.352,0.395,-4.0036340078344335,3.581008097752469,-4.613325316955253,1.0
2016-08-02 15:20:21.870,-0.945,-0.371,0.387,-4.108158467260583,3.328552106424379,-5.0219738531641225,1.0
2016-08-02 15:20:21.880,-0.957,-0.375,0.379,-3.7905060430964506,3.2923774755894915,-5.42584762921287,1.0
2016-08-02 15:20:21.890,-0.977,-0.383,0.371,-4.657375031754956,3.1505950383531607,-6.391147290195135,1.0
2016-08-02 15:20:21.900,-0.988,-0.395,0.375,-6.6521897165247585,1.675564372114153,-7.573961112209226,1.0
2016-08-02 15:20:21.910,-0.984,-0.41,0.391,-8.880173021840275,0.10795576097408992,-7.872474129149006,1.0
2016-08-02 15:20:21.920,-1.008,-0.426,0.379,-11.232602942762469,-0.20084865465640164,-8.203760468661928,1.0
2016-08-02 15:20:21.930,-1.039,-0.445,0.379,-14.27099985549597,-1.3110696765940295,-9.211313502156493,1.0
2016-08-02 15:20:21.940,-1.063,-0.449,0.371,-18.160661012092362,-3.9668512439231876,-9.610885827821829,1.0
2016-08-02 15:20:21.950,-1.086,-0.469,0.387,-21.340550063659553,-6.7176348960701215,-10.086841593891704,1.0
2016-08-02 15:20:21.960,-1.086,-0.492,0.402,-21.131202593118147,-8.954916071107192,-11.443036594896878,1.0
2016-08-02 15:20:21.970,-1.082,-0.496,0.414,-18.0616034083818,-9.605213907498818,-11.713736590817014,1.0
2016-08-02 15:20:21.980,-1.066,-0.48,0.426,-17.19399108110497,-9.053289021303137,-10.15495299799818,1.0
2016-08-02 15:20:21.990,-1.039,-0.449,0.414,-20.717470680652013,-9.175565782406542,-8.420894384636362,1.0
2016-08-02 15:20:22.000,-1.035,-0.449,0.402,-25.40869808391196,-8.832286845714133,-6.997724264857619,1.0
2016-08-02 15:20:22.010,-1.031,-0.438,0.398,-29.44774515845276,-7.550489176589924,-5.051715640305467,1.0
2016-08-02 15:20:22.020,-1.031,-0.434,0.402,-32.67648387373057,-8.05099990965277,-3.0484880355133095,1.0
2016-08-02 15:20:22.030,-1.023,-0.457,0.43,-33.7978614013268,-9.931159452071327,-2.051444387885148,1.0
2016-08-02 15:20:22.040,-1.008,-0.473,0.449,-32.832497988409294,-10.012945799332266,-1.3906056789080274,1.0
2016-08-02 15:20:22.050,-1.016,-0.477,0.457,-32.27340629554406,-8.383585616974548,0.20727979990971357,1.0
2016-08-02 15:20:22.060,-1.035,-0.484,0.445,-34.400489133326026,-7.871922865580352,2.2877480211742673,1.0
2016-08-02 15:20:22.070,-1.063,-0.48,0.434,-38.72815370652851,-9.982644508781824,3.9825682147122268,1.0
2016-08-02 15:20:22.080,-1.09,-0.484,0.418,-44.053171490084694,-13.987152103475353,5.692997009746682,1.0
2016-08-02 15:20:22.090,-1.094,-0.496,0.422,-48.86696412624738,-18.37206508378842,7.733785859605398,1.0
2016-08-02 15:20:22.100,-1.078,-0.508,0.438,-49.99075156732259,-21.22926629432227,10.075110592008999,1.0
2016-08-02 15:20:22.110,-1.066,-0.516,0.457,-48.018211437467016,-21.504371133917314,12.83924866573553,1.0
2016-08-02 15:20:22.120,-1.063,-0.508,0.461,-47.06246912425833,-20.94916704236141,15.151261958974398,1.0
2016-08-02 15:20:22.130,-1.063,-0.484,0.438,-47.983114705845715,-21.180817120947047,16.55545781445029,1.0
2016-08-02 15:20:22.140,-1.082,-0.465,0.414,-50.27373697242196,-21.628154925348277,18.62486035669571,1.0
2016-08-02 15:20:22.150,-1.094,-0.453,0.402,-53.73030721428953,-22.407841137864324,21.9694145911759,1.0
2016-08-02 15:20:22.160,-1.09,-0.449,0.391,-55.96707688067244,-23.030749911370382,25.609899126707617,1.0
2016-08-02 15:20:22.170,-1.078,-0.449,0.371,-55.53937902843538,-22.017116052678535,29.461103134399902,1.0
2016-08-02 15:20:22.180,-1.066,-0.438,0.355,-54.43379066485873,-20.250899868636896,33.54927615133859,1.0
2016-08-02 15:20:22.190,-1.066,-0.414,0.332,-55.68809116153517,-18.77897230129668,37.260301114260045,1.0
2016-08-02 15:20:22.200,-1.074,-0.402,0.328,-61.14970764691566,-18.844929532187834,40.48111001001685,1.0
2016-08-02 15:20:22.210,-1.055,-0.383,0.352,-68.73745067456144,-22.005624924869224,43.3595431597708,1.0
2016-08-02 15:20:22.220,-1.023,-0.375,0.375,-73.85704766556111,-25.487645351016482,45.68289624110778,1.0
2016-08-02 15:20:22.230,-0.988,-0.379,0.387,-74.71195859623128,-26.221042004340358,47.42921893237276,1.0
2016-08-02 15:20:22.240,-0.973,-0.359,0.371,-72.74898087527916,-24.806891840045484,48.92536103307053,1.0
2016-08-02 15:20:22.250,-0.98,-0.348,0.332,-71.66617939163277,-23.088769733757086,50.71916187748028,1.0
2016-08-02 15:20:22.260,-0.992,-0.32,0.305,-75.57068696091035,-23.97807481502968,53.476529426656334,1.0
2016-08-02 15:20:22.270,-1.004,-0.27,0.277,-85.00264630751148,-28.05827028777197,56.17035132807072,1.0
2016-08-02 15:20:22.280,-1.0,-0.25,0.273,-95.92343287906463,-32.28191661822711,57.54246326578844,1.0
2016-08-02 15:20:22.290,-0.973,-0.273,0.309,-101.04071136568241,-34.348849555422845,59.27063926769945,1.0
2016-08-02 15:20:22.300,-0.906,-0.27,0.359,-97.70768929323636,-32.98365936857659,61.8980954499867,1.0
2016-08-02 15:20:22.310,-0.855,-0.25,0.379,-93.38079254101604,-28.65482716546666,63.30420575545109,1.0
2016-08-02 15:20:22.320,-0.848,-0.227,0.355,-94.84634428443505,-24.743066456543502,63.72842481962931,1.0
2016-08-02 15:20:22.330,-0.887,-0.219,0.316,-101.82719019088663,-23.631999185902327,65.3273636646641,1.0
2016-08-02 15:20:22.340,-0.914,-0.211,0.273,-111.93705059444889,-25.59153037064148,68.30278990535,1.0
2016-08-02 15:20:22.350,-0.922,-0.199,0.258,-121.6055565717009,-30.51005400622969,70.96042063687312,1.0
2016-08-02 15:20:22.360,-0.887,-0.195,0.301,-126.77908573126547,-37.36103315853543,72.16960851274536,1.0
2016-08-02 15:20:22.370,-0.789,-0.223,0.355,-125.45139130102001,-41.80393489219264,71.95735931607818,1.0
2016-08-02 15:20:22.380,-0.73,-0.234,0.359,-119.51755441064424,-38.93679997565434,71.03279368854118,1.0
2016-08-02 15:20:22.390,-0.73,-0.215,0.336,-115.75529567727168,-33.8263578493869,70.85778704042355,1.0
2016-08-02 15:20:22.400,-0.738,-0.184,0.309,-120.11864478239428,-34.34596821283779,71.68390719730166,1.0
2016-08-02 15:20:22.410,-0.754,-0.16,0.27,-130.45471142187603,-37.77087547722721,71.86391035679132,1.0
2016-08-02 15:20:22.420,-0.777,-0.168,0.254,-138.29811733049763,-42.290596221686044,70.86755555351239,1.0
2016-08-02 15:20:22.430,-0.746,-0.18,0.281,-136.8394964516848,-49.065930234302236,69.41196031360144,1.0
2016-08-02 15:20:22.440,-0.672,-0.207,0.309,-127.06358937355704,-51.38592940545482,67.18733227951454,1.0
2016-08-02 15:20:22.450,-0.652,-0.207,0.293,-116.3572156625961,-46.617830391272584,64.46715798167725,1.0
2016-08-02 15:20:22.460,-0.688,-0.195,0.262,-112.1635179263692,-43.63675614175739,62.91053580361019,1.0
2016-08-02 15:20:22.470,-0.73,-0.191,0.23,-116.8122827264857,-46.0868784229605,63.070987200003515,1.0
2016-08-02 15:20:22.480,-0.77,-0.184,0.203,-124.49068015083546,-49.38512571389215,64.32507661278724,1.0
2016-08-02 15:20:22.490,-0.805,-0.207,0.223,-127.47080872759071,-53.864371728999245,65.34800033824347,1.0
2016-08-02 15:20:22.500,-0.789,-0.227,0.262,-124.02425064335716,-60.18768565514404,65.09086745178344,1.0
2016-08-02 15:20:22.510,-0.742,-0.281,0.316,-115.57724367078728,-63.11618235497048,63.67096181007706,1.0
2016-08-02 15:20:22.520,-0.699,-0.316,0.359,-105.92815274749762,-62.0495440569903,60.846896687159116,1.0
2016-08-02 15:20:22.530,-0.648,-0.289,0.348,-100.9900195406436,-59.391874553630714,57.27226028504378,1.0
2016-08-02 15:20:22.540,-0.699,-0.266,0.297,-102.86567546668539,-54.78885398171699,55.294275112078175,1.0
2016-08-02 15:20:22.550,-0.785,-0.258,0.227,-110.07452456857845,-54.640220848302576,57.15784973789869,1.0
2016-08-02 15:20:22.560,-0.801,-0.23,0.188,-120.04692577154923,-63.05532136305379,62.31531714679413,1.0
2016-08-02 15:20:22.570,-0.77,-0.211,0.211,-128.53020821793368,-71.22192268369164,65.84487462259092,1.0
2016-08-02 15:20:22.580,-0.723,-0.262,0.281,-132.20306297841762,-74.32566673515258,66.13326938323858,1.0
2016-08-02 15:20:22.590,-0.684,-0.332,0.332,-129.88463627890533,-72.73720561237884,66.92586768818944,1.0
2016-08-02 15:20:22.600,-0.699,-0.316,0.348,-124.62673601070094,-67.48228563687758,68.52250514827534,1.0
2016-08-02 15:20:22.610,-0.742,-0.289,0.32,-127.71705400577753,-65.48195694820015,71.47070392907392,1.0
2016-08-02 15:20:22.620,-0.797,-0.262,0.309,-142.81996461437564,-68.37907362468381,78.4008935910432,1.0
2016-08-02 15:20:22.630,-0.797,-0.238,0.336,-156.0591917346456,-73.23329149505693,86.57468082389627,1.0
2016-08-02 15:20:22.640,-0.719,-0.238,0.422,-159.90661327304582,-77.72370715188906,93.52231586190622,1.0
2016-08-02 15:20:22.650,-0.613,-0.27,0.516,-156.62352710009415,-74.67644254275783,97.53334230183029,1.0
2016-08-02 15:20:22.660,-0.539,-0.324,0.543,-143.10468508498587,-61.966665993177195,94.92969759380752,1.0
2016-08-02 15:20:22.670,-0.582,-0.301,0.465,-122.9025526396548,-45.56357374491406,89.77918391762321,1.0
2016-08-02 15:20:22.680,-0.672,-0.219,0.352,-110.99015074603096,-34.49139136729078,86.93270868528701,1.0
2016-08-02 15:20:22.690,-0.715,-0.191,0.27,-115.95495823611529,-34.30957084773047,83.48016714679194,1.0
2016-08-02 15:20:22.700,-0.734,-0.172,0.273,-129.16057748688195,-37.545262315727506,78.55093746166492,1.0
2016-08-02 15:20:22.710,-0.684,-0.172,0.313,-132.76481718340023,-36.552316115476444,72.93410136147975,1.0
2016-08-02 15:20:22.720,-0.664,-0.219,0.371,-120.46186630030635,-30.293167927059137,64.73384994562849,1.0
2016-08-02 15:20:22.730,-0.695,-0.285,0.359,-101.73233791575572,-18.94091843739425,54.8328506622361,1.0
2016-08-02 15:20:22.740,-0.711,-0.266,0.32,-86.56338298614116,-9.585530151250731,45.76285620240767,1.0
2016-08-02 15:20:22.750,-0.73,-0.262,0.301,-80.1684934207633,-7.489680509323712,36.87759053228938,1.0
2016-08-02 15:20:22.760,-0.742,-0.289,0.277,-80.99213011020376,-7.964255526070945,29.629640425733943,1.0
2016-08-02 15:20:22.770,-0.777,-0.285,0.262,-75.97176644215247,-7.8088640079979985,26.66459340731543,1.0
2016-08-02 15:20:22.780,-0.785,-0.254,0.273,-59.91065476130109,-8.486400548201416,24.750992254786198,1.0
2016-08-02 15:20:22.790,-0.777,-0.246,0.336,-43.364142360372725,-9.46675721582028,20.74870975954851,1.0
2016-08-02 15:20:22.800,-0.762,-0.277,0.398,-25.806575191377558,-7.774438307775445,15.22509830926336,1.0
2016-08-02 15:20:22.810,-0.742,-0.277,0.422,-3.389853110269224,-2.8471952570684453,8.640954545942888,1.0
2016-08-02 15:20:22.820,-0.734,-0.242,0.402,12.324679653983194,3.1134611509444725,1.467526485125821,1.0
2016-08-02 15:20:22.830,-0.773,-0.211,0.379,16.96241934715768,7.835758590909899,-5.271585522161809,1.0
2016-08-02 15:20:22.840,-0.82,-0.203,0.344,19.27690651460762,9.37988231266025,-10.067469670383895,1.0
2016-08-02 15:20:22.850,-0.879,-0.203,0.367,24.74674160384912,7.670250143904152,-11.815854821292984,1.0
2016-08-02 15:20:22.860,-0.883,-0.195,0.406,33.748309070954186,4.870413306759742,-10.90838221467729,1.0
2016-08-02 15:20:22.870,-0.84,-0.211,0.457,44.72969431647143,3.9525397428494804,-8.947559179027275,1.0
2016-08-02 15:20:22.880,-0.84,-0.219,0.469,56.125335882897375,5.826504648423851,-7.920877142844784,1.0
2016-08-02 15:20:22.890,-0.848,-0.211,0.461,63.536809348896256,6.986654302091779,-8.676233483155166,1.0
2016-08-02 15:20:22.900,-0.848,-0.207,0.453,61.86605246903538,5.970556417678237,-10.44061415353759,1.0
2016-08-02 15:20:22.910,-0.855,-0.203,0.461,55.856621142022185,5.3998064166258395,-12.244706541074919,1.0
2016-08-02 15:20:22.920,-0.871,-0.203,0.465,52.56128333935938,5.206499128783776,-13.277797087485794,1.0
2016-08-02 15:20:22.930,-0.871,-0.211,0.461,50.937919118394824,5.229895113639167,-13.165460956723637,1.0
2016-08-02 15:20:22.940,-0.879,-0.223,0.441,49.31520269229015,6.63413104206343,-12.948838184392454,1.0
2016-08-02 15:20:22.950,-0.887,-0.238,0.422,45.85210735340631,7.124928190150287,-13.029759235151118,1.0
2016-08-02 15:20:22.960,-0.871,-0.234,0.43,39.05053184483272,5.4740494861502,-12.364640315343488,1.0
2016-08-02 15:20:22.970,-0.867,-0.242,0.43,32.78592398281641,4.505994996457033,-10.427249667076303,1.0
2016-08-02 15:20:22.980,-0.863,-0.25,0.434,28.575583110471754,4.963304872017548,-7.823658634849739,1.0
2016-08-02 15:20:22.990,-0.863,-0.254,0.438,25.00210556271066,5.401808373230778,-6.362008754099454,1.0
2016-08-02 15:20:23.000,-0.879,-0.262,0.434,21.450068708055184,6.069344902311451,-7.151492768852732,1.0
2016-08-02 15:20:23.010,-0.859,-0.27,0.445,16.53706757983149,7.322896904423644,-9.437148200997704,1.0
2016-08-02 15:20:23.020,-0.848,-0.27,0.449,11.940963661774976,8.777405057836974,-12.319763918490922,1.0
2016-08-02 15:20:23.030,-0.836,-0.266,0.43,8.810124030899102,10.269603751387228,-14.86027509510723,1.0
2016-08-02 15:20:23.040,-0.824,-0.246,0.418,5.060459701401288,11.531578970438655,-16.263446192070308,1.0
2016-08-02 15:20:23.050,-0.816,-0.242,0.395,1.6916633586939867,12.376675525316672,-16.813141349918975,1.0
2016-08-02 15:20:23.060,-0.816,-0.227,0.383,0.45298096643623614,13.195190224445989,-17.113910183037007,1.0
2016-08-02 15:20:23.070,-0.824,-0.234,0.375,0.7320792129796292,14.39329604247979,-18.193744687012792,1.0
2016-08-02 15:20:23.080,-0.805,-0.242,0.367,2.530691065777338,16.156414636147183,-20.901754874155458,1.0
2016-08-02 15:20:23.090,-0.797,-0.234,0.367,5.854970368289017,18.54261531291083,-24.581659076492887,1.0
2016-08-02 15:20:23.100,-0.801,-0.234,0.367,8.351697226008667,19.972285194892557,-28.33433944035779,1.0
2016-08-02 15:20:23.110,-0.777,-0.238,0.367,9.13161320225418,19.604564183043717,-31.33056583740985,1.0
2016-08-02 15:20:23.120,-0.793,-0.238,0.367,11.026574237946948,19.606392787714203,-33.39820049298473,1.0
2016-08-02 15:20:23.130,-0.813,-0.242,0.363,13.544215076011374,20.50940431760276,-35.56082280281026,1.0
2016-08-02 15:20:23.140,-0.793,-0.25,0.375,15.447244359976462,22.03266399486971,-38.312809211402914,1.0
2016-08-02 15:20:23.150,-0.762,-0.234,0.383,19.868667268242703,26.046611242237407,-42.1056739831297,1.0
2016-08-02 15:20:23.160,-0.773,-0.246,0.34,24.78380753329481,30.94485602354319,-46.07518150533989,1.0
2016-08-02 15:20:23.170,-0.84,-0.25,0.32,25.877342227113953,31.177087240794727,-47.07097018816966,1.0
2016-08-02 15:20:23.180,-0.871,-0.23,0.328,24.88254233043744,25.966525992892503,-44.41460042504822,1.0
2016-08-02 15:20:23.190,-0.867,-0.27,0.359,24.46689412166686,21.912119239560155,-40.49816017781959,1.0
2016-08-02 15:20:23.200,-0.871,-0.313,0.406,29.115313570617282,22.63954519195968,-37.451660239674524,1.0
2016-08-02 15:20:23.210,-0.824,-0.313,0.445,38.7976565510802,24.787987314477093,-36.55802676841814,1.0
2016-08-02 15:20:23.220,-0.773,-0.297,0.445,43.86092938983081,28.579333682516783,-38.0636251529821,1.0
2016-08-02 15:20:23.230,-0.73,-0.258,0.434,43.2923286428171,34.80219836004848,-41.067566563403076,1.0
2016-08-02 15:20:23.240,-0.68,-0.219,0.406,42.6335821367131,39.10116052449979,-44.30645444310794,1.0
2016-08-02 15:20:23.250,-0.664,-0.223,0.355,39.4547300650148,42.38201443033533,-47.435296202656446,1.0
2016-08-02 15:20:23.260,-0.746,-0.254,0.324,34.065387119069854,45.92497559102166,-49.71354541768959,1.0
2016-08-02 15:20:23.270,-0.762,-0.281,0.313,31.430683633999728,44.71394682392316,-49.356876746913855,1.0
2016-08-02 15:20:23.280,-0.699,-0.27,0.344,32.45096080338505,42.96991398137619,-48.27418946251841,1.0
2016-08-02 15:20:23.290,-0.699,-0.301,0.375,36.27235163185563,47.90967530801118,-49.625328098939356,1.0
2016-08-02 15:20:23.300,-0.699,-0.32,0.383,40.17107612647563,52.25848424303122,-50.91776465180021,1.0
2016-08-02 15:20:23.310,-0.66,-0.328,0.398,43.622714695204365,53.445662238464436,-50.10323276029783,1.0
2016-08-02 15:20:23.320,-0.641,-0.332,0.371,48.49668548285045,59.59208415580937,-49.93498003332244,1.0
2016-08-02 15:20:23.330,-0.652,-0.324,0.305,49.792259309908054,66.80347573235704,-51.83719987301107,1.0
2016-08-02 15:20:23.340,-0.738,-0.348,0.23,44.90006929542299,68.14762257019558,-54.538110944630894,1.0
2016-08-02 15:20:23.350,-0.867,-0.344,0.191,39.312841701335074,64.05767696231318,-54.65358162101916,1.0
2016-08-02 15:20:23.360,-0.863,-0.34,0.219,35.577349508464295,53.92834807077662,-50.3872654227136,1.0
2016-08-02 15:20:23.370,-0.789,-0.367,0.313,35.91459256662656,46.72085844369747,-46.61088947425141,1.0
2016-08-02 15:20:23.380,-0.742,-0.414,0.383,43.077983410080186,51.27226804058845,-45.719475451530236,1.0
2016-08-02 15:20:23.390,-0.672,-0.395,0.395,53.31801224983671,58.3185037066551,-44.244627322885336,1.0
2016-08-02 15:20:23.400,-0.652,-0.371,0.34,61.991715018516246,64.1340658926432,-42.842470897479075,1.0
2016-08-02 15:20:23.410,-0.734,-0.387,0.211,66.037501715232,72.44684605907662,-42.66957572707361,1.0
2016-08-02 15:20:23.420,-0.914,-0.355,0.074,64.66386252108458,73.78188159788793,-40.92294296877235,1.0
2016-08-02 15:20:23.430,-1.051,-0.324,0.035,61.8053512365329,60.248953901991065,-35.61745590448619,1.0
2016-08-02 15:20:23.440,-0.953,-0.32,0.145,59.15579264194751,42.54889791747984,-28.280359874270506,1.0
2016-08-02 15:20:23.450,-0.836,-0.383,0.285,60.74746128967392,39.07511093172764,-24.635309546757977,1.0
2016-08-02 15:20:23.460,-0.777,-0.434,0.359,71.79096404536996,48.868704832257,-25.17492260697979,1.0
2016-08-02 15:20:23.470,-0.715,-0.379,0.379,85.79073075270757,55.30818226010233,-25.20301493203617,1.0
2016-08-02 15:20:23.480,-0.719,-0.332,0.324,95.947898027105,58.83099634117157,-26.593582274588115,1.0
2016-08-02 15:20:23.490,-0.805,-0.328,0.203,101.0965649351348,62.94548169482061,-31.063881680896895,1.0
2016-08-02 15:20:23.500,-0.957,-0.254,0.09,101.0755293171338,57.63920243402901,-35.84800156155783,1.0
2016-08-02 15:20:23.510,-1.027,-0.246,0.074,98.16920776828215,41.5317497305154,-38.90128889972979,1.0
2016-08-02 15:20:23.520,-0.93,-0.242,0.176,92.98671816530253,25.09011816672013,-38.675956118325445,1.0
2016-08-02 15:20:23.530,-0.805,-0.277,0.309,93.80984983460819,20.94752905798605,-37.940152549875464,1.0
2016-08-02 15:20:23.540,-0.719,-0.324,0.367,107.58083802750673,30.00616554189724,-39.62396343226308,1.0
2016-08-02 15:20:23.550,-0.676,-0.301,0.305,121.71042018864294,40.493782910645336,-41.10635915616139,1.0
2016-08-02 15:20:23.560,-0.797,-0.258,0.152,127.27052178434762,47.76786956657794,-43.0724822084039,1.0
2016-08-02 15:20:23.570,-1.004,-0.277,0.027,123.93857807130206,45.63866838813949,-46.10910821500081,1.0
2016-08-02 15:20:23.580,-1.074,-0.262,0.031,112.6550925349699,28.974044160164922,-45.11339762722446,1.0
2016-08-02 15:20:23.590,-1.063,-0.316,0.16,104.86687615776283,14.067839223442574,-41.57005002063073,1.0
2016-08-02 15:20:23.600,-0.988,-0.453,0.293,107.80254478593643,12.24442711858404,-39.90864936831214,1.0
2016-08-02 15:20:23.610,-0.875,-0.465,0.371,118.76271999354074,16.184098914676028,-38.68193026317657,1.0
2016-08-02 15:20:23.620,-0.816,-0.398,0.355,130.09077793056787,21.990315545994747,-39.023117717042524,1.0
2016-08-02 15:20:23.630,-0.84,-0.352,0.25,130.00198985857122,27.46577692451301,-41.12691732661419,1.0
2016-08-02 15:20:23.640,-0.969,-0.332,0.137,121.70676301845256,27.56009714981065,-40.83191313712095,1.0
2016-08-02 15:20:23.650,-1.008,-0.262,0.109,112.5717648688888,20.105105381673233,-39.212148369243316,1.0
2016-08-02 15:20:23.660,-0.996,-0.223,0.148,97.00735177007468,9.669410402313089,-39.67502017124433,1.0
2016-08-02 15:20:23.670,-0.992,-0.289,0.277,82.1086314178181,3.8548044015009997,-40.30771235667558,1.0
2016-08-02 15:20:23.680,-0.871,-0.336,0.402,81.19746338156953,2.434635801554832,-39.177778023826264,1.0
2016-08-02 15:20:23.690,-0.777,-0.313,0.441,86.9401854528959,5.534826795876871,-40.44779713874562,1.0
2016-08-02 15:20:23.700,-0.766,-0.293,0.414,88.02498892162572,12.64551916430801,-43.92354463780317,1.0
2016-08-02 15:20:23.710,-0.773,-0.27,0.32,83.46383541248682,15.83495322462539,-43.63121655385571,1.0
2016-08-02 15:20:23.720,-0.875,-0.281,0.227,75.63769892404483,15.30624127571079,-41.93472687340998,1.0
2016-08-02 15:20:23.730,-0.93,-0.293,0.211,67.71950975130903,12.825188580018006,-41.25821657213745,1.0
2016-08-02 15:20:23.740,-0.922,-0.313,0.25,62.24165734618952,7.425236071156227,-39.33527703099389,1.0
2016-08-02 15:20:23.750,-0.91,-0.367,0.336,61.29717132656006,4.9965722490096764,-39.08635583697534,1.0
2016-08-02 15:20:23.760,-0.855,-0.406,0.383,65.25707508159111,5.913620553741247,-40.92469931194705,1.0
2016-08-02 15:20:23.770,-0.848,-0.402,0.398,70.7619529037137,6.896680921562022,-42.21281240317493,1.0
2016-08-02 15:20:23.780,-0.84,-0.418,0.379,77.18803032387656,7.5528472525535015,-43.25587385880463,1.0
2016-08-02 15:20:23.790,-0.844,-0.414,0.313,85.4098053226345,7.329000647489972,-43.08712931768296,1.0
2016-08-02 15:20:23.800,-0.914,-0.383,0.246,90.38033192270692,7.810330910052654,-41.8122662681029,1.0
2016-08-02 15:20:23.810,-0.957,-0.383,0.238,87.0790511326198,5.8209737310646,-40.904665488362355,1.0
2016-08-02 15:20:23.820,-0.957,-0.387,0.285,78.60973288788975,0.20308233900441025,-40.68052585791546,1.0
2016-08-02 15:20:23.830,-0.953,-0.414,0.375,73.68826555945671,-2.420341758440027,-40.7026212623727,1.0
2016-08-02 15:20:23.840,-0.918,-0.453,0.441,77.05127265853807,-2.1423118950379796,-39.9609234980085,1.0
2016-08-02 15:20:23.850,-0.883,-0.449,0.496,87.91565893075065,-1.4697540520257175,-39.93043860225302,1.0
2016-08-02 15:20:23.860,-0.84,-0.422,0.504,101.81822206610272,0.8690726679838465,-40.813138033741886,1.0
2016-08-02 15:20:23.870,-0.863,-0.441,0.465,108.27599294806473,4.724374318337064,-40.37815859536687,1.0
2016-08-02 15:20:23.880,-0.945,-0.434,0.426,106.31592757333543,8.703465969559614,-39.09881454636847,1.0
2016-08-02 15:20:23.890,-0.965,-0.41,0.426,105.39465630139495,10.086331857081529,-37.06864708464706,1.0
2016-08-02 15:20:23.900,-0.969,-0.418,0.449,102.4646216342403,10.442044899780587,-35.308256811242764,1.0
2016-08-02 15:20:23.910,-0.996,-0.453,0.488,93.68729427609968,13.059198210903523,-34.37285680140961,1.0
2016-08-02 15:20:23.920,-0.98,-0.477,0.551,86.21974966018914,14.599376777739497,-31.049108561357333,1.0
2016-08-02 15:20:23.930,-0.922,-0.484,0.598,82.2072347933223,15.473394044868925,-27.526118418285847,1.0
2016-08-02 15:20:23.940,-0.891,-0.48,0.594,79.56370448370438,19.95226646132423,-26.21961661947092,1.0
2016-08-02 15:20:23.950,-0.906,-0.512,0.555,77.97391463970862,24.793657412212564,-23.503387234683213,1.0
2016-08-02 15:20:23.960,-0.938,-0.516,0.523,75.94999752301578,27.07419762825276,-19.493944974675642,1.0
2016-08-02 15:20:23.970,-0.957,-0.5,0.5,69.93344928603855,28.25987562125096,-16.775866569374696,1.0
2016-08-02 15:20:23.980,-0.988,-0.52,0.508,59.149094026647774,27.32457667000732,-15.840827932787773,1.0
2016-08-02 15:20:23.990,-1.004,-0.563,0.547,51.84651982059877,24.664228481641775,-15.4283718403319,1.0
2016-08-02 15:20:24.000,-0.988,-0.582,0.582,51.59659383367797,23.218627372860226,-14.133794194776648,1.0
2016-08-02 15:20:24.010,-0.965,-0.566,0.59,49.77342805292359,22.504322538519972,-13.453081960179532,1.0
2016-08-02 15:20:24.020,-0.949,-0.523,0.57,43.58077870010522,20.929769896791623,-12.695888102595196,1.0
2016-08-02 15:20:24.030,-0.938,-0.5,0.52,36.12017959163943,19.316314262520425,-9.864570727289365,1.0
2016-08-02 15:20:24.040,-0.941,-0.488,0.477,26.430533472281606,18.414492868641233,-7.333809910855985,1.0
2016-08-02 15:20:24.050,-0.949,-0.457,0.461,14.244664695553325,16.82254125695075,-6.3283322542379326,1.0
2016-08-02 15:20:24.060,-0.953,-0.477,0.48,3.3144048028704667,13.81000291565572,-6.412379814193328,1.0
2016-08-02 15:20:24.070,-0.938,-0.531,0.539,1.9843695421979248,11.566560517662342,-7.878376551768579,1.0
2016-08-02 15:20:24.080,-0.902,-0.543,0.582,12.789253792881516,11.518698796856796,-9.863844676255114,1.0
2016-08-02 15:20:24.090,-0.879,-0.512,0.574,21.273788361449867,13.010430627088333,-11.635682005126675,1.0
2016-08-02 15:20:24.100,-0.891,-0.457,0.52,15.597302269133202,15.323076705133616,-11.352946949483382,1.0
2016-08-02 15:20:24.110,-0.914,-0.426,0.469,3.1433007135885136,16.454364292324247,-8.41287267201098,1.0
2016-08-02 15:20:24.120,-0.906,-0.43,0.426,-5.921390977212835,15.597897499712452,-6.211820597556438,1.0
2016-08-02 15:20:24.130,-0.906,-0.445,0.406,-10.022688014124656,15.240861167330237,-6.142013037510209,1.0
2016-08-02 15:20:24.140,-0.91,-0.449,0.406,-10.936622557058202,15.211690742672433,-6.790068973839723,1.0
2016-08-02 15:20:24.150,-0.91,-0.473,0.445,-10.125175570088231,13.032643809639385,-8.126606055717446,1.0
2016-08-02 15:20:24.160,-0.883,-0.508,0.48,-6.245087167918889,9.972459223073692,-10.832165487616816,1.0
2016-08-02 15:20:24.170,-0.875,-0.508,0.477,-0.1284950461705805,8.521783446070803,-13.983392899806343,1.0
2016-08-02 15:20:24.180,-0.898,-0.496,0.469,3.299069391618511,7.40677826404964,-16.16609724342434,1.0
2016-08-02 15:20:24.190,-0.902,-0.504,0.445,5.520472659983264,5.344379241675253,-16.921470291547134,1.0
2016-08-02 15:20:24.200,-0.91,-0.5,0.418,9.22751407035536,4.469563852928766,-16.47982257191711,1.0
2016-08-02 15:20:24.210,-0.926,-0.496,0.387,10.02795579752253,4.2835966107348975,-16.27399952493827,1.0
2016-08-02 15:20:24.220,-0.934,-0.508,0.371,7.226827546862843,2.203267481878758,-16.69561418120978,1.0
2016-08-02 15:20:24.230,-0.934,-0.508,0.379,5.126426380453339,-0.754997105860863,-16.822257734838384,1.0
2016-08-02 15:20:24.240,-0.922,-0.535,0.402,5.410765416096227,-3.2167422324288877,-17.37879589990174,1.0
2016-08-02 15:20:24.250,-0.906,-0.578,0.438,9.477340697700093,-4.389118238106834,-19.096443819603742,1.0
2016-08-02 15:20:24.260,-0.887,-0.582,0.453,17.205564582807916,-3.46440153217967,-21.142916689261067,1.0
2016-08-02 15:20:24.270,-0.883,-0.551,0.426,21.42076711603065,-1.5661311744100765,-21.94746376424802,1.0
2016-08-02 15:20:24.280,-0.914,-0.535,0.391,16.97091564674154,-0.21407304752004364,-20.880421694941248,1.0
2016-08-02 15:20:24.290,-0.93,-0.551,0.375,10.595034764043469,-0.3097771047393659,-19.079632650931057,1.0
2016-08-02 15:20:24.300,-0.914,-0.563,0.383,8.524369639084965,-1.1763768761609512,-17.528804964378512,1.0
2016-08-02 15:20:24.310,-0.891,-0.582,0.406,9.522842357235039,-1.5183758998568209,-16.766205618617263,1.0
2016-08-02 15:20:24.320,-0.863,-0.598,0.426,13.620336309915219,-1.344549406974388,-16.525088503772274,1.0
2016-08-02 15:20:24.330,-0.852,-0.586,0.426,17.671677271751268,-0.2835145687350279,-15.402982605859476,1.0
2016-08-02 15:20:24.340,-0.859,-0.57,0.418,15.338392885907199,1.1868402894521481,-13.018173968221227,1.0
2016-08-02 15:20:24.350,-0.859,-0.559,0.41,9.168181342423106,1.5509879799005086,-9.729268157039842,1.0
2016-08-02 15:20:24.360,-0.848,-0.555,0.41,4.6155470439958215,1.3499452234866673,-6.02523861354355,1.0
2016-08-02 15:20:24.370,-0.836,-0.559,0.414,1.5798422351790102,1.4670816330313046,-3.0737644316250066,1.0
2016-08-02 15:20:24.380,-0.828,-0.559,0.426,0.07459728475849886,1.4192514180323834,-0.9455315666874585,1.0
2016-08-02 15:20:24.390,-0.813,-0.551,0.441,0.46366482006807996,1.5322512298319826,1.4172822927124953,1.0
2016-08-02 15:20:24.400,-0.809,-0.543,0.449,0.9846535451281488,2.6519388627019898,3.836593200142486,1.0
2016-08-02 15:20:24.410,-0.805,-0.535,0.453,1.3534766832030647,4.125661110706515,5.8197731194270315,1.0
2016-08-02 15:20:24.420,-0.801,-0.508,0.449,0.6915125829146911,5.660684382318481,8.14635237888719,1.0
2016-08-02 15:20:24.430,-0.82,-0.488,0.441,-3.7786299907364573,7.526342892914366,10.848187923704891,1.0
2016-08-02 15:20:24.440,-0.824,-0.492,0.438,-9.748684201627428,8.546373584462676,13.099452735566311,1.0
2016-08-02 15:20:24.450,-0.82,-0.488,0.434,-13.272911060953753,8.819003755094112,14.82453341340856,1.0
2016-08-02 15:20:24.460,-0.82,-0.488,0.441,-15.339056884777067,9.515033662039228,16.112185923937968,1.0
2016-08-02 15:20:24.470,-0.824,-0.512,0.445,-16.150042765020398,10.22839683250949,17.19941818588771,1.0
2016-08-02 15:20:24.480,-0.82,-0.508,0.438,-14.953689646303353,11.019451831066046,18.120615275402766,1.0
2016-08-02 15:20:24.490,-0.832,-0.508,0.418,-14.10830572373476,12.089778996779197,18.835224055149986,1.0
2016-08-02 15:20:24.500,-0.859,-0.512,0.406,-14.83157106020921,12.396865797495781,19.813033085105484,1.0
2016-08-02 15:20:24.510,-0.863,-0.516,0.406,-15.577629939587291,12.095315061741822,20.703119188442646,1.0
2016-08-02 15:20:24.520,-0.879,-0.535,0.402,-15.917216268403859,12.136316433807,20.953220489339913,1.0
2016-08-02 15:20:24.530,-0.891,-0.559,0.414,-16.90313388003849,11.75560335935414,20.998187682962165,1.0
2016-08-02 15:20:24.540,-0.91,-0.559,0.414,-17.71585479207193,10.557947672155134,21.044225886759325,1.0
2016-08-02 15:20:24.550,-0.922,-0.566,0.406,-17.028181878462416,9.666384081645678,21.112222496354374,1.0
2016-08-02 15:20:24.560,-0.934,-0.574,0.41,-16.147680361298434,9.245456824418548,21.292502071724876,1.0
2016-08-02 15:20:24.570,-0.949,-0.57,0.402,-15.787148444536058,8.879296043485127,21.048215470132103,1.0
2016-08-02 15:20:24.580,-0.973,-0.563,0.398,-16.386089526392105,8.245053482431631,20.661133254461983,1.0
2016-08-02 15:20:24.590,-0.98,-0.563,0.406,-19.561398999061147,6.954199015263657,20.61399829674741,1.0
2016-08-02 15:20:24.600,-0.98,-0.551,0.414,-23.096336955942967,5.96547200357457,20.02564063330512,1.0
2016-08-02 15:20:24.610,-0.973,-0.555,0.434,-24.15838093420995,5.868991410529577,19.265892948047238,1.0
2016-08-02 15:20:24.620,-0.969,-0.563,0.453,-23.844349258507457,5.770073214638719,19.17741670841776,1.0
2016-08-02 15:20:24.630,-0.965,-0.543,0.453,-22.86074013322114,6.255970511855273,19.128447051482638,1.0
2016-08-02 15:20:24.640,-0.969,-0.531,0.445,-23.097628012009928,7.99369875246788,19.36124820928346,1.0
2016-08-02 15:20:24.650,-0.98,-0.527,0.438,-26.640241524833012,9.171654927773837,19.6967892284681,1.0
2016-08-02 15:20:24.660,-0.988,-0.52,0.426,-30.16757384175179,8.861236494022746,19.13869295230686,1.0
2016-08-02 15:20:24.670,-0.996,-0.543,0.418,-32.290242071190974,8.328916713407066,18.755242341074197,1.0
2016-08-02 15:20:24.680,-1.0,-0.543,0.41,-35.112082087060855,7.882855388075612,19.098986799631344,1.0
2016-08-02 15:20:24.690,-1.0,-0.531,0.414,-36.887186858254545,7.1040886975839515,19.595660175010707,1.0
2016-08-02 15:20:24.700,-0.988,-0.527,0.41,-36.39762230433141,6.622471349558019,20.790756163425183,1.0
2016-08-02 15:20:24.710,-0.98,-0.512,0.398,-34.566939202097075,6.426746533582677,21.89172884133021,1.0
2016-08-02 15:20:24.720,-0.984,-0.512,0.395,-31.6795277203162,5.305451299945137,21.24599156109991,1.0
2016-08-02 15:20:24.730,-0.992,-0.512,0.383,-29.960332851304095,2.9859171548655317,19.39839294540417,1.0
2016-08-02 15:20:24.740,-0.996,-0.488,0.383,-31.484863933226134,0.13841836888771708,17.910091999826705,1.0
2016-08-02 15:20:24.750,-0.996,-0.469,0.379,-35.1416998681952,-2.8834519344141283,17.605168871666955,1.0
2016-08-02 15:20:24.760,-0.992,-0.465,0.367,-37.567625737129376,-5.534176231552324,18.405218483120947,1.0
2016-08-02 15:20:24.770,-1.0,-0.457,0.348,-36.28554636568515,-7.206483269533054,19.357669043490738,1.0
2016-08-02 15:20:24.780,-1.008,-0.453,0.344,-33.40088000673702,-8.612372487713031,19.35502359526269,1.0
2016-08-02 15:20:24.790,-1.02,-0.453,0.355,-32.061065571804,-10.809010380985299,17.964815733664533,1.0
2016-08-02 15:20:24.800,-1.016,-0.445,0.395,-30.75019004733981,-13.53047661174261,15.241657080677284,1.0
2016-08-02 15:20:24.810,-1.012,-0.461,0.418,-26.5489350202597,-15.446354500712548,12.47903257059419,1.0
2016-08-02 15:20:24.820,-1.004,-0.438,0.426,-21.382345232672805,-15.208103347923375,11.58485443160902,1.0
2016-08-02 15:20:24.830,-1.023,-0.41,0.387,-20.261587824351512,-13.905194360861241,11.886586498268924,1.0
2016-08-02 15:20:24.840,-1.051,-0.387,0.34,-24.930958344541537,-14.749954371503467,12.098716272840068,1.0
2016-08-02 15:20:24.850,-1.066,-0.367,0.332,-32.407287617259556,-18.130988295710722,12.831216171088105,1.0
2016-08-02 15:20:24.860,-1.051,-0.371,0.367,-38.34009213137701,-21.319170685041605,13.58480313426368,1.0
2016-08-02 15:20:24.870,-1.012,-0.375,0.414,-39.85192509610116,-22.347106900449887,13.560142947912851,1.0
2016-08-02 15:20:24.880,-0.988,-0.41,0.441,-37.04376844061093,-20.931309060245994,13.392857524800114,1.0
2016-08-02 15:20:24.890,-0.984,-0.391,0.434,-33.4929116256476,-18.20915762328209,13.568742911762389,1.0
2016-08-02 15:20:24.900,-0.996,-0.359,0.41,-34.12097214746282,-16.35453112508286,14.401802649158181,1.0
2016-08-02 15:20:24.910,-1.02,-0.355,0.383,-40.53982992980721,-16.65660076284942,15.288692786967442,1.0
2016-08-02 15:20:24.920,-1.039,-0.363,0.375,-48.637753581620544,-18.3775762501713,15.820207341785004,1.0
2016-08-02 15:20:24.930,-1.043,-0.367,0.383,-55.23373982759564,-20.564295274543774,16.765608756058604,1.0
2016-08-02 15:20:24.940,-1.016,-0.383,0.414,-61.17555093001194,-22.20865265613891,17.85846151944292,1.0
2016-08-02 15:20:24.950,-0.984,-0.379,0.422,-64.48583959583874,-21.47712001466096,19.183525482284924,1.0
2016-08-02 15:20:24.960,-0.969,-0.383,0.406,-64.84012994385425,-19.10262798871237,21.480224029750083,1.0
2016-08-02 15:20:24.970,-0.969,-0.387,0.375,-67.20327005909047,-17.556839540259954,24.053990274207386,1.0
2016-08-02 15:20:24.980,-0.992,-0.371,0.332,-73.17116972381965,-17.644644548010056,26.29196124170121,1.0
2016-08-02 15:20:24.990,-1.004,-0.363,0.316,-83.18871639246316,-20.062570500977795,28.618914061153607,1.0
2016-08-02 15:20:25.000,-1.008,-0.363,0.32,-95.67130826828956,-23.151543346627736,31.3960442534991,1.0
2016-08-02 15:20:25.010,-0.973,-0.383,0.367,-101.62197843290616,-24.032681805028517,34.50285224439606,1.0
2016-08-02 15:20:25.020,-0.906,-0.41,0.391,-98.19480149649051,-23.161980622341975,37.391090236440355,1.0
2016-08-02 15:20:25.030,-0.887,-0.398,0.371,-93.24415923630679,-20.413617349963474,39.6241735430788,1.0
2016-08-02 15:20:25.040,-0.91,-0.383,0.328,-93.40393455349525,-17.647292250286945,41.928709153578886,1.0
2016-08-02 15:20:25.050,-0.945,-0.379,0.273,-101.1118985126327,-19.178477286309466,45.155185016628074,1.0
2016-08-02 15:20:25.060,-0.977,-0.352,0.238,-114.32421382266307,-23.549416874576583,48.99218354643794,1.0
2016-08-02 15:20:25.070,-0.965,-0.34,0.25,-128.16902821343575,-27.897169562338497,53.53375004622047,1.0
2016-08-02 15:20:25.080,-0.93,-0.363,0.281,-137.60187783855184,-31.167647527250754,58.074612826326224,1.0
2016-08-02 15:20:25.090,-0.891,-0.391,0.313,-137.37479045914273,-32.15345417954364,60.66263040096695,1.0
2016-08-02 15:20:25.100,-0.855,-0.391,0.313,-130.79466447811095,-32.04629973366254,61.358185189798775,1.0
2016-08-02 15:20:25.110,-0.859,-0.383,0.285,-127.33814736801597,-31.831992736199037,61.05882195134321,1.0
2016-08-02 15:20:25.120,-0.887,-0.348,0.258,-128.24635820871225,-32.15003535341777,61.26094385589463,1.0
2016-08-02 15:20:25.130,-0.898,-0.336,0.223,-131.20652314589353,-34.01879151183486,63.2455196983786,1.0
2016-08-02 15:20:25.140,-0.926,-0.336,0.219,-134.88739642628437,-36.20316137183357,64.90523687279202,1.0
2016-08-02 15:20:25.150,-0.93,-0.313,0.23,-137.27430112820116,-38.97562288153644,66.07992936504982,1.0
2016-08-02 15:20:25.160,-0.891,-0.281,0.258,-139.02710714715448,-42.62237170541057,68.18464558920557,1.0
2016-08-02 15:20:25.170,-0.844,-0.297,0.285,-135.4404352692227,-44.12706744221529,68.7462769896869,1.0
2016-08-02 15:20:25.180,-0.801,-0.305,0.281,-122.40591600114178,-43.10003409503266,67.61063734794186,1.0
2016-08-02 15:20:25.190,-0.809,-0.285,0.242,-111.84162409732433,-41.60579033171675,66.54317675055842,1.0
2016-08-02 15:20:25.200,-0.848,-0.246,0.191,-112.94197213733234,-41.56611214948301,65.40306751146205,1.0
2016-08-02 15:20:25.210,-0.871,-0.227,0.168,-119.94732864652843,-45.07722768371231,66.52417970767814,1.0
2016-08-02 15:20:25.220,-0.855,-0.23,0.184,-125.3695730846877,-49.89684380917688,69.78008021710325,1.0
2016-08-02 15:20:25.230,-0.809,-0.262,0.238,-121.97442943375927,-52.47250436652185,70.947487675649,1.0
2016-08-02 15:20:25.240,-0.746,-0.301,0.297,-107.19609149820002,-52.85317329546178,69.29554454000863,1.0
2016-08-02 15:20:25.250,-0.688,-0.301,0.297,-88.91101460657686,-49.780057838353216,66.0147961568429,1.0
2016-08-02 15:20:25.260,-0.695,-0.262,0.238,-76.72248727096904,-44.10064216434348,62.17287897100192,1.0
2016-08-02 15:20:25.270,-0.742,-0.227,0.211,-76.10847911595047,-42.84216837245398,59.50323713297835,1.0
2016-08-02 15:20:25.280,-0.746,-0.176,0.195,-85.34022226811021,-48.04280862959483,58.22520529403742,1.0
2016-08-02 15:20:25.290,-0.77,-0.176,0.207,-95.12811120237228,-53.94712581251507,57.29330001876976,1.0
2016-08-02 15:20:25.300,-0.77,-0.223,0.273,-97.19571838090751,-57.086747205218835,57.215763717235134,1.0
2016-08-02 15:20:25.310,-0.711,-0.27,0.324,-88.1326171393894,-56.254419519073984,58.1048470589238,1.0
2016-08-02 15:20:25.320,-0.672,-0.289,0.355,-70.59797476937531,-50.13211948352388,56.51584356397137,1.0
2016-08-02 15:20:25.330,-0.66,-0.27,0.336,-55.753284255489206,-41.6410442365948,52.623297344581744,1.0
2016-08-02 15:20:25.340,-0.715,-0.219,0.262,-52.52936857249309,-36.305376812122816,51.14332248964598,1.0
2016-08-02 15:20:25.350,-0.793,-0.176,0.238,-59.67418266378387,-38.08727410430177,51.923385664137825,1.0
2016-08-02 15:20:25.360,-0.82,-0.164,0.23,-72.35598003570506,-44.82575149911527,53.95411492299102,1.0
2016-08-02 15:20:25.370,-0.828,-0.168,0.273,-83.05147410551226,-49.17127468600185,57.67556302827529,1.0
2016-08-02 15:20:25.380,-0.785,-0.23,0.344,-85.30712149166831,-50.15510743463445,59.88550567604248,1.0
2016-08-02 15:20:25.390,-0.738,-0.293,0.395,-79.84085548651395,-48.57621771587755,59.66847789618821,1.0
2016-08-02 15:20:25.400,-0.734,-0.273,0.398,-69.07921541668189,-42.59317479795456,60.10771746566445,1.0
2016-08-02 15:20:25.410,-0.754,-0.227,0.395,-61.67763094231469,-38.36897668529237,62.82895431793986,1.0
2016-08-02 15:20:25.420,-0.781,-0.203,0.371,-68.89583596267845,-39.8262111895673,66.9420683242818,1.0
2016-08-02 15:20:25.430,-0.805,-0.184,0.363,-83.92767182792934,-43.10385599985144,70.68352320722875,1.0
2016-08-02 15:20:25.440,-0.801,-0.207,0.379,-94.85456556751042,-47.29059995389318,74.78411423978562,1.0
2016-08-02 15:20:25.450,-0.738,-0.238,0.422,-99.8817011930237,-48.606848383450355,79.62768953925962,1.0
2016-08-02 15:20:25.460,-0.688,-0.219,0.453,-96.28926971132678,-42.77833715657045,82.6345721197219,1.0
2016-08-02 15:20:25.470,-0.652,-0.199,0.445,-88.44095691568864,-34.47623570908687,83.22991325451981,1.0
2016-08-02 15:20:25.480,-0.625,-0.172,0.426,-86.69968002425442,-27.600626366403393,81.11260007894158,1.0
2016-08-02 15:20:25.490,-0.625,-0.152,0.395,-88.38021282962507,-20.596288842267036,75.09501347597877,1.0
2016-08-02 15:20:25.500,-0.656,-0.152,0.359,-86.8267167654799,-13.195972000445275,67.83407562228538,1.0
2016-08-02 15:20:25.510,-0.652,-0.137,0.305,-82.32764323906682,-5.793422541533362,60.69461948005699,1.0
2016-08-02 15:20:25.520,-0.695,-0.133,0.238,-78.72462325562013,1.6679491873890337,51.65044989709421,1.0
2016-08-02 15:20:25.530,-0.746,-0.133,0.191,-81.1647072631817,6.277372207397685,41.83689772576881,1.0
2016-08-02 15:20:25.540,-0.766,-0.164,0.188,-88.05925650649925,7.039165569980323,32.72180324286299,1.0
2016-08-02 15:20:25.550,-0.781,-0.215,0.211,-90.86581948569378,8.845926299631891,23.665044006484692,1.0
2016-08-02 15:20:25.560,-0.793,-0.227,0.238,-84.55596281784717,13.19553385158742,16.093486037367807,1.0
2016-08-02 15:20:25.570,-0.816,-0.234,0.219,-72.76820715535422,16.30037566106423,11.433140658638859,1.0
2016-08-02 15:20:25.580,-0.844,-0.242,0.215,-63.302874465183734,16.22230983616917,8.529097313786366,1.0
2016-08-02 15:20:25.590,-0.836,-0.223,0.211,-56.34153434932654,13.585720610461909,6.195667302028966,1.0
2016-08-02 15:20:25.600,-0.84,-0.219,0.215,-47.91799749081353,11.922381578382044,3.6066075820964585,1.0
2016-08-02 15:20:25.610,-0.82,-0.219,0.203,-39.18333858237041,13.832715506685052,-0.12932957230280429,1.0
2016-08-02 15:20:25.620,-0.828,-0.207,0.184,-30.219056300976447,17.498747276835548,-5.224569758941861,1.0
2016-08-02 15:20:25.630,-0.875,-0.195,0.148,-21.773296642252273,20.39733162980741,-10.760265110794368,1.0
2016-08-02 15:20:25.640,-0.863,-0.156,0.152,-15.488908705379165,20.120067054229967,-14.589657436304229,1.0
2016-08-02 15:20:25.650,-0.879,-0.145,0.164,-7.2505652642245275,18.735646291197497,-15.97508997506976,1.0
2016-08-02 15:20:25.660,-0.887,-0.168,0.188,2.204402589739773,18.924410700820165,-16.502305467888405,1.0
2016-08-02 15:20:25.670,-0.883,-0.203,0.23,9.03198448780542,17.651441869314922,-17.749117830000102,1.0
2016-08-02 15:20:25.680,-0.906,-0.211,0.246,16.307063985408245,16.3024290254682,-19.955118841642268,1.0
2016-08-02 15:20:25.690,-0.957,-0.215,0.246,22.685447350451703,16.242937972002547,-21.33061328617111,1.0
2016-08-02 15:20:25.700,-0.969,-0.211,0.262,25.332195007953388,13.011304092528928,-20.570461118355535,1.0
2016-08-02 15:20:25.710,-0.945,-0.188,0.293,28.91480450698162,8.893911777049158,-18.896436087157845,1.0
2016-08-02 15:20:25.720,-0.945,-0.195,0.313,35.16272296126621,8.384774406293902,-17.3572654749035,1.0
2016-08-02 15:20:25.730,-0.93,-0.211,0.313,41.72303393791137,8.929505615583864,-16.441023616845847,1.0
2016-08-02 15:20:25.740,-0.91,-0.203,0.289,46.022524164924036,9.468161911939285,-17.88803783997047,1.0
2016-08-02 15:20:25.750,-0.918,-0.203,0.25,44.933693295719614,11.227764097239858,-21.69192849502571,1.0
2016-08-02 15:20:25.760,-0.926,-0.211,0.223,40.362877233591874,12.20863550294325,-24.351420797632457,1.0
2016-08-02 15:20:25.770,-0.945,-0.215,0.207,36.36216761119538,11.584108520449625,-23.802502511220702,1.0
2016-08-02 15:20:25.780,-0.949,-0.215,0.227,32.134360295907896,9.966383946388781,-20.98334317197019,1.0
2016-08-02 15:20:25.790,-0.953,-0.238,0.254,28.120320703414386,7.550470171924811,-17.60696654088705,1.0
2016-08-02 15:20:25.800,-0.961,-0.281,0.273,27.932510475106366,5.886431684264318,-15.238765480866295,1.0
2016-08-02 15:20:25.810,-0.941,-0.309,0.285,29.817153332982393,5.133941828031784,-14.569426615528673,1.0
2016-08-02 15:20:25.820,-0.93,-0.316,0.289,29.430885966580856,4.8401841536410375,-15.869083431699671,1.0
2016-08-02 15:20:25.830,-0.93,-0.313,0.281,26.635016984045837,5.0158224271202405,-17.96906413366711,1.0
2016-08-02 15:20:25.840,-0.926,-0.309,0.266,22.466958824673643,4.378902688073696,-18.779574121493578,1.0
2016-08-02 15:20:25.850,-0.898,-0.293,0.258,18.249965806011048,3.7409590844188063,-18.653622572765208,1.0
2016-08-02 15:20:25.860,-0.902,-0.285,0.227,15.132841690910617,4.853776018353969,-18.802488401932166,1.0
2016-08-02 15:20:25.870,-0.902,-0.289,0.203,12.039699005844833,6.4508378060421165,-18.916384355540607,1.0
2016-08-02 15:20:25.880,-0.891,-0.297,0.188,9.113420160037148,7.604423386252179,-19.236085576025005,1.0
2016-08-02 15:20:25.890,-0.93,-0.309,0.184,7.550742224650989,8.846042618089426,-20.07273623668008,1.0
2016-08-02 15:20:25.900,-0.941,-0.305,0.184,5.8917749553497245,8.398916425988526,-19.478033621547564,1.0
2016-08-02 15:20:25.910,-0.895,-0.313,0.23,3.9907771319866696,6.080319452434381,-17.701897628167323,1.0
2016-08-02 15:20:25.920,-0.867,-0.32,0.258,5.399092439306658,6.005139894959299,-18.33224911303929,1.0
2016-08-02 15:20:25.930,-0.844,-0.305,0.258,9.628115171399125,7.925264721722509,-20.857737770851948,1.0
2016-08-02 15:20:25.940,-0.84,-0.332,0.215,13.26494567185799,8.987071040254813,-22.9944415742738,1.0
2016-08-02 15:20:25.950,-0.898,-0.309,0.18,16.66658647518711,8.98325774748542,-24.887694924264952,1.0
2016-08-02 15:20:25.960,-0.918,-0.258,0.16,17.002543289438314,5.4160435320343385,-24.708735264923863,1.0
2016-08-02 15:20:25.970,-0.875,-0.273,0.188,13.968552020458265,1.0663350568928534,-22.97781249299836,1.0
2016-08-02 15:20:25.980,-0.84,-0.309,0.23,18.71627064286121,3.022137765108221,-24.340129271170518,1.0
2016-08-02 15:20:25.990,-0.785,-0.285,0.25,30.47640546917949,7.765471283931916,-28.772167181515236,1.0
2016-08-02 15:20:26.000,-0.75,-0.266,0.254,36.544483140619036,11.748919712540145,-34.542425743618786,1.0
2016-08-02 15:20:26.010,-0.723,-0.285,0.219,40.757702463785805,17.872305044623957,-41.52191210532491,1.0
2016-08-02 15:20:26.020,-0.773,-0.324,0.133,49.154494281363306,23.085253848360317,-47.00535324845636,1.0
2016-08-02 15:20:26.030,-0.922,-0.285,0.074,53.38513058013066,21.068726670554916,-47.874861253238485,1.0
2016-08-02 15:20:26.040,-0.949,-0.25,0.09,50.404151002103234,11.07174655910244,-41.29176755935977,1.0
2016-08-02 15:20:26.050,-0.84,-0.305,0.176,50.545039644684664,2.8345057913641916,-32.287825386976294,1.0
2016-08-02 15:20:26.060,-0.789,-0.367,0.242,63.60758351758466,6.610503128994381,-32.940085731945395,1.0
2016-08-02 15:20:26.070,-0.773,-0.352,0.27,82.27860374703538,14.268111695947093,-39.48059862317121,1.0
2016-08-02 15:20:26.080,-0.73,-0.309,0.266,90.31269565167217,15.356744165309207,-42.51956657851284,1.0
2016-08-02 15:20:26.090,-0.715,-0.305,0.246,89.46456508364379,14.898350206703778,-46.90340833622826,1.0
2016-08-02 15:20:26.100,-0.699,-0.336,0.223,92.54621223773796,16.233578365015102,-54.155429703393615,1.0
2016-08-02 15:20:26.110,-0.723,-0.328,0.176,101.19189400411838,17.695450776515507,-59.20885129161793,1.0
2016-08-02 15:20:26.120,-0.758,-0.289,0.148,109.80669235705932,19.113896915585887,-60.98202630911196,1.0
2016-08-02 15:20:26.130,-0.727,-0.262,0.164,113.86062160451178,18.360051170175616,-59.48629996547348,1.0
2016-08-02 15:20:26.140,-0.699,-0.27,0.195,115.36407768788914,18.790522725292927,-58.909399317266846,1.0
2016-08-02 15:20:26.150,-0.75,-0.293,0.23,120.48228276393255,22.665018252587256,-61.52155747857664,1.0
2016-08-02 15:20:26.160,-0.754,-0.277,0.281,124.68294575813854,22.609003842280437,-60.39212322595367,1.0
2016-08-02 15:20:26.170,-0.707,-0.297,0.324,123.58148983614143,20.763789737572715,-56.53752123982132,1.0
2016-08-02 15:20:26.180,-0.691,-0.352,0.348,126.6548299780998,24.98360531333642,-58.03611515363133,1.0
2016-08-02 15:20:26.190,-0.684,-0.387,0.324,137.68581816741528,32.22623562504337,-61.485686232135905,1.0
2016-08-02 15:20:26.200,-0.734,-0.359,0.25,149.14936940796804,39.598934029310115,-61.90951263182215,1.0
2016-08-02 15:20:26.210,-0.816,-0.313,0.191,154.6698918826426,44.81661219986481,-60.21043879026567,1.0
2016-08-02 15:20:26.220,-0.863,-0.27,0.176,151.78787995749565,43.54323501259481,-54.98877654321883,1.0
2016-08-02 15:20:26.230,-0.887,-0.262,0.219,145.5173777638248,39.8237562974154,-48.46481351137139,1.0
2016-08-02 15:20:26.240,-0.852,-0.273,0.301,142.75135165824048,37.57682117519991,-44.88027634070795,1.0
2016-08-02 15:20:26.250,-0.777,-0.285,0.379,143.59631928610216,36.5212587119926,-43.65504115416633,1.0
2016-08-02 15:20:26.260,-0.711,-0.285,0.418,147.5923552977302,39.951727646546374,-44.81730348830927,1.0
2016-08-02 15:20:26.270,-0.656,-0.27,0.406,153.80691516723437,46.78043918227734,-47.71302727150582,1.0
2016-08-02 15:20:26.280,-0.684,-0.25,0.32,157.39381116190785,51.74502231431364,-51.610160828278275,1.0
2016-08-02 15:20:26.290,-0.793,-0.199,0.242,154.94521847251195,52.51725247045931,-55.93443642957872,1.0
2016-08-02 15:20:26.300,-0.859,-0.156,0.227,145.99166426898952,46.88243766736634,-55.876871032125685,1.0
2016-08-02 15:20:26.310,-0.875,-0.156,0.285,134.94302118320365,37.499058947776895,-52.847789432229405,1.0
2016-08-02 15:20:26.320,-0.836,-0.195,0.379,129.6464766258229,30.86662856972531,-52.933057907178366,1.0
2016-08-02 15:20:26.330,-0.77,-0.273,0.438,131.36682670231974,28.959364012512516,-54.848586539689286,1.0
2016-08-02 15:20:26.340,-0.711,-0.277,0.449,136.98433637691363,32.277925859650786,-56.63257501286424,1.0
2016-08-02 15:20:26.350,-0.664,-0.262,0.383,142.1511618647277,38.789505977443696,-58.06564962723739,1.0
2016-08-02 15:20:26.360,-0.742,-0.25,0.227,139.38527109065984,42.956305091691334,-59.96781931628196,1.0
2016-08-02 15:20:26.370,-0.91,-0.191,0.164,129.1755173053689,40.092230885789384,-61.10177361960533,1.0
2016-08-02 15:20:26.380,-0.938,-0.148,0.184,115.24585716243303,28.706634356942107,-55.71145145133097,1.0
2016-08-02 15:20:26.390,-0.938,-0.195,0.266,98.10600110093684,16.0387880976186,-50.97459405562919,1.0
2016-08-02 15:20:26.400,-0.887,-0.281,0.398,89.86947923793588,9.618781303693254,-52.811349459444095,1.0
2016-08-02 15:20:26.410,-0.773,-0.281,0.453,94.3880082281484,9.284864987300875,-51.064022330424976,1.0
2016-08-02 15:20:26.420,-0.746,-0.25,0.418,95.21090105268152,13.521431763563358,-49.49715902412826,1.0
2016-08-02 15:20:26.430,-0.75,-0.211,0.324,90.23985119815387,17.034340193822043,-52.51480445528103,1.0
2016-08-02 15:20:26.440,-0.832,-0.176,0.199,85.08060248923795,16.79989443516805,-50.481065025426496,1.0
2016-08-02 15:20:26.450,-0.918,-0.113,0.168,73.85183452154313,14.761805368308647,-46.61601926952755,1.0
2016-08-02 15:20:26.460,-0.891,-0.086,0.227,58.52172042543105,9.025557035150163,-44.33913104481527,1.0
2016-08-02 15:20:26.470,-0.863,-0.156,0.348,48.61148936872493,3.3669892130871046,-40.97604160471472,1.0
2016-08-02 15:20:26.480,-0.805,-0.23,0.461,48.76456231014778,4.000998137756626,-40.38030661037929,1.0
2016-08-02 15:20:26.490,-0.73,-0.242,0.473,54.99084866856751,8.55153920090304,-41.254303549469796,1.0
2016-08-02 15:20:26.500,-0.75,-0.23,0.418,56.51694799707856,14.381782283316543,-41.99042416863004,1.0
2016-08-02 15:20:26.510,-0.793,-0.195,0.305,53.07867180428901,18.910292627085074,-42.516898442658864,1.0
2016-08-02 15:20:26.520,-0.906,-0.203,0.207,50.074507960159124,19.0701655275912,-39.650319327408084,1.0
2016-08-02 15:20:26.530,-0.992,-0.238,0.227,43.81055110778017,14.9145141417683,-36.58542974180794,1.0
2016-08-02 15:20:26.540,-0.996,-0.246,0.297,34.671304916537906,7.991692053984086,-35.027940412689354,1.0
2016-08-02 15:20:26.550,-0.973,-0.336,0.418,29.88538883257567,2.5781293549863507,-33.419217316049114,1.0
2016-08-02 15:20:26.560,-0.938,-0.406,0.492,34.45360301477177,1.806622443610475,-33.85277254429136,1.0
2016-08-02 15:20:26.570,-0.879,-0.379,0.488,48.005158591877624,4.768701099447194,-34.514215893368714,1.0
2016-08-02 15:20:26.580,-0.906,-0.34,0.402,58.06893880793889,8.823338599871267,-34.56001953359469,1.0
2016-08-02 15:20:26.590,-1.035,-0.336,0.313,55.92616285203704,9.549628115424964,-35.72538430310111,1.0
2016-08-02 15:20:26.600,-1.082,-0.309,0.328,50.04736373989763,5.491797079746982,-33.66833688707198,1.0
2016-08-02 15:20:26.610,-1.066,-0.309,0.398,44.59048142696395,0.763264235528316,-30.565569554969223,1.0
2016-08-02 15:20:26.620,-1.094,-0.402,0.508,40.00185685357283,-1.382289694716453,-33.67830622034248,1.0
2016-08-02 15:20:26.630,-1.059,-0.453,0.605,45.211038136298896,-0.476173316958732,-37.00081173779637,1.0
2016-08-02 15:20:26.640,-1.016,-0.426,0.621,58.952374134742385,3.9081488325587443,-37.20478772870409,1.0
2016-08-02 15:20:26.650,-1.012,-0.402,0.59,69.3230018985778,9.521186910064404,-39.93106948921622,1.0
2016-08-02 15:20:26.660,-1.012,-0.387,0.539,72.43445710170846,13.547749822017916,-39.94748064251821,1.0
2016-08-02 15:20:26.670,-1.047,-0.371,0.488,69.13571891519196,17.034829330478345,-35.033032092121225,1.0
2016-08-02 15:20:26.680,-1.086,-0.402,0.488,61.80536893690939,19.338738734416452,-32.01365881865134,1.0
2016-08-02 15:20:26.690,-1.078,-0.445,0.523,55.35815091123153,19.28285385628562,-29.51190467859943,1.0
2016-08-02 15:20:26.700,-1.09,-0.488,0.57,51.88727607312798,18.77270521255336,-28.257616144805535,1.0
2016-08-02 15:20:26.710,-1.078,-0.539,0.648,52.73930627980638,16.935421219972554,-30.431241866129355,1.0
2016-08-02 15:20:26.720,-1.02,-0.582,0.68,58.115157283766,14.473118842774504,-30.933809703066643,1.0
2016-08-02 15:20:26.730,-0.992,-0.566,0.672,62.52555437672281,15.824747789631004,-29.91830871418024,1.0
2016-08-02 15:20:26.740,-0.977,-0.566,0.613,62.05843401851078,18.091343338293736,-28.889226014678083,1.0
2016-08-02 15:20:26.750,-0.984,-0.563,0.523,60.58221712054181,17.821838417098288,-25.5081505103117,1.0
2016-08-02 15:20:26.760,-1.02,-0.547,0.449,58.94991872325346,18.181394993226558,-21.153389122067676,1.0
2016-08-02 15:20:26.770,-1.047,-0.551,0.441,50.56148572822982,16.2721082223227,-17.23090428594573,1.0
2016-08-02 15:20:26.780,-1.039,-0.578,0.5,36.46101016364051,8.851798461443522,-13.885704755751755,1.0
2016-08-02 15:20:26.790,-1.008,-0.621,0.598,26.350938233764495,2.1775909364803905,-12.137205839743148,1.0
2016-08-02 15:20:26.800,-0.957,-0.664,0.664,26.07574110061575,-0.8147572689790415,-11.195316703314191,1.0
2016-08-02 15:20:26.810,-0.902,-0.637,0.668,34.50186260692297,-1.6804516850251197,-9.999357584489422,1.0
2016-08-02 15:20:26.820,-0.895,-0.574,0.609,40.720831237335844,-0.135445687131682,-7.826709924479287,1.0
2016-08-02 15:20:26.830,-0.91,-0.516,0.547,34.708965719569456,0.7863967727120412,-4.125067597998716,1.0
2016-08-02 15:20:26.840,-0.941,-0.496,0.508,22.38977227363072,-0.7912378838284679,0.406626691592477,1.0
2016-08-02 15:20:26.850,-0.945,-0.5,0.512,11.508345919478158,-2.206076678691221,4.621150151198404,1.0
2016-08-02 15:20:26.860,-0.93,-0.52,0.555,3.0772485671694083,-3.7639092493037585,6.753846454736125,1.0
2016-08-02 15:20:26.870,-0.91,-0.531,0.598,0.3981501430454113,-5.727600172211158,7.049305650676627,1.0
2016-08-02 15:20:26.880,-0.887,-0.543,0.637,4.440627229988948,-6.642263624918095,7.664030911140459,1.0
2016-08-02 15:20:26.890,-0.867,-0.551,0.641,12.390516612839129,-6.931938885879758,8.514443445961481,1.0
2016-08-02 15:20:26.900,-0.848,-0.492,0.613,20.475571138003772,-5.601956956069662,9.80416481239886,1.0
2016-08-02 15:20:26.910,-0.859,-0.449,0.547,21.53567428078681,-3.534472008090584,11.870537558436663,1.0
2016-08-02 15:20:26.920,-0.863,-0.43,0.492,15.417205036638059,-3.9140137535706128,13.682554339818392,1.0
2016-08-02 15:20:26.930,-0.867,-0.406,0.457,9.989782251257285,-4.930098881881653,15.714756664970228,1.0
2016-08-02 15:20:26.940,-0.859,-0.398,0.465,7.184830122018985,-5.247490692984366,16.97975525326931,1.0
2016-08-02 15:20:26.950,-0.848,-0.398,0.492,6.973157777064141,-6.385153573715517,16.442288005591394,1.0
2016-08-02 15:20:26.960,-0.836,-0.43,0.531,12.550032373115187,-6.950514192554177,15.64284400368322,1.0
2016-08-02 15:20:26.970,-0.82,-0.434,0.531,23.45117793531579,-5.9772261688464505,14.126689844308824,1.0
2016-08-02 15:20:26.980,-0.816,-0.375,0.488,33.137338135912316,-4.0575565241942915,12.497142505952098,1.0
2016-08-02 15:20:26.990,-0.832,-0.332,0.434,34.51795966670388,-2.338688912528718,12.442686363816177,1.0
2016-08-02 15:20:27.000,-0.836,-0.316,0.41,30.812670975172267,-2.334253150886088,12.763068620149784,1.0
2016-08-02 15:20:27.010,-0.828,-0.301,0.422,29.532577773318813,-2.1590969141242424,13.116621130710218,1.0
2016-08-02 15:20:27.020,-0.82,-0.289,0.438,28.340276690696008,-0.39293789910872934,12.908420448998747,1.0
2016-08-02 15:20:27.030,-0.82,-0.297,0.48,25.701813252402157,1.0996558953375963,11.557504198693065,1.0
2016-08-02 15:20:27.040,-0.805,-0.301,0.508,26.116160694447338,2.3514606946821353,10.823969302810063,1.0
2016-08-02 15:20:27.050,-0.793,-0.293,0.512,28.24548101445899,4.773790461110843,10.041275388994586,1.0
2016-08-02 15:20:27.060,-0.813,-0.285,0.504,29.087151056402377,7.659936490795118,7.93426769796196,1.0
2016-08-02 15:20:27.070,-0.824,-0.281,0.484,28.91581153081595,9.874083719448267,6.312027811710324,1.0
2016-08-02 15:20:27.080,-0.855,-0.285,0.473,26.10686134071241,11.683840077516532,5.325633263764715,1.0
2016-08-02 15:20:27.090,-0.879,-0.293,0.48,22.013842076043666,13.091867247311539,3.4852487416428297,1.0
2016-08-02 15:20:27.100,-0.883,-0.313,0.492,21.301991447937027,14.390282643946488,1.7215739848672647,1.0
2016-08-02 15:20:27.110,-0.891,-0.32,0.496,22.6773811979607,16.35141767917566,0.3465132664623399,1.0
2016-08-02 15:20:27.120,-0.895,-0.316,0.48,22.10933247001826,17.70429273932725,-1.6236008299649975,1.0
2016-08-02 15:20:27.130,-0.91,-0.32,0.469,18.608889700037164,17.586531945327906,-3.496869640356617,1.0
2016-08-02 15:20:27.140,-0.926,-0.332,0.461,12.636571999321589,16.963559657811086,-5.175785789977846,1.0
2016-08-02 15:20:27.150,-0.938,-0.344,0.457,6.479195435794474,16.093819410523977,-7.361013542408271,1.0
2016-08-02 15:20:27.160,-0.953,-0.352,0.461,2.0393983127187365,15.384226655420616,-9.38724740554633,1.0
2016-08-02 15:20:27.170,-0.973,-0.363,0.465,-1.457228174967262,14.977033985927523,-10.765823896650618,1.0
2016-08-02 15:20:27.180,-0.961,-0.367,0.48,-3.6075930803450387,14.065507052208675,-12.041202444687547,1.0
2016-08-02 15:20:27.190,-0.945,-0.379,0.48,-4.144163201369396,13.333368557546423,-13.620415569199206,1.0
2016-08-02 15:20:27.200,-0.945,-0.387,0.473,-5.620198124999988,13.207605241418085,-15.549787845464309,1.0
2016-08-02 15:20:27.210,-0.938,-0.383,0.469,-8.638815728887165,12.542267328214955,-17.263000261158375,1.0
2016-08-02 15:20:27.220,-0.926,-0.379,0.461,-12.097948237627387,11.549301135096934,-18.326249623484298,1.0
2016-08-02 15:20:27.230,-0.93,-0.383,0.453,-16.078712000884355,10.779335746927895,-19.484573395405203,1.0
2016-08-02 15:20:27.240,-0.93,-0.391,0.461,-19.32202403870706,9.872017541558687,-20.324888198193477,1.0
2016-08-02 15:20:27.250,-0.918,-0.395,0.465,-21.23102188951531,9.179802957530725,-20.04236231969788,1.0
2016-08-02 15:20:27.260,-0.906,-0.41,0.48,-22.880911531571016,8.779857560750159,-19.881464468402747,1.0
2016-08-02 15:20:27.270,-0.891,-0.422,0.484,-23.46079272090979,8.435721423250865,-20.083269322766157,1.0
2016-08-02 15:20:27.280,-0.883,-0.426,0.469,-23.45933453929846,8.764511251188804,-19.84270689107708,1.0
2016-08-02 15:20:27.290,-0.887,-0.426,0.449,-25.00474782801436,9.488370847630804,-19.30608276556444,1.0
2016-08-02 15:20:27.300,-0.895,-0.43,0.43,-27.216047730674486,9.575040145026778,-18.084020714767878,1.0
2016-08-02 15:20:27.310,-0.895,-0.445,0.43,-29.007280367678028,9.004491178279395,-16.28377113721212,1.0
2016-08-02 15:20:27.320,-0.898,-0.469,0.441,-29.937378709626483,7.934960582603264,-14.930090240101228,1.0
2016-08-02 15:20:27.330,-0.895,-0.496,0.469,-27.608449629543323,6.547034488617044,-13.849580326825762,1.0
2016-08-02 15:20:27.340,-0.883,-0.52,0.469,-22.319220019845893,5.973329047495087,-12.472556068551222,1.0
2016-08-02 15:20:27.350,-0.902,-0.523,0.461,-18.788033245690755,6.466278074542074,-10.939594504808673,1.0
2016-08-02 15:20:27.360,-0.934,-0.531,0.457,-18.992349812164218,6.253244785567799,-9.275055895279628,1.0
2016-08-02 15:20:27.370,-0.945,-0.527,0.457,-19.981605795252204,4.981038990935239,-7.079855824291647,1.0
2016-08-02 15:20:27.380,-0.949,-0.527,0.457,-19.961604951222455,4.382812951484632,-4.891334298065714,1.0
2016-08-02 15:20:27.390,-0.961,-0.547,0.465,-19.203778667381577,4.405208289243869,-3.831489517450895,1.0
2016-08-02 15:20:27.400,-0.961,-0.547,0.48,-16.73073440474644,3.950168504792717,-3.1068211661153415,1.0
2016-08-02 15:20:27.410,-0.957,-0.547,0.496,-13.934141416010052,3.5436450434420044,-1.747598620521926,1.0
2016-08-02 15:20:27.420,-0.945,-0.543,0.504,-14.06619269085062,3.6541657251385544,-0.5109393949627697,1.0
2016-08-02 15:20:27.430,-0.953,-0.535,0.5,-15.65610497327368,3.915309169356381,0.7437373524271746,1.0
2016-08-02 15:20:27.440,-0.969,-0.551,0.5,-16.66883651300107,3.9320200620704826,2.668306890113829,1.0
2016-08-02 15:20:27.450,-0.98,-0.559,0.504,-18.595432872800284,2.9953720369437713,4.302168215115705,1.0
2016-08-02 15:20:27.460,-0.996,-0.547,0.508,-21.970020156194362,0.8808278709176411,4.815818984536267,1.0
2016-08-02 15:20:27.470,-1.0,-0.57,0.535,-24.49407433132266,-1.7254621836784645,4.746602225292428,1.0
2016-08-02 15:20:27.480,-0.977,-0.563,0.539,-22.930958503010086,-2.8204718962004702,4.959785203778584,1.0
2016-08-02 15:20:27.490,-0.977,-0.535,0.52,-20.13234581978068,-1.034352003628741,5.331770871577426,1.0
2016-08-02 15:20:27.500,-1.016,-0.512,0.488,-23.15871321324301,0.4436148753675013,5.529079436733758,1.0
2016-08-02 15:20:27.510,-1.02,-0.496,0.477,-30.374320667735542,-0.5354611191030808,6.731150847158506,1.0
2016-08-02 15:20:27.520,-1.023,-0.492,0.48,-37.1989172713831,-1.5137124663796975,8.513718876366234,1.0
2016-08-02 15:20:27.530,-1.016,-0.484,0.508,-44.51728759445013,-2.6063554544422143,8.847896450408573,1.0
2016-08-02 15:20:27.540,-1.004,-0.496,0.531,-50.430678035485286,-4.4920159056229565,8.393646534545688,1.0
2016-08-02 15:20:27.550,-0.992,-0.508,0.523,-52.00817854154636,-4.396145691440767,7.960980961022635,1.0
2016-08-02 15:20:27.560,-0.992,-0.492,0.504,-51.84120876520008,-2.6301498591134616,7.308432699120304,1.0
2016-08-02 15:20:27.570,-0.992,-0.473,0.469,-52.88869347601884,-2.3101785249287374,7.281025881580399,1.0
2016-08-02 15:20:27.580,-1.0,-0.445,0.438,-56.259926095518225,-3.2031081394156575,8.316612475319548,1.0
2016-08-02 15:20:27.590,-1.008,-0.445,0.43,-62.8028173819816,-4.466992764681363,9.965655187192667,1.0
2016-08-02 15:20:27.600,-0.992,-0.445,0.434,-70.17400527483963,-6.944642311747808,11.278628053220286,1.0
2016-08-02 15:20:27.610,-0.969,-0.461,0.453,-73.26660348667666,-8.967629017235085,11.656611029865953,1.0
2016-08-02 15:20:27.620,-0.941,-0.453,0.445,-71.11327084833076,-8.18641236673603,12.057358465986702,1.0
2016-08-02 15:20:27.630,-0.938,-0.43,0.41,-68.7164410229145,-5.906016884982112,12.957836864120125,1.0
2016-08-02 15:20:27.640,-0.949,-0.398,0.383,-69.31804601491477,-4.540936578599924,13.926456931600123,1.0
2016-08-02 15:20:27.650,-0.949,-0.391,0.367,-71.75066203819465,-4.993398708745437,15.118554511158539,1.0
2016-08-02 15:20:27.660,-0.953,-0.398,0.367,-74.94317868569038,-6.566358914342389,15.713024365302939,1.0
2016-08-02 15:20:27.670,-0.957,-0.402,0.379,-76.83734495488966,-8.28754145115555,15.225671618517982,1.0
2016-08-02 15:20:27.680,-0.941,-0.402,0.391,-75.89523754215028,-10.035618898933622,15.068920984985278,1.0
2016-08-02 15:20:27.690,-0.941,-0.398,0.375,-74.73956465902776,-11.022410835110579,15.171330557341046,1.0
2016-08-02 15:20:27.700,-0.953,-0.402,0.355,-74.20839091634163,-11.214580428247885,15.165899816262135,1.0
2016-08-02 15:20:27.710,-0.949,-0.395,0.332,-72.55905427456821,-12.239806464917208,15.997353319158302,1.0
2016-08-02 15:20:27.720,-0.957,-0.398,0.316,-70.81021618629637,-13.992738291357977,16.644471118821453,1.0
2016-08-02 15:20:27.730,-0.965,-0.414,0.32,-69.66853646570509,-16.20205536329349,16.293871354664272,1.0
2016-08-02 15:20:27.740,-0.965,-0.445,0.328,-68.2615977627027,-19.39875816577595,16.490750155599677,1.0
2016-08-02 15:20:27.750,-0.977,-0.441,0.328,-67.42018674582319,-22.1983873038276,17.596772813272466,1.0
2016-08-02 15:20:27.760,-0.98,-0.441,0.32,-68.48252449036471,-24.60664119531493,19.393815023360073,1.0
2016-08-02 15:20:27.770,-0.996,-0.43,0.301,-72.00123303711509,-27.908722791638628,21.84980810664327,1.0
2016-08-02 15:20:27.780,-1.016,-0.422,0.289,-78.00719398016287,-31.54975269738561,24.126309161437558,1.0
2016-08-02 15:20:27.790,-1.004,-0.418,0.32,-85.59016306400252,-34.662703547567205,26.902572271673524,1.0
2016-08-02 15:20:27.800,-0.984,-0.441,0.344,-90.84523438282329,-35.07984759851067,30.44891966717775,1.0
2016-08-02 15:20:27.810,-0.957,-0.434,0.363,-88.72068747626281,-32.573741348122645,32.958415997888224,1.0
2016-08-02 15:20:27.820,-0.914,-0.398,0.352,-83.08868038420957,-29.82128108152925,34.742369818083574,1.0
2016-08-02 15:20:27.830,-0.922,-0.375,0.297,-83.95545161877584,-27.252421137068357,37.08114339965249,1.0
2016-08-02 15:20:27.840,-0.945,-0.359,0.281,-92.17229390983599,-26.683940556723343,39.61513825204184,1.0
2016-08-02 15:20:27.850,-0.914,-0.332,0.293,-103.24201693028593,-29.31841202082017,42.37215752461361,1.0
2016-08-02 15:20:27.860,-0.906,-0.367,0.309,-115.09086845914838,-31.596589578337458,44.55177881523479,1.0
2016-08-02 15:20:27.870,-0.887,-0.402,0.34,-121.28253724591536,-33.080568658136514,45.33410269402761,1.0
2016-08-02 15:20:27.880,-0.852,-0.422,0.32,-118.4783778788273,-34.46144621065771,45.79772801262364,1.0
2016-08-02 15:20:27.890,-0.883,-0.418,0.285,-115.78029083609036,-33.26449206142275,45.73073748298918,1.0
2016-08-02 15:20:27.900,-0.918,-0.371,0.25,-119.96123206667315,-31.76746132268739,46.29643157244317,1.0
2016-08-02 15:20:27.910,-0.91,-0.34,0.219,-129.65878460970606,-32.87970324626137,49.747999193495275,1.0
2016-08-02 15:20:27.920,-0.906,-0.348,0.234,-141.9675785462915,-33.987939005687814,53.100768162632164,1.0
2016-08-02 15:20:27.930,-0.875,-0.379,0.266,-149.21185292724317,-34.839027227262605,54.460047167966216,1.0
2016-08-02 15:20:27.940,-0.836,-0.445,0.262,-144.63588527238716,-35.78251862732011,55.62941643164988,1.0
2016-08-02 15:20:27.950,-0.832,-0.441,0.227,-132.68586053155082,-34.74528508025275,55.4839605033911,1.0
2016-08-02 15:20:27.960,-0.848,-0.363,0.164,-126.34989299721872,-33.98470527808717,54.164115427933936,1.0
2016-08-02 15:20:27.970,-0.879,-0.316,0.117,-136.81847488579433,-36.78722193968973,54.44115291861546,1.0
2016-08-02 15:20:27.980,-0.891,-0.305,0.125,-158.19926937856988,-41.939705509851656,56.276218550408714,1.0
2016-08-02 15:20:27.990,-0.84,-0.336,0.184,-172.4528221520462,-46.7574241712884,57.80988564439379,1.0
2016-08-02 15:20:28.000,-0.766,-0.383,0.277,-171.00707605410236,-48.717753448805446,57.44795500400993,1.0
2016-08-02 15:20:28.010,-0.68,-0.426,0.309,-155.18431390435413,-45.814391552868564,55.21062658567321,1.0
2016-08-02 15:20:28.020,-0.676,-0.43,0.25,-134.12378772377846,-39.44547053958547,52.72436843659208,1.0
2016-08-02 15:20:28.030,-0.734,-0.367,0.176,-124.20064938703423,-35.49958748716301,50.5702746285677,1.0
2016-08-02 15:20:28.040,-0.777,-0.293,0.117,-130.89372189087095,-38.364854645692475,49.12646285874252,1.0
2016-08-02 15:20:28.050,-0.82,-0.297,0.086,-145.5792554341733,-45.02521377006058,49.806626920392816,1.0
2016-08-02 15:20:28.060,-0.852,-0.332,0.125,-156.92198361826303,-50.30046645645385,51.78069636522061,1.0
2016-08-02 15:20:28.070,-0.82,-0.383,0.211,-155.07494361820142,-53.47030685592585,51.88165905365398,1.0
2016-08-02 15:20:28.080,-0.773,-0.43,0.285,-138.60659064749916,-53.61710169220106,48.98028746451328,1.0
2016-08-02 15:20:28.090,-0.73,-0.418,0.27,-115.19524398582537,-47.94357363455607,45.483641602788836,1.0
2016-08-02 15:20:28.100,-0.805,-0.379,0.172,-97.11955902266715,-41.53096603878183,44.08913568439814,1.0
2016-08-02 15:20:28.110,-0.938,-0.395,0.051,-94.27341780970167,-44.17966916570745,45.51760714432646,1.0
2016-08-02 15:20:28.120,-1.066,-0.395,0.004,-101.40485647928288,-54.905054683452235,50.32380972618755,1.0
2016-08-02 15:20:28.130,-1.09,-0.32,0.086,-107.50434890774048,-66.62917172004417,57.078275149257436,1.0
2016-08-02 15:20:28.140,-0.984,-0.367,0.195,-109.72968522311126,-76.57203363814509,62.599497498472346,1.0
2016-08-02 15:20:28.150,-0.887,-0.434,0.289,-102.5526382896054,-80.64929203326314,65.87267973454888,1.0
2016-08-02 15:20:28.160,-0.789,-0.418,0.336,-82.58393701140368,-78.08043191784874,65.53788011597314,1.0
2016-08-02 15:20:28.170,-0.695,-0.332,0.285,-63.83991694517346,-74.26006949223554,62.04635114795934,1.0
2016-08-02 15:20:28.180,-0.727,-0.25,0.172,-57.97202119713642,-70.55798130683262,59.99621315751998,1.0
2016-08-02 15:20:28.190,-0.82,-0.219,0.063,-61.495561444735145,-71.17009938297252,61.77084297620991,1.0
2016-08-02 15:20:28.200,-0.84,-0.141,0.055,-73.60917613946988,-80.47456117532673,66.40831694520627,1.0
2016-08-02 15:20:28.210,-0.738,-0.074,0.121,-93.14776726857868,-89.77001567661387,71.55263939472265,1.0
2016-08-02 15:20:28.220,-0.66,-0.168,0.223,-107.35729943953464,-91.29104694325184,74.1040922052999,1.0
2016-08-02 15:20:28.230,-0.613,-0.277,0.316,-105.46880419576445,-86.47305884643141,72.80174579933671,1.0
2016-08-02 15:20:28.240,-0.57,-0.305,0.336,-92.83692727034625,-76.97647455888468,69.46141336904677,1.0
2016-08-02 15:20:28.250,-0.598,-0.285,0.277,-84.43544228087013,-66.68153824373809,66.87240437287649,1.0
2016-08-02 15:20:28.260,-0.68,-0.254,0.223,-84.72964622339282,-61.80755526260731,67.29251481723259,1.0
2016-08-02 15:20:28.270,-0.707,-0.25,0.184,-87.29074564566216,-62.067587159119995,71.54506816365523,1.0
2016-08-02 15:20:28.280,-0.691,-0.215,0.184,-91.8708412014407,-62.338387845648896,75.57287787720395,1.0
2016-08-02 15:20:28.290,-0.676,-0.207,0.199,-99.59867092014858,-60.85921987353701,75.92022833520946,1.0
2016-08-02 15:20:28.300,-0.652,-0.277,0.234,-103.67579131636795,-57.723767620841365,75.08431996722699,1.0
2016-08-02 15:20:28.310,-0.652,-0.324,0.266,-98.24863863776687,-51.54144748554649,72.81210982138406,1.0
2016-08-02 15:20:28.320,-0.656,-0.32,0.266,-86.34856449949665,-42.22555496581007,67.45308243461638,1.0
2016-08-02 15:20:28.330,-0.688,-0.301,0.246,-76.96793623161646,-33.050246345926936,61.24108167013586,1.0
2016-08-02 15:20:28.340,-0.719,-0.285,0.219,-74.73478737444677,-27.105204219577278,54.33383496812832,1.0
2016-08-02 15:20:28.350,-0.73,-0.246,0.203,-77.00376929633984,-23.118626011954667,46.1976216281323,1.0
2016-08-02 15:20:28.360,-0.75,-0.281,0.215,-78.9527072394676,-18.48895762728706,37.60353757237799,1.0
2016-08-02 15:20:28.370,-0.77,-0.328,0.25,-74.33670960805635,-12.70274118029651,28.521051038214573,1.0
2016-08-02 15:20:28.380,-0.785,-0.328,0.258,-63.456932375033915,-6.754613640226049,20.076307038015692,1.0
2016-08-02 15:20:28.390,-0.793,-0.316,0.262,-55.24021532871702,-2.9822641714588327,13.228480413867494,1.0
2016-08-02 15:20:28.400,-0.816,-0.313,0.277,-50.557079983680985,-1.808821267494491,8.35193127950389,1.0
2016-08-02 15:20:28.410,-0.863,-0.32,0.281,-43.022348563448205,-0.8148622465869418,6.458228019168511,1.0
2016-08-02 15:20:28.420,-0.859,-0.305,0.289,-32.620979090269564,0.6875839994172281,6.07575147322196,1.0
2016-08-02 15:20:28.430,-0.871,-0.281,0.293,-22.45881343476725,2.0288353232745973,4.401151950397823,1.0
2016-08-02 15:20:28.440,-0.863,-0.262,0.305,-13.700662899481134,3.1872829921108594,1.45205480432744,1.0
2016-08-02 15:20:28.450,-0.859,-0.277,0.301,-5.7805868583083795,4.02635387232713,-2.0381849032072914,1.0
2016-08-02 15:20:28.460,-0.848,-0.27,0.313,2.8575407365071,4.818839572197506,-6.130331114195693,1.0
2016-08-02 15:20:28.470,-0.84,-0.258,0.32,11.348397028942905,6.040587617579069,-9.767116417084646,1.0
2016-08-02 15:20:28.480,-0.855,-0.266,0.32,18.57790247894076,7.638623558794676,-11.923518884687077,1.0
2016-08-02 15:20:28.490,-0.891,-0.285,0.313,25.550376696880406,9.079023960904328,-12.73993923691908,1.0
2016-08-02 15:20:28.500,-0.914,-0.27,0.301,30.497567246620612,9.675791269371656,-12.661309177325117,1.0
2016-08-02 15:20:28.510,-0.922,-0.273,0.297,31.757243999047468,9.380392637917573,-11.828660204901269,1.0
2016-08-02 15:20:28.520,-0.902,-0.281,0.313,33.015641399674564,8.968044186014005,-10.04736080506239,1.0
2016-08-02 15:20:28.530,-0.891,-0.285,0.301,35.46387844004394,8.838143134104785,-8.190394853907703,1.0
2016-08-02 15:20:28.540,-0.891,-0.289,0.301,36.01533362391163,8.113867528480224,-7.666827711849322,1.0
2016-08-02 15:20:28.550,-0.883,-0.293,0.313,35.88919455347961,7.347699344629256,-8.595619586172855,1.0
2016-08-02 15:20:28.560,-0.906,-0.324,0.316,37.8171738615664,8.429754220736138,-11.056045703562965,1.0
2016-08-02 15:20:28.570,-0.902,-0.344,0.324,40.324865207807875,10.677297917527877,-15.229740694099338,1.0
2016-08-02 15:20:28.580,-0.891,-0.352,0.328,40.54120598018997,12.594835956887747,-19.655262172045532,1.0
2016-08-02 15:20:28.590,-0.891,-0.344,0.301,36.81273621262824,13.249735980628081,-21.925477086504312,1.0
2016-08-02 15:20:28.600,-0.867,-0.328,0.289,30.717275054352314,11.97446128540552,-21.062464358673587,1.0
2016-08-02 15:20:28.610,-0.832,-0.316,0.285,25.90623596928495,10.999924750333223,-18.413425915915234,1.0
2016-08-02 15:20:28.620,-0.855,-0.324,0.262,23.558998125914595,12.078147730785334,-15.634337380965933,1.0
2016-08-02 15:20:28.630,-0.906,-0.352,0.23,23.115831940942503,13.318618115959044,-14.05312150907296,1.0
2016-08-02 15:20:28.640,-0.891,-0.352,0.246,23.701959227885467,14.728745280037904,-16.04084549905088,1.0
2016-08-02 15:20:28.650,-0.844,-0.34,0.285,24.707863372208074,18.731154870467666,-21.98543270828392,1.0
2016-08-02 15:20:28.660,-0.824,-0.414,0.285,28.128332176214418,23.912803109624523,-27.88746674788878,1.0
2016-08-02 15:20:28.670,-0.848,-0.414,0.277,32.71208711747485,26.168611070884175,-30.2013567782404,1.0
2016-08-02 15:20:28.680,-0.859,-0.332,0.242,30.358296144536645,24.908115052850885,-29.649105526041446,1.0
2016-08-02 15:20:28.690,-0.863,-0.305,0.219,21.27845228247449,22.918932774455953,-29.195923496453986,1.0
2016-08-02 15:20:28.700,-0.867,-0.328,0.238,16.669063123674878,22.43046351140657,-30.40039713623805,1.0
2016-08-02 15:20:28.710,-0.824,-0.328,0.273,19.34008481513434,24.94605850714614,-33.25928497898428,1.0
2016-08-02 15:20:28.720,-0.758,-0.332,0.301,25.845539335659915,31.36782016435202,-38.14358270884141,1.0
2016-08-02 15:20:28.730,-0.746,-0.371,0.258,36.04608828660917,37.86063413496723,-43.86387489532978,1.0
2016-08-02 15:20:28.740,-0.781,-0.359,0.215,43.53495106046661,39.06866433071385,-47.40315794604578,1.0
2016-08-02 15:20:28.750,-0.797,-0.309,0.16,43.127724967196365,36.8318298057543,-47.60346681215693,1.0
2016-08-02 15:20:28.760,-0.828,-0.309,0.137,43.096634492316475,33.74111191069202,-45.54796204898802,1.0
2016-08-02 15:20:28.770,-0.848,-0.313,0.164,48.30477134680793,29.00857827309331,-42.525674824515534,1.0
2016-08-02 15:20:28.780,-0.805,-0.309,0.227,55.286562752925995,26.71484587221438,-40.55978110174593,1.0
2016-08-02 15:20:28.790,-0.75,-0.336,0.27,65.62796595219582,29.815143852212103,-41.94518277118671,1.0
2016-08-02 15:20:28.800,-0.711,-0.344,0.273,79.69892431679581,35.85815036177355,-45.90012583600134,1.0
2016-08-02 15:20:28.810,-0.676,-0.332,0.223,92.06835887552027,43.621295800077036,-50.73724073029956,1.0
2016-08-02 15:20:28.820,-0.719,-0.344,0.141,98.890359366618,48.09414087785885,-55.36719748661657,1.0
2016-08-02 15:20:28.830,-0.801,-0.297,0.102,97.33456658724062,43.53758706343472,-56.75306797322658,1.0
2016-08-02 15:20:28.840,-0.816,-0.23,0.121,91.33145394741152,35.74903471176433,-54.982001498546644,1.0
2016-08-02 15:20:28.850,-0.762,-0.242,0.211,92.74823533267873,33.23656745009684,-54.59862164077255,1.0
2016-08-02 15:20:28.860,-0.684,-0.316,0.313,103.42749921779495,36.89017455394108,-57.5235357246485,1.0
2016-08-02 15:20:28.870,-0.605,-0.359,0.371,115.76714947754397,45.45897310808246,-62.86837657529357,1.0
2016-08-02 15:20:28.880,-0.57,-0.359,0.348,127.06908620736462,56.114861963006064,-68.82510753160739,1.0
2016-08-02 15:20:28.890,-0.57,-0.355,0.289,135.71876022559724,64.55811734989928,-73.71604641503463,1.0
2016-08-02 15:20:28.900,-0.629,-0.363,0.148,138.46398590017134,68.56119986514562,-76.73107428124032,1.0
2016-08-02 15:20:28.910,-0.852,-0.34,-0.008,133.40661664588697,61.10444173985951,-71.54598663608125,1.0
2016-08-02 15:20:28.920,-1.043,-0.27,-0.031,121.04966983073285,41.42137706135312,-55.39875652518662,1.0
2016-08-02 15:20:28.930,-0.934,-0.258,0.109,113.46270235647712,31.765606040733743,-44.5511302083702,1.0
2016-08-02 15:20:28.940,-0.766,-0.367,0.281,123.97288680893283,42.702096301324985,-48.9562331651925,1.0
2016-08-02 15:20:28.950,-0.723,-0.461,0.367,142.1538068625972,54.865480661080454,-54.41776778231352,1.0
2016-08-02 15:20:28.960,-0.707,-0.414,0.379,150.55689194202435,59.868073657245446,-53.934856689030894,1.0
2016-08-02 15:20:28.970,-0.684,-0.367,0.336,150.35962256975623,64.35772891579253,-56.081619181683465,1.0
2016-08-02 15:20:28.980,-0.758,-0.395,0.199,147.7677189706042,65.47492623075388,-59.4700267878809,1.0
2016-08-02 15:20:28.990,-0.941,-0.336,0.09,141.50684768866972,58.83756637276304,-53.46325090762625,1.0
2016-08-02 15:20:29.000,-1.023,-0.238,0.105,130.91523252535882,50.273745494403265,-41.2673042953249,1.0
2016-08-02 15:20:29.010,-0.91,-0.254,0.215,124.45113055756867,49.662549000719025,-37.21255204860104,1.0
2016-08-02 15:20:29.020,-0.844,-0.332,0.316,129.57849030138058,55.26517220557022,-40.77390088016821,1.0
2016-08-02 15:20:29.030,-0.805,-0.363,0.391,136.25464601762988,59.03182194226273,-42.353049375735836,1.0
2016-08-02 15:20:29.040,-0.766,-0.359,0.383,135.5590822270513,61.665654353041944,-43.70270022791147,1.0
2016-08-02 15:20:29.050,-0.813,-0.367,0.316,134.44812456196624,61.20229997912124,-46.27183691487862,1.0
2016-08-02 15:20:29.060,-0.887,-0.379,0.254,134.53123278665268,56.15061923358723,-45.278739287934684,1.0
2016-08-02 15:20:29.070,-0.93,-0.359,0.215,131.57810773031187,53.05967227205034,-41.54303960686566,1.0
2016-08-02 15:20:29.080,-0.934,-0.32,0.238,126.69894253402876,50.68137953439946,-38.36937520882234,1.0
2016-08-02 15:20:29.090,-0.887,-0.336,0.285,122.85880391224848,48.95686313405366,-36.53611635409776,1.0
2016-08-02 15:20:29.100,-0.82,-0.363,0.328,124.83776616188031,53.723329982152705,-36.0528177458349,1.0
2016-08-02 15:20:29.110,-0.738,-0.359,0.34,129.62047908894712,60.73508738608659,-37.37498448590371,1.0
2016-08-02 15:20:29.120,-0.715,-0.344,0.262,128.52442348085648,63.31922591526504,-40.87767403033501,1.0
2016-08-02 15:20:29.130,-0.852,-0.371,0.172,124.25202204894822,58.29249308739815,-41.34296544314522,1.0
2016-08-02 15:20:29.140,-0.934,-0.332,0.16,117.6039535373872,48.691453083365474,-36.61639202191155,1.0
2016-08-02 15:20:29.150,-0.895,-0.27,0.172,106.19314227538001,43.852596531585704,-35.81497247701388,1.0
2016-08-02 15:20:29.160,-0.91,-0.324,0.227,102.75688534981201,42.85682381274413,-38.273564781182856,1.0
2016-08-02 15:20:29.170,-0.867,-0.395,0.281,110.47036284389726,43.187570813525134,-36.26016894930593,1.0
2016-08-02 15:20:29.180,-0.805,-0.355,0.273,112.05238983607224,47.299684729992535,-36.4458054008265,1.0
2016-08-02 15:20:29.190,-0.809,-0.316,0.23,104.81767044644808,48.5834867345914,-39.677138973565825,1.0
2016-08-02 15:20:29.200,-0.852,-0.32,0.18,98.29751701508201,43.64141308846404,-37.89382705572116,1.0
2016-08-02 15:20:29.210,-0.934,-0.34,0.156,89.8013170274001,37.19106764581922,-35.61049427001352,1.0
2016-08-02 15:20:29.220,-0.953,-0.297,0.168,75.91319622598076,30.43334890575961,-35.67235666082456,1.0
2016-08-02 15:20:29.230,-0.949,-0.285,0.215,64.9339379826138,25.161600799813485,-34.14656316839695,1.0
2016-08-02 15:20:29.240,-0.922,-0.34,0.254,65.4210251378712,23.372664397135537,-32.376955823243904,1.0
2016-08-02 15:20:29.250,-0.863,-0.352,0.277,73.09261168338749,24.081068628606076,-32.48908455122961,1.0
2016-08-02 15:20:29.260,-0.809,-0.316,0.273,75.70969370377753,25.8985286711512,-33.90949699956726,1.0
2016-08-02 15:20:29.270,-0.832,-0.293,0.223,70.41600326531142,25.05636980276725,-33.83729640049108,1.0
2016-08-02 15:20:29.280,-0.926,-0.324,0.188,62.0054976588159,18.071073611821287,-31.496480997793824,1.0
2016-08-02 15:20:29.290,-0.953,-0.293,0.199,50.46111915481025,8.790280170980665,-30.970681072331153,1.0
2016-08-02 15:20:29.300,-0.961,-0.297,0.238,40.39871852687935,2.6736420912800445,-32.59106828835078,1.0
2016-08-02 15:20:29.310,-0.969,-0.352,0.305,41.90218594454424,-0.06968757316900359,-33.11727385365507,1.0
2016-08-02 15:20:29.320,-0.934,-0.395,0.34,51.24713281866783,0.695969037440676,-34.3047432504574,1.0
2016-08-02 15:20:29.330,-0.906,-0.398,0.332,58.0246734370279,4.225665312599596,-36.722405327333384,1.0
2016-08-02 15:20:29.340,-0.914,-0.383,0.301,60.26010739599947,6.409767032710574,-35.68893596073305,1.0
2016-08-02 15:20:29.350,-0.941,-0.383,0.234,57.02836434086608,5.493300404607885,-31.61220621366745,1.0
2016-08-02 15:20:29.360,-0.992,-0.375,0.199,49.32292693544345,2.227022689290778,-28.522980037348447,1.0
2016-08-02 15:20:29.370,-1.012,-0.379,0.215,42.66538512280088,-0.9711087522656601,-26.586182873443306,1.0
2016-08-02 15:20:29.380,-1.0,-0.391,0.242,40.05437651236022,-1.5906785099658023,-26.376472189224035,1.0
2016-08-02 15:20:29.390,-1.027,-0.469,0.289,45.73312827590579,-1.9294454247932267,-28.22664965029587,1.0
2016-08-02 15:20:29.400,-1.016,-0.508,0.348,57.99418936669524,-2.0197381679490243,-29.216468408707094,1.0
2016-08-02 15:20:29.410,-0.977,-0.477,0.363,62.71854266294121,0.25788564110768786,-29.451005395554702,1.0
2016-08-02 15:20:29.420,-0.988,-0.457,0.359,59.02729737970832,0.9074911160957159,-29.360434677626223,1.0
2016-08-02 15:20:29.430,-0.98,-0.473,0.359,59.0486714828497,0.49756358755574503,-26.36413267045483,1.0
2016-08-02 15:20:29.440,-0.969,-0.445,0.34,59.97985105387012,2.645477700411753,-23.128992887468108,1.0
2016-08-02 15:20:29.450,-0.992,-0.438,0.344,56.48911403391871,3.4759392700289506,-22.47593754796784,1.0
2016-08-02 15:20:29.460,-0.996,-0.441,0.367,55.17058380514159,2.7748276354779806,-22.211355640340795,1.0
2016-08-02 15:20:29.470,-1.004,-0.461,0.414,58.83752279789569,3.3201736087983456,-23.053226756015583,1.0
2016-08-02 15:20:29.480,-0.992,-0.504,0.488,64.33195227366475,4.792544527598865,-24.682314971038398,1.0
2016-08-02 15:20:29.490,-0.953,-0.48,0.512,66.99225980476831,8.146208104364836,-24.085701960155365,1.0
2016-08-02 15:20:29.500,-0.965,-0.469,0.5,64.4175941822513,10.725345346015546,-21.867685215021453,1.0
2016-08-02 15:20:29.510,-0.961,-0.484,0.473,62.244061509102124,11.139908208363877,-18.786810516385355,1.0
2016-08-02 15:20:29.520,-0.961,-0.473,0.422,61.18276929609271,11.648222085909088,-16.381988426158898,1.0
2016-08-02 15:20:29.530,-0.965,-0.477,0.398,57.9757624353759,9.370989062994651,-17.055599397792086,1.0
2016-08-02 15:20:29.540,-0.98,-0.512,0.422,58.25215571038653,5.042966105238555,-18.675969971133796,1.0
2016-08-02 15:20:29.550,-0.957,-0.547,0.465,61.78184412931692,3.540308583718704,-19.848802266442256,1.0
2016-08-02 15:20:29.560,-0.953,-0.551,0.496,62.496335476082905,3.2566994473132653,-21.260178024484336,1.0
2016-08-02 15:20:29.570,-0.941,-0.539,0.52,62.0084185162012,3.114906313912537,-20.72899919827054,1.0
2016-08-02 15:20:29.580,-0.914,-0.496,0.504,59.17421078791875,5.210895831642246,-18.600523662916594,1.0
2016-08-02 15:20:29.590,-0.93,-0.484,0.461,51.91589062705544,7.277407794756636,-17.03998672611745,1.0
2016-08-02 15:20:29.600,-0.949,-0.477,0.434,44.26696181144054,7.517154648057899,-14.841503355269818,1.0
2016-08-02 15:20:29.610,-0.953,-0.457,0.422,39.0769139485408,7.23188259631837,-13.758083680327822,1.0
2016-08-02 15:20:29.620,-0.957,-0.484,0.453,41.90607621873771,6.129266143137265,-15.483835611048775,1.0
2016-08-02 15:20:29.630,-0.941,-0.551,0.512,52.426691089122976,6.0347863291073125,-16.768443417541405,1.0
2016-08-02 15:20:29.640,-0.902,-0.539,0.539,53.81675901193298,8.213885119735604,-17.545367643603324,1.0
2016-08-02 15:20:29.650,-0.918,-0.5,0.523,41.77724351237228,8.258641028870425,-18.05164130070386,1.0
2016-08-02 15:20:29.660,-0.938,-0.5,0.508,32.334584484322214,6.328516446628517,-15.780727561647097,1.0
2016-08-02 15:20:29.670,-0.918,-0.508,0.477,28.60300261020006,6.774856249103482,-13.570589744721422,1.0
2016-08-02 15:20:29.680,-0.918,-0.512,0.441,22.833814168494815,6.717736800154399,-14.13692007899832,1.0
2016-08-02 15:20:29.690,-0.938,-0.523,0.441,18.695425946332804,3.370592631823713,-14.45552535839758,1.0
2016-08-02 15:20:29.700,-0.941,-0.559,0.473,22.170694769674494,0.5451085820511654,-14.358735378113156,1.0
2016-08-02 15:20:29.710,-0.926,-0.609,0.516,27.794272504500306,0.689330165162971,-15.191893285544253,1.0
2016-08-02 15:20:29.720,-0.918,-0.605,0.535,25.37910473812616,1.4230770033333457,-15.08703542517428,1.0
2016-08-02 15:20:29.730,-0.945,-0.594,0.523,15.570493719049441,0.09679755645782354,-13.438270237065083,1.0
2016-08-02 15:20:29.740,-0.953,-0.59,0.512,7.498388576761192,-0.8298658184252267,-11.075077440989599,1.0
2016-08-02 15:20:29.750,-0.941,-0.586,0.492,1.976911564701226,0.5555451048151319,-9.076937989832745,1.0
2016-08-02 15:20:29.760,-0.938,-0.582,0.477,-4.377738861904457,0.8881417476985195,-8.118531260977443,1.0
2016-08-02 15:20:29.770,-0.934,-0.586,0.473,-9.173174396277961,-0.12865336549665415,-7.155934621853031,1.0
2016-08-02 15:20:29.780,-0.91,-0.59,0.492,-10.637059941710461,-0.060929708909563104,-6.129636430654755,1.0
2016-08-02 15:20:29.790,-0.895,-0.605,0.516,-9.463642212080465,0.7454100953373861,-5.450508891317861,1.0
2016-08-02 15:20:29.800,-0.879,-0.602,0.527,-6.8840417355338355,1.6754104465966724,-4.415157368058894,1.0
2016-08-02 15:20:29.810,-0.867,-0.59,0.52,-6.196723964184212,2.777920054572048,-3.0064338586285784,1.0
2016-08-02 15:20:29.820,-0.852,-0.566,0.496,-8.703758077605581,4.103996102118156,-1.2816381051887777,1.0
2016-08-02 15:20:29.830,-0.852,-0.543,0.465,-12.428850127255416,5.213423630121591,0.6860185873567932,1.0
2016-08-02 15:20:29.840,-0.848,-0.527,0.438,-15.828675672877797,5.22588145118765,2.2494411977330637,1.0
2016-08-02 15:20:29.850,-0.84,-0.516,0.426,-17.334481933374416,4.476784569672404,3.351163399859295,1.0
2016-08-02 15:20:29.860,-0.832,-0.52,0.422,-15.025186723363849,3.687648815997333,4.038968871489082,1.0
2016-08-02 15:20:29.870,-0.828,-0.523,0.426,-9.353741024572969,3.337650391142911,4.562916909338358,1.0
2016-08-02 15:20:29.880,-0.813,-0.523,0.426,-3.508431492325417,3.5916558857086534,5.084421419208817,1.0
2016-08-02 15:20:29.890,-0.809,-0.516,0.426,0.8760697101432761,3.759179616099032,5.2643998202886575,1.0
2016-08-02 15:20:29.900,-0.805,-0.504,0.418,3.90061258930014,3.9901042861625386,5.80897156018858,1.0
2016-08-02 15:20:29.910,-0.813,-0.488,0.391,4.196093046445987,4.57813473954761,6.751417420496453,1.0
2016-08-02 15:20:29.920,-0.824,-0.488,0.371,2.4989183742223444,4.537170223864027,7.2906914021162805,1.0
2016-08-02 15:20:29.930,-0.832,-0.488,0.359,1.4919752670460036,3.8780649127532634,7.90584491937847,1.0
2016-08-02 15:20:29.940,-0.844,-0.496,0.355,1.6707432962273518,3.368576458454507,8.577946956777936,1.0
2016-08-02 15:20:29.950,-0.848,-0.508,0.363,3.726227029424948,3.1017690753061946,8.89260725087444,1.0
2016-08-02 15:20:29.960,-0.852,-0.512,0.383,8.552656925128105,3.417234330971911,8.866228757202434,1.0
2016-08-02 15:20:29.970,-0.859,-0.535,0.398,13.974566305576605,4.735883509162821,8.419595465933988,1.0
2016-08-02 15:20:29.980,-0.863,-0.531,0.402,15.171176586212862,6.481915067958675,7.94240827696426,1.0
2016-08-02 15:20:29.990,-0.883,-0.508,0.395,10.991785801198468,7.069207751739102,7.367607369649883,1.0
2016-08-02 15:20:30.000,-0.914,-0.516,0.391,6.747632920521725,6.585226274687191,6.474997546327094,1.0
2016-08-02 15:20:30.010,-0.914,-0.52,0.395,4.26962160890719,6.641634843952694,5.782137397652329,1.0
2016-08-02 15:20:30.020,-0.926,-0.52,0.391,0.5811325188663409,6.534366455773611,5.381893455586349,1.0
2016-08-02 15:20:30.030,-0.941,-0.531,0.406,-2.9006616412976456,5.677484567286022,5.0842934701497935,1.0
2016-08-02 15:20:30.040,-0.941,-0.543,0.418,-4.198069379105144,5.791106036899093,4.8520888560366995,1.0
2016-08-02 15:20:30.050,-0.953,-0.566,0.43,-5.745551992828581,7.055966061331048,4.599106482270228,1.0
2016-08-02 15:20:30.060,-0.965,-0.57,0.434,-9.694638602721103,8.054337230296532,4.290556273397796,1.0
2016-08-02 15:20:30.070,-0.977,-0.559,0.43,-15.922240540120534,8.144396708856375,3.7200773277441157,1.0
2016-08-02 15:20:30.080,-0.984,-0.586,0.43,-22.327840607995515,7.436053395652118,2.830021005118524,1.0
2016-08-02 15:20:30.090,-0.996,-0.594,0.434,-27.4244087922957,6.223001144600124,1.7622354317910582,1.0
2016-08-02 15:20:30.100,-1.004,-0.578,0.43,-32.541799964412846,4.59170832500527,0.8399303344338954,1.0
2016-08-02 15:20:30.110,-1.012,-0.59,0.445,-36.061118925177624,3.2209125717062643,0.4436469999332435,1.0
2016-08-02 15:20:30.120,-1.0,-0.59,0.461,-36.010495132282756,2.9354502954369286,-0.2822972353264586,1.0
2016-08-02 15:20:30.130,-0.988,-0.574,0.457,-37.50824417971678,2.921959498385929,-1.7395782430596238,1.0
2016-08-02 15:20:30.140,-0.992,-0.578,0.449,-42.82536593021963,2.196084685596737,-2.6838059072278653,1.0
2016-08-02 15:20:30.150,-0.996,-0.563,0.441,-47.803088423725754,1.225741131307654,-3.26355222556888,1.0
2016-08-02 15:20:30.160,-0.996,-0.559,0.438,-52.06535670639973,0.47628982617700166,-4.0351702534658775,1.0
2016-08-02 15:20:30.170,-1.0,-0.57,0.441,-55.10914229028923,0.016154959319385216,-4.087376260796289,1.0
2016-08-02 15:20:30.180,-0.992,-0.57,0.441,-54.38064655674375,0.35420926829602606,-3.3239131927326686,1.0
2016-08-02 15:20:30.190,-0.977,-0.578,0.434,-52.39191689369632,1.166645392227621,-2.6767092778805273,1.0
2016-08-02 15:20:30.200,-0.977,-0.59,0.426,-50.14005059786001,1.2188376048437628,-2.397591197919132,1.0
2016-08-02 15:20:30.210,-0.977,-0.59,0.414,-46.51720900774584,0.644222712826904,-1.7412003879034224,1.0
2016-08-02 15:20:30.220,-0.977,-0.594,0.402,-45.91108669338849,-0.04873835412690755,-0.7429012731527311,1.0
2016-08-02 15:20:30.230,-0.988,-0.598,0.398,-49.19655470725245,-1.34049494649186,0.36572600489455576,1.0
2016-08-02 15:20:30.240,-1.004,-0.594,0.395,-51.3090306784643,-3.2470009226176098,2.8114829136261354,1.0
2016-08-02 15:20:30.250,-0.996,-0.602,0.406,-50.25373458203243,-4.34458901422404,5.9321387100134215,1.0
2016-08-02 15:20:30.260,-0.969,-0.613,0.402,-45.8050625859194,-3.1077580018537274,8.292204819295282,1.0
2016-08-02 15:20:30.270,-0.98,-0.602,0.383,-40.87831375497976,-1.4681493380516166,10.884399811357174,1.0
2016-08-02 15:20:30.280,-0.988,-0.582,0.379,-40.95703045692865,-2.052459707968881,13.46856072988835,1.0
2016-08-02 15:20:30.290,-0.996,-0.57,0.379,-43.80613740863745,-4.0276263509617465,14.808686593123952,1.0
2016-08-02 15:20:30.300,-1.004,-0.566,0.402,-43.68841961888092,-6.54897315764927,15.46947904724746,1.0
2016-08-02 15:20:30.310,-0.988,-0.57,0.43,-39.92061200242743,-7.879685397855294,15.996575266749199,1.0
2016-08-02 15:20:30.320,-0.973,-0.57,0.453,-33.523899940576456,-5.842085831698643,17.06034879363284,1.0
2016-08-02 15:20:30.330,-0.957,-0.547,0.438,-27.9763716304922,-3.0140634370770236,19.30457380121886,1.0
2016-08-02 15:20:30.340,-0.977,-0.52,0.402,-27.23299583864953,-2.4936973587076325,21.39628825618721,1.0
2016-08-02 15:20:30.350,-0.992,-0.496,0.375,-29.73480561610611,-4.257078772519421,22.493031151730396,1.0
2016-08-02 15:20:30.360,-0.984,-0.473,0.363,-33.089138652952,-7.425421592493251,22.90183436889266,1.0
2016-08-02 15:20:30.370,-0.984,-0.469,0.359,-35.73423010257764,-10.821196959950626,23.072192136718414,1.0
2016-08-02 15:20:30.380,-0.98,-0.48,0.383,-35.105981134168815,-13.525546148033786,23.878684805615233,1.0
2016-08-02 15:20:30.390,-0.957,-0.516,0.391,-31.7602925096176,-14.422782347000636,24.567509299685373,1.0
2016-08-02 15:20:30.400,-0.945,-0.488,0.371,-29.28596335452859,-13.796517793709532,25.318687083981878,1.0
2016-08-02 15:20:30.410,-0.953,-0.465,0.344,-30.431644517373908,-14.436927574416032,27.277718271512764,1.0
2016-08-02 15:20:30.420,-0.973,-0.457,0.301,-35.22232782252968,-17.926365169815096,28.697767420586317,1.0
2016-08-02 15:20:30.430,-1.0,-0.445,0.277,-43.81179157423755,-24.068622137595714,29.755249049634195,1.0
2016-08-02 15:20:30.440,-0.996,-0.418,0.281,-55.80102158827824,-30.166799739619925,32.404343746464875,1.0
2016-08-02 15:20:30.450,-0.961,-0.422,0.316,-63.36379299871152,-32.21326759108172,35.20270419251303,1.0
2016-08-02 15:20:30.460,-0.918,-0.441,0.344,-61.60622410904156,-31.1583223264332,36.55822900462387,1.0
2016-08-02 15:20:30.470,-0.891,-0.449,0.352,-59.09940265482486,-29.79147681884762,36.94286421848088,1.0
2016-08-02 15:20:30.480,-0.883,-0.414,0.32,-63.44112714061048,-28.684242321191572,37.74227999518026,1.0
2016-08-02 15:20:30.490,-0.906,-0.375,0.301,-73.7957978434827,-29.479101812001325,40.01806411935812,1.0
2016-08-02 15:20:30.500,-0.914,-0.344,0.289,-87.78818061022398,-32.30207468723278,42.53117772588246,1.0
2016-08-02 15:20:30.510,-0.898,-0.348,0.293,-101.20760109493256,-34.874989213111206,44.123832871449956,1.0
2016-08-02 15:20:30.520,-0.887,-0.375,0.32,-108.8135578312088,-36.51444042069109,45.38964596868383,1.0
2016-08-02 15:20:30.530,-0.852,-0.398,0.355,-111.16637208092422,-35.88649860728967,46.2663340353792,1.0
2016-08-02 15:20:30.540,-0.832,-0.395,0.344,-114.03909437563203,-32.21042818391384,47.27083541038701,1.0
2016-08-02 15:20:30.550,-0.852,-0.375,0.309,-120.83161208730456,-28.69997897039188,50.27872228935534,1.0
2016-08-02 15:20:30.560,-0.867,-0.352,0.254,-131.4413965509016,-26.759632185212812,54.41013581361426,1.0
2016-08-02 15:20:30.570,-0.887,-0.332,0.215,-145.25790672152965,-25.657520431117256,57.29918653679358,1.0
2016-08-02 15:20:30.580,-0.879,-0.313,0.207,-159.14905953644492,-26.750588965563654,59.50734250752822,1.0
2016-08-02 15:20:30.590,-0.871,-0.371,0.234,-165.76013363462752,-29.008901699755214,61.16798295232705,1.0
2016-08-02 15:20:30.600,-0.859,-0.438,0.266,-161.00332800546323,-29.658321640199016,61.627166572522356,1.0
2016-08-02 15:20:30.610,-0.859,-0.48,0.258,-153.83866720226237,-29.296175997619827,62.74264164702953,1.0
2016-08-02 15:20:30.620,-0.898,-0.484,0.211,-155.3654079615291,-29.80920517545475,65.4840471735418,1.0
2016-08-02 15:20:30.630,-0.965,-0.445,0.152,-164.39510797448898,-33.28217743204678,69.32490371277473,1.0
2016-08-02 15:20:30.640,-1.0,-0.379,0.121,-177.61780628176265,-39.83992060675105,73.76148366341212,1.0
2016-08-02 15:20:30.650,-0.984,-0.367,0.125,-190.56119199811036,-44.7934745544962,77.91375400581214,1.0
2016-08-02 15:20:30.660,-0.93,-0.387,0.172,-192.8690063709144,-46.10795293781618,81.11293210130133,1.0
2016-08-02 15:20:30.670,-0.844,-0.379,0.219,-185.66148967632753,-45.94972150217918,81.86565370555519,1.0
2016-08-02 15:20:30.680,-0.793,-0.375,0.219,-177.31177592986708,-44.933791964940404,80.48970895601349,1.0
2016-08-02 15:20:30.690,-0.801,-0.363,0.199,-167.9790161595618,-45.6328151737037,79.74017637425591,1.0
2016-08-02 15:20:30.700,-0.797,-0.32,0.172,-163.4525630208178,-49.673767272989416,79.00462535038109,1.0
2016-08-02 15:20:30.710,-0.777,-0.234,0.148,-170.51877783932073,-54.28703239493559,76.63160676536631,1.0
2016-08-02 15:20:30.720,-0.766,-0.199,0.145,-178.875666398006,-59.797970973927264,74.68742475597915,1.0
2016-08-02 15:20:30.730,-0.746,-0.215,0.152,-178.11609208455573,-65.79021055810495,73.75106246289235,1.0
2016-08-02 15:20:30.740,-0.711,-0.273,0.145,-169.62195697309986,-67.36608834241552,71.0568736910375,1.0
2016-08-02 15:20:30.750,-0.727,-0.313,0.109,-156.36440508581052,-66.19516114620745,67.60295923826686,1.0
2016-08-02 15:20:30.760,-0.766,-0.332,0.066,-143.91024744608714,-68.31569941671509,66.77778844822328,1.0
2016-08-02 15:20:30.770,-0.824,-0.32,0.027,-139.03102391855572,-73.84916319670404,68.09012350723623,1.0
2016-08-02 15:20:30.780,-0.859,-0.285,0.016,-139.67723015510745,-81.82949572888182,70.10328276267052,1.0
2016-08-02 15:20:30.790,-0.859,-0.285,0.02,-140.2129574335707,-90.36496278456207,71.99905311429255,1.0
2016-08-02 15:20:30.800,-0.863,-0.352,0.051,-137.4052032751493,-95.17183255646916,73.1765948674181,1.0
2016-08-02 15:20:30.810,-0.883,-0.414,0.055,-129.01951103175819,-98.90661392968258,75.54967891622744,1.0
2016-08-02 15:20:30.820,-0.922,-0.41,0.102,-122.53255845068325,-106.45742048334094,80.20923908244815,1.0
2016-08-02 15:20:30.830,-0.859,-0.344,0.172,-124.46309454184171,-112.92880996083667,85.42185367439785,1.0
2016-08-02 15:20:30.840,-0.777,-0.309,0.207,-123.40880283962906,-113.11426828114708,89.83816289103254,1.0
2016-08-02 15:20:30.850,-0.707,-0.23,0.246,-116.41484337016443,-111.6026794387113,92.47456910846093,1.0
2016-08-02 15:20:30.860,-0.59,-0.16,0.258,-115.40895761774838,-109.22291664360134,91.78944865297204,1.0
2016-08-02 15:20:30.870,-0.527,-0.133,0.211,-119.02872425421349,-104.42114102643865,87.31887291323875,1.0
2016-08-02 15:20:30.880,-0.586,-0.125,0.172,-123.52519540701763,-104.63786820862616,82.63976389962102,1.0
2016-08-02 15:20:30.890,-0.621,-0.172,0.188,-129.7774468088708,-107.0847618154757,81.71804439756727,1.0
2016-08-02 15:20:30.900,-0.555,-0.176,0.258,-127.75933241988426,-99.38784838406964,82.15699949494669,1.0
2016-08-02 15:20:30.910,-0.484,-0.133,0.328,-116.06138833277474,-83.97137538899348,81.41798765441378,1.0
2016-08-02 15:20:30.920,-0.477,-0.129,0.355,-105.47835774098726,-69.07458538372153,79.4764435065626,1.0
2016-08-02 15:20:30.930,-0.52,-0.172,0.332,-94.30293065804429,-55.36201033408476,74.68545098403084,1.0
2016-08-02 15:20:30.940,-0.57,-0.176,0.297,-83.71863022824638,-43.40380138958824,68.43585687911889,1.0
2016-08-02 15:20:30.950,-0.641,-0.199,0.242,-83.26194714778418,-35.78687703563424,62.043144129422245,1.0
2016-08-02 15:20:30.960,-0.684,-0.234,0.207,-85.14228370104757,-30.73887843800883,54.400078460230766,1.0
2016-08-02 15:20:30.970,-0.75,-0.23,0.191,-81.85850530007036,-25.953928874461713,47.7759936714466,1.0
2016-08-02 15:20:30.980,-0.828,-0.258,0.18,-81.76139067563496,-24.97524974034753,42.318921388017316,1.0
2016-08-02 15:20:30.990,-0.828,-0.266,0.234,-80.20052907010134,-25.639679564481582,34.76617615671392,1.0
2016-08-02 15:20:31.000,-0.805,-0.277,0.293,-65.9674372546593,-19.55387089569532,25.911099114916244,1.0
2016-08-02 15:20:31.010,-0.816,-0.34,0.328,-47.7589610269259,-10.409534645247946,16.760950183716126,1.0
2016-08-02 15:20:31.020,-0.836,-0.352,0.332,-36.62321871781677,-5.860495331587807,6.190249897534297,1.0
2016-08-02 15:20:31.030,-0.867,-0.336,0.309,-31.53455398899083,-4.469502740091892,-2.966249999443268,1.0
2016-08-02 15:20:31.040,-0.879,-0.297,0.285,-28.38510761911482,-4.591289489986879,-8.03646344106615,1.0
2016-08-02 15:20:31.050,-0.875,-0.254,0.293,-22.498398503028852,-3.981348037507231,-10.26225106192782,1.0
2016-08-02 15:20:31.060,-0.848,-0.227,0.293,-13.253835370655061,-0.4082955268956836,-10.674740803406916,1.0
2016-08-02 15:20:31.070,-0.84,-0.191,0.289,-4.212982809753483,2.4514132658583865,-11.363109982147149,1.0
2016-08-02 15:20:31.080,-0.844,-0.168,0.297,4.393047071461803,3.555462802372748,-13.70418990121359,1.0
2016-08-02 15:20:31.090,-0.84,-0.18,0.328,13.132054266464223,5.625139476431991,-16.21023107622938,1.0
2016-08-02 15:20:31.100,-0.855,-0.211,0.355,20.71492758467903,7.428251468942667,-18.320286098038707,1.0
2016-08-02 15:20:31.110,-0.871,-0.211,0.387,25.74891415226249,7.204964786049103,-19.717592597204867,1.0
2016-08-02 15:20:31.120,-0.883,-0.188,0.398,28.328516651247938,6.808009939330065,-19.675802279535628,1.0
2016-08-02 15:20:31.130,-0.875,-0.18,0.414,32.66350481022129,7.643241996202482,-19.032081812874825,1.0
2016-08-02 15:20:31.140,-0.875,-0.184,0.41,39.754489031135094,8.38885445087811,-18.97287980703858,1.0
2016-08-02 15:20:31.150,-0.895,-0.195,0.398,42.36741201452842,7.723413843867068,-19.229225291584893,1.0
2016-08-02 15:20:31.160,-0.914,-0.211,0.383,39.31117774878426,6.283082705952302,-19.082705013724034,1.0
2016-08-02 15:20:31.170,-0.91,-0.23,0.391,37.33178312760503,6.094510669535298,-18.760951741157555,1.0
2016-08-02 15:20:31.180,-0.898,-0.246,0.391,37.8428139902871,8.20770956224479,-18.79555572138843,1.0
2016-08-02 15:20:31.190,-0.887,-0.254,0.379,39.18240746054103,11.32450101410819,-19.320757833783063,1.0
2016-08-02 15:20:31.200,-0.895,-0.27,0.355,39.61891253492221,12.743749073824619,-19.913224371073554,1.0
2016-08-02 15:20:31.210,-0.91,-0.281,0.332,36.186547106053624,11.295664493306468,-20.001604568639557,1.0
2016-08-02 15:20:31.220,-0.898,-0.293,0.34,30.76724576130123,9.48336310087426,-19.757742085545992,1.0
2016-08-02 15:20:31.230,-0.875,-0.332,0.355,28.886054903046357,9.923257180807408,-19.44880443414076,1.0
2016-08-02 15:20:31.240,-0.855,-0.344,0.375,31.574212336271728,12.608235375134164,-19.33339331274598,1.0
2016-08-02 15:20:31.250,-0.848,-0.348,0.363,35.09331365074629,16.786728448412028,-20.6084595799102,1.0
2016-08-02 15:20:31.260,-0.863,-0.348,0.336,36.92603196709975,21.013249618852896,-23.846847957711166,1.0
2016-08-02 15:20:31.270,-0.863,-0.328,0.305,36.267139843173844,23.681052458582098,-27.854903690165322,1.0
2016-08-02 15:20:31.280,-0.836,-0.301,0.289,32.382133372650316,25.11766419250805,-31.3614321938198,1.0
2016-08-02 15:20:31.290,-0.824,-0.297,0.285,28.35073637556126,25.867560645660376,-33.213332950782714,1.0
2016-08-02 15:20:31.300,-0.832,-0.301,0.305,27.5288928335452,25.479115170543952,-33.14145442473189,1.0
2016-08-02 15:20:31.310,-0.793,-0.301,0.32,28.346492132194676,26.20013089151007,-34.36807227296205,1.0
2016-08-02 15:20:31.320,-0.758,-0.309,0.344,29.95630062128612,30.503422789930035,-39.757365229680104,1.0
2016-08-02 15:20:31.330,-0.75,-0.309,0.348,32.28486033283489,35.412956788773116,-46.83637604329042,1.0
2016-08-02 15:20:31.340,-0.742,-0.305,0.316,34.04096474962426,38.73754359612117,-52.277489465634886,1.0
2016-08-02 15:20:31.350,-0.766,-0.305,0.281,36.06059915718772,40.176146043416765,-54.97775956597289,1.0
2016-08-02 15:20:31.360,-0.836,-0.293,0.266,36.89544532761247,36.937498568845605,-53.488721479823134,1.0
2016-08-02 15:20:31.370,-0.816,-0.281,0.27,36.24975208990248,33.160865035158956,-49.59413870931051,1.0
2016-08-02 15:20:31.380,-0.781,-0.305,0.297,40.49946529697925,35.04450578289946,-48.188075542883254,1.0
2016-08-02 15:20:31.390,-0.773,-0.313,0.316,47.52218832932768,37.84205032057636,-48.81952409005863,1.0
2016-08-02 15:20:31.400,-0.727,-0.297,0.328,50.350684621793185,40.115097734879264,-50.36075821412017,1.0
2016-08-02 15:20:31.410,-0.68,-0.305,0.34,54.40702011716821,46.60703825771129,-55.9629997875184,1.0
2016-08-02 15:20:31.420,-0.676,-0.328,0.328,61.160882706953885,53.44651982897203,-63.34008381315961,1.0
2016-08-02 15:20:31.430,-0.68,-0.305,0.266,62.33576621069375,56.40887670296715,-67.17988480081254,1.0
2016-08-02 15:20:31.440,-0.781,-0.309,0.195,59.19257786435303,54.54067023924852,-65.5669819036592,1.0
2016-08-02 15:20:31.450,-0.91,-0.301,0.176,57.33465633650481,45.50056054038776,-57.35233439106534,1.0
2016-08-02 15:20:31.460,-0.855,-0.289,0.227,58.89156208161048,38.94365685624891,-49.39666225129083,1.0
2016-08-02 15:20:31.470,-0.785,-0.34,0.297,66.43567792138494,43.7339094882139,-50.197931257172556,1.0
2016-08-02 15:20:31.480,-0.766,-0.387,0.34,75.37621623317101,49.41617539271053,-53.675682053759616,1.0
2016-08-02 15:20:31.490,-0.727,-0.371,0.352,79.47512946355772,52.43480812751032,-54.51267528864874,1.0
2016-08-02 15:20:31.500,-0.723,-0.355,0.328,82.0667517600998,57.16649213697681,-56.77984913657848,1.0
2016-08-02 15:20:31.510,-0.746,-0.332,0.297,84.38670229030011,57.77897635963793,-58.827870603105154,1.0
2016-08-02 15:20:31.520,-0.73,-0.281,0.254,83.19253349977137,55.61008245985372,-58.92443281550494,1.0
2016-08-02 15:20:31.530,-0.754,-0.281,0.238,79.56580540320427,55.410185193388216,-59.70507542649929,1.0
2016-08-02 15:20:31.540,-0.762,-0.301,0.246,77.89879445490658,55.480158563800906,-58.46871058452318,1.0
2016-08-02 15:20:31.550,-0.707,-0.305,0.266,82.83826223363354,60.10886216878981,-55.9169308675031,1.0
2016-08-02 15:20:31.560,-0.672,-0.328,0.289,91.37723292224845,68.34341005525305,-57.40087600789982,1.0
2016-08-02 15:20:31.570,-0.66,-0.344,0.273,96.77198266315902,73.17392654906324,-59.47014727955012,1.0
2016-08-02 15:20:31.580,-0.711,-0.352,0.238,100.3063870493967,75.05917860043974,-57.70873099876772,1.0
2016-08-02 15:20:31.590,-0.77,-0.375,0.223,103.3990624612638,73.86639606873011,-54.52043477498619,1.0
2016-08-02 15:20:31.600,-0.77,-0.371,0.207,105.69710172716461,71.577633285833,-51.71591968356394,1.0
2016-08-02 15:20:31.610,-0.789,-0.379,0.172,109.50159912001907,71.4450043940089,-49.754573799013315,1.0
2016-08-02 15:20:31.620,-0.848,-0.434,0.164,114.37734968936218,69.7791210965353,-47.63502799569168,1.0
2016-08-02 15:20:31.630,-0.813,-0.395,0.176,119.96762574806945,69.46064353506236,-44.22455291333432,1.0
2016-08-02 15:20:31.640,-0.75,-0.371,0.168,125.29142430820232,74.2071542902933,-43.63088015246902,1.0
2016-08-02 15:20:31.650,-0.77,-0.383,0.164,126.96705014191627,75.40653207764016,-46.7614355281045,1.0
2016-08-02 15:20:31.660,-0.785,-0.367,0.168,126.70267734329497,70.45591818200757,-49.02197161550379,1.0
2016-08-02 15:20:31.670,-0.797,-0.352,0.172,126.53105016070994,65.01191483279473,-51.60773509937164,1.0
2016-08-02 15:20:31.680,-0.813,-0.383,0.176,127.06354693356963,59.635829240667825,-55.06005492541602,1.0
2016-08-02 15:20:31.690,-0.816,-0.395,0.203,132.04432457269593,55.93058088652993,-55.109297408229025,1.0
2016-08-02 15:20:31.700,-0.773,-0.398,0.23,139.43102888448664,56.91276353469121,-54.24631137101686,1.0
2016-08-02 15:20:31.710,-0.738,-0.422,0.207,145.16983404462258,61.14906264012879,-55.24951639079657,1.0
2016-08-02 15:20:31.720,-0.762,-0.395,0.168,150.65648624746487,64.39083850191018,-53.916474607858426,1.0
2016-08-02 15:20:31.730,-0.805,-0.363,0.129,151.18611384180454,63.20022445496635,-50.9587977820031,1.0
2016-08-02 15:20:31.740,-0.844,-0.348,0.105,143.76140526467816,58.488405922156126,-49.94129078284505,1.0
2016-08-02 15:20:31.750,-0.895,-0.359,0.121,136.77376987708976,51.14102332021488,-48.82116770691002,1.0
2016-08-02 15:20:31.760,-0.879,-0.387,0.188,133.07696931545195,43.905544892487555,-46.92381655136593,1.0
2016-08-02 15:20:31.770,-0.828,-0.438,0.23,132.6595370211843,43.37898201788093,-46.03256657092629,1.0
2016-08-02 15:20:31.780,-0.824,-0.465,0.25,138.1991092186248,46.71302910502108,-45.227906411833466,1.0
2016-08-02 15:20:31.790,-0.82,-0.441,0.223,141.83621382013987,47.92828431534418,-44.04376644486018,1.0
2016-08-02 15:20:31.800,-0.859,-0.41,0.16,136.9384011856017,47.73392257369181,-43.60617536039055,1.0
2016-08-02 15:20:31.810,-0.949,-0.402,0.145,128.91704416777816,42.6951451753618,-42.58019653383666,1.0
2016-08-02 15:20:31.820,-0.957,-0.371,0.184,119.70713719814822,33.20335342541857,-40.8290223531619,1.0
2016-08-02 15:20:31.830,-0.926,-0.383,0.242,109.60017712037899,27.1886367835975,-41.17245043279996,1.0
2016-08-02 15:20:31.840,-0.906,-0.43,0.313,105.1698157229304,24.30177690589626,-41.76672351846073,1.0
2016-08-02 15:20:31.850,-0.855,-0.438,0.344,106.00375869864264,22.914614001006612,-40.34687370184432,1.0
2016-08-02 15:20:31.860,-0.832,-0.453,0.32,106.51282643407845,24.797443604927743,-39.49947257249207,1.0
2016-08-02 15:20:31.870,-0.875,-0.457,0.262,107.90199883091992,26.021568549705776,-37.95680111695753,1.0
2016-08-02 15:20:31.880,-0.93,-0.441,0.203,105.8283710660792,23.866910194769876,-34.000495985089465,1.0
2016-08-02 15:20:31.890,-0.961,-0.398,0.172,92.79824826138471,20.00785256041963,-31.706326894320995,1.0
2016-08-02 15:20:31.900,-0.988,-0.406,0.207,78.38050802574654,14.833990260786319,-31.0480914245151,1.0
2016-08-02 15:20:31.910,-0.957,-0.453,0.285,74.73554640372376,10.761495895957845,-29.444178748933247,1.0
2016-08-02 15:20:31.920,-0.918,-0.516,0.371,80.3750083939641,10.695018318782443,-29.82799502197954,1.0
2016-08-02 15:20:31.930,-0.895,-0.555,0.41,91.07090078809125,13.314602420888194,-31.66402383337379,1.0
2016-08-02 15:20:31.940,-0.859,-0.516,0.375,98.60540140550404,17.468796704779574,-30.46301298582908,1.0
2016-08-02 15:20:31.950,-0.902,-0.465,0.273,93.3687254540492,20.469363567688355,-27.405013757924447,1.0
2016-08-02 15:20:31.960,-0.988,-0.43,0.199,79.66330147047017,18.002645770318452,-23.592061599953748,1.0
2016-08-02 15:20:31.970,-0.996,-0.391,0.199,65.25987438488434,13.399468525828816,-19.852734186478834,1.0
2016-08-02 15:20:31.980,-0.977,-0.43,0.277,56.76021638803225,11.649954004674905,-20.008087436711765,1.0
2016-08-02 15:20:31.990,-0.953,-0.523,0.375,64.15198355118733,12.32627198057885,-20.915520080663914,1.0
2016-08-02 15:20:32.000,-0.922,-0.602,0.441,80.16557438526308,15.54382059111595,-19.360199593575427,1.0
2016-08-02 15:20:32.010,-0.93,-0.598,0.438,88.42411786318945,20.08873669562263,-18.21565868926998,1.0
2016-08-02 15:20:32.020,-0.953,-0.543,0.371,87.84945764555282,23.479081543595825,-14.670384372014524,1.0
2016-08-02 15:20:32.030,-1.008,-0.512,0.285,81.0586966667821,25.42224506251692,-7.757521630399094,1.0
2016-08-02 15:20:32.040,-1.066,-0.516,0.258,70.13962694762733,24.474817894222056,-3.250302342825995,1.0
2016-08-02 15:20:32.050,-1.094,-0.523,0.273,58.280432361534494,20.940600918143314,-1.6365593221951489,1.0
2016-08-02 15:20:32.060,-1.098,-0.543,0.352,46.778772200690256,17.052512156063614,-0.9652011984943214,1.0
2016-08-02 15:20:32.070,-1.066,-0.551,0.461,43.04463215208257,14.227036733755703,-1.4425190558359728,1.0
2016-08-02 15:20:32.080,-0.988,-0.566,0.539,49.95153451509287,16.179403842393,-2.691282337610274,1.0
2016-08-02 15:20:32.090,-0.945,-0.559,0.535,57.6556444536095,22.09782279452072,-3.864262756041316,1.0
2016-08-02 15:20:32.100,-0.969,-0.516,0.48,58.64551408025367,24.383711577752972,-3.947394414207489,1.0
2016-08-02 15:20:32.110,-1.004,-0.457,0.414,51.632335592933885,21.608052816396242,-3.713296928181842,1.0
2016-08-02 15:20:32.120,-1.023,-0.418,0.387,39.67627958478984,17.766031533892722,-4.908471677481051,1.0
2016-08-02 15:20:32.130,-1.031,-0.41,0.395,29.33305648291352,13.594773046210229,-6.646569866570077,1.0
2016-08-02 15:20:32.140,-1.031,-0.461,0.43,24.41053899555939,9.541191620276072,-7.559322976775405,1.0
2016-08-02 15:20:32.150,-1.023,-0.523,0.473,24.966633605808827,7.1293111230605,-8.004026862698424,1.0
2016-08-02 15:20:32.160,-0.988,-0.527,0.473,26.930769638233222,6.0289683162857015,-8.099636721077523,1.0
2016-08-02 15:20:32.170,-0.977,-0.527,0.445,26.477637205976123,4.642791820758705,-7.547277585962554,1.0
2016-08-02 15:20:32.180,-0.984,-0.547,0.402,25.41143112430026,2.6234823712346618,-5.889728703701389,1.0
2016-08-02 15:20:32.190,-0.98,-0.535,0.344,21.0555101834486,0.6815446637581392,-3.452205058388471,1.0
2016-08-02 15:20:32.200,-0.996,-0.508,0.301,9.338983505176122,-2.3343998948239566,-2.039878241020229,1.0
2016-08-02 15:20:32.210,-1.004,-0.512,0.293,-1.505131771235154,-6.325252114433871,-1.3032762271603595,1.0
2016-08-02 15:20:32.220,-0.992,-0.535,0.324,-4.169001461722477,-8.631451541645095,-0.2903563680672916,1.0
2016-08-02 15:20:32.230,-0.957,-0.551,0.367,-2.283962763707882,-8.98439343669795,-0.34536298421072403,1.0
2016-08-02 15:20:32.240,-0.926,-0.555,0.391,0.702215873716488,-8.485964278361019,-1.1245779940673386,1.0
2016-08-02 15:20:32.250,-0.906,-0.543,0.41,3.9784790954186127,-7.716645464575682,-1.1507762965077613,1.0
2016-08-02 15:20:32.260,-0.875,-0.512,0.391,6.13144534127701,-6.5579305850608955,-0.41834200411113637,1.0
2016-08-02 15:20:32.270,-0.859,-0.477,0.367,6.209667053558653,-4.799466134075468,0.7964563615405165,1.0
2016-08-02 15:20:32.280,-0.867,-0.453,0.352,4.400396238830744,-3.700684510386318,2.1281140626122372,1.0
2016-08-02 15:20:32.290,-0.871,-0.441,0.34,2.386508463616935,-3.0277389687989507,3.2614876511778133,1.0
2016-08-02 15:20:32.300,-0.871,-0.445,0.34,2.8474751913509655,-2.190155817968612,4.013566286684229,1.0
2016-08-02 15:20:32.310,-0.867,-0.441,0.375,7.445680403609765,-2.23971466457291,3.876632530857016,1.0
2016-08-02 15:20:32.320,-0.852,-0.453,0.414,14.450107756128817,-1.9254115603268613,2.7003618463031884,1.0
2016-08-02 15:20:32.330,-0.836,-0.457,0.426,19.620000487088205,0.2130014939189392,1.4475191285206241,1.0
2016-08-02 15:20:32.340,-0.844,-0.449,0.414,21.181644080258412,1.978170903031108,1.0245780100189363,1.0
2016-08-02 15:20:32.350,-0.859,-0.438,0.398,22.074372571507887,1.4569071602141024,1.2784068625653076,1.0
2016-08-02 15:20:32.360,-0.867,-0.438,0.387,25.358467929680714,-0.4476316429168822,1.5274669630116668,1.0
2016-08-02 15:20:32.370,-0.871,-0.449,0.395,30.58661607472999,-3.0040671992218937,0.7598850647005609,1.0
2016-08-02 15:20:32.380,-0.875,-0.477,0.414,36.59722962956189,-5.653809442896849,-1.3848697331828683,1.0
2016-08-02 15:20:32.390,-0.887,-0.492,0.441,42.58260378390418,-7.33847679283476,-4.136894286051488,1.0
2016-08-02 15:20:32.400,-0.902,-0.5,0.457,46.83857748290674,-8.63688948949659,-6.913194504892793,1.0
2016-08-02 15:20:32.410,-0.922,-0.516,0.461,49.04572228936481,-10.09793770623095,-9.258421431548351,1.0
2016-08-02 15:20:32.420,-0.941,-0.512,0.465,49.90503874460317,-10.911879177420914,-10.757895834555894,1.0
2016-08-02 15:20:32.430,-0.957,-0.512,0.465,49.089082948460074,-11.097415927251422,-11.72400530400396,1.0
2016-08-02 15:20:32.440,-0.973,-0.535,0.469,46.939508321700785,-11.398537372464066,-12.846769652121132,1.0
2016-08-02 15:20:32.450,-0.984,-0.531,0.477,44.21574949378759,-11.830749496310492,-14.644703936632038,1.0
2016-08-02 15:20:32.460,-0.977,-0.523,0.492,41.10918348149066,-11.204341261535053,-16.782880659407123,1.0
2016-08-02 15:20:32.470,-0.969,-0.539,0.512,37.958208286990505,-8.652652683110357,-18.666934558687952,1.0
2016-08-02 15:20:32.480,-0.965,-0.547,0.527,33.946383099432154,-5.241866911689865,-20.160243732684442,1.0
2016-08-02 15:20:32.490,-0.961,-0.535,0.535,26.68058975466128,-2.1045556052902343,-20.862189415097255,1.0
2016-08-02 15:20:32.500,-0.961,-0.531,0.547,16.15921667027619,0.6138098699215117,-20.91463874412802,1.0
2016-08-02 15:20:32.510,-0.953,-0.535,0.551,6.731734011596927,2.6666317736386898,-21.036695350954943,1.0
2016-08-02 15:20:32.520,-0.941,-0.547,0.547,1.6164338771223496,4.752296856577046,-20.99669786812037,1.0
2016-08-02 15:20:32.530,-0.918,-0.563,0.555,-0.7974143049979228,8.128096325558062,-20.455102332850046,1.0
2016-08-02 15:20:32.540,-0.898,-0.559,0.547,-3.704905651523493,11.925145580386719,-19.74701328804413,1.0
2016-08-02 15:20:32.550,-0.895,-0.559,0.539,-9.320518875724803,14.660067536432186,-18.735874344105632,1.0
2016-08-02 15:20:32.560,-0.883,-0.539,0.52,-18.364298847895235,16.788700135928416,-16.869691116647992,1.0
2016-08-02 15:20:32.570,-0.887,-0.531,0.508,-29.042877452264825,18.55175824362268,-14.5151379758241,1.0
2016-08-02 15:20:32.580,-0.883,-0.527,0.496,-37.550518910405,19.421502095588885,-12.429481989980854,1.0
2016-08-02 15:20:32.590,-0.867,-0.531,0.492,-41.413446032935674,20.198481631003563,-10.561551881204727,1.0
2016-08-02 15:20:32.600,-0.859,-0.547,0.484,-41.69597467813149,21.206392743691918,-8.982812170673036,1.0
2016-08-02 15:20:32.610,-0.855,-0.551,0.473,-41.27410191349006,22.02712325029808,-7.755844413982712,1.0
2016-08-02 15:20:32.620,-0.852,-0.527,0.453,-42.57000876452601,22.943415945901297,-6.238048171867794,1.0
2016-08-02 15:20:32.630,-0.859,-0.52,0.438,-45.63440166621379,23.507414417778808,-4.353040158512065,1.0
2016-08-02 15:20:32.640,-0.855,-0.52,0.434,-47.908071356620106,23.836194199739584,-2.5340451434070297,1.0
2016-08-02 15:20:32.650,-0.848,-0.512,0.414,-48.03615481021616,24.665956115086132,-1.0593987750464626,1.0
2016-08-02 15:20:32.660,-0.855,-0.535,0.406,-46.81438099054127,25.121965626858675,-0.08436369832625444,1.0
2016-08-02 15:20:32.670,-0.863,-0.539,0.391,-44.54521417737661,24.977434852370912,0.6224319841049907,1.0
2016-08-02 15:20:32.680,-0.871,-0.535,0.371,-42.23729641241981,24.93535782431857,1.5005916370685182,1.0
2016-08-02 15:20:32.690,-0.891,-0.559,0.359,-40.71482334145919,24.56548507493522,2.7032531077231843,1.0
2016-08-02 15:20:32.700,-0.906,-0.57,0.355,-38.56810622939827,23.638331501887862,3.8668348294053496,1.0
2016-08-02 15:20:32.710,-0.922,-0.574,0.352,-36.81774487567949,21.882555495059187,4.985095941402568,1.0
2016-08-02 15:20:32.720,-0.938,-0.602,0.359,-36.19170319826451,18.995161484592384,6.154991294838222,1.0
2016-08-02 15:20:32.730,-0.945,-0.621,0.363,-32.7300969254225,16.530393735241134,6.825139109801798,1.0
2016-08-02 15:20:32.740,-0.953,-0.621,0.355,-27.46967981540649,15.13800280922414,7.23056213101673,1.0
2016-08-02 15:20:32.750,-0.973,-0.645,0.352,-24.51267422730424,13.293625724027946,7.558181769989147,1.0
2016-08-02 15:20:32.760,-0.996,-0.641,0.344,-22.142834168027115,10.487704569370624,7.54160180473569,1.0
2016-08-02 15:20:32.770,-1.012,-0.633,0.34,-21.55554063397482,6.896919472925169,8.11258378766194,1.0
2016-08-02 15:20:32.780,-1.016,-0.645,0.355,-24.47635509589057,2.89350284512081,9.400857034968592,1.0
2016-08-02 15:20:32.790,-1.016,-0.645,0.359,-24.667907798236666,-0.4734100615028608,11.187951018037955,1.0
2016-08-02 15:20:32.800,-1.016,-0.656,0.367,-20.95503658243703,-3.3557750053837148,14.195391192935116,1.0
2016-08-02 15:20:32.810,-0.996,-0.648,0.371,-18.93480506474533,-5.65180367636613,17.317270658117252,1.0
2016-08-02 15:20:32.820,-0.988,-0.621,0.352,-18.913334027808,-7.309348691517602,19.49910211278999,1.0
2016-08-02 15:20:32.830,-1.004,-0.617,0.352,-20.046898477776683,-10.227467320930842,21.72646924821297,1.0
2016-08-02 15:20:32.840,-0.996,-0.602,0.348,-23.22021266158336,-13.864705402777496,23.773160703235945,1.0
2016-08-02 15:20:32.850,-0.988,-0.59,0.348,-26.58725946720971,-16.866824345601724,24.94563134586151,1.0
2016-08-02 15:20:32.860,-0.98,-0.57,0.352,-28.488000528465907,-19.756857444684204,26.728807481270707,1.0
2016-08-02 15:20:32.870,-0.969,-0.563,0.352,-29.166130450415807,-21.23873285135017,29.626264845633706,1.0
2016-08-02 15:20:32.880,-0.965,-0.547,0.324,-29.56957301024844,-21.461539092943834,32.0626343739451,1.0
2016-08-02 15:20:32.890,-0.977,-0.52,0.305,-31.583651710852962,-22.736477587165886,33.92549676486889,1.0
2016-08-02 15:20:32.900,-0.988,-0.5,0.285,-35.53515777480353,-24.992089028129286,35.278837242570816,1.0
2016-08-02 15:20:32.910,-0.996,-0.492,0.281,-38.83508349187315,-27.923605808562094,35.511908815910566,1.0
2016-08-02 15:20:32.920,-0.992,-0.508,0.297,-39.40646815822157,-31.171593940975306,35.5758428757015,1.0
2016-08-02 15:20:32.930,-0.977,-0.488,0.297,-38.838435766223036,-33.07672769976027,35.94394451616373,1.0
2016-08-02 15:20:32.940,-0.973,-0.465,0.293,-40.14460982404899,-33.931462954143036,35.89198656799277,1.0
2016-08-02 15:20:32.950,-0.988,-0.445,0.285,-42.7948115802696,-35.203891216199544,35.23676804568555,1.0
2016-08-02 15:20:32.960,-1.016,-0.422,0.27,-45.51928130145889,-37.76983628721513,33.845863957968135,1.0
2016-08-02 15:20:32.970,-1.031,-0.398,0.27,-51.088444742180265,-42.198613376129025,31.56794731744703,1.0
2016-08-02 15:20:32.980,-1.027,-0.383,0.289,-59.202356879233136,-46.90540796202256,29.172040716845256,1.0
2016-08-02 15:20:32.990,-1.027,-0.402,0.32,-63.78897606740547,-49.95640852790644,28.024568661948177,1.0
2016-08-02 15:20:33.000,-1.016,-0.395,0.352,-63.502494914818605,-50.80607071913221,28.040659271158553,1.0
2016-08-02 15:20:33.010,-0.98,-0.395,0.359,-62.8242145708809,-48.72821192347647,28.37584238515616,1.0
2016-08-02 15:20:33.020,-0.977,-0.387,0.344,-64.13799719172098,-45.47356235753304,29.13888259026796,1.0
2016-08-02 15:20:33.030,-0.988,-0.359,0.324,-68.76409541540097,-44.62325834770174,29.660297713108335,1.0
2016-08-02 15:20:33.040,-0.988,-0.32,0.316,-78.17718434585002,-45.57200370150123,29.28466390852961,1.0
2016-08-02 15:20:33.050,-0.98,-0.324,0.32,-88.00735408965811,-45.506422956375445,29.150473392190996,1.0
2016-08-02 15:20:33.060,-0.965,-0.355,0.348,-92.26163675267496,-44.05046989178352,30.20204860958831,1.0
2016-08-02 15:20:33.070,-0.949,-0.418,0.359,-92.36886083183919,-41.083658944245144,32.36051725746732,1.0
2016-08-02 15:20:33.080,-0.945,-0.453,0.367,-93.33052370060227,-37.08688047831389,35.186674723267615,1.0
2016-08-02 15:20:33.090,-0.973,-0.43,0.34,-99.54801679264938,-35.200335741210864,38.35513884941216,1.0
2016-08-02 15:20:33.100,-0.988,-0.395,0.316,-113.44653008529664,-37.02639889640466,41.96204200009692,1.0
2016-08-02 15:20:33.110,-0.996,-0.391,0.273,-130.40057357737413,-40.40835766656777,45.58250758741145,1.0
2016-08-02 15:20:33.120,-0.996,-0.395,0.25,-143.5278323468732,-43.467154688748664,48.4897551211376,1.0
2016-08-02 15:20:33.130,-0.965,-0.398,0.273,-152.19155898066504,-45.74549325316596,50.445806376542436,1.0
2016-08-02 15:20:33.140,-0.914,-0.41,0.309,-156.66147694686026,-45.09504365449553,52.12627479762489,1.0
2016-08-02 15:20:33.150,-0.867,-0.406,0.316,-155.81826432054652,-40.882496720529595,54.87278446677728,1.0
2016-08-02 15:20:33.160,-0.859,-0.398,0.305,-154.3963592295854,-37.51011126192496,58.190240439412975,1.0
2016-08-02 15:20:33.170,-0.848,-0.363,0.277,-159.08201028002176,-37.428348404096354,60.23045331785664,1.0
2016-08-02 15:20:33.180,-0.844,-0.328,0.246,-170.44884462739552,-39.241972457149956,60.71616992381132,1.0
2016-08-02 15:20:33.190,-0.836,-0.301,0.234,-184.25523570091184,-42.8064982760583,60.560773903038395,1.0
2016-08-02 15:20:33.200,-0.836,-0.316,0.234,-194.2914847161091,-46.95878596047292,60.10403735597673,1.0
2016-08-02 15:20:33.210,-0.813,-0.336,0.277,-194.928857465332,-48.92056842668596,58.72926211410528,1.0
2016-08-02 15:20:33.220,-0.746,-0.34,0.316,-186.6664808051857,-47.23444894891449,56.73508105286277,1.0
2016-08-02 15:20:33.230,-0.723,-0.355,0.305,-177.2314359554012,-42.84433883149202,55.91961514426543,1.0
2016-08-02 15:20:33.240,-0.754,-0.32,0.246,-174.21507107801187,-41.52856031609592,55.805242775824624,1.0
2016-08-02 15:20:33.250,-0.801,-0.285,0.191,-180.18210608362116,-46.954108559442325,53.775671269097046,1.0
2016-08-02 15:20:33.260,-0.824,-0.289,0.145,-191.40752999453082,-54.16786557676726,50.15855535781661,1.0
2016-08-02 15:20:33.270,-0.828,-0.305,0.129,-199.61397086532128,-59.180288830648436,46.99695971216958,1.0
2016-08-02 15:20:33.280,-0.816,-0.332,0.121,-200.13896005061753,-62.55805038314631,44.57376511262642,1.0
2016-08-02 15:20:33.290,-0.828,-0.375,0.152,-192.33388951238723,-63.87948793617786,43.1907612920691,1.0
2016-08-02 15:20:33.300,-0.797,-0.398,0.188,-177.977481182673,-61.9646675435999,43.25106357980974,1.0
2016-08-02 15:20:33.310,-0.77,-0.402,0.18,-165.6415340143021,-58.41024292918087,43.662477810860906,1.0
2016-08-02 15:20:33.320,-0.785,-0.371,0.152,-160.18512222853366,-58.880475288838554,43.94533204470467,1.0
2016-08-02 15:20:33.330,-0.805,-0.402,0.09,-156.93972075504587,-64.22577556370092,45.38907808522337,1.0
2016-08-02 15:20:33.340,-0.871,-0.461,0.031,-155.10411967561453,-69.47144849291293,47.41518242937045,1.0
2016-08-02 15:20:33.350,-0.941,-0.434,0.023,-154.91773806788112,-76.47912934421373,47.854679229741855,1.0
2016-08-02 15:20:33.360,-0.953,-0.441,0.055,-151.57190489168013,-85.96165554880488,47.80938526549167,1.0
2016-08-02 15:20:33.370,-0.922,-0.441,0.152,-143.52537219538306,-91.25617632944547,48.88438916813952,1.0
2016-08-02 15:20:33.380,-0.84,-0.461,0.25,-131.46099252721535,-91.81235511355185,49.895675967933414,1.0
2016-08-02 15:20:33.390,-0.762,-0.465,0.293,-116.81850599206396,-90.35408782136176,48.47122547630923,1.0
2016-08-02 15:20:33.400,-0.73,-0.41,0.289,-106.3872673975084,-89.2694217535609,43.53852951361128,1.0
2016-08-02 15:20:33.410,-0.723,-0.375,0.246,-105.05535170551688,-91.58858707199397,38.88046073417254,1.0
2016-08-02 15:20:33.420,-0.738,-0.359,0.168,-107.01593277340106,-94.4151995543468,37.48425920705943,1.0
2016-08-02 15:20:33.430,-0.773,-0.285,0.148,-107.35006758914352,-97.37058274796249,38.03076411242148,1.0
2016-08-02 15:20:33.440,-0.727,-0.273,0.164,-108.57166584630534,-100.33743750376732,39.95522814147637,1.0
2016-08-02 15:20:33.450,-0.652,-0.289,0.195,-106.08483406822145,-96.0105562407718,41.351983257450286,1.0
2016-08-02 15:20:33.460,-0.645,-0.336,0.234,-97.295046470235,-87.18715317546233,41.655514115397246,1.0
2016-08-02 15:20:33.470,-0.648,-0.395,0.242,-92.10326393498771,-79.88737423056088,44.12182533841237,1.0
2016-08-02 15:20:33.480,-0.676,-0.398,0.203,-91.98823066779154,-72.78942908383009,48.939341250221716,1.0
2016-08-02 15:20:33.490,-0.758,-0.406,0.184,-93.20337098611276,-72.53581058625544,55.45669018779559,1.0
2016-08-02 15:20:33.500,-0.781,-0.398,0.195,-95.85364922491124,-79.6072026291782,64.06537268550092,1.0
2016-08-02 15:20:33.510,-0.758,-0.426,0.277,-93.73637742897776,-82.20022699461873,72.35595815789648,1.0
2016-08-02 15:20:33.520,-0.688,-0.441,0.34,-86.81385513061485,-79.52121740938658,76.85382405667534,1.0
2016-08-02 15:20:33.530,-0.59,-0.398,0.359,-82.55251615904373,-73.78705374595029,75.14024192745089,1.0
2016-08-02 15:20:33.540,-0.574,-0.371,0.336,-81.06335220169291,-65.46971840016192,68.0437338769962,1.0
2016-08-02 15:20:33.550,-0.602,-0.383,0.316,-79.12299070435532,-60.319096021607336,60.72815285934851,1.0
2016-08-02 15:20:33.560,-0.598,-0.359,0.309,-71.93594515929564,-54.1787374128255,57.01210978184745,1.0
2016-08-02 15:20:33.570,-0.586,-0.34,0.305,-60.55386676332158,-41.80937195811215,54.39920901629494,1.0
2016-08-02 15:20:33.580,-0.574,-0.336,0.262,-53.58410914690601,-30.238172222428673,49.4414372924591,1.0
2016-08-02 15:20:33.590,-0.625,-0.309,0.188,-51.293746011005766,-22.67255385084633,44.24186458714362,1.0
2016-08-02 15:20:33.600,-0.695,-0.313,0.145,-50.494206117907645,-18.0858258463089,39.90672512469041,1.0
2016-08-02 15:20:33.610,-0.727,-0.387,0.16,-47.48414742572018,-14.35609023618646,33.052848314615865,1.0
2016-08-02 15:20:33.620,-0.746,-0.449,0.211,-36.531984109085435,-7.244903796409403,25.07779957185368,1.0
2016-08-02 15:20:33.630,-0.766,-0.438,0.258,-26.311609016641714,-1.140094081158771,18.919240385560126,1.0
2016-08-02 15:20:33.640,-0.762,-0.43,0.281,-24.55100474151528,0.1842343988745087,12.643756569806651,1.0
2016-08-02 15:20:33.650,-0.762,-0.438,0.297,-18.90784473928674,1.4986323502435592,6.886100555039564,1.0
2016-08-02 15:20:33.660,-0.777,-0.426,0.273,-5.391915392609022,3.508381987196103,3.132753506266275,1.0
2016-08-02 15:20:33.670,-0.828,-0.434,0.234,5.703210120794942,4.578658006526948,-0.7282523991584114,1.0
2016-08-02 15:20:33.680,-0.848,-0.414,0.219,13.103466516103428,5.580947919227187,-5.134415533643296,1.0
2016-08-02 15:20:33.690,-0.836,-0.355,0.211,18.174130215682233,6.274782227890358,-9.42300512972221,1.0
2016-08-02 15:20:33.700,-0.828,-0.316,0.254,21.21231066087188,6.849196157551656,-12.931576726706492,1.0
2016-08-02 15:20:33.710,-0.816,-0.34,0.305,29.2447749547027,8.882390751333093,-13.777370501090939,1.0
2016-08-02 15:20:33.720,-0.809,-0.363,0.313,42.194839906042745,11.486753270768373,-13.141674543524266,1.0
2016-08-02 15:20:33.730,-0.84,-0.34,0.305,49.67717824660431,11.044847657815556,-13.354488483421349,1.0
2016-08-02 15:20:33.740,-0.883,-0.348,0.309,51.19075050238827,8.362975084464589,-12.969230905832683,1.0
2016-08-02 15:20:33.750,-0.887,-0.355,0.32,55.90120443947882,7.687425361219631,-11.613119104704865,1.0
2016-08-02 15:20:33.760,-0.875,-0.344,0.336,61.94891730022124,7.84800337228513,-11.658061480970185,1.0
2016-08-02 15:20:33.770,-0.855,-0.336,0.355,62.15117927136402,6.630092005152918,-12.882606391844332,1.0
2016-08-02 15:20:33.780,-0.848,-0.348,0.367,61.555702723554305,5.843671608120113,-13.403982559802127,1.0
2016-08-02 15:20:33.790,-0.848,-0.367,0.363,64.03777301251998,6.16850499719618,-13.659833622033112,1.0
2016-08-02 15:20:33.800,-0.859,-0.402,0.344,65.24922522972905,7.306519725519793,-14.383377825738894,1.0
2016-08-02 15:20:33.810,-0.883,-0.391,0.336,64.47120389153513,8.3860191785238,-14.339933595778495,1.0
2016-08-02 15:20:33.820,-0.891,-0.383,0.328,62.09978908585029,8.032982048787467,-13.405582757730386,1.0
2016-08-02 15:20:33.830,-0.887,-0.391,0.336,59.854311526208406,7.995959168694231,-12.490704955834387,1.0
2016-08-02 15:20:33.840,-0.875,-0.398,0.348,60.28561263462751,9.004265181424431,-11.101266070113939,1.0
2016-08-02 15:20:33.850,-0.836,-0.391,0.359,59.41095012664012,9.927002209397674,-10.53561016571388,1.0
2016-08-02 15:20:33.860,-0.809,-0.395,0.359,55.921872583852235,11.60713532116199,-12.802932703850033,1.0
2016-08-02 15:20:33.870,-0.789,-0.41,0.355,54.44389280967557,14.33253050257445,-16.304344817164832,1.0
2016-08-02 15:20:33.880,-0.789,-0.402,0.32,54.91611209073006,17.622791477552248,-19.01809363878209,1.0
2016-08-02 15:20:33.890,-0.832,-0.398,0.293,53.86631268522071,19.34086617219099,-20.48059945447838,1.0
2016-08-02 15:20:33.900,-0.84,-0.383,0.281,50.70008583041056,18.461084064845846,-20.80440860832492,1.0
2016-08-02 15:20:33.910,-0.824,-0.367,0.293,48.826586899698945,19.564599885442373,-21.21953324887862,1.0
2016-08-02 15:20:33.920,-0.816,-0.375,0.313,50.85055748594665,23.149259036846836,-22.55089341828079,1.0
2016-08-02 15:20:33.930,-0.801,-0.363,0.316,53.67607658677467,25.484854918319574,-24.78931321923711,1.0
2016-08-02 15:20:33.940,-0.781,-0.363,0.316,54.9164523753074,27.33350237643424,-28.20885367064826,1.0
2016-08-02 15:20:33.950,-0.785,-0.363,0.305,55.284212223493846,27.884223671683973,-32.11604582120659,1.0
2016-08-02 15:20:33.960,-0.785,-0.34,0.297,54.17344490608158,26.215242595528064,-35.02342863915834,1.0
2016-08-02 15:20:33.970,-0.766,-0.336,0.301,54.61572489704028,26.303799297456596,-37.195388342255924,1.0
2016-08-02 15:20:33.980,-0.754,-0.348,0.313,59.78900163626942,27.684352964966607,-39.73998862307438,1.0
2016-08-02 15:20:33.990,-0.746,-0.332,0.316,64.47032173119844,27.43060772857548,-42.042450039905425,1.0
2016-08-02 15:20:34.000,-0.711,-0.309,0.32,67.04868163113062,29.716008144893397,-44.04346875883232,1.0
2016-08-02 15:20:34.010,-0.695,-0.332,0.301,74.27366615171175,36.63439774029692,-46.702277037229834,1.0
2016-08-02 15:20:34.020,-0.73,-0.328,0.266,83.62041493475922,40.85878703714523,-48.71746696190945,1.0
2016-08-02 15:20:34.030,-0.742,-0.289,0.23,85.30193454039777,39.77700253449346,-49.186071272846995,1.0
2016-08-02 15:20:34.040,-0.75,-0.281,0.23,82.69218190077027,39.06714538657421,-49.29722443653043,1.0
2016-08-02 15:20:34.050,-0.758,-0.301,0.266,84.57679486789489,38.76984495573473,-49.228861698112915,1.0
2016-08-02 15:20:34.060,-0.727,-0.293,0.316,88.05903826024122,38.02459705486083,-49.38542134304625,1.0
2016-08-02 15:20:34.070,-0.688,-0.309,0.355,90.06368086536901,40.80733480715445,-51.406551139775324,1.0
2016-08-02 15:20:34.080,-0.656,-0.336,0.383,95.20745424770791,46.07507367041507,-55.437050764041835,1.0
2016-08-02 15:20:34.090,-0.641,-0.375,0.375,104.17473218697576,51.681811881955426,-60.02433424076365,1.0
2016-08-02 15:20:34.100,-0.68,-0.387,0.301,112.83824856422328,57.1729463774292,-62.523059284047605,1.0
2016-08-02 15:20:34.110,-0.77,-0.344,0.211,117.1727323896082,57.25926086355557,-60.00418367830754,1.0
2016-08-02 15:20:34.120,-0.836,-0.301,0.137,113.8261757070475,50.22933891502753,-53.973495166761175,1.0
2016-08-02 15:20:34.130,-0.895,-0.309,0.121,106.65537508942556,41.329220798804755,-48.32099009247394,1.0
2016-08-02 15:20:34.140,-0.895,-0.328,0.203,103.03588461225786,34.71527213611464,-43.748010192421695,1.0
2016-08-02 15:20:34.150,-0.797,-0.34,0.316,103.28936547613927,34.05047230297842,-42.14019053402102,1.0
2016-08-02 15:20:34.160,-0.738,-0.379,0.395,106.56377691070118,38.37633386550683,-46.013954431373904,1.0
2016-08-02 15:20:34.170,-0.684,-0.422,0.457,114.55975840487127,43.72617854477411,-51.28414546107566,1.0
2016-08-02 15:20:34.180,-0.613,-0.406,0.43,125.47998970244018,52.90576638530798,-54.79328130193045,1.0
2016-08-02 15:20:34.190,-0.672,-0.367,0.293,131.74236818415454,61.22361381232969,-57.68299303753507,1.0
2016-08-02 15:20:34.200,-0.848,-0.297,0.164,124.88434026198901,56.54331548386036,-53.95661362811947,1.0
2016-08-02 15:20:34.210,-0.914,-0.215,0.141,107.76409707056425,45.15069850976445,-42.10273555431279,1.0
2016-08-02 15:20:34.220,-0.855,-0.211,0.203,93.96066941521175,40.74939933679225,-35.883065249167295,1.0
2016-08-02 15:20:34.230,-0.816,-0.281,0.313,90.7488659664676,41.68849471233082,-38.721565260732724,1.0
2016-08-02 15:20:34.240,-0.758,-0.355,0.434,94.26132584268167,44.18932065493034,-41.02924538757651,1.0
2016-08-02 15:20:34.250,-0.66,-0.359,0.488,100.32902446905491,51.22558429194092,-42.97880543527949,1.0
2016-08-02 15:20:34.260,-0.617,-0.348,0.445,108.00659577281647,60.349644231199704,-46.847594825897716,1.0
2016-08-02 15:20:34.270,-0.688,-0.363,0.301,113.69925223429479,65.14640939059521,-48.533051273966166,1.0
2016-08-02 15:20:34.280,-0.859,-0.348,0.156,110.98956487013376,61.87533420831961,-44.89069932343483,1.0
2016-08-02 15:20:34.290,-0.969,-0.238,0.121,95.48094655481829,49.90278937951674,-36.46978137396114,1.0
2016-08-02 15:20:34.300,-0.945,-0.223,0.176,74.71420087366468,37.80182328683158,-30.619675194476116,1.0
2016-08-02 15:20:34.310,-0.898,-0.336,0.293,68.90131483402618,34.17990110343068,-31.205703250045907,1.0
2016-08-02 15:20:34.320,-0.832,-0.434,0.402,82.65368546334366,36.23872272146545,-33.11124306422099,1.0
2016-08-02 15:20:34.330,-0.742,-0.426,0.434,97.380364759021,41.45801385715195,-36.326348778147306,1.0
2016-08-02 15:20:34.340,-0.715,-0.352,0.367,102.83120107387161,47.381795523447636,-40.304754267709946,1.0
2016-08-02 15:20:34.350,-0.801,-0.309,0.25,101.7604211313182,46.41722897268759,-39.8809470199053,1.0
2016-08-02 15:20:34.360,-0.902,-0.262,0.18,93.4006678702266,37.89212870697909,-37.568017868489534,1.0
2016-08-02 15:20:34.370,-0.934,-0.207,0.188,77.94236774306056,27.995449721141334,-36.879135630318856,1.0
2016-08-02 15:20:34.380,-0.898,-0.227,0.266,64.67359320793574,20.942469998185278,-37.064903205699395,1.0
2016-08-02 15:20:34.390,-0.84,-0.316,0.363,65.77270265245596,19.092368712799917,-38.939084073765194,1.0
2016-08-02 15:20:34.400,-0.766,-0.363,0.422,80.33957453186711,23.023917324033633,-41.95058449032433,1.0
2016-08-02 15:20:34.410,-0.715,-0.332,0.387,93.48780531320355,30.524621767467224,-43.93768436078901,1.0
2016-08-02 15:20:34.420,-0.77,-0.328,0.266,98.03905947265966,36.378086326014106,-43.24825515151241,1.0
2016-08-02 15:20:34.430,-0.898,-0.281,0.152,96.02722306581833,34.91675057567245,-39.06831198622048,1.0
2016-08-02 15:20:34.440,-0.98,-0.227,0.121,83.80073127879905,26.988626797010827,-34.57838732702993,1.0
2016-08-02 15:20:34.450,-1.0,-0.254,0.176,65.86674574440858,19.321140040157253,-32.922731301323644,1.0
2016-08-02 15:20:34.460,-0.969,-0.32,0.289,58.799194161298175,15.32888828558239,-32.11529101370155,1.0
2016-08-02 15:20:34.470,-0.887,-0.383,0.383,65.34863086441733,14.873182372680526,-31.66818504931235,1.0
2016-08-02 15:20:34.480,-0.813,-0.418,0.43,79.11055764842843,18.477409211545215,-33.61988159186899,1.0
2016-08-02 15:20:34.490,-0.762,-0.398,0.406,94.78240040898088,24.809174217180747,-35.13901480570052,1.0
2016-08-02 15:20:34.500,-0.781,-0.352,0.285,98.64706025325484,29.6538224648549,-34.10556139927018,1.0
2016-08-02 15:20:34.510,-0.938,-0.32,0.18,86.65231612470717,27.31939755289547,-31.50091733847318,1.0
2016-08-02 15:20:34.520,-1.008,-0.262,0.18,70.88974757040305,18.70689545990012,-26.54416725151329,1.0
2016-08-02 15:20:34.530,-0.961,-0.258,0.258,58.74239945421654,14.192251127252128,-23.091619532070137,1.0
2016-08-02 15:20:34.540,-0.949,-0.359,0.363,56.94517511572502,15.76615990972584,-23.098739829056562,1.0
2016-08-02 15:20:34.550,-0.898,-0.422,0.441,67.23770328771595,17.587013826064087,-22.12331686692729,1.0
2016-08-02 15:20:34.560,-0.832,-0.398,0.457,77.3461135500265,20.53873286502359,-22.53589268147119,1.0
2016-08-02 15:20:34.570,-0.816,-0.359,0.43,81.90946523784406,24.155917828105487,-24.434084964061046,1.0
2016-08-02 15:20:34.580,-0.828,-0.316,0.363,81.74413217889733,25.52564313024912,-22.861295186573813,1.0
2016-08-02 15:20:34.590,-0.898,-0.313,0.316,74.41859571602889,25.092582608570726,-21.43952280177513,1.0
2016-08-02 15:20:34.600,-0.945,-0.309,0.336,65.31747905993933,23.04011535272655,-21.61778590978889,1.0
2016-08-02 15:20:34.610,-0.938,-0.297,0.379,59.37033270865306,21.95990159451558,-19.868806084327844,1.0
2016-08-02 15:20:34.620,-0.934,-0.332,0.414,56.78279333271974,23.87515532776051,-17.262667877438496,1.0
2016-08-02 15:20:34.630,-0.93,-0.367,0.434,60.909565952573715,26.147090012300453,-14.39652796140436,1.0
2016-08-02 15:20:34.640,-0.898,-0.367,0.422,67.13691602794401,27.97678925912843,-11.843364646929283,1.0
2016-08-02 15:20:34.650,-0.883,-0.328,0.391,67.13014038327618,29.37819474883329,-11.1548863295132,1.0
2016-08-02 15:20:34.660,-0.902,-0.309,0.363,64.42176619246858,28.875277657844133,-10.574439928395217,1.0
2016-08-02 15:20:34.670,-0.906,-0.313,0.348,63.97422838483546,27.96105212985564,-10.37332847352721,1.0
2016-08-02 15:20:34.680,-0.949,-0.359,0.344,63.508611957801264,27.639885294954986,-12.898977670362832,1.0
2016-08-02 15:20:34.690,-1.008,-0.355,0.359,59.23110593605921,25.312041389485465,-15.255045630371239,1.0
2016-08-02 15:20:34.700,-1.039,-0.348,0.398,50.87853333141027,21.38635758507239,-14.89635436590225,1.0
2016-08-02 15:20:34.710,-1.047,-0.395,0.445,48.61507757493119,19.231133768036205,-14.574461186726655,1.0
2016-08-02 15:20:34.720,-1.02,-0.43,0.477,59.30046121463935,20.370489695460225,-14.943414251404985,1.0
2016-08-02 15:20:34.730,-0.996,-0.426,0.453,69.04352768699793,23.947384616668273,-15.172285263504232,1.0
2016-08-02 15:20:34.740,-1.047,-0.398,0.398,69.12793476406002,26.019769458413073,-15.349167215861572,1.0
2016-08-02 15:20:34.750,-1.078,-0.363,0.355,67.16301114820281,24.875033260197878,-14.591626508230306,1.0
2016-08-02 15:20:34.760,-1.113,-0.367,0.355,63.51464194407569,23.52086016653285,-15.517514924775226,1.0
2016-08-02 15:20:34.770,-1.145,-0.379,0.398,57.418464718085716,22.183526674970484,-19.112371957230014,1.0
2016-08-02 15:20:34.780,-1.145,-0.395,0.453,53.04128001385031,20.05353935643292,-21.868046245567314,1.0
2016-08-02 15:20:34.790,-1.137,-0.418,0.488,50.00823797216356,18.804235335750516,-24.734473213455008,1.0
2016-08-02 15:20:34.800,-1.117,-0.43,0.492,50.44058546728882,18.518810009931798,-28.50515824405866,1.0
2016-08-02 15:20:34.810,-1.102,-0.441,0.48,54.66893986883722,19.03838112022276,-31.371522372391,1.0
2016-08-02 15:20:34.820,-1.098,-0.449,0.438,55.8694516412211,20.076830897578446,-34.26269325206265,1.0
2016-08-02 15:20:34.830,-1.121,-0.453,0.406,53.520591509372714,19.294284968371898,-37.14961098655072,1.0
2016-08-02 15:20:34.840,-1.121,-0.461,0.402,51.41139099124039,17.48932971886898,-39.725132444102364,1.0
2016-08-02 15:20:34.850,-1.117,-0.496,0.398,49.604749637301055,17.383838412899088,-43.08732426756896,1.0
2016-08-02 15:20:34.860,-1.129,-0.52,0.406,48.0763727619652,16.604980210650297,-46.2502971042151,1.0
2016-08-02 15:20:34.870,-1.113,-0.531,0.426,45.509603293697474,13.803220546243525,-48.60484318484064,1.0
2016-08-02 15:20:34.880,-1.082,-0.535,0.422,40.994343720771006,12.45957887352613,-50.612839347102216,1.0
2016-08-02 15:20:34.890,-1.066,-0.543,0.426,37.562281630927764,12.040294717253172,-51.358365530306926,1.0
2016-08-02 15:20:34.900,-1.031,-0.555,0.43,35.564584273281746,10.954364535710566,-51.25395455044628,1.0
2016-08-02 15:20:34.910,-1.0,-0.563,0.418,31.93057253991568,10.73054388511721,-51.71864355126267,1.0
2016-08-02 15:20:34.920,-0.988,-0.543,0.414,25.853044660003448,9.410763976841984,-51.76782840042769,1.0
2016-08-02 15:20:34.930,-0.973,-0.539,0.414,19.35869362876796,6.006309712234307,-50.9571160591974,1.0
2016-08-02 15:20:34.940,-0.945,-0.563,0.422,16.56279953060518,3.3767558439968974,-50.891352504415224,1.0
2016-08-02 15:20:34.950,-0.918,-0.586,0.445,19.229238471907895,1.6965698475017916,-50.74242746700668,1.0
2016-08-02 15:20:34.960,-0.887,-0.594,0.449,22.183701099498652,0.697973497050095,-49.011717445125655,1.0
2016-08-02 15:20:34.970,-0.875,-0.59,0.445,19.80770830311772,0.2440557779556362,-46.61724722045672,1.0
2016-08-02 15:20:34.980,-0.875,-0.57,0.434,13.00987547905225,-1.125609969555955,-43.11436820876301,1.0
2016-08-02 15:20:34.990,-0.859,-0.566,0.422,5.817567304269895,-2.288967903422146,-38.163763365810404,1.0
2016-08-02 15:20:35.000,-0.855,-0.578,0.418,1.04087517916243,-2.301984215865189,-33.99745264881029,1.0
2016-08-02 15:20:35.010,-0.836,-0.582,0.418,-0.6117046993515468,-2.8226934759191,-31.084148909940748,1.0
2016-08-02 15:20:35.020,-0.828,-0.594,0.422,-0.5791800744673679,-4.312630608543115,-28.694802128897113,1.0
2016-08-02 15:20:35.030,-0.816,-0.605,0.43,-0.837772650616055,-5.88681233017301,-27.0943273659564,1.0
2016-08-02 15:20:35.040,-0.813,-0.598,0.434,-1.8805966297254502,-7.093943630439282,-25.390975136189518,1.0
2016-08-02 15:20:35.050,-0.813,-0.594,0.438,-2.8455070486160223,-7.555829459909455,-22.392744570661,1.0
2016-08-02 15:20:35.060,-0.809,-0.602,0.434,-4.113281150316094,-6.44858113371242,-18.36353255271965,1.0
2016-08-02 15:20:35.070,-0.82,-0.578,0.418,-7.040194082778825,-4.388854199855059,-14.064783381607485,1.0
2016-08-02 15:20:35.080,-0.824,-0.578,0.406,-10.701852195656139,-3.055214505703343,-9.802955833663127,1.0
2016-08-02 15:20:35.090,-0.816,-0.586,0.398,-13.40672085536447,-1.991235954200997,-6.139280412079814,1.0
2016-08-02 15:20:35.100,-0.82,-0.582,0.402,-15.228143987246284,-0.6628193813562006,-3.4465213152041474,1.0
2016-08-02 15:20:35.110,-0.824,-0.59,0.41,-16.199736532733365,0.3691535810513829,-0.9565428221922939,1.0
2016-08-02 15:20:35.120,-0.824,-0.602,0.418,-15.652941190675632,1.6816712790182597,1.096810526344947,1.0
2016-08-02 15:20:35.130,-0.82,-0.605,0.418,-14.150225229755398,3.7151463725109086,2.3074462235348374,1.0
2016-08-02 15:20:35.140,-0.824,-0.602,0.414,-13.42108829083062,5.777234289807177,3.6543302590577222,1.0
2016-08-02 15:20:35.150,-0.832,-0.594,0.41,-14.27003075519595,7.047185318703974,5.265501092551768,1.0
2016-08-02 15:20:35.160,-0.844,-0.602,0.402,-16.25028398584998,7.321718975136474,6.7293208694448525,1.0
2016-08-02 15:20:35.170,-0.863,-0.602,0.398,-18.156587724391997,6.873620647768147,7.867097649293006,1.0
2016-08-02 15:20:35.180,-0.871,-0.613,0.395,-18.18149344859563,6.286722412750193,8.389759223042354,1.0
2016-08-02 15:20:35.190,-0.879,-0.625,0.406,-16.233257075581534,6.659310968474793,8.412403450161225,1.0
2016-08-02 15:20:35.200,-0.879,-0.637,0.414,-14.959186062052542,7.926729499175773,8.240949720159486,1.0
2016-08-02 15:20:35.210,-0.902,-0.633,0.41,-16.21165221017086,8.569979647305061,8.175060693510122,1.0
2016-08-02 15:20:35.220,-0.902,-0.625,0.41,-18.845834475835325,8.362425061590539,7.992580049669112,1.0
2016-08-02 15:20:35.230,-0.91,-0.629,0.398,-20.769125927216017,8.28452145279637,7.284641011501991,1.0
2016-08-02 15:20:35.240,-0.93,-0.633,0.398,-21.157659037256813,7.994496170095042,6.673766144481382,1.0
2016-08-02 15:20:35.250,-0.934,-0.629,0.414,-21.042832660951312,7.155201897328366,6.377028784236726,1.0
2016-08-02 15:20:35.260,-0.93,-0.625,0.418,-21.830887959272065,6.77869393880406,5.726571649250182,1.0
2016-08-02 15:20:35.270,-0.93,-0.625,0.418,-22.926529084082983,6.939632190939988,4.9717494169768255,1.0
2016-08-02 15:20:35.280,-0.934,-0.621,0.406,-22.832232466933167,7.192392103156523,4.252219047818632,1.0
2016-08-02 15:20:35.290,-0.949,-0.625,0.387,-22.40321662071868,7.256744084114605,3.0854068166877253,1.0
2016-08-02 15:20:35.300,-0.961,-0.637,0.379,-24.018479986414604,6.212455265620466,1.3591321046584206,1.0
2016-08-02 15:20:35.310,-0.973,-0.633,0.367,-28.328653618446808,4.458546222583019,-0.6417570480888477,1.0
2016-08-02 15:20:35.320,-0.969,-0.629,0.379,-33.61629468994039,3.2834926512204055,-1.7208157454961523,1.0
2016-08-02 15:20:35.330,-0.965,-0.648,0.391,-36.21081701935976,2.92494990060614,-1.5917496185229112,1.0
2016-08-02 15:20:35.340,-0.961,-0.656,0.391,-35.266769628332725,3.4114159878363974,-0.8300892208919552,1.0
2016-08-02 15:20:35.350,-0.957,-0.629,0.375,-36.46700230911085,4.261541882777418,0.7872787332402129,1.0
2016-08-02 15:20:35.360,-0.961,-0.621,0.355,-41.10280568364573,4.3174064659953615,2.3216411773159167,1.0
2016-08-02 15:20:35.370,-0.965,-0.641,0.34,-43.52817818480869,3.3907861036984315,3.000613879775744,1.0
2016-08-02 15:20:35.380,-0.969,-0.641,0.336,-44.99610661669983,2.1573405760399993,3.1867924547845394,1.0
2016-08-02 15:20:35.390,-0.969,-0.641,0.348,-48.774760492670275,0.9652297887486982,3.0109105319024754,1.0
2016-08-02 15:20:35.400,-0.961,-0.633,0.355,-50.82046280407737,0.33345854573449174,3.612406497883464,1.0
2016-08-02 15:20:35.410,-0.949,-0.633,0.348,-50.128765374981874,0.43814408528193005,5.574316200881242,1.0
2016-08-02 15:20:35.420,-0.949,-0.641,0.344,-50.260553929508475,0.2886284731006088,7.495624821735312,1.0
2016-08-02 15:20:35.430,-0.953,-0.629,0.32,-51.53977250734503,-0.3899357764306795,8.438568358236175,1.0
2016-08-02 15:20:35.440,-0.977,-0.621,0.289,-53.82848493402068,-1.5063611326913189,8.990761613652694,1.0
2016-08-02 15:20:35.450,-0.996,-0.621,0.277,-57.265277152854,-3.7988219544964723,9.421093934492738,1.0
2016-08-02 15:20:35.460,-1.012,-0.621,0.289,-58.87554433582002,-7.276529888710526,8.900213161696357,1.0
2016-08-02 15:20:35.470,-1.004,-0.637,0.328,-56.03493868911847,-10.283797456614042,8.37606514320379,1.0
2016-08-02 15:20:35.480,-0.977,-0.641,0.348,-50.11393824102544,-10.8894842136195,9.495429854268263,1.0
2016-08-02 15:20:35.490,-0.953,-0.629,0.344,-44.461173087711664,-10.227233920497278,11.180821238464253,1.0
2016-08-02 15:20:35.500,-0.965,-0.621,0.316,-41.33382847849567,-10.521116232572007,12.879822131027439,1.0
2016-08-02 15:20:35.510,-0.969,-0.586,0.277,-41.445062886796435,-11.373621170964885,15.140782115276599,1.0
2016-08-02 15:20:35.520,-0.98,-0.559,0.242,-44.01123224792911,-12.87634438844151,17.245538443194196,1.0
2016-08-02 15:20:35.530,-0.969,-0.543,0.246,-46.15562357715882,-15.203759901272493,19.0139410805091,1.0
2016-08-02 15:20:35.540,-0.949,-0.531,0.254,-45.81784767435997,-17.382964685564723,20.261582893497703,1.0
2016-08-02 15:20:35.550,-0.926,-0.531,0.273,-42.94968588628515,-19.81423861606644,20.469164715108455,1.0
2016-08-02 15:20:35.560,-0.906,-0.559,0.293,-36.295535586726814,-21.707363837906115,20.20744665285859,1.0
2016-08-02 15:20:35.570,-0.887,-0.551,0.289,-27.189630680824003,-21.64514472958296,20.1860816720822,1.0
2016-08-02 15:20:35.580,-0.902,-0.52,0.27,-22.27800426068604,-21.615128622861096,20.84535121232407,1.0
2016-08-02 15:20:35.590,-0.93,-0.512,0.25,-23.21261627836447,-23.765981537121313,21.78052697983235,1.0
2016-08-02 15:20:35.600,-0.949,-0.484,0.234,-24.809017628025636,-27.288568148085165,22.1235899144072,1.0
2016-08-02 15:20:35.610,-0.938,-0.469,0.227,-26.099206772384342,-30.429434557623416,22.41077244816072,1.0
2016-08-02 15:20:35.620,-0.938,-0.461,0.23,-28.547705180745524,-33.058877381050465,23.305074578056743,1.0
2016-08-02 15:20:35.630,-0.93,-0.453,0.234,-31.02067125217166,-36.46712633895038,23.868804981233378,1.0
2016-08-02 15:20:35.640,-0.918,-0.449,0.23,-34.34489812427141,-40.04068811909081,23.408906206929505,1.0
2016-08-02 15:20:35.650,-0.91,-0.453,0.227,-38.80592912951954,-41.965612853115935,22.889703693289743,1.0
2016-08-02 15:20:35.660,-0.91,-0.469,0.238,-41.95991214097754,-42.51798423117438,22.80742282702204,1.0
2016-08-02 15:20:35.670,-0.922,-0.453,0.234,-44.461646652121445,-42.23049561894835,23.291273234255318,1.0
2016-08-02 15:20:35.680,-0.918,-0.445,0.227,-49.03942397068175,-40.94071911330302,25.125036189729737,1.0
2016-08-02 15:20:35.690,-0.926,-0.434,0.223,-55.5009365180469,-39.64073344133534,27.456493541620194,1.0
2016-08-02 15:20:35.700,-0.914,-0.422,0.215,-62.77268234124067,-38.902795406552556,29.565601399128816,1.0
2016-08-02 15:20:35.710,-0.914,-0.434,0.215,-71.34707090881787,-37.743888489573095,32.23849157370422,1.0
2016-08-02 15:20:35.720,-0.898,-0.438,0.219,-79.88999443996713,-35.601838270448326,34.8062011122106,1.0
2016-08-02 15:20:35.730,-0.883,-0.449,0.23,-86.60403535070124,-32.882223857279754,36.805652486193054,1.0
2016-08-02 15:20:35.740,-0.883,-0.453,0.23,-93.45311984891585,-30.33315220751623,38.903114211366805,1.0
2016-08-02 15:20:35.750,-0.875,-0.43,0.23,-102.62483150883553,-28.391505830072685,41.108852542363515,1.0
2016-08-02 15:20:35.760,-0.859,-0.414,0.223,-113.25252554683925,-26.910651507389126,43.639008612632935,1.0
2016-08-02 15:20:35.770,-0.859,-0.434,0.219,-122.26860984152167,-26.078013539709843,46.27384865084417,1.0
2016-08-02 15:20:35.780,-0.852,-0.449,0.211,-127.8307542086093,-25.90430495861313,48.16968449676473,1.0
2016-08-02 15:20:35.790,-0.852,-0.449,0.195,-132.87990739041763,-25.969642827373193,49.54870469177289,1.0
2016-08-02 15:20:35.800,-0.863,-0.461,0.188,-139.79271605124404,-26.604790682693128,50.875167148081474,1.0
2016-08-02 15:20:35.810,-0.855,-0.434,0.191,-146.3972196879371,-27.68878624675221,52.049490493457,1.0
2016-08-02 15:20:35.820,-0.824,-0.422,0.191,-151.50258690136457,-28.099595457849148,53.66833452701424,1.0
2016-08-02 15:20:35.830,-0.828,-0.449,0.188,-154.57509633514547,-28.38139912371981,55.839797192575475,1.0
2016-08-02 15:20:35.840,-0.816,-0.434,0.18,-155.49778635367412,-30.30417194614772,56.77176238207561,1.0
2016-08-02 15:20:35.850,-0.816,-0.422,0.16,-158.55026836621303,-32.997724526385724,56.75800302505567,1.0
2016-08-02 15:20:35.860,-0.844,-0.449,0.145,-163.54506961344305,-35.24140162087143,57.92883636276983,1.0
2016-08-02 15:20:35.870,-0.855,-0.434,0.156,-163.6497534925938,-38.27237293943223,58.718306161998356,1.0
2016-08-02 15:20:35.880,-0.816,-0.41,0.16,-158.94377289627002,-40.52906769758915,57.71930382477446,1.0
2016-08-02 15:20:35.890,-0.793,-0.438,0.18,-152.47069434022913,-39.86185327647275,56.924905539475155,1.0
2016-08-02 15:20:35.900,-0.781,-0.422,0.188,-142.53901432147208,-39.50163221633134,55.84849219174485,1.0
2016-08-02 15:20:35.910,-0.758,-0.395,0.16,-133.6158455294618,-41.03997979434091,53.58002432528775,1.0
2016-08-02 15:20:35.920,-0.785,-0.402,0.133,-132.1725150886365,-42.798608254523,51.69775697328816,1.0
2016-08-02 15:20:35.930,-0.816,-0.383,0.109,-133.71075112198997,-46.36860471365428,49.90926615381236,1.0
2016-08-02 15:20:35.940,-0.824,-0.352,0.102,-133.23968779545842,-51.38361794700401,48.365558396720985,1.0
2016-08-02 15:20:35.950,-0.82,-0.383,0.117,-129.3115198517884,-53.76949931039785,47.49912718168727,1.0
2016-08-02 15:20:35.960,-0.824,-0.414,0.133,-118.33358357064003,-53.94934883676556,45.988875029803715,1.0
2016-08-02 15:20:35.970,-0.828,-0.43,0.129,-105.84821059608558,-53.83922145693306,45.3741308123947,1.0
2016-08-02 15:20:35.980,-0.844,-0.422,0.121,-101.15465273178597,-53.371151563631635,46.6348740544509,1.0
2016-08-02 15:20:35.990,-0.867,-0.438,0.082,-98.65129085539795,-53.62476329072831,48.64058583113994,1.0
2016-08-02 15:20:36.000,-0.965,-0.488,0.051,-91.78584477914963,-55.6954884430652,52.04481961118676,1.0
2016-08-02 15:20:36.010,-1.02,-0.457,0.078,-85.97283416886503,-60.62570745580985,56.01575718870593,1.0
2016-08-02 15:20:36.020,-0.973,-0.422,0.105,-83.87922187505667,-64.79608552056538,59.73392013716348,1.0
2016-08-02 15:20:36.030,-0.938,-0.434,0.145,-80.19603882690774,-64.40020999444741,63.703103712212865,1.0
2016-08-02 15:20:36.040,-0.887,-0.418,0.188,-72.47342670555382,-64.70374721111565,66.10999795849406,1.0
2016-08-02 15:20:36.050,-0.805,-0.395,0.199,-65.20537344898395,-65.1771155148117,66.05621747279461,1.0
2016-08-02 15:20:36.060,-0.809,-0.379,0.18,-61.73655431373763,-63.16408999335593,65.36946053561019,1.0
2016-08-02 15:20:36.070,-0.84,-0.355,0.164,-59.682877542477314,-66.05850528740973,65.82145325603005,1.0
2016-08-02 15:20:36.080,-0.84,-0.313,0.152,-57.62421800164726,-71.83004075775062,68.23414873509012,1.0
2016-08-02 15:20:36.090,-0.813,-0.258,0.148,-57.642194864635044,-73.17546751389595,72.19015157417759,1.0
2016-08-02 15:20:36.100,-0.816,-0.25,0.117,-58.238019887995144,-73.91603322200064,76.55109777206424,1.0
2016-08-02 15:20:36.110,-0.898,-0.305,0.098,-55.62585887310263,-79.08141853104081,81.97768789676762,1.0
2016-08-02 15:20:36.120,-0.949,-0.313,0.121,-54.42614649900507,-90.21485050319632,90.83949670984046,1.0
2016-08-02 15:20:36.130,-0.844,-0.246,0.188,-60.59622356141054,-100.5779774470515,101.37468596097571,1.0
2016-08-02 15:20:36.140,-0.695,-0.262,0.262,-65.28949691260719,-99.59968968988093,108.35368755356637,1.0
2016-08-02 15:20:36.150,-0.617,-0.277,0.332,-58.510858635324496,-92.88832191722625,111.7087689038814,1.0
2016-08-02 15:20:36.160,-0.535,-0.223,0.355,-51.9677431398258,-88.8056076352789,114.72123593723757,1.0
2016-08-02 15:20:36.170,-0.484,-0.141,0.344,-59.60696012756046,-84.85390087949897,115.44586462887173,1.0
2016-08-02 15:20:36.180,-0.469,-0.098,0.313,-71.20446179313227,-81.06866988527914,110.47664967123242,1.0
2016-08-02 15:20:36.190,-0.477,-0.145,0.262,-72.0302629291609,-73.56416132543261,101.72246427696042,1.0
2016-08-02 15:20:36.200,-0.5,-0.188,0.219,-63.47912419440557,-56.96777819222987,91.00408046796622,1.0
2016-08-02 15:20:36.210,-0.52,-0.18,0.152,-53.11352913452728,-36.84498214463608,77.86786748270995,1.0
2016-08-02 15:20:36.220,-0.578,-0.152,0.07,-46.27020408650048,-18.904068337384526,64.12327275317021,1.0
2016-08-02 15:20:36.230,-0.664,-0.133,0.035,-47.40608139496418,-8.420400473938585,51.85912702993286,1.0
2016-08-02 15:20:36.240,-0.727,-0.141,0.051,-57.13313664088611,-6.5870338513241915,41.19929495468799,1.0
2016-08-02 15:20:36.250,-0.754,-0.16,0.113,-69.08966281655495,-5.276439238456361,31.670281865494317,1.0
2016-08-02 15:20:36.260,-0.816,-0.258,0.168,-75.91719538874706,-3.2254426281591613,23.61568289497168,1.0
2016-08-02 15:20:36.270,-0.867,-0.359,0.219,-74.93210546824483,-3.988827628102457,17.939772848431655,1.0
2016-08-02 15:20:36.280,-0.887,-0.367,0.262,-69.87712897755227,-5.5252550369543645,13.592455661264808,1.0
2016-08-02 15:20:36.290,-0.906,-0.344,0.242,-65.20484089593954,-7.283224727276415,8.988988544444492,1.0
2016-08-02 15:20:36.300,-0.938,-0.348,0.227,-57.0272331337424,-10.014429233568196,4.770148740081221,1.0
2016-08-02 15:20:36.310,-0.922,-0.32,0.219,-43.01868311212,-10.79961979307449,1.281493396241734,1.0
2016-08-02 15:20:36.320,-0.879,-0.25,0.219,-29.701920751496544,-8.425508018058393,-2.5777013345710014,1.0
2016-08-02 15:20:36.330,-0.879,-0.211,0.203,-20.60659634713163,-5.509590459230807,-5.7429189832835466,1.0
2016-08-02 15:20:36.340,-0.891,-0.172,0.203,-14.588312975691384,-3.78758901071703,-6.210127048113498,1.0
2016-08-02 15:20:36.350,-0.863,-0.113,0.203,-12.145375599097182,-2.274686794708115,-6.313323845716997,1.0
2016-08-02 15:20:36.360,-0.867,-0.078,0.207,-11.966795900068583,-0.3045465828523946,-8.233037097421807,1.0
2016-08-02 15:20:36.370,-0.906,-0.098,0.23,-9.104386647141297,0.18801019684111472,-9.174666248373343,1.0
2016-08-02 15:20:36.380,-0.91,-0.105,0.281,-2.4920138713461126,-1.105021899052225,-9.0278079902188,1.0
2016-08-02 15:20:36.390,-0.891,-0.117,0.34,4.54851237116776,-2.234839821588526,-10.683198028078253,1.0
2016-08-02 15:20:36.400,-0.895,-0.145,0.387,13.192063220886658,-2.7635786955064585,-12.425704947556408,1.0
2016-08-02 15:20:36.410,-0.902,-0.176,0.418,25.845225612520004,-2.307034112508666,-12.922572073063344,1.0
2016-08-02 15:20:36.420,-0.922,-0.203,0.414,37.26179603311149,-0.8464073918030179,-14.239048927961424,1.0
2016-08-02 15:20:36.430,-0.945,-0.184,0.387,41.56982029496406,-0.2705061609457349,-15.862749419002094,1.0
2016-08-02 15:20:36.440,-0.965,-0.168,0.355,40.1476387295549,-1.2017717921073432,-16.521615445757924,1.0
2016-08-02 15:20:36.450,-0.977,-0.184,0.336,37.13206640731377,-2.5274321987284054,-16.488759756350596,1.0
2016-08-02 15:20:36.460,-0.957,-0.199,0.32,35.78303199159807,-3.262072966323063,-15.552695691405358,1.0
2016-08-02 15:20:36.470,-0.941,-0.203,0.313,36.00691750550838,-3.0359185819123677,-14.201097895073888,1.0
2016-08-02 15:20:36.480,-0.934,-0.215,0.301,34.52429153172168,-2.917532128245713,-13.180080176660788,1.0
2016-08-02 15:20:36.490,-0.918,-0.219,0.301,32.138342352397046,-3.2880655073817797,-12.256767133776403,1.0
2016-08-02 15:20:36.500,-0.906,-0.219,0.316,31.551172400481022,-2.6081900340353537,-11.952978369727969,1.0
2016-08-02 15:20:36.510,-0.883,-0.234,0.336,31.494361339834988,0.00014187113673613805,-13.19681687717436,1.0
2016-08-02 15:20:36.520,-0.887,-0.25,0.328,31.18068799522203,3.460887148713356,-15.484424841595848,1.0
2016-08-02 15:20:36.530,-0.902,-0.254,0.313,30.12755175949195,5.408294026103149,-17.633406195085904,1.0
2016-08-02 15:20:36.540,-0.895,-0.246,0.301,26.454368224847826,5.159652637737339,-19.199740230511168,1.0
2016-08-02 15:20:36.550,-0.902,-0.23,0.305,21.249457884233394,4.250237447940961,-19.805525802845956,1.0
2016-08-02 15:20:36.560,-0.891,-0.242,0.313,18.01786343204165,3.9144087099521574,-19.154149317243597,1.0
2016-08-02 15:20:36.570,-0.871,-0.242,0.328,18.211081298658073,4.867896394652291,-18.58269786464242,1.0
2016-08-02 15:20:36.580,-0.848,-0.227,0.332,18.66184789750467,6.157915601056365,-19.461157220011536,1.0
2016-08-02 15:20:36.590,-0.824,-0.211,0.328,16.86223507630471,6.7955076842948205,-22.105727563719697,1.0
2016-08-02 15:20:36.600,-0.809,-0.227,0.324,16.492351203308758,8.822592443394772,-26.841067859207115,1.0
2016-08-02 15:20:36.610,-0.781,-0.246,0.309,20.161154553907814,13.323409368521094,-32.86259153741611,1.0
2016-08-02 15:20:36.620,-0.785,-0.258,0.273,23.928928417808798,16.895231993088597,-38.35830893937516,1.0
2016-08-02 15:20:36.630,-0.836,-0.23,0.242,21.70028371024017,14.969988601523525,-40.84951733800838,1.0
2016-08-02 15:20:36.640,-0.832,-0.207,0.242,14.795459868895234,10.514108997057892,-40.11397597121019,1.0
2016-08-02 15:20:36.650,-0.789,-0.234,0.277,13.988109836805673,11.657860674841128,-41.0050361911224,1.0
2016-08-02 15:20:36.660,-0.773,-0.285,0.305,20.75471223342101,16.693612665183394,-44.98684710943135,1.0
2016-08-02 15:20:36.670,-0.738,-0.277,0.309,25.868239641679626,20.356342061991345,-49.0262725208123,1.0
2016-08-02 15:20:36.680,-0.719,-0.293,0.277,30.598055285291046,24.45671757452746,-53.432663860662146,1.0
2016-08-02 15:20:36.690,-0.777,-0.301,0.23,37.73833410584713,26.300692872113874,-56.4927103730693,1.0
2016-08-02 15:20:36.700,-0.805,-0.266,0.195,39.7723371265287,22.975770721062336,-55.052070908625645,1.0
2016-08-02 15:20:36.710,-0.793,-0.246,0.176,37.262073324011254,20.60434899360954,-53.069986958143005,1.0
2016-08-02 15:20:36.720,-0.797,-0.254,0.188,38.23644246965324,19.58109656063464,-53.26056582392444,1.0
2016-08-02 15:20:36.730,-0.777,-0.238,0.215,41.27037582198373,17.46308793177779,-52.743647965329046,1.0
2016-08-02 15:20:36.740,-0.75,-0.246,0.258,44.35909666518924,18.1341984513558,-52.58355220792558,1.0
2016-08-02 15:20:36.750,-0.727,-0.27,0.297,50.82283679597822,19.937302874536663,-55.06595611281793,1.0
2016-08-02 15:20:36.760,-0.676,-0.258,0.324,58.48679486946942,21.219847226415126,-58.987230863915926,1.0
2016-08-02 15:20:36.770,-0.637,-0.254,0.328,63.94609423316176,25.483119795502965,-64.10164631846783,1.0
2016-08-02 15:20:36.780,-0.656,-0.27,0.293,68.84022314545655,29.44006103782268,-68.78878871310309,1.0
2016-08-02 15:20:36.790,-0.68,-0.25,0.258,73.16641253998571,29.97275614556761,-70.02879014450636,1.0
2016-08-02 15:20:36.800,-0.699,-0.223,0.227,74.70275736941949,29.50707791565181,-69.6475573030481,1.0
2016-08-02 15:20:36.810,-0.723,-0.234,0.215,74.22204876455912,27.888797373170455,-70.22359498006642,1.0
2016-08-02 15:20:36.820,-0.758,-0.25,0.246,74.33085826928871,24.9005470752503,-69.53669006227358,1.0
2016-08-02 15:20:36.830,-0.727,-0.258,0.313,76.89320858513393,23.672969902374287,-67.19715689694395,1.0
2016-08-02 15:20:36.840,-0.668,-0.301,0.352,85.43690031823203,28.046705210140722,-67.46302180750214,1.0
2016-08-02 15:20:36.850,-0.672,-0.367,0.34,100.70766789532522,36.72063868665673,-69.67991823744659,1.0
2016-08-02 15:20:36.860,-0.734,-0.367,0.277,112.40267163231974,41.75842937628631,-68.59149394894285,1.0
2016-08-02 15:20:36.870,-0.809,-0.344,0.199,111.20594177650374,39.618090380394484,-64.3116415041817,1.0
2016-08-02 15:20:36.880,-0.898,-0.285,0.164,102.38998957293849,32.97621892755886,-59.207061525026155,1.0
2016-08-02 15:20:36.890,-0.891,-0.266,0.219,95.1311280187663,25.939937825218863,-53.64242247109282,1.0
2016-08-02 15:20:36.900,-0.809,-0.289,0.313,95.30931656612407,26.09450400032784,-50.47339479029665,1.0
2016-08-02 15:20:36.910,-0.738,-0.332,0.398,105.15419627125786,33.702728223585,-50.80658948099987,1.0
2016-08-02 15:20:36.920,-0.684,-0.328,0.438,116.76807985636204,40.53376945643135,-51.4931960480448,1.0
2016-08-02 15:20:36.930,-0.633,-0.285,0.422,122.94926946987218,46.04622899371759,-52.95761278689638,1.0
2016-08-02 15:20:36.940,-0.641,-0.25,0.363,126.20580627688096,50.98338088693784,-56.72055670449862,1.0
2016-08-02 15:20:36.950,-0.715,-0.23,0.285,127.00285443405795,51.20393361597501,-59.209074471665886,1.0
2016-08-02 15:20:36.960,-0.785,-0.227,0.246,123.63503899440003,47.437293632304076,-58.07706929250999,1.0
2016-08-02 15:20:36.970,-0.809,-0.215,0.25,118.63040687763745,43.04802992551436,-56.460624734650274,1.0
2016-08-02 15:20:36.980,-0.805,-0.242,0.34,115.54367632785042,39.58763024882152,-56.05961484782443,1.0
2016-08-02 15:20:36.990,-0.742,-0.301,0.438,118.83129820624312,40.695302742412075,-55.54635035467199,1.0
2016-08-02 15:20:37.000,-0.695,-0.34,0.477,131.17958488510828,48.338232005292866,-55.51427451972999,1.0
2016-08-02 15:20:37.010,-0.703,-0.383,0.426,146.13305537176063,56.93727512294733,-56.150164706882755,1.0
2016-08-02 15:20:37.020,-0.773,-0.402,0.281,154.59243913930757,61.29865159713519,-56.26172769806874,1.0
2016-08-02 15:20:37.030,-0.953,-0.348,0.141,153.1844133261962,57.61318204506735,-54.472721600209994,1.0
2016-08-02 15:20:37.040,-1.059,-0.309,0.133,140.95892952678548,43.608854754019056,-48.96724978160632,1.0
2016-08-02 15:20:37.050,-1.039,-0.297,0.176,124.1727922109233,30.182996331725164,-44.15942045349108,1.0
2016-08-02 15:20:37.060,-1.016,-0.344,0.305,116.77871638584246,25.886476851232093,-43.4698946878779,1.0
2016-08-02 15:20:37.070,-0.914,-0.402,0.445,123.6582006670698,27.39037071960295,-41.55381761097276,1.0
2016-08-02 15:20:37.080,-0.785,-0.395,0.508,137.21610857908115,35.76020930532055,-40.74403753384789,1.0
2016-08-02 15:20:37.090,-0.746,-0.348,0.461,147.99997663714197,46.73079240566486,-45.6981563841722,1.0
2016-08-02 15:20:37.100,-0.836,-0.285,0.328,149.79855172609808,50.59895189797948,-48.95878724880599,1.0
2016-08-02 15:20:37.110,-1.0,-0.262,0.211,141.47376622480328,47.79382136108541,-45.95766613698118,1.0
2016-08-02 15:20:37.120,-1.078,-0.211,0.207,126.09298405651631,40.82528787550353,-40.05480605751689,1.0
2016-08-02 15:20:37.130,-1.043,-0.164,0.289,108.12157072317714,33.911029006690754,-35.36105069835057,1.0
2016-08-02 15:20:37.140,-1.004,-0.246,0.453,96.73814392103021,33.52512318701882,-34.169807344273,1.0
2016-08-02 15:20:37.150,-0.906,-0.34,0.57,101.68300235053567,40.21987361348512,-33.971033557790626,1.0
2016-08-02 15:20:37.160,-0.828,-0.379,0.574,115.71030328618463,51.71256282965679,-34.760788818791355,1.0
2016-08-02 15:20:37.170,-0.879,-0.363,0.461,121.69140510323214,61.27358110037281,-37.60011101310013,1.0
2016-08-02 15:20:37.180,-0.992,-0.305,0.324,114.46125934224436,61.063620845566746,-37.27979506356895,1.0
2016-08-02 15:20:37.190,-1.098,-0.281,0.262,98.18829404861506,52.8865106538953,-33.87757697870814,1.0
2016-08-02 15:20:37.200,-1.121,-0.293,0.285,80.35227178767931,43.71229025759031,-32.61257653672514,1.0
2016-08-02 15:20:37.210,-1.105,-0.336,0.371,69.1966532941938,38.38850614884269,-31.7504655123119,1.0
2016-08-02 15:20:37.220,-1.043,-0.391,0.457,66.19365226477785,38.40740779211364,-29.414322079626356,1.0
2016-08-02 15:20:37.230,-0.98,-0.43,0.484,68.39272642975374,42.20078029882948,-28.65015920836294,1.0
2016-08-02 15:20:37.240,-0.973,-0.422,0.445,71.29674941768783,46.67529368217426,-28.704683429145923,1.0
2016-08-02 15:20:37.250,-0.977,-0.348,0.375,67.9672150348772,49.410507702818464,-26.90807553727657,1.0
2016-08-02 15:20:37.260,-1.039,-0.324,0.297,57.51012272984392,47.95693373481956,-25.534934466172256,1.0
2016-08-02 15:20:37.270,-1.102,-0.363,0.297,46.128507386725445,40.982486831315136,-25.291325603714004,1.0
2016-08-02 15:20:37.280,-1.09,-0.352,0.328,34.321208770557455,33.46447444140726,-24.543007674085526,1.0
2016-08-02 15:20:37.290,-1.074,-0.344,0.383,20.355058409571704,29.011252321567156,-24.37672187168685,1.0
2016-08-02 15:20:37.300,-1.051,-0.395,0.449,12.540236938276895,25.97026326355201,-23.51210000828885,1.0
2016-08-02 15:20:37.310,-0.988,-0.43,0.473,15.880752004842599,26.37843096231416,-21.109305009466286,1.0
2016-08-02 15:20:37.320,-0.953,-0.43,0.441,21.040178694381964,29.774663514399535,-20.39096983078406,1.0
2016-08-02 15:20:37.330,-0.965,-0.391,0.395,21.426971147463483,30.557387062880046,-19.90536831544855,1.0
2016-08-02 15:20:37.340,-0.953,-0.336,0.344,18.006248812969627,29.350058817823033,-17.031474372550615,1.0
2016-08-02 15:20:37.350,-0.98,-0.344,0.309,11.675591790128502,28.28557725065627,-15.31558028003981,1.0
2016-08-02 15:20:37.360,-1.008,-0.387,0.305,6.858957372545955,25.396169421885308,-15.763306919892077,1.0
2016-08-02 15:20:37.370,-1.02,-0.391,0.301,4.239897237837615,21.69719541370808,-15.517880113686154,1.0
2016-08-02 15:20:37.380,-1.027,-0.398,0.316,-1.1372906455097316,18.048967028330647,-15.222456488355578,1.0
2016-08-02 15:20:37.390,-1.035,-0.441,0.359,-3.4304251130835195,13.31874543290086,-15.54350724496858,1.0
2016-08-02 15:20:37.400,-0.996,-0.484,0.391,4.093326896154974,10.871832806082761,-15.685854769550371,1.0
2016-08-02 15:20:37.410,-0.988,-0.504,0.379,14.111359428651223,11.871029198444022,-16.223174404554747,1.0
2016-08-02 15:20:37.420,-1.012,-0.508,0.336,21.652634814463518,11.689193362574626,-15.753985870992855,1.0
2016-08-02 15:20:37.430,-1.023,-0.484,0.277,27.214296104434666,10.010165722069045,-13.274535529256724,1.0
2016-08-02 15:20:37.440,-1.047,-0.461,0.223,26.90107387259363,8.563729787388748,-11.881134110005146,1.0
2016-08-02 15:20:37.450,-1.078,-0.492,0.227,22.925410211113046,5.64302348783433,-12.190607255638117,1.0
2016-08-02 15:20:37.460,-1.07,-0.52,0.25,21.475188194585677,2.1100202488106357,-12.63443041885594,1.0
2016-08-02 15:20:37.470,-1.074,-0.531,0.281,20.365549939942664,-0.7142767931706083,-13.751369671457153,1.0
2016-08-02 15:20:37.480,-1.074,-0.551,0.336,20.915200045651183,-4.216265806669547,-14.19469838932856,1.0
2016-08-02 15:20:37.490,-1.027,-0.563,0.383,28.406818441300537,-6.241375139682576,-13.348032974484319,1.0
2016-08-02 15:20:37.500,-1.0,-0.559,0.387,36.4581585113219,-4.790069092671496,-13.520442296940029,1.0
2016-08-02 15:20:37.510,-0.988,-0.52,0.371,37.96309339007752,-3.599767113646452,-13.55917412866873,1.0
2016-08-02 15:20:37.520,-0.984,-0.48,0.328,35.57709411042592,-4.610049454610756,-11.856110639025188,1.0
2016-08-02 15:20:37.530,-0.988,-0.465,0.305,31.42052360447719,-6.250461135789441,-10.595914866597028,1.0
2016-08-02 15:20:37.540,-0.969,-0.449,0.328,26.72231706223284,-8.384728983198096,-10.395333643707716,1.0
2016-08-02 15:20:37.550,-0.934,-0.453,0.371,25.297951829114876,-9.770114017943543,-10.28218512763677,1.0
2016-08-02 15:20:37.560,-0.898,-0.492,0.41,28.79745475093155,-8.791224770596369,-10.783553259760948,1.0
2016-08-02 15:20:37.570,-0.883,-0.504,0.422,35.51111506016709,-6.948547479869953,-11.27507858394021,1.0
2016-08-02 15:20:37.580,-0.875,-0.492,0.406,40.78245377598904,-5.533679584468697,-10.303546802276866,1.0
2016-08-02 15:20:37.590,-0.879,-0.473,0.363,39.920015740396074,-4.91067023733505,-8.412896213139943,1.0
2016-08-02 15:20:37.600,-0.895,-0.449,0.324,34.61193345907636,-6.105951411736245,-6.25978964707086,1.0
2016-08-02 15:20:37.610,-0.891,-0.449,0.313,30.09005041339092,-7.8329431316378155,-3.7111605714495024,1.0
2016-08-02 15:20:37.620,-0.879,-0.457,0.324,28.61413499010378,-8.05694180948489,-1.9019017064694692,1.0
2016-08-02 15:20:37.630,-0.863,-0.457,0.344,29.486455384894786,-7.929215510603152,-1.3646583019767577,1.0
2016-08-02 15:20:37.640,-0.855,-0.473,0.367,30.375231465820107,-7.992256744513897,-0.8382963354923079,1.0
2016-08-02 15:20:37.650,-0.863,-0.484,0.363,30.624046930874478,-7.547130512741198,-0.09245952008016281,1.0
2016-08-02 15:20:37.660,-0.871,-0.477,0.363,31.46225144538737,-7.63900660615171,1.0119110594631406,1.0
2016-08-02 15:20:37.670,-0.875,-0.461,0.355,31.113398109500388,-7.873629489183184,3.0732697391273263,1.0
2016-08-02 15:20:37.680,-0.887,-0.453,0.34,28.268906411526682,-7.3130285035826095,5.153366604295011,1.0
2016-08-02 15:20:37.690,-0.91,-0.453,0.352,25.746180933453065,-7.480082336227279,6.566147098311629,1.0
2016-08-02 15:20:37.700,-0.91,-0.457,0.375,24.91883833924843,-8.450974448803924,7.049629509906919,1.0
2016-08-02 15:20:37.710,-0.906,-0.473,0.406,24.469631531046353,-9.034486900283584,5.861826262873565,1.0
2016-08-02 15:20:37.720,-0.91,-0.48,0.438,24.17273528862481,-9.699133407631068,4.082275373037342,1.0
2016-08-02 15:20:37.730,-0.906,-0.484,0.449,24.561054649355835,-10.201637142291414,3.1585282780492077,1.0
2016-08-02 15:20:37.740,-0.914,-0.477,0.441,24.35845313094998,-9.670500173895828,2.324336524298293,1.0
2016-08-02 15:20:37.750,-0.934,-0.453,0.434,21.602496119999653,-8.976070939243641,1.142501088669318,1.0
2016-08-02 15:20:37.760,-0.949,-0.457,0.434,17.366312996550015,-8.819508863952564,-0.027527584684384376,1.0
2016-08-02 15:20:37.770,-0.957,-0.453,0.453,14.171792272629082,-8.606872028113408,-2.22602084474462,1.0
2016-08-02 15:20:37.780,-0.961,-0.457,0.477,12.208944610022966,-8.189382644857696,-5.571011124984414,1.0
2016-08-02 15:20:37.790,-0.961,-0.473,0.492,11.15582471287918,-7.412724083233045,-8.590102792215188,1.0
2016-08-02 15:20:37.800,-0.957,-0.48,0.504,10.896798548725798,-6.0859945082094065,-11.388328590618851,1.0
2016-08-02 15:20:37.810,-0.945,-0.465,0.504,9.336118216300534,-4.655060443895202,-13.996001520288708,1.0
2016-08-02 15:20:37.820,-0.945,-0.453,0.484,5.078192603253167,-2.98467698137501,-15.170737711776432,1.0
2016-08-02 15:20:37.830,-0.953,-0.445,0.473,0.1604534604424811,-1.192528927266318,-15.289281770538405,1.0
2016-08-02 15:20:37.840,-0.941,-0.449,0.473,-3.4254417958501513,0.19547334198947208,-15.47339796029922,1.0
2016-08-02 15:20:37.850,-0.934,-0.457,0.48,-5.930915129731512,1.7876019338542561,-15.929482051270073,1.0
2016-08-02 15:20:37.860,-0.926,-0.473,0.492,-7.625494741439088,3.7832442116530456,-16.663730919451375,1.0
2016-08-02 15:20:37.870,-0.902,-0.465,0.5,-9.322265773630996,5.62604078372987,-17.30171561703039,1.0
2016-08-02 15:20:37.880,-0.887,-0.457,0.488,-12.220957711258926,7.361392403495264,-17.431205248891352,1.0
2016-08-02 15:20:37.890,-0.887,-0.457,0.48,-14.544978368804388,8.913232374661684,-16.91453259164416,1.0
2016-08-02 15:20:37.900,-0.879,-0.469,0.461,-14.971020378103269,10.042685070003447,-15.901384648840082,1.0
2016-08-02 15:20:37.910,-0.887,-0.465,0.453,-15.603401130903155,10.704396255011542,-15.148865980871081,1.0
2016-08-02 15:20:37.920,-0.887,-0.461,0.449,-16.805015273176657,10.75296415512403,-15.005734697791173,1.0
2016-08-02 15:20:37.930,-0.879,-0.473,0.457,-16.6864101142802,10.696949597957525,-15.594309051950798,1.0
2016-08-02 15:20:37.940,-0.875,-0.492,0.457,-15.185990826017656,11.425817837139434,-16.941683832479484,1.0
2016-08-02 15:20:37.950,-0.879,-0.484,0.449,-13.936650076722652,12.615285282278325,-17.866204638361147,1.0
2016-08-02 15:20:37.960,-0.879,-0.48,0.441,-13.138930688692932,13.438343180263919,-18.035535017848243,1.0
2016-08-02 15:20:37.970,-0.891,-0.496,0.434,-11.274783841239717,14.095561354796187,-18.649589836904482,1.0
2016-08-02 15:20:37.980,-0.91,-0.508,0.434,-9.803720457239129,14.323574876280144,-19.994982390114938,1.0
2016-08-02 15:20:37.990,-0.926,-0.516,0.434,-11.74592165364827,13.259786578916657,-21.669993224084298,1.0
2016-08-02 15:20:38.000,-0.953,-0.523,0.438,-15.301598345894003,11.804183581324812,-23.4007645226453,1.0
2016-08-02 15:20:38.010,-0.957,-0.535,0.453,-17.71016002651491,11.352999551470326,-24.857321103485127,1.0
2016-08-02 15:20:38.020,-0.953,-0.563,0.457,-18.93507553012024,12.51673565372988,-26.037734023917686,1.0
2016-08-02 15:20:38.030,-0.965,-0.574,0.445,-18.977570933869753,14.774101560412667,-27.22664263079256,1.0
2016-08-02 15:20:38.040,-0.977,-0.582,0.426,-21.088117526492077,15.772681293224895,-28.076168986804138,1.0
2016-08-02 15:20:38.050,-0.988,-0.586,0.414,-28.406979126859543,14.846832486247761,-28.055972647770076,1.0
2016-08-02 15:20:38.060,-0.996,-0.598,0.41,-36.716593598526615,13.15562819419755,-27.43080959865038,1.0
2016-08-02 15:20:38.070,-0.988,-0.625,0.418,-42.94139658609778,11.108921440650096,-26.272043362146142,1.0
2016-08-02 15:20:38.080,-0.992,-0.645,0.43,-47.95794619466925,9.422812350887463,-24.850341703612713,1.0
2016-08-02 15:20:38.090,-0.992,-0.656,0.445,-50.26680673081472,7.636984538934856,-23.704850507568942,1.0
2016-08-02 15:20:38.100,-0.973,-0.684,0.461,-50.579145394435166,5.980014869181991,-22.294901480592884,1.0
2016-08-02 15:20:38.110,-0.953,-0.68,0.449,-52.74489702020148,6.285588805385602,-20.325879759140292,1.0
2016-08-02 15:20:38.120,-0.969,-0.672,0.438,-57.76598859390445,6.156083375587633,-18.24809634185081,1.0
2016-08-02 15:20:38.130,-0.961,-0.648,0.418,-64.27327408673662,4.3700868867900065,-15.766109373064037,1.0
2016-08-02 15:20:38.140,-0.953,-0.633,0.391,-71.80802347428946,4.242037134297468,-12.112872757570905,1.0
2016-08-02 15:20:38.150,-0.961,-0.621,0.375,-80.61278534570097,4.1384727883441235,-7.900885864764789,1.0
2016-08-02 15:20:38.160,-0.957,-0.609,0.371,-88.5201574987137,1.4227574128500249,-4.230509119883627,1.0
2016-08-02 15:20:38.170,-0.926,-0.617,0.395,-91.05031270153737,-0.8911292740379944,-1.1885930590892788,1.0
2016-08-02 15:20:38.180,-0.887,-0.617,0.414,-86.54029784667587,-0.9111024052909372,1.0868088902779056,1.0
2016-08-02 15:20:38.190,-0.844,-0.605,0.395,-81.20410513497066,0.5375990454101842,3.7719306290716883,1.0
2016-08-02 15:20:38.200,-0.859,-0.605,0.363,-81.74203096682947,1.0446629870576951,7.170721859415205,1.0
2016-08-02 15:20:38.210,-0.898,-0.59,0.324,-84.75395850917145,-2.9601363503116995,9.27807261758537,1.0
2016-08-02 15:20:38.220,-0.914,-0.598,0.309,-86.04859138643094,-9.163015346738156,11.10232811857157,1.0
2016-08-02 15:20:38.230,-0.922,-0.629,0.309,-85.61459227278137,-13.546967247867533,13.01105168271194,1.0
2016-08-02 15:20:38.240,-0.941,-0.656,0.301,-81.59820656013278,-18.516591103582403,13.618208612078227,1.0
2016-08-02 15:20:38.250,-0.938,-0.676,0.301,-75.7011195371762,-23.999282823054664,15.001910761798294,1.0
2016-08-02 15:20:38.260,-0.938,-0.66,0.297,-70.86545855312193,-27.21392860503081,17.748431414935016,1.0
2016-08-02 15:20:38.270,-0.938,-0.656,0.281,-66.71269188034977,-30.484337406428157,20.862750959424993,1.0
2016-08-02 15:20:38.280,-0.934,-0.648,0.238,-64.83079282584458,-34.50212848041163,24.645183996301306,1.0
2016-08-02 15:20:38.290,-0.965,-0.641,0.188,-66.02460269147198,-38.80533110269097,28.05581711045359,1.0
2016-08-02 15:20:38.300,-0.988,-0.625,0.16,-70.67872688281092,-45.853514415076205,31.353121377767994,1.0
2016-08-02 15:20:38.310,-1.0,-0.605,0.137,-79.1117216668744,-53.99623630763402,35.40487559020604,1.0
2016-08-02 15:20:38.320,-0.992,-0.598,0.141,-85.18232135468524,-59.68190083651314,39.26842455677499,1.0
2016-08-02 15:20:38.330,-0.961,-0.629,0.188,-83.00402093603955,-62.04067997309164,42.41389220731645,1.0
2016-08-02 15:20:38.340,-0.918,-0.625,0.219,-75.46860414750265,-61.126082200521864,44.33457236702864,1.0
2016-08-02 15:20:38.350,-0.902,-0.594,0.215,-70.37700623173374,-59.30550914143301,45.81678273723509,1.0
2016-08-02 15:20:38.360,-0.918,-0.547,0.184,-72.18809125334195,-59.01536384353564,48.09663393780007,1.0
2016-08-02 15:20:38.370,-0.926,-0.488,0.152,-79.01626095898118,-59.92180058446006,49.91094832283831,1.0
2016-08-02 15:20:38.380,-0.934,-0.434,0.129,-88.65758703660013,-61.19843927961094,50.98813613659388,1.0
2016-08-02 15:20:38.390,-0.945,-0.41,0.121,-99.53415264160508,-62.771236172609946,52.25346946722048,1.0
2016-08-02 15:20:38.400,-0.941,-0.383,0.137,-106.86825172498473,-64.0720709749267,53.134855001581194,1.0
2016-08-02 15:20:38.410,-0.895,-0.367,0.152,-108.24153029644937,-62.89918246706218,53.07393061482448,1.0
2016-08-02 15:20:38.420,-0.859,-0.367,0.164,-106.32575664869404,-58.72612081904266,51.75372625118011,1.0
2016-08-02 15:20:38.430,-0.844,-0.352,0.152,-103.72219498483358,-54.30917679470484,49.145235507206365,1.0
2016-08-02 15:20:38.440,-0.84,-0.324,0.121,-103.66819781931196,-51.42139339512598,46.56713206267543,1.0
2016-08-02 15:20:38.450,-0.871,-0.344,0.098,-108.75480486769263,-50.82511468339669,44.66952448437654,1.0
2016-08-02 15:20:38.460,-0.914,-0.352,0.082,-116.19504497453167,-53.01108350045745,43.090523787241146,1.0
2016-08-02 15:20:38.470,-0.922,-0.359,0.078,-123.15915994467707,-55.72201884539979,43.15149911857108,1.0
2016-08-02 15:20:38.480,-0.918,-0.391,0.09,-128.09237194248533,-56.22854380417944,44.555029547771376,1.0
2016-08-02 15:20:38.490,-0.914,-0.422,0.102,-127.54109529233752,-54.62609328418602,44.03991601143374,1.0
2016-08-02 15:20:38.500,-0.898,-0.43,0.09,-125.0992597138058,-52.24306660748501,42.20791209247929,1.0
2016-08-02 15:20:38.510,-0.898,-0.41,0.066,-129.03658710047776,-50.02990603767124,41.611425334509185,1.0
2016-08-02 15:20:38.520,-0.906,-0.395,0.051,-138.23147674506987,-49.7352657016755,41.41352666690374,1.0
2016-08-02 15:20:38.530,-0.895,-0.383,0.063,-147.37748185617272,-51.27177289743737,41.19296595158882,1.0
2016-08-02 15:20:38.540,-0.875,-0.402,0.094,-154.22628986661084,-51.21115841948275,41.53110428067697,1.0
2016-08-02 15:20:38.550,-0.859,-0.414,0.133,-156.803627891425,-49.33833139547935,41.25465680478949,1.0
2016-08-02 15:20:38.560,-0.844,-0.422,0.164,-156.0852908377417,-48.25611019245012,39.56390693360258,1.0
2016-08-02 15:20:38.570,-0.855,-0.441,0.18,-154.7860646705639,-48.0208234404938,37.02873340135334,1.0
2016-08-02 15:20:38.580,-0.863,-0.441,0.184,-153.19872545548571,-48.49734940408218,34.23113398525442,1.0
2016-08-02 15:20:38.590,-0.867,-0.414,0.18,-153.53323563592943,-49.80872712834599,32.44441605311496,1.0
2016-08-02 15:20:38.600,-0.883,-0.418,0.18,-157.0280087329117,-50.683082887150164,32.64497515449439,1.0
2016-08-02 15:20:38.610,-0.883,-0.41,0.184,-158.01577709602537,-50.601352071079425,33.518364562954446,1.0
2016-08-02 15:20:38.620,-0.859,-0.422,0.188,-154.75596281366012,-49.58159250329031,33.961403776835056,1.0
2016-08-02 15:20:38.630,-0.844,-0.438,0.164,-150.6267018802302,-47.704413941624516,34.392635621116845,1.0
2016-08-02 15:20:38.640,-0.844,-0.422,0.141,-144.0006553712015,-47.08486973183863,34.51058678575433,1.0
2016-08-02 15:20:38.650,-0.844,-0.395,0.125,-137.25685213515493,-49.32199812421614,33.84711970492202,1.0
2016-08-02 15:20:38.660,-0.832,-0.398,0.105,-135.08159023405403,-52.612285755054174,32.865359396280546,1.0
2016-08-02 15:20:38.670,-0.82,-0.391,0.105,-132.33525632615215,-55.69212870794183,31.71741927415291,1.0
2016-08-02 15:20:38.680,-0.801,-0.402,0.125,-125.6785856545925,-58.68323476257988,30.310877887590372,1.0
2016-08-02 15:20:38.690,-0.797,-0.434,0.121,-116.92954888498852,-60.07676327495703,28.828414621027573,1.0
2016-08-02 15:20:38.700,-0.801,-0.426,0.117,-105.75910580819209,-60.18049694392849,27.29464908993202,1.0
2016-08-02 15:20:38.710,-0.816,-0.43,0.098,-96.07230443232822,-61.91876954670819,25.94174612266885,1.0
2016-08-02 15:20:38.720,-0.836,-0.449,0.082,-90.17048655092546,-65.36516535875724,25.048706198411942,1.0
2016-08-02 15:20:38.730,-0.816,-0.402,0.105,-82.82432946390685,-67.8836190006721,24.830363136616405,1.0
2016-08-02 15:20:38.740,-0.789,-0.414,0.094,-74.87187296762619,-67.67573791036874,25.151503821667127,1.0
2016-08-02 15:20:38.750,-0.824,-0.445,0.082,-68.59114361801994,-66.98847889703875,25.22604644264531,1.0
2016-08-02 15:20:38.760,-0.816,-0.426,0.09,-59.57541578198099,-67.8421566310806,26.11707875780744,1.0
2016-08-02 15:20:38.770,-0.832,-0.469,0.074,-50.201075314102624,-66.93401060279272,28.87117290317799,1.0
2016-08-02 15:20:38.780,-0.887,-0.465,0.086,-44.73707428046004,-67.6031400053261,32.05648039483774,1.0
2016-08-02 15:20:38.790,-0.816,-0.414,0.129,-39.107336303757556,-71.21590152684676,35.91295829713898,1.0
2016-08-02 15:20:38.800,-0.766,-0.418,0.148,-32.81326917489632,-67.50117050330326,39.335538473497834,1.0
2016-08-02 15:20:38.810,-0.773,-0.434,0.156,-28.041880223328146,-62.95771735985794,39.677412278299684,1.0
2016-08-02 15:20:38.820,-0.742,-0.395,0.16,-21.76118188842648,-65.24731083613601,40.261915334416415,1.0
2016-08-02 15:20:38.830,-0.742,-0.375,0.141,-14.864373334252175,-63.05448891753325,42.570656592304104,1.0
2016-08-02 15:20:38.840,-0.801,-0.414,0.117,-11.04754270794885,-61.909329756775364,43.6564796347195,1.0
2016-08-02 15:20:38.850,-0.813,-0.375,0.16,-7.980591259068553,-69.35611747750099,45.82445333124401,1.0
2016-08-02 15:20:38.860,-0.77,-0.348,0.223,-5.582976552920409,-72.44954253335194,49.52075933975438,1.0
2016-08-02 15:20:38.870,-0.734,-0.383,0.289,-5.128650436656395,-70.86690934998086,50.334629306832625,1.0
2016-08-02 15:20:38.880,-0.68,-0.375,0.32,0.14854598109241124,-69.51720629825908,48.97435503344276,1.0
2016-08-02 15:20:38.890,-0.668,-0.363,0.309,9.36926026203227,-63.10072099671808,48.20069797265757,1.0
2016-08-02 15:20:38.900,-0.719,-0.375,0.273,10.263078970624537,-58.45179123896138,48.440945914023295,1.0
2016-08-02 15:20:38.910,-0.734,-0.313,0.227,3.617413658729106,-60.99493846462185,50.45432993266841,1.0
2016-08-02 15:20:38.920,-0.777,-0.32,0.23,-1.4526503218701914,-62.12486554328353,54.104369668520356,1.0
2016-08-02 15:20:38.930,-0.797,-0.367,0.254,-5.715605329483284,-62.267856197379416,57.883369000822555,1.0
2016-08-02 15:20:38.940,-0.77,-0.352,0.297,-11.389889689131351,-63.30478696211068,60.99104471913283,1.0
2016-08-02 15:20:38.950,-0.77,-0.363,0.352,-18.638036854101806,-61.81189378841603,63.75797628983604,1.0
2016-08-02 15:20:38.960,-0.73,-0.371,0.387,-26.109248552721184,-60.677869134193145,67.14083830817114,1.0
2016-08-02 15:20:38.970,-0.73,-0.352,0.41,-28.667228419256443,-58.97503706223971,71.75211760369005,1.0
2016-08-02 15:20:38.980,-0.723,-0.344,0.41,-28.709131408962122,-55.53666263383643,75.89881041937406,1.0
2016-08-02 15:20:38.990,-0.668,-0.316,0.406,-30.958704725235826,-51.5339137048984,75.99397731526703,1.0
2016-08-02 15:20:39.000,-0.637,-0.277,0.367,-32.422583689080724,-42.34010009935935,71.02200870315988,1.0
2016-08-02 15:20:39.010,-0.641,-0.273,0.324,-33.09047751649001,-31.269849435685508,62.90063314822082,1.0
2016-08-02 15:20:39.020,-0.645,-0.273,0.293,-34.729504944736554,-23.466625042331955,52.67122888896151,1.0
2016-08-02 15:20:39.030,-0.648,-0.277,0.285,-35.91992047378038,-14.593122969725634,41.18626932221092,1.0
2016-08-02 15:20:39.040,-0.668,-0.293,0.281,-37.37449791301555,-5.041714636515104,30.121324816300373,1.0
2016-08-02 15:20:39.050,-0.699,-0.309,0.277,-40.34176133200342,1.535862045317573,20.570298333095078,1.0
2016-08-02 15:20:39.060,-0.742,-0.344,0.281,-45.076800235824265,4.925328337297492,12.724326485512254,1.0
2016-08-02 15:20:39.070,-0.797,-0.375,0.281,-49.7863560710273,4.736282113384785,6.7680660928837115,1.0
2016-08-02 15:20:39.080,-0.852,-0.406,0.285,-49.5949161567843,2.74622465183981,3.0398524277658625,1.0
2016-08-02 15:20:39.090,-0.875,-0.422,0.313,-44.67976458046432,1.1454353532258545,-0.44533938025693076,1.0
2016-08-02 15:20:39.100,-0.871,-0.41,0.324,-39.595271053922424,0.14770115596168457,-5.711736953650634,1.0
2016-08-02 15:20:39.110,-0.879,-0.41,0.328,-33.46222326729316,0.129014275342572,-10.369782633695422,1.0
2016-08-02 15:20:39.120,-0.879,-0.371,0.328,-25.953189236284935,0.12243151836426727,-12.23350596579507,1.0
2016-08-02 15:20:39.130,-0.844,-0.301,0.309,-21.392731230982378,-0.11222693528141511,-13.021171159129645,1.0
2016-08-02 15:20:39.140,-0.836,-0.266,0.297,-18.478640580508646,1.1230090167332833,-13.927000053759619,1.0
2016-08-02 15:20:39.150,-0.844,-0.266,0.285,-13.343071500918585,3.387037372548007,-14.595770485701088,1.0
2016-08-02 15:20:39.160,-0.859,-0.277,0.281,-8.070808683764033,5.480682538605528,-15.766384270037435,1.0
2016-08-02 15:20:39.170,-0.871,-0.277,0.289,-3.7657549821601144,6.910746090789771,-17.030778845878253,1.0
2016-08-02 15:20:39.180,-0.875,-0.289,0.328,2.6982300564489132,6.350734996387665,-16.369638134576217,1.0
2016-08-02 15:20:39.190,-0.875,-0.297,0.348,10.67002702754672,4.521864661270896,-13.68092600054541,1.0
2016-08-02 15:20:39.200,-0.906,-0.32,0.371,16.970261131925305,2.750969313194755,-10.093882114742756,1.0
2016-08-02 15:20:39.210,-0.91,-0.344,0.379,22.041871569605426,0.16018688084226962,-7.4119997729045926,1.0
2016-08-02 15:20:39.220,-0.926,-0.352,0.375,25.960142876025223,-1.8627530497723455,-7.331688284526747,1.0
2016-08-02 15:20:39.230,-0.934,-0.363,0.367,28.169081620361727,-1.5785463645606403,-8.013672606057012,1.0
2016-08-02 15:20:39.240,-0.941,-0.355,0.348,30.835084499479578,-0.32379002435518167,-7.457683977605512,1.0
2016-08-02 15:20:39.250,-0.941,-0.355,0.332,33.88464156437699,0.6049600264329817,-6.796380029384625,1.0
2016-08-02 15:20:39.260,-0.922,-0.336,0.324,34.328140703366515,0.42002151185812836,-6.152264516235069,1.0
2016-08-02 15:20:39.270,-0.91,-0.336,0.328,32.01367560433111,-0.7675432285247724,-4.879539542059069,1.0
2016-08-02 15:20:39.280,-0.898,-0.367,0.348,30.83030442114,-1.3638477382342884,-3.9105264303796714,1.0
2016-08-02 15:20:39.290,-0.879,-0.375,0.367,33.05897536455566,-0.019984506809886893,-3.7031829923242574,1.0
2016-08-02 15:20:39.300,-0.883,-0.379,0.367,35.03043037280362,2.094112219543163,-3.980525187194533,1.0
2016-08-02 15:20:39.310,-0.895,-0.359,0.359,33.55610836939279,2.347717240711288,-4.42627818004176,1.0
2016-08-02 15:20:39.320,-0.898,-0.359,0.359,31.93010412384885,1.9082704845156937,-5.009221393684244,1.0
2016-08-02 15:20:39.330,-0.891,-0.379,0.367,33.92827474607161,3.535406174380152,-6.247485153652702,1.0
2016-08-02 15:20:39.340,-0.875,-0.367,0.371,36.891288222236895,6.232511855374385,-7.911351212557673,1.0
2016-08-02 15:20:39.350,-0.863,-0.355,0.367,36.57358543268056,8.015579980977241,-9.252370532854595,1.0
2016-08-02 15:20:39.360,-0.852,-0.34,0.375,34.2474808951309,8.41663584586876,-9.910203076980633,1.0
2016-08-02 15:20:39.370,-0.844,-0.332,0.375,32.51563673199379,8.250696412083,-9.762645076376167,1.0
2016-08-02 15:20:39.380,-0.832,-0.332,0.375,32.23038330381716,9.485563463822436,-9.101679492935542,1.0
2016-08-02 15:20:39.390,-0.828,-0.34,0.371,34.34069004031993,12.57169444183847,-9.08336319093966,1.0
2016-08-02 15:20:39.400,-0.805,-0.328,0.367,36.47468769477827,16.369833303029107,-11.623985901282754,1.0
2016-08-02 15:20:39.410,-0.766,-0.309,0.359,36.450647780950185,21.448962872507927,-17.15036915868771,1.0
2016-08-02 15:20:39.420,-0.746,-0.32,0.336,37.489320214218935,27.630841873083966,-23.411193008757806,1.0
2016-08-02 15:20:39.430,-0.75,-0.324,0.301,39.58602020420701,31.793234179860754,-27.79202205618027,1.0
2016-08-02 15:20:39.440,-0.797,-0.328,0.254,38.280299394410605,31.767268331247514,-28.832047872891504,1.0
2016-08-02 15:20:39.450,-0.848,-0.332,0.254,34.767913792265915,27.890914128754886,-26.7633560516308,1.0
2016-08-02 15:20:39.460,-0.813,-0.34,0.297,34.36594352121331,24.968282112676075,-24.522891624067242,1.0
2016-08-02 15:20:39.470,-0.766,-0.371,0.34,38.84092321305265,28.12975324639055,-25.52242413418992,1.0
2016-08-02 15:20:39.480,-0.734,-0.371,0.359,45.55781037503168,33.412359278259565,-29.027921923847412,1.0
2016-08-02 15:20:39.490,-0.699,-0.355,0.367,50.6247025681682,36.6630083640891,-32.51770512301915,1.0
2016-08-02 15:20:39.500,-0.676,-0.32,0.332,53.93297542583251,41.02680849244333,-36.691932832061426,1.0
2016-08-02 15:20:39.510,-0.723,-0.332,0.273,57.523500532618456,45.062821156213204,-41.10740176363575,1.0
2016-08-02 15:20:39.520,-0.836,-0.316,0.195,57.9448369075804,41.72080907332408,-41.73421904816774,1.0
2016-08-02 15:20:39.530,-0.887,-0.266,0.176,52.294558296118694,32.26454540260706,-37.922911612416364,1.0
2016-08-02 15:20:39.540,-0.852,-0.289,0.246,47.25864560242982,26.699420326944214,-34.633733942381866,1.0
2016-08-02 15:20:39.550,-0.777,-0.344,0.324,50.95368250832651,29.632682723422192,-35.447685162744605,1.0
2016-08-02 15:20:39.560,-0.723,-0.352,0.387,62.214057541716834,37.330353682054835,-37.995148149485836,1.0
2016-08-02 15:20:39.570,-0.707,-0.344,0.395,71.65073445611402,44.88669050562796,-39.361888872372,1.0
2016-08-02 15:20:39.580,-0.719,-0.313,0.352,74.07596888112813,49.40254885076208,-40.54628568979582,1.0
2016-08-02 15:20:39.590,-0.766,-0.293,0.289,73.28755714757177,50.690134012538024,-42.01780712788268,1.0
2016-08-02 15:20:39.600,-0.824,-0.289,0.238,70.40704332567284,48.10792821624873,-42.29885493653998,1.0
2016-08-02 15:20:39.610,-0.828,-0.258,0.246,64.44401910111453,43.134571887869875,-40.89947792648674,1.0
2016-08-02 15:20:39.620,-0.785,-0.285,0.305,60.516978989564095,42.36119406599005,-38.40541438348989,1.0
2016-08-02 15:20:39.630,-0.695,-0.336,0.371,63.49150388860219,48.382921231609004,-37.689655614200504,1.0
2016-08-02 15:20:39.640,-0.648,-0.355,0.379,71.62765426888974,58.437775632125096,-40.58397399734836,1.0
2016-08-02 15:20:39.650,-0.676,-0.332,0.352,77.50076930698523,67.10390267456015,-42.56986524724654,1.0
2016-08-02 15:20:39.660,-0.711,-0.297,0.305,76.07198172492221,69.11052747436634,-40.98590954615315,1.0
2016-08-02 15:20:39.670,-0.781,-0.301,0.242,71.5477747674525,66.85582692046798,-39.12196652785587,1.0
2016-08-02 15:20:39.680,-0.824,-0.328,0.211,68.63892991093931,63.898280767025554,-37.60879777920166,1.0
2016-08-02 15:20:39.690,-0.828,-0.344,0.215,67.08596706540443,60.9613902642339,-35.53191810308922,1.0
2016-08-02 15:20:39.700,-0.813,-0.363,0.262,65.9540702670741,60.266753760259775,-33.79617892287796,1.0
2016-08-02 15:20:39.710,-0.762,-0.367,0.297,65.76781123533723,62.72444876907122,-32.71717432584126,1.0
2016-08-02 15:20:39.720,-0.777,-0.363,0.281,68.24274219865788,66.64365787658511,-32.771391807456816,1.0
2016-08-02 15:20:39.730,-0.832,-0.367,0.277,70.63949990275016,66.52080036969454,-33.14536349158686,1.0
2016-08-02 15:20:39.740,-0.809,-0.336,0.285,68.8875897049303,61.820685981569326,-33.29513898502752,1.0
2016-08-02 15:20:39.750,-0.766,-0.305,0.27,65.90069832477485,60.3302253899337,-35.631003460254334,1.0
2016-08-02 15:20:39.760,-0.766,-0.328,0.27,65.22320852594908,61.5183854200632,-39.1004472614162,1.0
2016-08-02 15:20:39.770,-0.75,-0.336,0.246,67.73748053433184,62.66317170050695,-39.799961412772525,1.0
2016-08-02 15:20:39.780,-0.762,-0.328,0.184,72.4869169395627,66.01077176495977,-38.4784097000839,1.0
2016-08-02 15:20:39.790,-0.844,-0.316,0.145,73.95895631702773,65.58899726398293,-37.2817604221711,1.0
2016-08-02 15:20:39.800,-0.875,-0.293,0.148,69.85211970249443,59.10031965513324,-35.36868831521833,1.0
2016-08-02 15:20:39.810,-0.848,-0.297,0.18,65.12350791107743,55.4446744414116,-33.22442524477587,1.0
2016-08-02 15:20:39.820,-0.82,-0.344,0.238,65.14788886124465,56.09833467078091,-32.837226395189944,1.0
2016-08-02 15:20:39.830,-0.773,-0.371,0.246,72.14456717160861,58.674199099792546,-33.231278296675285,1.0
2016-08-02 15:20:39.840,-0.773,-0.387,0.18,81.68234219526116,64.44860905723012,-33.08052201309441,1.0
2016-08-02 15:20:39.850,-0.887,-0.395,0.082,85.51098877903603,66.76524685695327,-32.711691489436525,1.0
2016-08-02 15:20:39.860,-0.992,-0.348,0.035,81.54086049308503,58.46447763045626,-31.086116676751814,1.0
2016-08-02 15:20:39.870,-0.996,-0.328,0.051,73.33422384313873,46.623504346702816,-28.15127168662032,1.0
2016-08-02 15:20:39.880,-0.953,-0.371,0.109,67.30591020780827,40.20491123380367,-26.28275878341526,1.0
2016-08-02 15:20:39.890,-0.883,-0.43,0.176,71.86106113688938,38.42102947985178,-26.211882050705988,1.0
2016-08-02 15:20:39.900,-0.809,-0.43,0.195,85.85349128540787,39.70812107497351,-27.71390556673621,1.0
2016-08-02 15:20:39.910,-0.773,-0.379,0.168,97.470144993726,44.007472566510216,-29.70092168675172,1.0
2016-08-02 15:20:39.920,-0.813,-0.348,0.078,101.47107076593056,47.355655570251365,-29.547991116600727,1.0
2016-08-02 15:20:39.930,-0.941,-0.348,0.02,101.56926539570685,44.883772649753986,-27.825666062587878,1.0
2016-08-02 15:20:39.940,-1.0,-0.316,0.043,97.97261551155897,35.48911794552264,-26.925313693880398,1.0
2016-08-02 15:20:39.950,-0.938,-0.293,0.105,89.02305853693514,26.483477869951678,-26.374117830348702,1.0
2016-08-02 15:20:39.960,-0.898,-0.352,0.18,82.24939033907278,24.874458790528223,-25.048505947903884,1.0
2016-08-02 15:20:39.970,-0.863,-0.414,0.23,87.0256821776811,25.691970589237435,-23.96291590541847,1.0
2016-08-02 15:20:39.980,-0.793,-0.41,0.234,98.40614460305918,27.101032634095127,-24.28189028090945,1.0
2016-08-02 15:20:39.990,-0.777,-0.355,0.168,104.61132052945322,33.178062311569576,-24.18571726393394,1.0
2016-08-02 15:20:40.000,-0.852,-0.309,0.074,103.0273374522007,37.751808644072945,-21.783097977098453,1.0
2016-08-02 15:20:40.010,-0.953,-0.324,0.027,97.30362865176318,34.42768838588539,-19.572302658992367,1.0
2016-08-02 15:20:40.020,-1.004,-0.336,0.055,89.6302016467541,27.686240597222902,-20.09647590550734,1.0
2016-08-02 15:20:40.030,-0.996,-0.348,0.133,81.77526561920325,23.22652923534366,-21.53318069290883,1.0
2016-08-02 15:20:40.040,-0.969,-0.391,0.223,77.96328417636042,22.205517149742946,-21.69460645974103,1.0
2016-08-02 15:20:40.050,-0.926,-0.449,0.285,82.55667828226683,24.292313780975334,-20.934999781695836,1.0
2016-08-02 15:20:40.060,-0.879,-0.453,0.281,93.20214763884675,29.664755667033127,-20.44644793580452,1.0
2016-08-02 15:20:40.070,-0.891,-0.43,0.195,101.02503366404176,36.058937169650505,-20.515695040397567,1.0
2016-08-02 15:20:40.080,-1.0,-0.406,0.094,99.51656046155107,37.61311812612368,-20.511694082293417,1.0
2016-08-02 15:20:40.090,-1.09,-0.352,0.066,87.3411371004045,31.045691501960423,-20.85865976462463,1.0
2016-08-02 15:20:40.100,-1.09,-0.316,0.109,68.23212460560515,22.354754577599977,-22.272519332231397,1.0
2016-08-02 15:20:40.110,-1.074,-0.355,0.207,53.189319223071095,19.656998447692786,-22.985052208709213,1.0
2016-08-02 15:20:40.120,-1.027,-0.426,0.293,50.45078932696416,21.720278905571583,-21.996023572078837,1.0
2016-08-02 15:20:40.130,-0.98,-0.441,0.324,55.093690954303085,25.11884659386184,-21.27337460195976,1.0
2016-08-02 15:20:40.140,-0.957,-0.414,0.305,57.870148716429256,29.204754251813632,-20.661850645197816,1.0
2016-08-02 15:20:40.150,-0.969,-0.395,0.242,55.65792090773581,31.27510664343732,-18.56461145593704,1.0
2016-08-02 15:20:40.160,-1.023,-0.387,0.168,50.675453261286044,30.472266199284835,-16.860745329746926,1.0
2016-08-02 15:20:40.170,-1.063,-0.375,0.152,43.9731496287947,27.27413585081039,-17.536890652253156,1.0
2016-08-02 15:20:40.180,-1.051,-0.379,0.168,33.843389933000594,23.080316437172925,-18.853748608070738,1.0
2016-08-02 15:20:40.190,-1.047,-0.406,0.207,23.951452789315464,21.722594358010117,-18.67345724490148,1.0
2016-08-02 15:20:40.200,-1.031,-0.438,0.25,20.54797738899805,21.485319452662885,-17.667433857944825,1.0
2016-08-02 15:20:40.210,-0.992,-0.449,0.273,22.311139849709672,20.166498363379663,-17.274972707413202,1.0
2016-08-02 15:20:40.220,-0.965,-0.438,0.262,24.790995079747354,20.1386976816854,-17.228445296731724,1.0
2016-08-02 15:20:40.230,-0.953,-0.41,0.223,24.832137439691156,19.662428045459308,-16.8239286715671,1.0
2016-08-02 15:20:40.240,-0.965,-0.41,0.176,21.17754309048817,17.67352688849971,-16.306026951824588,1.0
2016-08-02 15:20:40.250,-1.0,-0.414,0.141,17.392645342407025,15.971122862506109,-16.44385627372847,1.0
2016-08-02 15:20:40.260,-1.012,-0.418,0.141,15.6694728365334,13.54743951619902,-17.30607469083408,1.0
2016-08-02 15:20:40.270,-1.008,-0.434,0.148,13.57366164933045,11.582055427498398,-17.907015627092612,1.0
2016-08-02 15:20:40.280,-1.02,-0.457,0.164,11.088973061479196,10.987012610493094,-18.088664781218828,1.0
2016-08-02 15:20:40.290,-1.012,-0.48,0.18,10.886828281364775,9.226866849829802,-18.844387112076564,1.0
2016-08-02 15:20:40.300,-1.004,-0.504,0.195,14.394033863688918,7.246850337607959,-20.22935131444528,1.0
2016-08-02 15:20:40.310,-0.988,-0.535,0.191,20.84555187247761,7.021586536621321,-21.394426290921565,1.0
2016-08-02 15:20:40.320,-0.996,-0.539,0.164,25.993360181883858,7.907735264138434,-21.990490714508624,1.0
2016-08-02 15:20:40.330,-1.023,-0.527,0.133,26.167601748074375,9.275133750670145,-21.966421817936407,1.0
2016-08-02 15:20:40.340,-1.051,-0.527,0.105,23.986923566438392,9.753837575722262,-21.784287789379302,1.0
2016-08-02 15:20:40.350,-1.07,-0.527,0.098,22.825579479070452,8.896528000554367,-21.925221285153143,1.0
2016-08-02 15:20:40.360,-1.07,-0.539,0.105,22.314873191108124,7.876907090105106,-21.919282668323184,1.0
2016-08-02 15:20:40.370,-1.063,-0.57,0.148,23.825894349882837,5.612915741542496,-22.931535452706868,1.0
2016-08-02 15:20:40.380,-1.02,-0.598,0.219,29.50670042449169,2.762175933379469,-26.23718850445937,1.0
2016-08-02 15:20:40.390,-0.969,-0.613,0.254,37.19908452983952,3.5083594823395474,-29.160430270945298,1.0
2016-08-02 15:20:40.400,-0.973,-0.621,0.238,44.04164278997169,6.374117406663646,-30.11718892427116,1.0
2016-08-02 15:20:40.410,-0.988,-0.605,0.199,49.68095941225651,6.761833231542544,-30.654153005967316,1.0
2016-08-02 15:20:40.420,-0.996,-0.578,0.156,53.48848608180307,6.135356103725969,-30.20047127351674,1.0
2016-08-02 15:20:40.430,-1.012,-0.578,0.133,54.48550394289545,5.599807158000946,-28.365081864447,1.0
2016-08-02 15:20:40.440,-1.012,-0.59,0.168,53.55091459383236,2.446419626670189,-27.223375235858647,1.0
2016-08-02 15:20:40.450,-0.973,-0.613,0.227,53.06964518753228,-1.7639822684446158,-27.24988407841314,1.0
2016-08-02 15:20:40.460,-0.934,-0.648,0.285,56.009562451686584,-3.7491199443929912,-27.95770911201626,1.0
2016-08-02 15:20:40.470,-0.906,-0.688,0.328,63.61239107592459,-4.232302056851012,-29.455171996740088,1.0
2016-08-02 15:20:40.480,-0.883,-0.691,0.332,73.17294442800775,-3.738021634880369,-30.44365441532244,1.0
2016-08-02 15:20:40.490,-0.895,-0.672,0.289,80.40737841079437,-2.6490776468004444,-29.32584948033197,1.0
2016-08-02 15:20:40.500,-0.934,-0.633,0.234,82.27727868356847,-3.578944480822876,-26.1665255757924,1.0
2016-08-02 15:20:40.510,-0.934,-0.625,0.246,77.86239993398308,-7.038727208066347,-22.580963680642647,1.0
2016-08-02 15:20:40.520,-0.898,-0.629,0.273,70.98274578212794,-10.229930470015404,-20.050100394397433,1.0
2016-08-02 15:20:40.530,-0.859,-0.652,0.328,67.63841173048984,-11.414528139128917,-17.572875957807504,1.0
2016-08-02 15:20:40.540,-0.82,-0.688,0.383,69.0880516339416,-10.914537166037386,-14.666834380846586,1.0
2016-08-02 15:20:40.550,-0.793,-0.695,0.395,73.31770332157018,-9.068384605173296,-12.895956487941218,1.0
2016-08-02 15:20:40.560,-0.805,-0.676,0.379,76.58575874768681,-6.930332797437999,-11.127867458128877,1.0
2016-08-02 15:20:40.570,-0.832,-0.641,0.352,74.30154144174523,-6.188549773086201,-7.05197889570408,1.0
2016-08-02 15:20:40.580,-0.855,-0.629,0.344,67.17320043758818,-7.214116655384871,-1.6080642226659922,1.0
2016-08-02 15:20:40.590,-0.855,-0.621,0.363,59.573917649010774,-9.323086754174842,3.1684437348555567,1.0
2016-08-02 15:20:40.600,-0.848,-0.629,0.387,54.04135843492821,-10.97415500145315,6.802676496117119,1.0
2016-08-02 15:20:40.610,-0.832,-0.625,0.414,50.566673050430566,-10.747657969073323,9.352264022170438,1.0
2016-08-02 15:20:40.620,-0.816,-0.609,0.438,48.07447923438861,-9.006939596669342,10.843521086279814,1.0
2016-08-02 15:20:40.630,-0.801,-0.582,0.438,45.91230261188648,-6.126895145902441,12.269556796818675,1.0
2016-08-02 15:20:40.640,-0.809,-0.555,0.422,42.11863059241567,-2.347922754734672,14.21397005098042,1.0
2016-08-02 15:20:40.650,-0.828,-0.512,0.391,33.916273848223526,0.41267866767704,15.720248563723384,1.0
2016-08-02 15:20:40.660,-0.859,-0.484,0.359,21.792273342408702,1.0422436922643132,16.760402999515545,1.0
2016-08-02 15:20:40.670,-0.879,-0.484,0.359,10.482444119997101,0.7858279395653731,18.072059383611297,1.0
2016-08-02 15:20:40.680,-0.875,-0.488,0.383,3.912507015182061,1.0295658807061812,18.951423472529335,1.0
2016-08-02 15:20:40.690,-0.871,-0.504,0.41,0.5768475889795271,2.30766265602293,19.027282826275673,1.0
2016-08-02 15:20:40.700,-0.863,-0.516,0.418,-2.162401351397396,4.100237813465862,18.904075806211605,1.0
2016-08-02 15:20:40.710,-0.871,-0.52,0.406,-4.959263891898969,5.238037420984045,18.424451791319264,1.0
2016-08-02 15:20:40.720,-0.883,-0.52,0.387,-9.009508603664855,5.603506986108467,17.163448847170994,1.0
2016-08-02 15:20:40.730,-0.898,-0.508,0.371,-14.948895038553815,5.823154766032503,15.438870376706692,1.0
2016-08-02 15:20:40.740,-0.914,-0.512,0.363,-21.433678900376904,5.585021427414761,13.962666104835684,1.0
2016-08-02 15:20:40.750,-0.922,-0.52,0.367,-26.091431461710755,4.5745737305265015,12.454642933705781,1.0
2016-08-02 15:20:40.760,-0.914,-0.516,0.367,-27.39016348501068,3.859845428068465,10.358698827809299,1.0
2016-08-02 15:20:40.770,-0.918,-0.516,0.363,-26.80900075765397,4.167714428116463,8.133029844479704,1.0
2016-08-02 15:20:40.780,-0.918,-0.508,0.359,-26.121877952250763,4.64969643914413,5.714455436608304,1.0
2016-08-02 15:20:40.790,-0.918,-0.5,0.359,-25.041928568965666,4.662915929763192,2.9252507514203074,1.0
2016-08-02 15:20:40.800,-0.918,-0.496,0.352,-24.182813230309907,4.756345609967969,0.2649182583583214,1.0
2016-08-02 15:20:40.810,-0.918,-0.48,0.344,-24.71477849330352,5.00822412928626,-2.139354623178506,1.0
2016-08-02 15:20:40.820,-0.914,-0.473,0.332,-25.80291610023731,4.769753054502248,-3.9409270705442943,1.0
2016-08-02 15:20:40.830,-0.906,-0.465,0.32,-26.04882796149003,4.474105128957605,-5.3351886267068505,1.0
2016-08-02 15:20:40.840,-0.906,-0.48,0.32,-24.670728021379627,4.441061537797803,-7.347215089051966,1.0
2016-08-02 15:20:40.850,-0.898,-0.496,0.324,-21.498952488039947,4.34444329520732,-9.875722433577264,1.0
2016-08-02 15:20:40.860,-0.895,-0.508,0.316,-18.11795684614868,5.069524634565864,-12.493997311919577,1.0
2016-08-02 15:20:40.870,-0.898,-0.512,0.313,-16.977286357090165,6.47964414256701,-14.985614025190948,1.0
2016-08-02 15:20:40.880,-0.914,-0.512,0.301,-18.48639228745512,6.936478350156828,-16.659212774136087,1.0
2016-08-02 15:20:40.890,-0.922,-0.52,0.293,-20.91345499221115,6.614723393120819,-17.342769641174034,1.0
2016-08-02 15:20:40.900,-0.914,-0.523,0.289,-22.92961570763566,6.336864107521814,-17.451575710222144,1.0
2016-08-02 15:20:40.910,-0.91,-0.527,0.305,-23.655037376549043,6.38423289010669,-17.5094385475909,1.0
2016-08-02 15:20:40.920,-0.887,-0.559,0.324,-21.847207634098606,7.827549208869033,-17.964208580477823,1.0
2016-08-02 15:20:40.930,-0.879,-0.586,0.328,-19.08602587614315,10.433665350284716,-18.701996311176494,1.0
2016-08-02 15:20:40.940,-0.898,-0.59,0.328,-19.928135376960167,11.760010741182178,-19.22990042755081,1.0
2016-08-02 15:20:40.950,-0.906,-0.582,0.324,-25.705154274138415,11.247661072211585,-18.56302906889205,1.0
2016-08-02 15:20:40.960,-0.914,-0.586,0.316,-33.23873930730661,10.870670784506254,-16.426795899642123,1.0
2016-08-02 15:20:40.970,-0.922,-0.598,0.32,-39.02245836480498,10.989423189450783,-14.083797504310166,1.0
2016-08-02 15:20:40.980,-0.922,-0.625,0.34,-40.1437445997097,10.52321438227245,-12.31568024635508,1.0
2016-08-02 15:20:40.990,-0.902,-0.664,0.367,-35.50545892241572,10.753984514108751,-11.417340534689448,1.0
2016-08-02 15:20:41.000,-0.895,-0.672,0.359,-30.032319793072748,13.596640392392995,-11.086140491308418,1.0
2016-08-02 15:20:41.010,-0.926,-0.648,0.336,-31.33933995728868,16.619400286958594,-10.408413607539291,1.0
2016-08-02 15:20:41.020,-0.965,-0.625,0.316,-39.13578423350926,16.238818984213246,-10.094887375360948,1.0
2016-08-02 15:20:41.030,-0.969,-0.621,0.305,-46.28346180400466,13.939419709560388,-10.705677461882116,1.0
2016-08-02 15:20:41.040,-0.961,-0.648,0.309,-49.97778311039081,12.438325837235611,-11.37407580061399,1.0
2016-08-02 15:20:41.050,-0.961,-0.676,0.32,-51.40464005329547,10.77394924432113,-12.018141509321728,1.0
2016-08-02 15:20:41.060,-0.957,-0.68,0.32,-50.985188085920825,8.695974432706004,-12.01696118657773,1.0
2016-08-02 15:20:41.070,-0.953,-0.691,0.305,-50.817962541408036,8.344758884254937,-10.154525381636738,1.0
2016-08-02 15:20:41.080,-0.984,-0.703,0.289,-51.68517454863358,7.979366587464091,-8.263258539837697,1.0
2016-08-02 15:20:41.090,-0.996,-0.711,0.285,-51.92544442221092,4.486467656456153,-8.097329999702232,1.0
2016-08-02 15:20:41.100,-0.98,-0.715,0.281,-52.84100891961725,0.8652493604370416,-7.537455339548298,1.0
2016-08-02 15:20:41.110,-0.977,-0.703,0.277,-54.32031483550861,-0.9085799588706709,-5.836924941256843,1.0
2016-08-02 15:20:41.120,-0.965,-0.707,0.285,-52.69764878620019,-3.08012112765773,-4.621665221724077,1.0
2016-08-02 15:20:41.130,-0.945,-0.703,0.273,-47.77003126284273,-3.489305023917526,-3.5535795704684556,1.0
2016-08-02 15:20:41.140,-0.949,-0.68,0.25,-43.25994175175615,-1.4966050537571705,-2.0834300542616497,1.0
2016-08-02 15:20:41.150,-0.965,-0.648,0.223,-42.59296450892285,-2.177280583152272,-1.3626589753542406,1.0
2016-08-02 15:20:41.160,-0.984,-0.633,0.211,-45.549972029458814,-5.371014896007545,-1.5170446888225622,1.0
2016-08-02 15:20:41.170,-0.98,-0.645,0.234,-48.13311437599693,-7.851364581323004,-1.2897537994694013,1.0
2016-08-02 15:20:41.180,-0.961,-0.652,0.25,-47.44310323934246,-9.672639807528633,-0.7846567893249858,1.0
2016-08-02 15:20:41.190,-0.949,-0.676,0.262,-45.14440428848734,-9.916653476620963,0.2701151344358983,1.0
2016-08-02 15:20:41.200,-0.949,-0.68,0.238,-44.24116240932772,-8.555811242055114,3.0485046881128266,1.0
2016-08-02 15:20:41.210,-0.965,-0.664,0.191,-44.308277137622326,-8.53712688822697,6.087957448247508,1.0
2016-08-02 15:20:41.220,-0.988,-0.668,0.16,-44.218186468627465,-10.297548805766542,8.315761710390714,1.0
2016-08-02 15:20:41.230,-0.996,-0.68,0.148,-44.382443008267956,-12.36627543239393,10.52430286551578,1.0
2016-08-02 15:20:41.240,-1.0,-0.691,0.152,-44.02358095285842,-14.902134926027593,12.34714743967331,1.0
2016-08-02 15:20:41.250,-0.984,-0.688,0.172,-43.1217741145157,-16.99442796713148,14.450709327656156,1.0
2016-08-02 15:20:41.260,-0.969,-0.676,0.164,-42.771371536251216,-17.00299179803692,17.9205412767013,1.0
2016-08-02 15:20:41.270,-0.977,-0.668,0.156,-42.380792475447464,-16.683182891637603,21.37795355176724,1.0
2016-08-02 15:20:41.280,-0.988,-0.629,0.129,-41.80408132499147,-18.371562303554217,23.61060209558426,1.0
2016-08-02 15:20:41.290,-0.992,-0.605,0.117,-42.80765095501168,-21.175577950533473,24.964388692372232,1.0
2016-08-02 15:20:41.300,-0.977,-0.586,0.137,-45.46113359851739,-23.79961282691879,25.884645031612656,1.0
2016-08-02 15:20:41.310,-0.953,-0.57,0.164,-46.99659046900371,-26.302174313772394,26.494637869674637,1.0
2016-08-02 15:20:41.320,-0.934,-0.563,0.18,-46.40642854999553,-28.296308818714934,26.848463653025235,1.0
2016-08-02 15:20:41.330,-0.922,-0.543,0.18,-44.584280314734315,-29.296056916297694,26.848479360539656,1.0
2016-08-02 15:20:41.340,-0.926,-0.512,0.164,-42.54585980240621,-30.107446211808124,26.065126180549335,1.0
2016-08-02 15:20:41.350,-0.938,-0.488,0.148,-42.89468239455722,-31.830891882194848,24.639974368806865,1.0
2016-08-02 15:20:41.360,-0.961,-0.48,0.133,-46.227759288678484,-34.832690750994274,23.244407813982015,1.0
2016-08-02 15:20:41.370,-0.977,-0.461,0.137,-50.80256902012903,-39.066638236520106,22.237428286713744,1.0
2016-08-02 15:20:41.380,-0.957,-0.441,0.145,-56.26368005622301,-42.82075364981015,22.26422435812128,1.0
2016-08-02 15:20:41.390,-0.926,-0.457,0.152,-60.06322130232334,-43.55502652179477,23.669303784323937,1.0
2016-08-02 15:20:41.400,-0.906,-0.473,0.156,-59.57051223241318,-42.39361443739032,25.53597745781961,1.0
2016-08-02 15:20:41.410,-0.914,-0.504,0.133,-59.0594075917749,-41.61040289414733,27.04519713700345,1.0
2016-08-02 15:20:41.420,-0.941,-0.477,0.113,-63.64670667818166,-41.276318449575776,28.08310871371372,1.0
2016-08-02 15:20:41.430,-0.945,-0.445,0.117,-73.36635256396868,-42.129989259851016,28.94630268330372,1.0
2016-08-02 15:20:41.440,-0.93,-0.449,0.117,-85.53395789665659,-42.96098662189114,30.722200305696482,1.0
2016-08-02 15:20:41.450,-0.91,-0.473,0.129,-94.23884911045089,-41.729899578677745,33.24100074920763,1.0
2016-08-02 15:20:41.460,-0.867,-0.465,0.133,-96.82024848787368,-39.81128633127489,34.9614677100486,1.0
2016-08-02 15:20:41.470,-0.848,-0.484,0.113,-99.08266760542766,-36.833304967493,36.49193658588719,1.0
2016-08-02 15:20:41.480,-0.859,-0.445,0.094,-104.03745859422833,-33.36220536270061,38.55672532029227,1.0
2016-08-02 15:20:41.490,-0.859,-0.414,0.078,-110.97304987900712,-32.7087256793751,40.741518829593346,1.0
2016-08-02 15:20:41.500,-0.867,-0.449,0.078,-120.44005316580404,-32.62407213556839,43.62116893130964,1.0
2016-08-02 15:20:41.510,-0.859,-0.449,0.102,-127.47065237998089,-31.498170338901474,45.869492904648126,1.0
2016-08-02 15:20:41.520,-0.828,-0.434,0.109,-129.7983837535154,-31.316152402866738,46.57752779763554,1.0
2016-08-02 15:20:41.530,-0.824,-0.469,0.109,-132.90453974097642,-29.783839265116953,48.4157950432037,1.0
2016-08-02 15:20:41.540,-0.828,-0.453,0.113,-134.73127004108252,-28.33467676449918,50.8144997049949,1.0
2016-08-02 15:20:41.550,-0.816,-0.434,0.094,-133.0450560779286,-29.982216828653527,51.85368000037913,1.0
2016-08-02 15:20:41.560,-0.824,-0.449,0.07,-133.12653520818535,-29.814710843044693,54.06774034607987,1.0
2016-08-02 15:20:41.570,-0.844,-0.414,0.07,-133.23791817437532,-29.33279156196213,56.56984488246372,1.0
2016-08-02 15:20:41.580,-0.813,-0.383,0.07,-132.15741218422363,-33.19612532938441,55.971728121496874,1.0
2016-08-02 15:20:41.590,-0.797,-0.395,0.066,-134.1709894133366,-35.532906471672725,54.90418661090056,1.0
2016-08-02 15:20:41.600,-0.793,-0.359,0.066,-135.60494447896875,-35.636691535797226,54.24827632052613,1.0
2016-08-02 15:20:41.610,-0.766,-0.332,0.074,-134.07306335888654,-37.73515278706307,51.96515409208255,1.0
2016-08-02 15:20:41.620,-0.73,-0.348,0.078,-130.8652015288404,-37.50374356554679,50.579000105596975,1.0
2016-08-02 15:20:41.630,-0.734,-0.344,0.047,-121.52695822948722,-34.40726700358498,50.30147087900039,1.0
2016-08-02 15:20:41.640,-0.793,-0.34,-0.02,-110.89403042515558,-34.40551516234822,48.82017998994022,1.0
2016-08-02 15:20:41.650,-0.859,-0.324,-0.055,-110.93358005900281,-38.57933013912117,47.386923593452615,1.0
2016-08-02 15:20:41.660,-0.859,-0.266,-0.043,-118.15878149229084,-44.42058842700969,46.573061869401116,1.0
2016-08-02 15:20:41.670,-0.828,-0.313,0.004,-120.74323504210042,-47.491100957863324,46.41736475690063,1.0
2016-08-02 15:20:41.680,-0.809,-0.41,0.051,-112.17579416804566,-44.84556476072511,46.57405060599811,1.0
2016-08-02 15:20:41.690,-0.801,-0.43,0.059,-92.67420939685694,-39.91858013566566,45.34905852099326,1.0
2016-08-02 15:20:41.700,-0.855,-0.445,-0.02,-75.07040165501395,-36.57476790591818,45.64702805620644,1.0
2016-08-02 15:20:41.710,-0.988,-0.449,-0.094,-72.8785215478713,-38.31597494075081,49.98922691397781,1.0
2016-08-02 15:20:41.720,-1.078,-0.363,-0.117,-81.87905655347528,-49.27685378806671,54.533369877049736,1.0
2016-08-02 15:20:41.730,-1.043,-0.355,-0.078,-92.40490081041273,-62.19663975442888,57.894358270505286,1.0
2016-08-02 15:20:41.740,-0.98,-0.41,0.027,-97.27337527628777,-65.949248467831,60.8479247145343,1.0
2016-08-02 15:20:41.750,-0.883,-0.438,0.133,-88.296934113418,-64.65935630685851,60.905042275891766,1.0
2016-08-02 15:20:41.760,-0.781,-0.441,0.184,-70.15955485015049,-61.965564047647376,58.63710930576791,1.0
2016-08-02 15:20:41.770,-0.734,-0.371,0.172,-56.20033811872888,-55.05399278493429,56.892106076067215,1.0
2016-08-02 15:20:41.780,-0.723,-0.254,0.105,-50.367919245823245,-50.90639228949772,55.21258610729647,1.0
2016-08-02 15:20:41.790,-0.754,-0.188,0.031,-52.561737812592625,-53.09888138871584,53.807560273782485,1.0
2016-08-02 15:20:41.800,-0.781,-0.133,0.023,-60.93496927261643,-57.79376539556151,53.223822047425145,1.0
2016-08-02 15:20:41.810,-0.742,-0.141,0.047,-67.77040766194989,-63.221197440504326,51.53377649380137,1.0
2016-08-02 15:20:41.820,-0.703,-0.203,0.141,-68.26201562828888,-64.28550083985961,47.73951049742233,1.0
2016-08-02 15:20:41.830,-0.609,-0.219,0.227,-62.95238174140611,-58.460603676786675,42.190618229773804,1.0
2016-08-02 15:20:41.840,-0.57,-0.25,0.227,-52.325128640009595,-46.151100957611796,36.385448835687306,1.0
2016-08-02 15:20:41.850,-0.691,-0.262,0.16,-40.41664559831743,-34.24492753574521,33.04699828827903,1.0
2016-08-02 15:20:41.860,-0.781,-0.234,0.063,-34.47815140985028,-33.98302293816676,33.59338765710322,1.0
2016-08-02 15:20:41.870,-0.914,-0.223,-0.023,-37.61758088147039,-40.80926135958861,37.25341207879912,1.0
2016-08-02 15:20:41.880,-0.973,-0.188,-0.016,-48.94215831332687,-51.98871824405492,40.85292562556587,1.0
2016-08-02 15:20:41.890,-0.906,-0.242,0.051,-60.169780730681154,-64.79974458128262,41.61571514993912,1.0
2016-08-02 15:20:41.900,-0.898,-0.363,0.145,-59.18122653443167,-65.86395884655255,40.836499492630544,1.0
2016-08-02 15:20:41.910,-0.871,-0.387,0.203,-48.503268136907614,-62.59146592247876,41.63656857733435,1.0
2016-08-02 15:20:41.920,-0.832,-0.344,0.207,-39.31982871098831,-61.9378565246672,44.63024413054568,1.0
2016-08-02 15:20:41.930,-0.887,-0.309,0.16,-34.59311863840341,-59.51143663039797,48.910232061629145,1.0
2016-08-02 15:20:41.940,-0.883,-0.242,0.125,-34.50301454506287,-63.861094425923234,54.229917306517955,1.0
2016-08-02 15:20:41.950,-0.82,-0.211,0.105,-38.97679018231597,-68.37365692062093,58.455077470568085,1.0
2016-08-02 15:20:41.960,-0.754,-0.191,0.109,-43.39320892262687,-61.88912057742363,58.51717011669908,1.0
2016-08-02 15:20:41.970,-0.734,-0.184,0.113,-45.560749590513915,-54.49301371664643,55.22039123440613,1.0
2016-08-02 15:20:41.980,-0.73,-0.16,0.109,-48.937135483326024,-49.00082480009313,52.21829216506214,1.0
2016-08-02 15:20:41.990,-0.742,-0.141,0.129,-54.14057328119689,-43.16349983501317,49.87655620883346,1.0
2016-08-02 15:20:42.000,-0.742,-0.156,0.148,-55.77437791845941,-38.416826808376285,45.611906951052376,1.0
2016-08-02 15:20:42.010,-0.766,-0.195,0.164,-49.611634966573995,-29.847050801582316,39.653877902574614,1.0
2016-08-02 15:20:42.020,-0.832,-0.25,0.137,-40.81164874426383,-20.297428654852776,33.5403895389174,1.0
2016-08-02 15:20:42.030,-0.867,-0.223,0.113,-39.92232157975637,-16.846248581120946,27.19901221375867,1.0
2016-08-02 15:20:42.040,-0.895,-0.188,0.098,-49.50478912070181,-15.964578853636212,20.245760099152314,1.0
2016-08-02 15:20:42.050,-0.891,-0.215,0.125,-60.125311820102965,-15.381127571006855,13.672596009935368,1.0
2016-08-02 15:20:42.060,-0.867,-0.254,0.18,-61.792402436576324,-14.694447176246511,8.968613631966464,1.0
2016-08-02 15:20:42.070,-0.879,-0.277,0.199,-57.627265119006374,-11.626236246610176,6.20115200003904,1.0
2016-08-02 15:20:42.080,-0.902,-0.277,0.184,-55.57850981259631,-10.626950612588068,5.267087861166113,1.0
2016-08-02 15:20:42.090,-0.938,-0.262,0.168,-53.98637407765857,-12.889848604561546,5.361511160925649,1.0
2016-08-02 15:20:42.100,-0.953,-0.258,0.168,-49.509503241961426,-13.376595276294811,4.960280770708964,1.0
2016-08-02 15:20:42.110,-0.926,-0.238,0.188,-43.474264188232645,-12.359799951056054,3.292389060745027,1.0
2016-08-02 15:20:42.120,-0.91,-0.207,0.195,-37.63637612020491,-10.651481328315493,0.2292322834599605,1.0
2016-08-02 15:20:42.130,-0.875,-0.195,0.207,-33.05717710940532,-8.574928268310295,-3.521643848912343,1.0
2016-08-02 15:20:42.140,-0.848,-0.195,0.215,-28.199251720414694,-6.737997935065467,-7.543591390048067,1.0
2016-08-02 15:20:42.150,-0.871,-0.188,0.199,-22.583210547936282,-4.082429381318241,-10.81817938996019,1.0
2016-08-02 15:20:42.160,-0.879,-0.172,0.176,-19.082012309047457,-3.3606748986853585,-12.514431369939745,1.0
2016-08-02 15:20:42.170,-0.906,-0.176,0.176,-16.678245838693567,-4.962503423299974,-13.441367423075452,1.0
2016-08-02 15:20:42.180,-0.953,-0.184,0.18,-13.20036528539383,-6.222849433589581,-12.736894139848372,1.0
2016-08-02 15:20:42.190,-0.961,-0.199,0.207,-9.462950176063558,-8.333141367851624,-10.513768805517032,1.0
2016-08-02 15:20:42.200,-0.953,-0.223,0.254,-4.373082959249864,-9.9187460754729,-9.685806645061696,1.0
2016-08-02 15:20:42.210,-0.934,-0.234,0.273,2.0612391956790272,-9.18167465075503,-10.696906587692563,1.0
2016-08-02 15:20:42.220,-0.914,-0.246,0.281,7.342762961890549,-7.76982148799453,-12.993603464004622,1.0
2016-08-02 15:20:42.230,-0.906,-0.262,0.262,11.153802844699735,-5.947157414317519,-16.88760226557252,1.0
2016-08-02 15:20:42.240,-0.902,-0.25,0.23,12.964144198259246,-4.122709506890107,-20.76313786320681,1.0
2016-08-02 15:20:42.250,-0.918,-0.25,0.203,12.498763783737026,-3.2785167697818522,-22.95989293261583,1.0
2016-08-02 15:20:42.260,-0.926,-0.254,0.195,11.764804448784641,-3.6018670362185836,-23.17944150082674,1.0
2016-08-02 15:20:42.270,-0.93,-0.258,0.203,11.318329761603708,-4.453956677206241,-21.791934086039063,1.0
2016-08-02 15:20:42.280,-0.906,-0.293,0.238,12.421244466801925,-3.688370802329055,-20.51592650338398,1.0
2016-08-02 15:20:42.290,-0.883,-0.309,0.266,17.163395800332324,-0.39985299387530904,-20.63716522478929,1.0
2016-08-02 15:20:42.300,-0.859,-0.313,0.273,22.65151484778192,4.2011293887814265,-22.191932048962492,1.0
2016-08-02 15:20:42.310,-0.855,-0.32,0.254,26.932639502540358,8.898215690102829,-24.94222152563961,1.0
2016-08-02 15:20:42.320,-0.855,-0.313,0.242,31.386196014956695,11.937694824740579,-27.95744994140239,1.0
2016-08-02 15:20:42.330,-0.84,-0.285,0.23,32.93989768456496,12.881078258790065,-30.63453687307966,1.0
2016-08-02 15:20:42.340,-0.84,-0.277,0.219,31.185794761002334,13.856197688537323,-32.648236387683525,1.0
2016-08-02 15:20:42.350,-0.852,-0.285,0.227,31.441744126018563,14.771266133586433,-33.52861892976806,1.0
2016-08-02 15:20:42.360,-0.813,-0.297,0.234,34.11853016557825,16.579238241380295,-34.95969025604552,1.0
2016-08-02 15:20:42.370,-0.77,-0.277,0.246,38.15313253072551,22.71958587927034,-39.50403350025511,1.0
2016-08-02 15:20:42.380,-0.746,-0.281,0.242,43.490803435249056,29.786051155953764,-46.7889141672423,1.0
2016-08-02 15:20:42.390,-0.699,-0.277,0.219,49.00257362762377,34.638013844395886,-54.1073233144439,1.0
2016-08-02 15:20:42.400,-0.719,-0.289,0.18,56.51054537946138,38.930401257185636,-59.10080557423852,1.0
2016-08-02 15:20:42.410,-0.801,-0.289,0.148,63.01994922992415,38.02848639915603,-59.397065698134206,1.0
2016-08-02 15:20:42.420,-0.828,-0.281,0.113,64.66932067653062,31.60178161279585,-54.34538100050719,1.0
2016-08-02 15:20:42.430,-0.816,-0.297,0.148,69.99153212752053,28.729747298779962,-49.342486928540964,1.0
2016-08-02 15:20:42.440,-0.777,-0.313,0.172,82.04455930919596,30.923947152382997,-49.26767151780691,1.0
2016-08-02 15:20:42.450,-0.742,-0.316,0.191,92.0646535691502,34.79430120891683,-52.07259737481297,1.0
2016-08-02 15:20:42.460,-0.73,-0.32,0.219,100.44316674125747,38.75832116040114,-55.54725150387399,1.0
2016-08-02 15:20:42.470,-0.695,-0.293,0.23,111.20900908731454,41.1077659184085,-59.43666574022701,1.0
2016-08-02 15:20:42.480,-0.648,-0.254,0.227,119.44691477682018,43.22963843550247,-63.73133218162272,1.0
2016-08-02 15:20:42.490,-0.664,-0.23,0.176,122.9531829318253,44.82174113820087,-68.65324632339392,1.0
2016-08-02 15:20:42.500,-0.746,-0.23,0.133,125.03923186467,41.55347910072888,-70.99755895214442,1.0
2016-08-02 15:20:42.510,-0.738,-0.23,0.148,125.08728636119584,35.446674049017886,-68.89810649637612,1.0
2016-08-02 15:20:42.520,-0.668,-0.23,0.191,125.25255454721297,34.9258760093629,-68.17420443839856,1.0
2016-08-02 15:20:42.530,-0.625,-0.25,0.234,133.25251168020418,41.73438268186416,-72.78143607399443,1.0
2016-08-02 15:20:42.540,-0.672,-0.281,0.25,146.58701569052084,48.88285944869749,-76.51983798269936,1.0
2016-08-02 15:20:42.550,-0.727,-0.266,0.262,154.35691021992966,51.00442056983009,-74.14145675285775,1.0
2016-08-02 15:20:42.560,-0.77,-0.262,0.219,154.18818918243227,48.42417821128375,-70.88067962170696,1.0
2016-08-02 15:20:42.570,-0.848,-0.305,0.176,150.81997151512027,43.3004974376799,-70.53601299337527,1.0
2016-08-02 15:20:42.580,-0.906,-0.348,0.195,147.19106375784057,37.85277291596547,-68.20335823050144,1.0
2016-08-02 15:20:42.590,-0.852,-0.359,0.258,146.15313184774726,37.238845871505,-62.70348661871894,1.0
2016-08-02 15:20:42.600,-0.762,-0.336,0.289,151.50151014574334,45.359626874080966,-59.4512697653271,1.0
2016-08-02 15:20:42.610,-0.766,-0.344,0.281,160.94786483134882,56.08677687134285,-59.0808312925597,1.0
2016-08-02 15:20:42.620,-0.82,-0.32,0.258,165.70523599064404,60.44054099579596,-57.071396743220554,1.0
2016-08-02 15:20:42.630,-0.836,-0.266,0.23,160.6002481353708,57.76793817532851,-53.86881117313288,1.0
2016-08-02 15:20:42.640,-0.859,-0.242,0.227,147.59690520179876,50.4785545186665,-54.5931663438342,1.0
2016-08-02 15:20:42.650,-0.867,-0.281,0.285,133.21212067403462,41.530758192935686,-58.07182679716827,1.0
2016-08-02 15:20:42.660,-0.844,-0.348,0.324,128.57495220930028,39.09913444137672,-58.02893233211109,1.0
2016-08-02 15:20:42.670,-0.82,-0.375,0.363,137.39419531863578,44.75289217126884,-54.42613015147532,1.0
2016-08-02 15:20:42.680,-0.762,-0.336,0.34,145.9916005838989,51.766471728277324,-51.70807687917932,1.0
2016-08-02 15:20:42.690,-0.805,-0.285,0.25,144.68727292496305,58.8498305680621,-50.174825558028694,1.0
2016-08-02 15:20:42.700,-0.922,-0.273,0.207,137.75016325029992,60.045719683657374,-46.92230310699468,1.0
2016-08-02 15:20:42.710,-0.941,-0.281,0.215,125.29952463348936,50.565365416428676,-43.406690228357576,1.0
2016-08-02 15:20:42.720,-0.949,-0.313,0.273,108.03892394632955,41.10149254346682,-44.15897758312181,1.0
2016-08-02 15:20:42.730,-0.898,-0.348,0.379,96.37509330024056,35.973965066920634,-46.313638997365324,1.0
2016-08-02 15:20:42.740,-0.797,-0.391,0.438,96.11777751796758,35.0822437293118,-45.73660935967587,1.0
2016-08-02 15:20:42.750,-0.77,-0.418,0.391,105.31233595414197,43.03493469009883,-45.46190959763097,1.0
2016-08-02 15:20:42.760,-0.832,-0.379,0.27,117.16183367684721,51.47980594872193,-44.85592138439564,1.0
2016-08-02 15:20:42.770,-0.945,-0.316,0.152,116.48214863693222,49.992503719833444,-41.95316869740269,1.0
2016-08-02 15:20:42.780,-1.031,-0.262,0.133,96.35251006233264,39.923073830276216,-40.300673391399485,1.0
2016-08-02 15:20:42.790,-1.016,-0.25,0.199,70.51521849327987,26.76361660426953,-39.33175193778256,1.0
2016-08-02 15:20:42.800,-0.977,-0.367,0.336,55.977236834193356,18.242107152848696,-37.05083419493856,1.0
2016-08-02 15:20:42.810,-0.879,-0.453,0.426,59.69149450119403,18.13449079776134,-35.59491540354993,1.0
2016-08-02 15:20:42.820,-0.789,-0.445,0.414,73.30762490251188,23.55667918950845,-35.28413021723123,1.0
2016-08-02 15:20:42.830,-0.832,-0.406,0.309,79.39553970276339,29.655818636384595,-34.92500399896223,1.0
2016-08-02 15:20:42.840,-0.934,-0.344,0.184,74.16549945942026,30.050493038819067,-33.13353120273488,1.0
2016-08-02 15:20:42.850,-0.996,-0.301,0.145,61.951604878055626,23.369179667890464,-30.6316943618517,1.0
2016-08-02 15:20:42.860,-1.012,-0.301,0.191,43.170960392853225,15.01284041202824,-30.941453944512983,1.0
2016-08-02 15:20:42.870,-0.988,-0.336,0.285,27.15906534696639,8.350204422557873,-32.08729954520454,1.0
2016-08-02 15:20:42.880,-0.93,-0.383,0.379,22.34608213126632,4.455223511719568,-30.820887287739737,1.0
2016-08-02 15:20:42.890,-0.867,-0.434,0.422,23.947211871946184,4.6998389034217265,-29.791647824424906,1.0
2016-08-02 15:20:42.900,-0.852,-0.43,0.391,28.052025822151688,7.75234055611833,-29.402171574773504,1.0
2016-08-02 15:20:42.910,-0.871,-0.387,0.32,31.284501491827513,10.722820196699034,-26.742652690325777,1.0
2016-08-02 15:20:42.920,-0.898,-0.34,0.242,28.447052927020238,12.848648001761847,-22.81603107360325,1.0
2016-08-02 15:20:42.930,-0.938,-0.336,0.195,21.912002737123043,13.536467320080034,-20.824643959801406,1.0
2016-08-02 15:20:42.940,-0.973,-0.355,0.223,14.29838195906771,10.846712894835054,-20.949232481129478,1.0
2016-08-02 15:20:42.950,-0.984,-0.375,0.273,3.9484650261184893,5.473615709342902,-21.767597892601906,1.0
2016-08-02 15:20:42.960,-0.988,-0.422,0.355,-2.7109887757432403,0.1888390595977062,-23.016183677438292,1.0
2016-08-02 15:20:42.970,-0.941,-0.512,0.441,5.804138756979014,-2.654771844708156,-24.43982760185706,1.0
2016-08-02 15:20:42.980,-0.883,-0.547,0.461,27.751446691224892,-0.054057358236992314,-25.719159176169303,1.0
2016-08-02 15:20:42.990,-0.875,-0.512,0.406,46.44922644683244,6.005397058299988,-26.068152479428882,1.0
2016-08-02 15:20:43.000,-0.902,-0.422,0.293,49.06447989087704,9.39196894735624,-23.70856109710752,1.0
2016-08-02 15:20:43.010,-0.973,-0.383,0.188,39.78140555133348,9.438180429215342,-19.785690840223182,1.0
2016-08-02 15:20:43.020,-1.027,-0.395,0.168,31.535939929454223,7.072904291816065,-17.426924106839817,1.0
2016-08-02 15:20:43.030,-1.008,-0.398,0.219,28.95774495065123,3.263847552066988,-16.812651761214987,1.0
2016-08-02 15:20:43.040,-1.012,-0.445,0.309,28.339375786290773,0.5347939241268617,-17.470248120668327,1.0
2016-08-02 15:20:43.050,-0.992,-0.531,0.414,32.997383328181286,-2.105201872494609,-19.03245696177806,1.0
2016-08-02 15:20:43.060,-0.91,-0.57,0.465,48.53710300016408,-1.8495221203810113,-20.100699544585744,1.0
2016-08-02 15:20:43.070,-0.898,-0.551,0.441,66.34376935050227,4.729151616452901,-20.008087811839495,1.0
2016-08-02 15:20:43.080,-0.938,-0.527,0.359,74.291995813507,10.21685782310827,-17.530147420031255,1.0
2016-08-02 15:20:43.090,-0.973,-0.488,0.281,73.23800542499859,10.649054820032074,-13.321880654104763,1.0
2016-08-02 15:20:43.100,-1.0,-0.477,0.27,69.60286460375052,10.539070343922063,-11.304780243797337,1.0
2016-08-02 15:20:43.110,-1.016,-0.484,0.309,65.33020492887562,10.598251928569509,-11.75206155162726,1.0
2016-08-02 15:20:43.120,-1.016,-0.492,0.371,60.36039600938456,10.001296219710477,-11.849247246213558,1.0
2016-08-02 15:20:43.130,-0.992,-0.5,0.43,57.150450602252434,9.656484400292744,-11.549702261445118,1.0
2016-08-02 15:20:43.140,-0.969,-0.543,0.48,61.01016962589483,10.384447372132465,-11.799548764394558,1.0
2016-08-02 15:20:43.150,-0.93,-0.555,0.492,73.47616303618004,13.865655032429583,-11.540036135690483,1.0
2016-08-02 15:20:43.160,-0.902,-0.512,0.449,84.04196677154663,19.53366087257801,-9.766184878743058,1.0
2016-08-02 15:20:43.170,-0.945,-0.48,0.375,82.36567654846527,22.927644575111767,-7.455938154351951,1.0
2016-08-02 15:20:43.180,-0.98,-0.473,0.34,75.45841759087149,22.258599446184245,-4.880320488256637,1.0
2016-08-02 15:20:43.190,-0.977,-0.461,0.34,71.02920572887018,20.91110625108249,-2.312138408133883,1.0
2016-08-02 15:20:43.200,-0.973,-0.473,0.363,64.73135296558732,20.02285957912562,-1.5554631415201483,1.0
2016-08-02 15:20:43.210,-0.965,-0.508,0.418,58.09318488831073,17.36908427432791,-1.2069535753572058,1.0
2016-08-02 15:20:43.220,-0.922,-0.527,0.449,57.70655487292525,14.783482888980291,0.42933288212666304,1.0
2016-08-02 15:20:43.230,-0.895,-0.543,0.449,61.83194042000436,15.483360036512769,1.895891307802596,1.0
2016-08-02 15:20:43.240,-0.895,-0.535,0.418,65.44233179356131,17.421931000478928,4.0030228290060155,1.0
2016-08-02 15:20:43.250,-0.914,-0.512,0.367,65.23878113292436,17.511426475806203,7.14862875023301,1.0
2016-08-02 15:20:43.260,-0.938,-0.508,0.344,60.16077551639505,15.546073341781891,8.855787641575088,1.0
2016-08-02 15:20:43.270,-0.957,-0.516,0.348,52.934208031547584,12.365283648204684,9.24987961131403,1.0
2016-08-02 15:20:43.280,-0.957,-0.52,0.375,47.016400814006474,8.934835120499418,9.862421976071957,1.0
2016-08-02 15:20:43.290,-0.957,-0.531,0.398,43.612180901219546,5.759085114146364,10.793975911335606,1.0
2016-08-02 15:20:43.300,-0.945,-0.535,0.43,42.895400681397874,2.910962091725794,12.397571241029304,1.0
2016-08-02 15:20:43.310,-0.922,-0.527,0.445,43.47666109217573,1.1515946785351538,14.93690672051747,1.0
2016-08-02 15:20:43.320,-0.914,-0.504,0.438,42.31700048674666,1.0936830283293058,17.46618075421921,1.0
2016-08-02 15:20:43.330,-0.918,-0.473,0.426,38.77539189742444,1.5372552807721183,19.308260511494886,1.0
2016-08-02 15:20:43.340,-0.926,-0.453,0.402,34.12511275217285,1.2777893607534896,20.527548248384758,1.0
2016-08-02 15:20:43.350,-0.941,-0.434,0.387,28.627784417781285,0.373804617328513,20.509254242654308,1.0
2016-08-02 15:20:43.360,-0.949,-0.414,0.387,22.555461806332254,-1.4480346099079275,19.477740593043414,1.0
2016-08-02 15:20:43.370,-0.949,-0.41,0.426,17.638647718806666,-3.897856831749868,18.826656212890295,1.0
2016-08-02 15:20:43.380,-0.926,-0.43,0.465,17.615511132238915,-5.388211487266664,18.374493513823893,1.0
2016-08-02 15:20:43.390,-0.887,-0.434,0.488,22.17392437117104,-4.821191481850203,17.49124227106395,1.0
2016-08-02 15:20:43.400,-0.883,-0.406,0.484,23.72235851087777,-3.3759262391928964,16.55433030807639,1.0
2016-08-02 15:20:43.410,-0.891,-0.375,0.457,20.232353354658805,-3.2245493982792928,16.075813760805197,1.0
2016-08-02 15:20:43.420,-0.906,-0.391,0.438,18.65701054352097,-3.701937887414351,16.131331155176987,1.0
2016-08-02 15:20:43.430,-0.922,-0.418,0.426,21.375589337038598,-3.3339159743244067,16.03262045088949,1.0
2016-08-02 15:20:43.440,-0.938,-0.41,0.41,23.226742729639387,-3.3686772079559355,15.629936845607435,1.0
2016-08-02 15:20:43.450,-0.953,-0.398,0.418,20.402351861322433,-4.942239057542,15.237913457212903,1.0
2016-08-02 15:20:43.460,-0.961,-0.41,0.457,16.976230986672213,-7.208203667293997,14.410423246293144,1.0
2016-08-02 15:20:43.470,-0.949,-0.441,0.492,19.442799337145228,-8.226351306883805,12.882488181218603,1.0
2016-08-02 15:20:43.480,-0.941,-0.449,0.508,24.495159700410927,-6.60300853387488,10.758680486598236,1.0
2016-08-02 15:20:43.490,-0.953,-0.422,0.508,24.24905967418581,-4.501143230188021,8.522590148273032,1.0
2016-08-02 15:20:43.500,-0.98,-0.398,0.484,20.06417532127647,-4.752191827290316,6.99025436368812,1.0
2016-08-02 15:20:43.510,-0.98,-0.41,0.484,18.061435124349416,-5.629838977034125,5.762531198820541,1.0
2016-08-02 15:20:43.520,-0.977,-0.414,0.488,18.899523417112395,-4.9218975057916365,3.8636760631650082,1.0
2016-08-02 15:20:43.530,-0.98,-0.402,0.5,18.906107433971663,-3.792774067735765,1.5918368662657458,1.0
2016-08-02 15:20:43.540,-0.98,-0.395,0.52,16.543787511602886,-3.0325822408265015,-0.1285487727695308,1.0
2016-08-02 15:20:43.550,-0.969,-0.391,0.539,14.108340542608161,-1.7571029822260562,-1.4161582902686611,1.0
2016-08-02 15:20:43.560,-0.957,-0.383,0.543,12.507993987841754,0.6367931770375727,-3.1658217586765574,1.0
2016-08-02 15:20:43.570,-0.945,-0.371,0.535,10.043047170525378,4.00794965251568,-5.1151160438089605,1.0
2016-08-02 15:20:43.580,-0.949,-0.367,0.516,6.304680136153102,7.322894988934001,-6.345925924045073,1.0
2016-08-02 15:20:43.590,-0.949,-0.359,0.504,1.6054760631098124,9.587685306577248,-7.015614775222131,1.0
2016-08-02 15:20:43.600,-0.953,-0.355,0.5,-3.0849038298243734,11.26650427748925,-7.333899440098539,1.0
2016-08-02 15:20:43.610,-0.941,-0.355,0.496,-5.34283901978516,13.191130601723755,-7.168200412637217,1.0
2016-08-02 15:20:43.620,-0.922,-0.359,0.5,-5.60797838588945,15.418659551497669,-7.1085190030483245,1.0
2016-08-02 15:20:43.630,-0.918,-0.355,0.492,-6.758215654160617,17.4897789602834,-7.51098211279799,1.0
2016-08-02 15:20:43.640,-0.906,-0.352,0.488,-9.365375391523576,18.84141967099891,-7.784352847222259,1.0
2016-08-02 15:20:43.650,-0.895,-0.352,0.477,-12.681556489987216,19.77686010131394,-7.6564552380987285,1.0
2016-08-02 15:20:43.660,-0.895,-0.348,0.457,-15.976421996058978,20.604943513744463,-7.486282148246354,1.0
2016-08-02 15:20:43.670,-0.898,-0.34,0.441,-18.19868077384105,20.828787224379045,-7.36695389112901,1.0
2016-08-02 15:20:43.680,-0.898,-0.344,0.43,-18.685923678952648,20.680296095819976,-6.988861084398472,1.0
2016-08-02 15:20:43.690,-0.902,-0.348,0.414,-17.944058204332887,20.29002331715047,-6.650319562105061,1.0
2016-08-02 15:20:43.700,-0.91,-0.344,0.398,-17.86603618612552,19.071707979329183,-7.11306862017898,1.0
2016-08-02 15:20:43.710,-0.918,-0.348,0.395,-19.117889951942395,17.452855246760745,-7.93500217523609,1.0
2016-08-02 15:20:43.720,-0.926,-0.367,0.395,-20.448233708456097,16.13505840558819,-8.49927582470238,1.0
2016-08-02 15:20:43.730,-0.934,-0.375,0.391,-21.327935986560114,15.090035398033656,-9.577000179034494,1.0
2016-08-02 15:20:43.740,-0.945,-0.379,0.383,-21.901894391417194,14.010840561431676,-11.488540631759172,1.0
2016-08-02 15:20:43.750,-0.961,-0.387,0.371,-22.87037673432651,12.454802898550103,-13.718421434998948,1.0
2016-08-02 15:20:43.760,-0.977,-0.398,0.375,-24.544447086206127,10.107275565510946,-16.475435054718204,1.0
2016-08-02 15:20:43.770,-0.988,-0.41,0.383,-25.293940589753625,7.202923292195325,-19.724010287319228,1.0
2016-08-02 15:20:43.780,-0.988,-0.426,0.391,-25.18358694562157,4.819291160349416,-22.571222663077876,1.0
2016-08-02 15:20:43.790,-0.996,-0.434,0.406,-26.541882389971285,3.437153973866898,-24.654603823778675,1.0
2016-08-02 15:20:43.800,-1.0,-0.445,0.406,-29.538994414584582,2.6359341171357125,-26.187640877756344,1.0
2016-08-02 15:20:43.810,-1.012,-0.434,0.398,-33.29962555482994,2.998809439883134,-27.379681649023368,1.0
2016-08-02 15:20:43.820,-1.02,-0.449,0.379,-38.26865774293717,4.621522843419325,-28.68013358893277,1.0
2016-08-02 15:20:43.830,-1.035,-0.484,0.367,-43.99897954097123,5.8691716531919145,-30.41881734475522,1.0
2016-08-02 15:20:43.840,-1.043,-0.504,0.367,-48.8846012490442,5.860417075791216,-32.042422805296034,1.0
2016-08-02 15:20:43.850,-1.039,-0.52,0.375,-53.011419349450705,5.318038285160038,-32.504755690911566,1.0
2016-08-02 15:20:43.860,-1.027,-0.547,0.406,-56.559519628219576,5.520185062865547,-31.792081947623146,1.0
2016-08-02 15:20:43.870,-1.004,-0.563,0.426,-57.44386605530072,7.0477053408710155,-30.713337775532693,1.0
2016-08-02 15:20:43.880,-0.984,-0.578,0.43,-56.63817369993765,9.209906614251556,-28.83358898237807,1.0
2016-08-02 15:20:43.890,-0.996,-0.563,0.402,-59.12956717056743,10.802186033613665,-25.856715895071748,1.0
2016-08-02 15:20:43.900,-1.008,-0.555,0.375,-66.23719506200645,10.234606235413214,-22.747945315633952,1.0
2016-08-02 15:20:43.910,-1.004,-0.578,0.359,-75.08168113802596,7.729311183730081,-19.56047884161116,1.0
2016-08-02 15:20:43.920,-1.016,-0.605,0.355,-82.11220138793477,5.500874593986643,-16.11425861438622,1.0
2016-08-02 15:20:43.930,-1.012,-0.645,0.383,-84.31311302416843,3.2220346591787226,-12.599434309722472,1.0
2016-08-02 15:20:43.940,-0.988,-0.641,0.391,-82.2924634302505,0.999139335931159,-8.94862018149118,1.0
2016-08-02 15:20:43.950,-0.988,-0.645,0.379,-80.44454369854625,0.8002180661096462,-4.889719472242235,1.0
2016-08-02 15:20:43.960,-1.008,-0.664,0.371,-81.61585530418724,0.14524874398819254,-0.42054426331587275,1.0
2016-08-02 15:20:43.970,-1.016,-0.66,0.352,-83.88612047031248,-3.2391053888475527,3.2161117625428597,1.0
2016-08-02 15:20:43.980,-1.02,-0.645,0.336,-86.0619051073234,-6.640073872576357,6.504218623312263,1.0
2016-08-02 15:20:43.990,-1.02,-0.641,0.332,-89.07223226388778,-9.509212065779785,10.869247812850958,1.0
2016-08-02 15:20:44.000,-1.008,-0.617,0.328,-89.30643724596247,-13.045782105158938,14.729524427879682,1.0
2016-08-02 15:20:44.010,-0.984,-0.613,0.324,-84.42641013439709,-15.156113882110077,17.58541547132865,1.0
2016-08-02 15:20:44.020,-0.98,-0.602,0.32,-78.5011765882661,-15.750917960599548,20.200597582875005,1.0
2016-08-02 15:20:44.030,-0.973,-0.57,0.297,-73.28114494358444,-17.808006662364313,21.493991673988376,1.0
2016-08-02 15:20:44.040,-0.984,-0.559,0.277,-69.12673956092588,-21.167374408875997,22.114652650825526,1.0
2016-08-02 15:20:44.050,-0.992,-0.551,0.273,-67.34648644636793,-24.72025623492427,22.981411743375897,1.0
2016-08-02 15:20:44.060,-0.98,-0.508,0.262,-64.55353244084056,-28.4720050673029,23.095757706965067,1.0
2016-08-02 15:20:44.070,-0.973,-0.492,0.25,-58.77752135922736,-31.040023349936092,23.394903891617176,1.0
2016-08-02 15:20:44.080,-0.988,-0.488,0.227,-52.51879242093513,-32.650129544766884,24.32929755517585,1.0
2016-08-02 15:20:44.090,-0.984,-0.469,0.211,-46.644760970764764,-35.600125040762876,23.87178836028678,1.0
2016-08-02 15:20:44.100,-0.977,-0.438,0.207,-43.3299336280821,-39.3692081227504,22.068022433328938,1.0
2016-08-02 15:20:44.110,-0.965,-0.418,0.211,-43.43013318048553,-41.89053147002706,20.571029657513392,1.0
2016-08-02 15:20:44.120,-0.957,-0.395,0.219,-42.45218798008757,-43.119879703456995,20.04449775653412,1.0
2016-08-02 15:20:44.130,-0.949,-0.395,0.219,-39.155856172410765,-43.62147295002431,20.025001016484772,1.0
2016-08-02 15:20:44.140,-0.945,-0.379,0.211,-35.89971716877044,-43.8923018628369,18.900276739945337,1.0
2016-08-02 15:20:44.150,-0.941,-0.352,0.199,-34.05163721932151,-44.443350412951894,16.80762982830833,1.0
2016-08-02 15:20:44.160,-0.938,-0.348,0.199,-35.70173951960547,-44.27427656390203,16.114982298820426,1.0
2016-08-02 15:20:44.170,-0.914,-0.332,0.219,-39.98589473632955,-42.99505893448496,16.938781212728234,1.0
2016-08-02 15:20:44.180,-0.883,-0.328,0.23,-43.15568579672306,-41.51963904133356,17.829743393078953,1.0
2016-08-02 15:20:44.190,-0.875,-0.352,0.219,-44.89718632102186,-39.38953400901598,18.698765093431142,1.0
2016-08-02 15:20:44.200,-0.879,-0.348,0.203,-46.34005035518367,-37.61756211998191,18.99470812012722,1.0
2016-08-02 15:20:44.210,-0.879,-0.34,0.191,-49.084952247150405,-37.726775174354046,18.591247245600393,1.0
2016-08-02 15:20:44.220,-0.875,-0.367,0.195,-55.22938308806201,-37.4802227118241,19.4511302458479,1.0
2016-08-02 15:20:44.230,-0.879,-0.398,0.215,-62.37715397840747,-36.428986305386566,21.31397001485684,1.0
2016-08-02 15:20:44.240,-0.875,-0.41,0.23,-67.93013905207022,-35.870934657042184,22.55797609656141,1.0
2016-08-02 15:20:44.250,-0.875,-0.43,0.215,-73.6845707134245,-34.04733477953495,24.66715645921163,1.0
2016-08-02 15:20:44.260,-0.906,-0.426,0.199,-80.47916507302754,-32.5028566645117,27.94472727585319,1.0
2016-08-02 15:20:44.270,-0.918,-0.426,0.184,-88.5504436617115,-34.64639349078314,30.35626233606199,1.0
2016-08-02 15:20:44.280,-0.906,-0.438,0.168,-98.72669589709908,-37.45415175445338,32.60166237790459,1.0
2016-08-02 15:20:44.290,-0.902,-0.457,0.188,-107.95458818606616,-38.325025720450995,35.53036171823704,1.0
2016-08-02 15:20:44.300,-0.887,-0.457,0.219,-112.86833917783699,-38.94375975150778,37.62583728920941,1.0
2016-08-02 15:20:44.310,-0.848,-0.438,0.238,-115.58928445770246,-38.06098617375811,39.32967270766302,1.0
2016-08-02 15:20:44.320,-0.84,-0.422,0.223,-119.80662019392298,-34.84516020686465,42.00644966934773,1.0
2016-08-02 15:20:44.330,-0.848,-0.41,0.203,-125.84318005909698,-33.12445990576986,44.72927819220419,1.0
2016-08-02 15:20:44.340,-0.844,-0.41,0.199,-131.6315845146508,-33.48445191040529,46.82894846028523,1.0
2016-08-02 15:20:44.350,-0.848,-0.41,0.18,-135.9903175095786,-33.24263282579917,48.53291292696885,1.0
2016-08-02 15:20:44.360,-0.848,-0.398,0.184,-140.28493668758753,-34.14086479660888,49.92619975458482,1.0
2016-08-02 15:20:44.370,-0.832,-0.398,0.188,-146.1157182032229,-37.41648310793218,51.06398268966081,1.0
2016-08-02 15:20:44.380,-0.813,-0.391,0.215,-150.98292884242258,-40.243279978940805,51.49024824703455,1.0
2016-08-02 15:20:44.390,-0.777,-0.406,0.242,-150.14779864429207,-41.563873130414834,51.23749347097291,1.0
2016-08-02 15:20:44.400,-0.758,-0.406,0.234,-143.59500039463182,-40.41499325144816,51.324283390496745,1.0
2016-08-02 15:20:44.410,-0.77,-0.387,0.199,-136.24666896757327,-38.09203943590843,52.108150156393265,1.0
2016-08-02 15:20:44.420,-0.773,-0.363,0.168,-133.03176550837654,-39.778522730295855,52.15077323601993,1.0
2016-08-02 15:20:44.430,-0.773,-0.328,0.129,-134.6720786318149,-43.827087452973316,50.792186646247494,1.0
2016-08-02 15:20:44.440,-0.805,-0.355,0.082,-137.1797563449996,-46.59983999176835,49.89629436805551,1.0
2016-08-02 15:20:44.450,-0.859,-0.426,0.051,-136.91427523560228,-50.83044290320007,49.543450118009616,1.0
2016-08-02 15:20:44.460,-0.887,-0.43,0.066,-132.5069191414032,-56.664361342851265,48.18023802206805,1.0
2016-08-02 15:20:44.470,-0.855,-0.414,0.098,-125.53397398109593,-60.206175227180154,47.980252074729364,1.0
2016-08-02 15:20:44.480,-0.84,-0.43,0.121,-119.43457591489943,-60.32274986733328,51.36506771237135,1.0
2016-08-02 15:20:44.490,-0.855,-0.449,0.145,-112.94865323267032,-60.92874366544892,54.79168295070286,1.0
2016-08-02 15:20:44.500,-0.82,-0.441,0.176,-103.63071321502952,-64.879638068373,54.33728403758667,1.0
2016-08-02 15:20:44.510,-0.77,-0.445,0.164,-93.6464010082895,-66.51866296273408,52.484676152970735,1.0
2016-08-02 15:20:44.520,-0.793,-0.434,0.125,-84.64275400713667,-64.28424272786125,52.358070472127,1.0
2016-08-02 15:20:44.530,-0.813,-0.422,0.09,-77.17408032584551,-65.79321727715035,52.91235992351229,1.0
2016-08-02 15:20:44.540,-0.793,-0.363,0.082,-73.0039005886145,-69.51573854490645,53.589304802779445,1.0
2016-08-02 15:20:44.550,-0.762,-0.305,0.105,-71.60956027603143,-69.86351406773362,54.87934582933986,1.0
2016-08-02 15:20:44.560,-0.742,-0.305,0.148,-70.52948092975242,-70.14378530844998,55.31160172150079,1.0
2016-08-02 15:20:44.570,-0.738,-0.348,0.188,-67.90270025094802,-71.42664357647354,53.37348966728146,1.0
2016-08-02 15:20:44.580,-0.785,-0.402,0.207,-62.96800783058527,-72.0484461584257,49.54110138714704,1.0
2016-08-02 15:20:44.590,-0.809,-0.406,0.23,-56.84553075585586,-74.77010855990646,45.52009443752024,1.0
2016-08-02 15:20:44.600,-0.82,-0.398,0.211,-50.105212640963344,-77.78439171642492,43.59295449493578,1.0
2016-08-02 15:20:44.610,-0.859,-0.375,0.215,-43.80819029202493,-78.27417549162179,45.38135587258979,1.0
2016-08-02 15:20:44.620,-0.813,-0.344,0.234,-40.321123641877094,-79.3207336201829,48.598925474994886,1.0
2016-08-02 15:20:44.630,-0.781,-0.328,0.242,-38.818290381243585,-78.34347498839813,49.732905707287586,1.0
2016-08-02 15:20:44.640,-0.801,-0.32,0.254,-40.230704428963286,-76.91634219537119,49.230256106881576,1.0
2016-08-02 15:20:44.650,-0.746,-0.293,0.258,-46.13302119640854,-81.82659526748029,48.22301520651447,1.0
2016-08-02 15:20:44.660,-0.746,-0.344,0.266,-50.5461459933552,-84.549690020079,47.83602992194985,1.0
2016-08-02 15:20:44.670,-0.781,-0.398,0.273,-48.52789735687195,-82.13826668650535,50.81022445207563,1.0
2016-08-02 15:20:44.680,-0.785,-0.355,0.293,-40.94952152932484,-82.45108307296758,57.54792222497221,1.0
2016-08-02 15:20:44.690,-0.73,-0.305,0.355,-33.455819454677446,-82.21639426997459,65.03804689848047,1.0
2016-08-02 15:20:44.700,-0.613,-0.262,0.418,-34.33510059778164,-78.60785489806784,68.265956473047,1.0
2016-08-02 15:20:44.710,-0.563,-0.25,0.398,-39.29477449318111,-72.23420515966751,64.35632026898324,1.0
2016-08-02 15:20:44.720,-0.625,-0.297,0.375,-39.51720905202744,-65.55414135863587,57.647708505353236,1.0
2016-08-02 15:20:44.730,-0.672,-0.297,0.34,-40.63484513556804,-64.84427254589146,53.83923130470594,1.0
2016-08-02 15:20:44.740,-0.676,-0.316,0.328,-44.817204091889494,-64.88217727117814,52.4591984639904,1.0
2016-08-02 15:20:44.750,-0.688,-0.355,0.332,-41.68344659180549,-57.783602154303374,51.836732185868605,1.0
2016-08-02 15:20:44.760,-0.711,-0.316,0.316,-32.339960151313086,-48.11818487906004,53.26609958960508,1.0
2016-08-02 15:20:44.770,-0.738,-0.258,0.305,-31.51788349729935,-42.516329005369855,55.81672711082287,1.0
2016-08-02 15:20:44.780,-0.742,-0.27,0.324,-40.44684127308301,-42.03175536592214,55.7905596934913,1.0
2016-08-02 15:20:44.790,-0.707,-0.305,0.375,-43.853904420718195,-41.629417773139934,51.89945845253379,1.0
2016-08-02 15:20:44.800,-0.684,-0.355,0.402,-37.45235364998405,-34.98273262146759,44.982476529034784,1.0
2016-08-02 15:20:44.810,-0.703,-0.395,0.395,-29.735276799086456,-24.053412635896677,35.04210402720224,1.0
2016-08-02 15:20:44.820,-0.73,-0.367,0.352,-24.373992534611062,-14.122146680235534,23.019335888353307,1.0
2016-08-02 15:20:44.830,-0.77,-0.332,0.32,-24.23097165232296,-6.952996886006264,11.445113344504726,1.0
2016-08-02 15:20:44.840,-0.766,-0.309,0.324,-30.141288415336852,-4.23743837985904,1.7865116498455516,1.0
2016-08-02 15:20:44.850,-0.773,-0.309,0.348,-33.92652475708892,-3.2363284690179452,-4.02741558797032,1.0
2016-08-02 15:20:44.860,-0.785,-0.332,0.375,-30.451919010112434,-0.0962647168297428,-4.983725624012379,1.0
2016-08-02 15:20:44.870,-0.797,-0.344,0.375,-22.39482513976791,1.9534160208301579,-4.759823603763094,1.0
2016-08-02 15:20:44.880,-0.859,-0.348,0.359,-12.82165302537308,1.2486785491383203,-5.634430860229598,1.0
2016-08-02 15:20:44.890,-0.879,-0.34,0.371,-3.201593504240105,-0.10831270465653309,-6.0777516819464035,1.0
2016-08-02 15:20:44.900,-0.871,-0.336,0.398,6.916259884775293,-0.10911725136441391,-6.554017186476095,1.0
2016-08-02 15:20:44.910,-0.859,-0.305,0.438,15.69734889640924,1.2199935891808522,-7.809333668695256,1.0
2016-08-02 15:20:44.920,-0.816,-0.258,0.461,18.05510435137611,0.6516907199851697,-8.96663156749871,1.0
2016-08-02 15:20:44.930,-0.785,-0.23,0.457,16.663540559739015,0.1542285988785843,-9.973389937998705,1.0
2016-08-02 15:20:44.940,-0.824,-0.246,0.434,19.759590300347483,2.445453789241995,-10.726365498734172,1.0
2016-08-02 15:20:44.950,-0.836,-0.258,0.41,26.914150836077816,3.572604496787444,-11.217535950069461,1.0
2016-08-02 15:20:44.960,-0.852,-0.242,0.414,32.698150038897275,3.4001795870547133,-11.649849668116778,1.0
2016-08-02 15:20:44.970,-0.867,-0.25,0.434,36.09074285920624,3.598609603007737,-10.995588315158408,1.0
2016-08-02 15:20:44.980,-0.848,-0.27,0.457,38.91378825886701,2.5846438839350334,-9.478476000649955,1.0
2016-08-02 15:20:44.990,-0.84,-0.285,0.484,42.556769959467836,2.2741225222084567,-8.784135055473346,1.0
2016-08-02 15:20:45.000,-0.848,-0.285,0.484,44.63214926809332,3.030857128730404,-8.967121026853722,1.0
2016-08-02 15:20:45.010,-0.848,-0.297,0.473,43.60574808411212,3.521510700270099,-9.829111022228586,1.0
2016-08-02 15:20:45.020,-0.863,-0.328,0.453,44.42310129866176,6.4511789941458435,-11.097779033854536,1.0
2016-08-02 15:20:45.030,-0.852,-0.309,0.434,46.477465673936656,10.261563967106653,-12.004540625906593,1.0
2016-08-02 15:20:45.040,-0.855,-0.301,0.418,43.001589087430766,11.524719609899584,-13.338369303374092,1.0
2016-08-02 15:20:45.050,-0.867,-0.309,0.41,36.629373244288935,11.628903091567441,-14.567458433359512,1.0
2016-08-02 15:20:45.060,-0.852,-0.328,0.422,33.89205879616735,10.89483027024447,-14.24940724160356,1.0
2016-08-02 15:20:45.070,-0.801,-0.34,0.449,34.701070307805146,10.777164032678526,-14.26448698856349,1.0
2016-08-02 15:20:45.080,-0.785,-0.336,0.441,36.47489268912763,13.567093010252385,-15.849025397966393,1.0
2016-08-02 15:20:45.090,-0.785,-0.34,0.438,37.763545919054714,16.373875091702,-17.671557359284634,1.0
2016-08-02 15:20:45.100,-0.762,-0.34,0.43,39.816061235544105,19.07678276460593,-19.529084477633823,1.0
2016-08-02 15:20:45.110,-0.754,-0.305,0.41,43.23990243531367,24.04640679985464,-21.688083725614653,1.0
2016-08-02 15:20:45.120,-0.754,-0.285,0.398,43.78137367271034,27.426788696437722,-23.732914153309785,1.0
2016-08-02 15:20:45.130,-0.754,-0.262,0.383,40.49689441761535,27.905390079762824,-25.839965211307756,1.0
2016-08-02 15:20:45.140,-0.75,-0.266,0.395,37.77004697820338,29.120912550972267,-28.400966193310317,1.0
2016-08-02 15:20:45.150,-0.719,-0.266,0.406,37.044928073638914,31.25893597238641,-31.69812831541971,1.0
2016-08-02 15:20:45.160,-0.703,-0.281,0.422,39.16062671548326,34.787492251861465,-36.09640069938662,1.0
2016-08-02 15:20:45.170,-0.703,-0.297,0.422,44.873317901905025,40.047619988246275,-40.4594799282296,1.0
2016-08-02 15:20:45.180,-0.691,-0.27,0.41,50.90842063522932,44.21158929445405,-43.43505471358769,1.0
2016-08-02 15:20:45.190,-0.684,-0.258,0.391,55.09421952263388,47.16108814594678,-45.792457094011255,1.0
2016-08-02 15:20:45.200,-0.695,-0.242,0.371,57.88089549615235,49.34469043392534,-47.76430145308617,1.0
2016-08-02 15:20:45.210,-0.699,-0.238,0.355,59.59923432561533,49.83804317398385,-48.5942783114676,1.0
2016-08-02 15:20:45.220,-0.707,-0.266,0.34,62.12119284930718,51.03725002137912,-49.307181777500915,1.0
2016-08-02 15:20:45.230,-0.73,-0.27,0.324,66.1845504833044,53.20971458312158,-50.868983550640415,1.0
2016-08-02 15:20:45.240,-0.746,-0.23,0.332,67.76250178711807,52.36804030134278,-52.16571751169933,1.0
2016-08-02 15:20:45.250,-0.727,-0.23,0.348,65.77517388419514,49.47640320598129,-52.8723257891822,1.0
2016-08-02 15:20:45.260,-0.715,-0.234,0.379,66.15158666763608,48.23198852199301,-54.13892415110932,1.0
2016-08-02 15:20:45.270,-0.684,-0.258,0.422,71.40893192747212,48.8218845161023,-55.359412989062186,1.0
2016-08-02 15:20:45.280,-0.641,-0.285,0.438,79.51809806154478,52.427027016454225,-55.87421994485789,1.0
2016-08-02 15:20:45.290,-0.617,-0.273,0.41,90.1191266843319,59.779787562608774,-57.51466043768147,1.0
2016-08-02 15:20:45.300,-0.66,-0.27,0.344,98.87832437733438,66.3047821468902,-60.452536769797284,1.0
2016-08-02 15:20:45.310,-0.738,-0.246,0.27,100.0170490472237,67.26133634856284,-62.31320338234418,1.0
2016-08-02 15:20:45.320,-0.781,-0.195,0.219,95.57397930005395,62.49182541803272,-62.239731986724124,1.0
2016-08-02 15:20:45.330,-0.797,-0.176,0.238,89.30727890240581,55.1900805524084,-61.29118831289607,1.0
2016-08-02 15:20:45.340,-0.793,-0.215,0.305,83.69419515230673,48.515347056787405,-60.908835867871076,1.0
2016-08-02 15:20:45.350,-0.723,-0.258,0.41,84.02701924147388,44.77945680411942,-61.554045787287066,1.0
2016-08-02 15:20:45.360,-0.621,-0.297,0.469,92.37445723803462,47.411074688981536,-63.32589725659601,1.0
2016-08-02 15:20:45.370,-0.582,-0.332,0.43,103.60469033112047,56.85972962096031,-67.30694825610041,1.0
2016-08-02 15:20:45.380,-0.652,-0.313,0.316,111.93011247745476,66.41628861995957,-71.640032560977,1.0
2016-08-02 15:20:45.390,-0.793,-0.285,0.172,113.62747787853854,69.06061513597949,-70.68379176623546,1.0
2016-08-02 15:20:45.400,-0.93,-0.246,0.082,106.60436703381505,63.45554423090748,-63.13222595323527,1.0
2016-08-02 15:20:45.410,-0.965,-0.211,0.098,94.10600077147238,51.83572757131999,-54.410066910098024,1.0
2016-08-02 15:20:45.420,-0.883,-0.246,0.227,83.16120219239184,41.671726406926645,-49.66624908993926,1.0
2016-08-02 15:20:45.430,-0.789,-0.344,0.379,80.36399510714045,41.24863287377751,-49.44764601111234,1.0
2016-08-02 15:20:45.440,-0.676,-0.383,0.453,88.93461110386835,47.88968425275472,-51.51489513090716,1.0
2016-08-02 15:20:45.450,-0.609,-0.355,0.422,101.77121255292197,56.23167260297105,-54.939085130967406,1.0
2016-08-02 15:20:45.460,-0.691,-0.332,0.277,107.34586726598236,64.85502097617413,-58.806005717606624,1.0
2016-08-02 15:20:45.470,-0.879,-0.293,0.133,104.08158720277723,66.28241251662524,-58.84507792933861,1.0
2016-08-02 15:20:45.480,-1.0,-0.223,0.078,94.55316050533877,55.70530908148914,-53.16107896584198,1.0
2016-08-02 15:20:45.490,-0.969,-0.199,0.141,78.34902653550698,42.43388293688046,-46.89246275971841,1.0
2016-08-02 15:20:45.500,-0.883,-0.246,0.273,63.68518046103698,37.00849427562194,-44.40956192192946,1.0
2016-08-02 15:20:45.510,-0.77,-0.34,0.41,64.27236949645173,40.274139265454664,-43.388586664502625,1.0
2016-08-02 15:20:45.520,-0.66,-0.383,0.438,78.4606578524261,49.26752016711925,-42.702735505098445,1.0
2016-08-02 15:20:45.530,-0.66,-0.355,0.332,93.55541617327918,60.77414033888729,-44.54363468315511,1.0
2016-08-02 15:20:45.540,-0.824,-0.344,0.152,101.0140659341474,66.89406794842606,-46.085815106396815,1.0
2016-08-02 15:20:45.550,-1.023,-0.316,0.039,94.93265894624264,60.1050968177169,-43.69248275864645,1.0
2016-08-02 15:20:45.560,-1.105,-0.273,0.047,75.86758023348645,43.454516732467404,-39.3995783550297,1.0
2016-08-02 15:20:45.570,-1.074,-0.313,0.176,55.06047896102959,27.807550048718188,-36.338164030664,1.0
2016-08-02 15:20:45.580,-0.984,-0.438,0.348,47.00863693363341,20.935240035620126,-35.005870003458526,1.0
2016-08-02 15:20:45.590,-0.859,-0.527,0.457,59.60106839334019,23.170447461077185,-35.06191785207855,1.0
2016-08-02 15:20:45.600,-0.789,-0.523,0.438,84.55739399985256,30.719000508639493,-37.710203385237755,1.0
2016-08-02 15:20:45.610,-0.828,-0.488,0.313,104.93640307795677,37.74805570338054,-40.79667138224744,1.0
2016-08-02 15:20:45.620,-0.957,-0.406,0.141,110.85340563616674,39.13081605301208,-38.966384578746066,1.0
2016-08-02 15:20:45.630,-1.109,-0.344,0.035,99.81833658828647,32.520630919178394,-32.985478929232954,1.0
2016-08-02 15:20:45.640,-1.152,-0.309,0.074,77.28503905534102,18.985819417026633,-27.147197420340856,1.0
2016-08-02 15:20:45.650,-1.086,-0.363,0.203,57.57703603305768,7.644865829783177,-23.2141829371406,1.0
2016-08-02 15:20:45.660,-1.016,-0.465,0.359,51.7649658410104,6.5485932725929406,-20.98028641048984,1.0
2016-08-02 15:20:45.670,-0.934,-0.52,0.449,60.100287986713894,10.952943653565544,-19.274056460388945,1.0
2016-08-02 15:20:45.680,-0.879,-0.512,0.453,75.37055502211659,16.111729622868918,-18.479226212751357,1.0
2016-08-02 15:20:45.690,-0.867,-0.441,0.391,86.61182388556946,22.429488074991866,-17.956971112418547,1.0
2016-08-02 15:20:45.700,-0.906,-0.344,0.293,86.3630216191776,26.638118534346447,-15.358140076701723,1.0
2016-08-02 15:20:45.710,-0.977,-0.328,0.219,77.27532096540911,26.483152067494416,-12.097948770626097,1.0
2016-08-02 15:20:45.720,-1.043,-0.352,0.223,67.87372259685209,22.98108633002262,-10.054446802322182,1.0
2016-08-02 15:20:45.730,-1.0,-0.328,0.293,61.5891638921953,18.308113668345946,-8.635043772823671,1.0
2016-08-02 15:20:45.740,-0.949,-0.344,0.375,55.09300913822358,17.227166918435678,-8.54091420196687,1.0
2016-08-02 15:20:45.750,-0.949,-0.398,0.434,50.31722987525096,19.634514920419406,-9.165727037281286,1.0
2016-08-02 15:20:45.760,-0.914,-0.426,0.449,53.071241109509906,21.578807850558242,-8.593140568160248,1.0
2016-08-02 15:20:45.770,-0.895,-0.426,0.406,59.3717511469309,24.453507172647434,-8.1934752789031,1.0
2016-08-02 15:20:45.780,-0.934,-0.434,0.32,61.58191478112711,28.209319622840823,-7.575029665049858,1.0
2016-08-02 15:20:45.790,-1.016,-0.43,0.223,57.92910423461894,28.512607148731504,-4.343699360962035,1.0
2016-08-02 15:20:45.800,-1.074,-0.426,0.188,48.4733610816521,24.478329436260637,-0.27431691618199827,1.0
2016-08-02 15:20:45.810,-1.078,-0.445,0.211,36.47630071344704,19.311162248164425,2.6168545907569714,1.0
2016-08-02 15:20:45.820,-1.078,-0.5,0.262,29.039059874689695,16.25340876662928,4.821987324673788,1.0
2016-08-02 15:20:45.830,-1.066,-0.543,0.32,28.807553748401965,14.835439609531416,7.119658569397647,1.0
2016-08-02 15:20:45.840,-1.031,-0.547,0.359,32.5658400759412,13.888903411726076,9.275588561227563,1.0
2016-08-02 15:20:45.850,-0.992,-0.512,0.363,37.023174193466986,14.285022255197386,10.025023382596276,1.0
2016-08-02 15:20:45.860,-0.977,-0.461,0.336,40.011601112557045,15.30274581164057,10.414649177306613,1.0
2016-08-02 15:20:45.870,-0.984,-0.398,0.285,39.27739552858517,16.00148575754846,12.367766813617182,1.0
2016-08-02 15:20:45.880,-1.008,-0.348,0.25,34.89562133520489,16.394317275969666,14.832135674807859,1.0
2016-08-02 15:20:45.890,-1.012,-0.32,0.258,29.293630364653563,16.21200966378172,16.108670314606663,1.0
2016-08-02 15:20:45.900,-1.012,-0.301,0.297,23.9895172562874,16.69063768857622,15.649569232694322,1.0
2016-08-02 15:20:45.910,-1.016,-0.301,0.348,20.210940232359846,18.13012009079318,14.324150215415354,1.0
2016-08-02 15:20:45.920,-0.988,-0.309,0.383,19.097988455997577,19.57029531317097,13.764462072551847,1.0
2016-08-02 15:20:45.930,-0.973,-0.313,0.402,21.030263451965837,22.028852463565517,13.584747876281398,1.0
2016-08-02 15:20:45.940,-0.961,-0.301,0.391,26.40723045055295,24.926561483840388,13.274368584328167,1.0
2016-08-02 15:20:45.950,-0.957,-0.281,0.352,33.18576976648687,26.619320066280522,13.57307652887318,1.0
2016-08-02 15:20:45.960,-0.973,-0.266,0.297,37.473559150569415,27.184025418799866,13.39427211476043,1.0
2016-08-02 15:20:45.970,-1.0,-0.289,0.266,38.25250080283017,25.169256009370685,11.155117504382355,1.0
2016-08-02 15:20:45.980,-1.016,-0.313,0.258,36.658008687693055,20.28522663030455,7.214071138360773,1.0
2016-08-02 15:20:45.990,-1.023,-0.332,0.27,34.23005297626244,15.59889055239092,3.228326572395324,1.0
2016-08-02 15:20:46.000,-1.031,-0.363,0.297,34.86777668220347,12.403744121234652,0.7363086502551216,1.0
2016-08-02 15:20:46.010,-1.016,-0.402,0.324,41.91254636131111,10.403178698337893,-0.6424187720046338,1.0
2016-08-02 15:20:46.020,-1.008,-0.434,0.316,51.70715648195892,10.378643657637983,-1.7581265347437276,1.0
2016-08-02 15:20:46.030,-1.035,-0.426,0.289,57.54044646380004,11.05810015482956,-2.0147601092277965,1.0
2016-08-02 15:20:46.040,-1.039,-0.387,0.25,57.4545488685476,9.856509769567653,-1.700981759402921,1.0
2016-08-02 15:20:46.050,-1.035,-0.391,0.219,53.0030757626106,7.981683512188541,-2.93547532931084,1.0
2016-08-02 15:20:46.060,-1.051,-0.418,0.215,47.94139439218813,6.718625802671601,-6.213918399962465,1.0
2016-08-02 15:20:46.070,-1.051,-0.41,0.238,45.734258141280456,4.782338476633477,-8.834981250177123,1.0
2016-08-02 15:20:46.080,-1.047,-0.398,0.266,43.75006292929149,3.306589830863465,-9.157769711781587,1.0
2016-08-02 15:20:46.090,-1.047,-0.406,0.297,40.587982785211324,3.5031970665441543,-8.617785279263694,1.0
2016-08-02 15:20:46.100,-1.039,-0.418,0.324,40.57993160587873,4.06030823924306,-8.122909830648188,1.0
2016-08-02 15:20:46.110,-1.035,-0.414,0.336,40.998294853345065,4.940096507904477,-7.921624151100431,1.0
2016-08-02 15:20:46.120,-1.047,-0.395,0.352,35.00794427280349,5.655472513861453,-8.93786847121962,1.0
2016-08-02 15:20:46.130,-1.035,-0.387,0.355,25.51780268804502,4.7386796277036,-11.073466694600189,1.0
2016-08-02 15:20:46.140,-1.035,-0.383,0.355,18.577602545924297,3.7718407806798133,-13.685997516487664,1.0
2016-08-02 15:20:46.150,-1.051,-0.395,0.348,15.05159910989727,3.7935429777662493,-16.652995063808277,1.0
2016-08-02 15:20:46.160,-1.055,-0.414,0.352,13.802366681280823,2.911307966909879,-19.702674020630454,1.0
2016-08-02 15:20:46.170,-1.055,-0.418,0.359,12.193400644291504,1.3276340455630513,-22.358325292757968,1.0
2016-08-02 15:20:46.180,-1.059,-0.418,0.371,7.018900061785118,0.46451074656704217,-24.260218612708503,1.0
2016-08-02 15:20:46.190,-1.051,-0.434,0.387,-0.13396345050121705,0.012914900991658373,-25.713762068721273,1.0
2016-08-02 15:20:46.200,-1.039,-0.449,0.391,-5.161446967406154,0.01831940617427208,-27.353286065016217,1.0
2016-08-02 15:20:46.210,-1.039,-0.461,0.375,-8.895423307804748,0.7212275346722776,-29.079467845699035,1.0
2016-08-02 15:20:46.220,-1.035,-0.473,0.363,-14.057449073890979,1.441519625744187,-30.353931637591145,1.0
2016-08-02 15:20:46.230,-1.039,-0.484,0.355,-19.841876315401194,1.8157221633841858,-30.977801878199834,1.0
2016-08-02 15:20:46.240,-1.031,-0.504,0.352,-24.674796396955124,1.8846857934279169,-31.10943529038797,1.0
2016-08-02 15:20:46.250,-1.023,-0.512,0.348,-27.883409019877988,1.6025917456581147,-30.770047704970377,1.0
2016-08-02 15:20:46.260,-1.008,-0.52,0.355,-28.999875189058,1.1331255827285611,-29.979347764425228,1.0
2016-08-02 15:20:46.270,-0.984,-0.527,0.352,-27.85219271346069,1.075655166000654,-29.004394611115703,1.0
2016-08-02 15:20:46.280,-0.957,-0.523,0.336,-25.114313265603506,1.6440080047720316,-27.74813260047991,1.0
2016-08-02 15:20:46.290,-0.945,-0.52,0.32,-22.998792918864567,2.3848548576216606,-25.85986104098153,1.0
2016-08-02 15:20:46.300,-0.941,-0.504,0.305,-22.669466933291258,3.098336172152375,-23.41258224568163,1.0
2016-08-02 15:20:46.310,-0.938,-0.492,0.293,-22.877911941209213,3.1321139333773536,-20.648007640955306,1.0
2016-08-02 15:20:46.320,-0.926,-0.488,0.289,-22.657536057709716,2.22063471570646,-17.69095446109654,1.0
2016-08-02 15:20:46.330,-0.91,-0.484,0.301,-21.881749332829287,1.5090708584545292,-14.91936373251178,1.0
2016-08-02 15:20:46.340,-0.895,-0.484,0.316,-19.489434577352256,1.112944129824867,-12.634542969958138,1.0
2016-08-02 15:20:46.350,-0.883,-0.484,0.316,-15.098162868112349,0.9467947139501212,-10.726877174486665,1.0
2016-08-02 15:20:46.360,-0.891,-0.477,0.301,-11.116435422963963,1.656479034561484,-8.976475955758046,1.0
2016-08-02 15:20:46.370,-0.906,-0.469,0.289,-8.606086503781096,2.243970363572164,-6.9540935713137655,1.0
2016-08-02 15:20:46.380,-0.91,-0.457,0.281,-6.203230840255449,1.9219801201511792,-4.6694774228840386,1.0
2016-08-02 15:20:46.390,-0.906,-0.457,0.277,-3.9611136778390117,1.4815872361201605,-3.0891277655032328,1.0
2016-08-02 15:20:46.400,-0.914,-0.465,0.277,-1.6781494601378661,0.7996052273169656,-2.9078802767137244,1.0
2016-08-02 15:20:46.410,-0.918,-0.48,0.285,1.178851887992802,-0.5326425543898476,-3.4266107333275535,1.0
2016-08-02 15:20:46.420,-0.926,-0.488,0.297,3.7062504909300937,-1.8209160466699972,-3.6987570029538848,1.0
2016-08-02 15:20:46.430,-0.93,-0.492,0.305,6.650244780136484,-2.4412391316621633,-3.9105373465505773,1.0
2016-08-02 15:20:46.440,-0.945,-0.496,0.297,10.12149882468133,-2.353934965109523,-4.1196029810323305,1.0
2016-08-02 15:20:46.450,-0.965,-0.5,0.277,10.802740225369622,-1.9155416150850613,-4.089417753004454,1.0
2016-08-02 15:20:46.460,-0.984,-0.488,0.262,7.888754018204712,-2.2326616656933167,-4.385585808285833,1.0
2016-08-02 15:20:46.470,-0.996,-0.484,0.254,3.672121040932179,-4.10436929800921,-5.102321432782222,1.0
2016-08-02 15:20:46.480,-0.996,-0.504,0.262,-0.31714221578187823,-6.308267185527178,-5.816562372939163,1.0
2016-08-02 15:20:46.490,-0.988,-0.512,0.277,-2.426073221845086,-7.500498429467736,-6.6148281852535895,1.0
2016-08-02 15:20:46.500,-0.996,-0.516,0.297,-2.603246305393674,-8.139353846761752,-7.257450907249741,1.0
2016-08-02 15:20:46.510,-0.98,-0.523,0.316,-2.8443413730453275,-8.271351426806053,-7.485367815180451,1.0
2016-08-02 15:20:46.520,-0.973,-0.523,0.32,-3.738240384787382,-7.260123949929289,-7.648452320561203,1.0
2016-08-02 15:20:46.530,-0.977,-0.52,0.309,-6.083733620956837,-5.573075359248493,-7.872569431715357,1.0
2016-08-02 15:20:46.540,-0.988,-0.508,0.297,-11.4006622081448,-3.9533251048515,-8.245856842979043,1.0
2016-08-02 15:20:46.550,-0.992,-0.488,0.281,-18.67006271414727,-2.7914547991179877,-8.907954392109485,1.0
2016-08-02 15:20:46.560,-0.988,-0.48,0.285,-25.894454501194716,-2.2141379685503146,-9.338654095467641,1.0
2016-08-02 15:20:46.570,-0.98,-0.488,0.289,-32.20834894637905,-1.834646722318698,-9.519322607547977,1.0
2016-08-02 15:20:46.580,-0.984,-0.492,0.293,-37.139503163652385,-1.7184099354185718,-10.102067895259882,1.0
2016-08-02 15:20:46.590,-0.973,-0.504,0.313,-41.14134938632884,-2.0808217026503093,-10.428799018658673,1.0
2016-08-02 15:20:46.600,-0.953,-0.52,0.332,-43.83517053473905,-1.7028717246437792,-10.178271599294497,1.0
2016-08-02 15:20:46.610,-0.941,-0.52,0.328,-43.951872969036486,0.18190849547929394,-10.195064687570099,1.0
2016-08-02 15:20:46.620,-0.938,-0.52,0.313,-44.48989140919917,2.0504579472930144,-9.613200054522148,1.0
2016-08-02 15:20:46.630,-0.957,-0.508,0.285,-48.559823671843354,2.557505934245124,-8.19818363609507,1.0
2016-08-02 15:20:46.640,-0.984,-0.5,0.266,-53.79411169870831,1.697018667583481,-7.4080966210626285,1.0
2016-08-02 15:20:46.650,-0.988,-0.508,0.262,-58.77200408820976,0.5290985347712179,-6.666445392957752,1.0
2016-08-02 15:20:46.660,-1.0,-0.523,0.27,-63.630691118613164,0.16474257815450602,-5.584809349286722,1.0
2016-08-02 15:20:46.670,-0.988,-0.543,0.285,-66.03564392933883,-0.4544721256670053,-5.173122793166858,1.0
2016-08-02 15:20:46.680,-0.969,-0.559,0.313,-64.69849553648528,-1.0419329699865885,-5.147790470176964,1.0
2016-08-02 15:20:46.690,-0.965,-0.566,0.309,-60.96407704579329,0.75107189570745,-5.082872592244735,1.0
2016-08-02 15:20:46.700,-0.98,-0.543,0.285,-57.13169509437604,3.450236579475094,-4.877007566337451,1.0
2016-08-02 15:20:46.710,-0.992,-0.52,0.262,-55.182439270899465,4.467485484452848,-4.620732694284046,1.0
2016-08-02 15:20:46.720,-0.996,-0.512,0.238,-55.091580233324215,4.3016878300715495,-5.083828799182452,1.0
2016-08-02 15:20:46.730,-1.0,-0.527,0.242,-55.390300487061964,3.181935267769835,-6.334669370309383,1.0
2016-08-02 15:20:46.740,-0.984,-0.52,0.25,-55.281550132870194,1.1251008494694885,-7.903390835053061,1.0
2016-08-02 15:20:46.750,-0.961,-0.5,0.266,-54.709093518627114,0.0205304327909763,-8.749693434303033,1.0
2016-08-02 15:20:46.760,-0.945,-0.512,0.266,-52.02851678115083,0.7482535148689637,-7.955450835603155,1.0
2016-08-02 15:20:46.770,-0.953,-0.516,0.246,-44.79425901253265,1.6758547909080779,-7.284779180406716,1.0
2016-08-02 15:20:46.780,-0.953,-0.512,0.215,-35.72088695372915,1.8653480665313857,-7.913929537709353,1.0
2016-08-02 15:20:46.790,-0.957,-0.5,0.195,-31.00493160388742,1.9316295698785368,-8.084868361562343,1.0
2016-08-02 15:20:46.800,-0.961,-0.492,0.184,-30.764832129790157,1.0642275863990633,-7.466507789580765,1.0
2016-08-02 15:20:46.810,-0.953,-0.488,0.184,-30.706912548782565,-1.2498449751630711,-6.9068460110790175,1.0
2016-08-02 15:20:46.820,-0.945,-0.512,0.184,-29.020154330978922,-2.5234167737984077,-5.922300343377753,1.0
2016-08-02 15:20:46.830,-0.953,-0.539,0.18,-24.93988329238728,-2.4011042614589773,-4.63619680429254,1.0
2016-08-02 15:20:46.840,-0.957,-0.531,0.164,-19.290748623921736,-3.5133569947873573,-3.960298107906431,1.0
2016-08-02 15:20:46.850,-0.965,-0.52,0.168,-15.932930999271477,-5.83622239219144,-3.7358329885868455,1.0
2016-08-02 15:20:46.860,-0.953,-0.523,0.176,-15.741281545994099,-8.649259113107208,-3.513673963474913,1.0
2016-08-02 15:20:46.870,-0.941,-0.523,0.188,-15.94291587887369,-12.640537329532616,-3.8010327296912267,1.0
2016-08-02 15:20:46.880,-0.941,-0.535,0.199,-15.99458797630525,-16.58557269103749,-4.398543210028873,1.0
2016-08-02 15:20:46.890,-0.949,-0.523,0.195,-15.971306431071561,-19.274858278418183,-4.126107211371324,1.0
2016-08-02 15:20:46.900,-0.961,-0.516,0.18,-15.505877126669773,-21.72288658970606,-2.99708260760235,1.0
2016-08-02 15:20:46.910,-0.984,-0.527,0.16,-16.76400754971973,-24.57136737754986,-1.4947434176230494,1.0
2016-08-02 15:20:46.920,-1.008,-0.531,0.148,-21.138272979094527,-28.21483886545226,-0.03510803246627901,1.0
2016-08-02 15:20:46.930,-1.016,-0.527,0.164,-27.499071119939607,-32.7322103899175,1.105698923777071,1.0
2016-08-02 15:20:46.940,-0.996,-0.539,0.195,-34.772413966848504,-36.0827333484316,2.9590002990105253,1.0
2016-08-02 15:20:46.950,-0.977,-0.555,0.215,-40.8588557206928,-36.99529320921603,5.706093274006322,1.0
2016-08-02 15:20:46.960,-0.957,-0.559,0.23,-43.67179539777947,-36.67260724899074,8.466881380608754,1.0
2016-08-02 15:20:46.970,-0.949,-0.559,0.219,-45.40185314356383,-35.258376710238295,11.42617869745389,1.0
2016-08-02 15:20:46.980,-0.961,-0.547,0.191,-49.34474222217698,-32.873415366714504,14.510376110839655,1.0
2016-08-02 15:20:46.990,-0.961,-0.516,0.164,-55.307510594252584,-31.65110623251327,17.524338438840896,1.0
2016-08-02 15:20:47.000,-0.973,-0.484,0.133,-63.27778307606502,-31.640809116888633,20.9972277653773,1.0
2016-08-02 15:20:47.010,-0.961,-0.465,0.125,-73.77493969506511,-31.957732923637426,24.839216847022143,1.0
2016-08-02 15:20:47.020,-0.926,-0.457,0.145,-84.26134549822433,-33.79349925173826,28.414778286974,1.0
2016-08-02 15:20:47.030,-0.883,-0.492,0.172,-91.65888883157655,-35.882772760036985,31.283897500423024,1.0
2016-08-02 15:20:47.040,-0.859,-0.512,0.188,-94.64324478975269,-35.67139264955741,33.25365281963826,1.0
2016-08-02 15:20:47.050,-0.844,-0.504,0.188,-94.66129182861532,-34.45883573463351,34.796977309456636,1.0
2016-08-02 15:20:47.060,-0.848,-0.504,0.16,-95.65546026923457,-33.42993479632674,37.07406195733579,1.0
2016-08-02 15:20:47.070,-0.875,-0.477,0.125,-99.02119123920949,-32.63577470440284,40.25769860768934,1.0
2016-08-02 15:20:47.080,-0.875,-0.449,0.102,-104.5361779489749,-34.37003474703682,42.80243711101924,1.0
2016-08-02 15:20:47.090,-0.871,-0.457,0.098,-112.09468193601764,-37.923542880484916,44.13151226142512,1.0
2016-08-02 15:20:47.100,-0.867,-0.48,0.109,-117.1692194679423,-40.54542293063094,45.26897877071064,1.0
2016-08-02 15:20:47.110,-0.84,-0.477,0.137,-116.75194942965501,-43.26910787997154,46.195515963253285,1.0
2016-08-02 15:20:47.120,-0.813,-0.492,0.133,-114.56823292547325,-44.787524941493714,47.42753415337252,1.0
2016-08-02 15:20:47.130,-0.832,-0.48,0.109,-111.89843780942033,-43.40576338811914,50.29851494868483,1.0
2016-08-02 15:20:47.140,-0.855,-0.441,0.09,-109.06005169379428,-43.884664260489956,52.65934528753341,1.0
2016-08-02 15:20:47.150,-0.848,-0.414,0.086,-111.5408613690364,-47.23005854177765,52.337986892159186,1.0
2016-08-02 15:20:47.160,-0.852,-0.414,0.09,-118.23897965375588,-49.04658899619326,51.42276279123606,1.0
2016-08-02 15:20:47.170,-0.844,-0.41,0.113,-121.3133972309777,-50.67541119662579,51.36968763071728,1.0
2016-08-02 15:20:47.180,-0.844,-0.422,0.109,-121.37857972563268,-53.170222262331485,51.60450385589486,1.0
2016-08-02 15:20:47.190,-0.895,-0.453,0.117,-120.45987651276465,-53.97405384651127,52.460481969263,1.0
2016-08-02 15:20:47.200,-0.871,-0.426,0.152,-114.89452517198492,-55.12412107225801,53.24874267353274,1.0
2016-08-02 15:20:47.210,-0.797,-0.395,0.16,-107.37751849668102,-54.43972026629592,53.44841365599208,1.0
2016-08-02 15:20:47.220,-0.805,-0.375,0.137,-103.47342615292823,-47.75262142813763,55.41179032356497,1.0
2016-08-02 15:20:47.230,-0.816,-0.348,0.125,-101.26609995398485,-44.23711841603115,58.350701373284394,1.0
2016-08-02 15:20:47.240,-0.805,-0.348,0.102,-100.16190726733552,-48.37873096568451,58.72264676360121,1.0
2016-08-02 15:20:47.250,-0.813,-0.363,0.094,-103.56142700004555,-51.56690032280012,57.65944275252836,1.0
2016-08-02 15:20:47.260,-0.816,-0.355,0.09,-108.00779048222469,-53.18887436815406,57.28141666356936,1.0
2016-08-02 15:20:47.270,-0.828,-0.375,0.109,-107.98205342277276,-55.863807344638516,57.331117033442915,1.0
2016-08-02 15:20:47.280,-0.828,-0.414,0.125,-103.59528011219177,-56.710628719476674,58.20515130911208,1.0
2016-08-02 15:20:47.290,-0.824,-0.43,0.121,-95.24465855931965,-56.067000119108464,59.6724539413356,1.0
2016-08-02 15:20:47.300,-0.852,-0.426,0.113,-86.91703709456903,-56.662627767115225,60.6621955098678,1.0
2016-08-02 15:20:47.310,-0.867,-0.414,0.094,-85.60902839671132,-60.456112356751376,61.19640588798425,1.0
2016-08-02 15:20:47.320,-0.859,-0.414,0.102,-89.26779152119559,-67.09800590498713,61.612329050151196,1.0
2016-08-02 15:20:47.330,-0.805,-0.441,0.121,-89.75994881093533,-71.8954350562298,62.308823093469584,1.0
2016-08-02 15:20:47.340,-0.773,-0.465,0.129,-82.56226176638225,-70.91686158508865,63.72909252478128,1.0
2016-08-02 15:20:47.350,-0.77,-0.406,0.133,-70.4013914098011,-67.58473972115773,65.44465413280514,1.0
2016-08-02 15:20:47.360,-0.758,-0.391,0.078,-62.08905135994893,-66.41135818986356,67.7475721373759,1.0
2016-08-02 15:20:47.370,-0.863,-0.352,0.043,-63.61124391168198,-67.90623816823425,71.59013955524112,1.0
2016-08-02 15:20:47.380,-0.859,-0.25,0.07,-72.80011981240443,-77.23311348357365,74.31993938115357,1.0
2016-08-02 15:20:47.390,-0.754,-0.254,0.129,-82.79714377416482,-89.18749383166485,73.80301019009931,1.0
2016-08-02 15:20:47.400,-0.711,-0.309,0.234,-86.72370885600279,-90.17395212472584,72.2224382751785,1.0
2016-08-02 15:20:47.410,-0.594,-0.309,0.309,-81.42629495742894,-87.23466051198182,69.34465951710888,1.0
2016-08-02 15:20:47.420,-0.516,-0.305,0.301,-68.09928136341877,-79.98914455327866,65.39952437166122,1.0
2016-08-02 15:20:47.430,-0.633,-0.301,0.238,-53.433514763794925,-63.520781934994005,63.093677605872486,1.0
2016-08-02 15:20:47.440,-0.75,-0.223,0.141,-49.756565954888224,-60.94121981429662,62.45292243817147,1.0
2016-08-02 15:20:47.450,-0.793,-0.152,0.086,-61.178262595153875,-73.73012255033143,64.78224114062269,1.0
2016-08-02 15:20:47.460,-0.785,-0.168,0.125,-76.92952273232919,-80.5280506806237,68.73837132488757,1.0
2016-08-02 15:20:47.470,-0.695,-0.223,0.242,-85.65727388260026,-82.33396125004401,69.15140437020929,1.0
2016-08-02 15:20:47.480,-0.609,-0.285,0.32,-81.41946124196687,-76.74621607469919,67.57103648533484,1.0
2016-08-02 15:20:47.490,-0.609,-0.332,0.309,-65.17989900250414,-59.41704802035175,66.8101578239079,1.0
2016-08-02 15:20:47.500,-0.691,-0.301,0.227,-48.58518239510602,-46.004096577207754,65.45146465498449,1.0
2016-08-02 15:20:47.510,-0.789,-0.238,0.156,-45.243174462933084,-45.43095705937482,64.44855592696382,1.0
2016-08-02 15:20:47.520,-0.809,-0.176,0.141,-58.618412797523185,-52.55963556265797,64.54750463119896,1.0
2016-08-02 15:20:47.530,-0.785,-0.211,0.203,-74.68685906239259,-58.772396221624575,62.47086638047088,1.0
2016-08-02 15:20:47.540,-0.766,-0.309,0.277,-75.43354285274933,-55.426465484018436,56.94969546213488,1.0
2016-08-02 15:20:47.550,-0.742,-0.336,0.297,-62.903711216161106,-44.55552684164525,49.80672746255095,1.0
2016-08-02 15:20:47.560,-0.777,-0.313,0.254,-49.123350561132554,-33.46328560607125,41.91732739269878,1.0
2016-08-02 15:20:47.570,-0.82,-0.277,0.219,-39.23653804487091,-26.662735859458216,34.1443071635167,1.0
2016-08-02 15:20:47.580,-0.824,-0.246,0.23,-36.66524891366539,-25.77980825733108,27.163346568502213,1.0
2016-08-02 15:20:47.590,-0.816,-0.234,0.25,-39.07526548782384,-25.28321683990226,20.535973201685557,1.0
2016-08-02 15:20:47.600,-0.805,-0.246,0.273,-36.82851498497145,-21.51176491898196,14.612801883300932,1.0
2016-08-02 15:20:47.610,-0.809,-0.246,0.266,-28.6575942772449,-16.658510183938674,9.345701325247285,1.0
2016-08-02 15:20:47.620,-0.852,-0.246,0.25,-21.732544590586873,-12.084606296544115,3.649806110897689,1.0
2016-08-02 15:20:47.630,-0.875,-0.25,0.262,-17.728642421214733,-10.193796854169062,-1.7707883082763336,1.0
2016-08-02 15:20:47.640,-0.883,-0.238,0.293,-13.462226909907173,-10.541430979158697,-5.229293597057701,1.0
2016-08-02 15:20:47.650,-0.863,-0.23,0.344,-8.452910456345952,-10.033947923876351,-6.314395438670018,1.0
2016-08-02 15:20:47.660,-0.828,-0.223,0.383,-3.4183550004726486,-9.214449877611335,-5.947257138284529,1.0
2016-08-02 15:20:47.670,-0.852,-0.219,0.383,2.1195525431622926,-8.384407065943654,-6.161125748763146,1.0
2016-08-02 15:20:47.680,-0.875,-0.207,0.352,8.287213330463679,-6.750132248735893,-8.042732307248038,1.0
2016-08-02 15:20:47.690,-0.926,-0.223,0.336,15.948874866612432,-4.54095505013519,-10.625571327151926,1.0
2016-08-02 15:20:47.700,-0.906,-0.188,0.355,24.31690328892737,-2.995013654339244,-12.666703673881793,1.0
2016-08-02 15:20:47.710,-0.875,-0.156,0.395,28.754941758600044,-3.3635352831246665,-13.5261329858834,1.0
2016-08-02 15:20:47.720,-0.84,-0.176,0.43,30.430022329463256,-4.136024042381034,-13.137200503004504,1.0
2016-08-02 15:20:47.730,-0.801,-0.188,0.445,35.7565044325165,-2.899332484433793,-12.726886066662068,1.0
2016-08-02 15:20:47.740,-0.82,-0.191,0.414,42.353732690845014,0.33991633803445276,-14.253696060452612,1.0
2016-08-02 15:20:47.750,-0.852,-0.203,0.363,43.58243823245832,2.919744196444017,-17.59571008787313,1.0
2016-08-02 15:20:47.760,-0.867,-0.211,0.348,42.38054143080367,4.635104584114327,-20.848604745057255,1.0
2016-08-02 15:20:47.770,-0.887,-0.234,0.352,44.32694079920145,7.963967347720661,-22.737462535338594,1.0
2016-08-02 15:20:47.780,-0.867,-0.242,0.375,46.681323164242265,10.583277314457778,-23.24965638215158,1.0
2016-08-02 15:20:47.790,-0.848,-0.25,0.398,46.85638297612239,10.99624085212204,-23.55103712246058,1.0
2016-08-02 15:20:47.800,-0.828,-0.273,0.406,47.971613287977306,12.323434450099938,-24.337768377562572,1.0
2016-08-02 15:20:47.810,-0.809,-0.289,0.383,51.16316692545286,15.098843689213236,-25.8222653585084,1.0
2016-08-02 15:20:47.820,-0.816,-0.293,0.336,55.17225806524992,18.599191015908264,-28.3203727060542,1.0
2016-08-02 15:20:47.830,-0.84,-0.281,0.305,58.70814615741239,21.09152004310466,-30.672690059119223,1.0
2016-08-02 15:20:47.840,-0.891,-0.246,0.289,58.143670951644594,19.789550176725328,-31.014462210327743,1.0
2016-08-02 15:20:47.850,-0.902,-0.242,0.313,52.620260129160705,16.008220629120363,-29.129241585680255,1.0
2016-08-02 15:20:47.860,-0.891,-0.258,0.359,48.447595910732346,12.988635161223751,-27.449509992011098,1.0
2016-08-02 15:20:47.870,-0.867,-0.258,0.406,48.013827277193016,11.631385091655023,-28.079381476401437,1.0
2016-08-02 15:20:47.880,-0.832,-0.266,0.438,46.936125021102164,11.930645526327257,-30.220944574700496,1.0
2016-08-02 15:20:47.890,-0.809,-0.262,0.438,47.35427564799328,14.976456929246526,-33.09686146944351,1.0
2016-08-02 15:20:47.900,-0.785,-0.238,0.414,52.01281599598374,19.810080257775226,-36.41311953320663,1.0
2016-08-02 15:20:47.910,-0.777,-0.203,0.371,54.53572372563476,23.791264190375266,-39.22685854408619,1.0
2016-08-02 15:20:47.920,-0.828,-0.184,0.324,52.26018153729902,26.046297241842268,-40.351487027144586,1.0
2016-08-02 15:20:47.930,-0.855,-0.16,0.309,48.242534303706094,24.569158132799913,-38.499322200880044,1.0
2016-08-02 15:20:47.940,-0.824,-0.184,0.352,44.34589538844157,21.46335025658413,-35.83621073872905,1.0
2016-08-02 15:20:47.950,-0.82,-0.23,0.379,44.56515433967577,23.500906541532515,-36.32671493300788,1.0
2016-08-02 15:20:47.960,-0.852,-0.25,0.402,48.06667678469354,26.99193089746003,-38.7900558105782,1.0
2016-08-02 15:20:47.970,-0.832,-0.238,0.418,47.67575813964571,25.452812742955487,-40.63557320179934,1.0
2016-08-02 15:20:47.980,-0.805,-0.254,0.438,45.29132226619173,24.078330358373872,-42.44426408695993,1.0
2016-08-02 15:20:47.990,-0.801,-0.277,0.426,47.61992377099567,25.89994863730738,-43.49950869779331,1.0
2016-08-02 15:20:48.000,-0.785,-0.27,0.398,52.39048097352253,27.3565645073288,-42.63915302476184,1.0
2016-08-02 15:20:48.010,-0.742,-0.238,0.355,54.661621181297406,29.91625600778532,-42.28299740347087,1.0
2016-08-02 15:20:48.020,-0.723,-0.219,0.316,53.964371097786355,34.27125492912913,-44.73645485493272,1.0
2016-08-02 15:20:48.030,-0.711,-0.211,0.293,51.27086847815278,36.98904534132778,-48.86885226553392,1.0
2016-08-02 15:20:48.040,-0.73,-0.219,0.27,48.03445639348849,38.724821373850865,-52.3305157511197,1.0
2016-08-02 15:20:48.050,-0.766,-0.219,0.266,46.42982293045187,39.37207628550417,-53.590184437871535,1.0
2016-08-02 15:20:48.060,-0.766,-0.227,0.301,47.49353174703015,36.8296791946907,-52.57201697307116,1.0
2016-08-02 15:20:48.070,-0.723,-0.254,0.344,51.86184839964542,35.38500871851452,-51.21115379899418,1.0
2016-08-02 15:20:48.080,-0.688,-0.273,0.371,59.99948617770126,38.34980292116798,-52.041664306316136,1.0
2016-08-02 15:20:48.090,-0.664,-0.27,0.371,68.28518016316633,41.677879969486185,-55.106303366059144,1.0
2016-08-02 15:20:48.100,-0.656,-0.25,0.332,71.76008476667519,43.39685509209442,-58.762550127630476,1.0
2016-08-02 15:20:48.110,-0.695,-0.234,0.273,71.42915904542038,44.4890734682084,-62.49613547940276,1.0
2016-08-02 15:20:48.120,-0.738,-0.219,0.215,70.32931070042466,42.81106143708388,-65.12981363218526,1.0
2016-08-02 15:20:48.130,-0.766,-0.234,0.188,69.03778057852222,39.03317902873734,-65.28757283035928,1.0
2016-08-02 15:20:48.140,-0.801,-0.262,0.203,70.78437316097748,37.48672705683475,-63.72835037809783,1.0
2016-08-02 15:20:48.150,-0.766,-0.27,0.262,77.64335842317759,37.49611164121726,-60.80133374719844,1.0
2016-08-02 15:20:48.160,-0.699,-0.266,0.316,84.61760446704035,39.29388074122021,-58.41906935920191,1.0
2016-08-02 15:20:48.170,-0.684,-0.277,0.34,88.76107403298232,44.89201860762951,-59.47617296905666,1.0
2016-08-02 15:20:48.180,-0.676,-0.27,0.324,91.63732527622153,48.96559550717938,-61.416637902975225,1.0
2016-08-02 15:20:48.190,-0.691,-0.277,0.281,92.62586326020218,49.86964880313622,-62.38183041937759,1.0
2016-08-02 15:20:48.200,-0.781,-0.285,0.203,91.82524839922007,50.74295887468693,-63.489863071505084,1.0
2016-08-02 15:20:48.210,-0.863,-0.266,0.168,89.67549757741753,47.02878764169243,-61.246310476266245,1.0
2016-08-02 15:20:48.220,-0.859,-0.25,0.18,83.77627622298672,39.38355403031508,-55.445267402930675,1.0
2016-08-02 15:20:48.230,-0.836,-0.277,0.238,77.23445312094924,36.11925883300619,-52.350335858300014,1.0
2016-08-02 15:20:48.240,-0.785,-0.336,0.32,77.29130973098879,36.122304152449615,-52.3330399058698,1.0
2016-08-02 15:20:48.250,-0.715,-0.34,0.379,83.84468605024131,37.22454046856929,-52.26259856210762,1.0
2016-08-02 15:20:48.260,-0.676,-0.34,0.352,92.14398407046325,42.34344557516687,-51.899065589632826,1.0
2016-08-02 15:20:48.270,-0.723,-0.367,0.27,98.00028931742263,47.552029334127226,-50.988547622754254,1.0
2016-08-02 15:20:48.280,-0.836,-0.344,0.176,99.32834624264765,47.21894885447122,-48.86640694338371,1.0
2016-08-02 15:20:48.290,-0.895,-0.285,0.129,95.57410518553536,41.2238602177397,-44.531843863696075,1.0
2016-08-02 15:20:48.300,-0.887,-0.293,0.152,85.85072365539371,32.87012762977375,-40.09173665311866,1.0
2016-08-02 15:20:48.310,-0.859,-0.34,0.219,77.85665210954356,27.916901701145783,-38.47809907027203,1.0
2016-08-02 15:20:48.320,-0.82,-0.387,0.289,80.9132796937735,28.0837190397398,-36.800647907460075,1.0
2016-08-02 15:20:48.330,-0.785,-0.398,0.332,89.13812400633292,30.591595366662464,-34.30868765484945,1.0
2016-08-02 15:20:48.340,-0.773,-0.391,0.316,95.29241573832924,33.91413611114561,-33.24496473711242,1.0
2016-08-02 15:20:48.350,-0.828,-0.406,0.238,99.71466582237346,36.98934534669744,-31.784664773625337,1.0
2016-08-02 15:20:48.360,-0.965,-0.387,0.137,100.26914122150842,36.67930541128932,-29.255725420168815,1.0
2016-08-02 15:20:48.370,-1.066,-0.379,0.129,93.76357115068254,28.77009798773868,-26.078979200302555,1.0
2016-08-02 15:20:48.380,-1.039,-0.367,0.168,81.49824363754719,16.797024942145367,-22.054445411920018,1.0
2016-08-02 15:20:48.390,-0.992,-0.406,0.254,71.90802975021992,10.723947699483658,-18.852789706000458,1.0
2016-08-02 15:20:48.400,-0.941,-0.445,0.324,71.39757274469187,11.333270344973048,-15.465745666466951,1.0
2016-08-02 15:20:48.410,-0.883,-0.422,0.355,74.564072494089,13.935511037544682,-11.074177589656,1.0
2016-08-02 15:20:48.420,-0.867,-0.379,0.34,76.15886242830085,17.245970033335606,-8.44835894457674,1.0
2016-08-02 15:20:48.430,-0.883,-0.32,0.316,75.65296823698573,18.81320636133438,-7.501545702507309,1.0
2016-08-02 15:20:48.440,-0.953,-0.305,0.273,71.3716105273241,17.747868239600475,-7.461448315208253,1.0
2016-08-02 15:20:48.450,-1.012,-0.328,0.305,65.05191537683665,14.190964870038874,-9.313361246911583,1.0
2016-08-02 15:20:48.460,-0.98,-0.305,0.363,58.75882021980824,8.088375351653875,-11.737708141146392,1.0
2016-08-02 15:20:48.470,-0.938,-0.293,0.426,51.90278826785932,5.459650842822814,-13.325071158467953,1.0
2016-08-02 15:20:48.480,-0.93,-0.324,0.473,49.86150012113802,8.75435856896872,-13.334350459516825,1.0
2016-08-02 15:20:48.490,-0.898,-0.34,0.469,56.820104800124405,13.001601968368451,-11.341046130280596,1.0
2016-08-02 15:20:48.500,-0.91,-0.332,0.418,64.70251655884604,17.752297673961337,-9.421035784172098,1.0
2016-08-02 15:20:48.510,-0.961,-0.316,0.34,66.07194068546175,22.658393056124154,-7.843730223721519,1.0
2016-08-02 15:20:48.520,-1.031,-0.285,0.266,62.01474616658702,23.563382730457214,-5.027250979038471,1.0
2016-08-02 15:20:48.530,-1.078,-0.313,0.246,52.826841681415026,20.36961206389357,-3.0634418869307134,1.0
2016-08-02 15:20:48.540,-1.082,-0.34,0.273,40.85871836621708,15.894476031844835,-3.8929177351163946,1.0
2016-08-02 15:20:48.550,-1.063,-0.391,0.32,33.09260435080745,12.467157238498652,-5.167837844157912,1.0
2016-08-02 15:20:48.560,-1.055,-0.43,0.375,31.678398560748477,11.302390122745843,-4.90405724216974,1.0
2016-08-02 15:20:48.570,-1.023,-0.441,0.414,36.367912622216345,11.207074360393678,-4.028174803974177,1.0
2016-08-02 15:20:48.580,-0.973,-0.434,0.422,45.66814835345707,12.08692494280368,-3.378372999839496,1.0
2016-08-02 15:20:48.590,-0.977,-0.41,0.383,52.59810804521395,14.963712538277672,-2.6218177851969635,1.0
2016-08-02 15:20:48.600,-1.008,-0.348,0.328,54.28119706585231,16.686837049345154,-1.065622086876261,1.0
2016-08-02 15:20:48.610,-1.02,-0.293,0.293,51.98880582140533,15.187352542756148,0.9097458851109439,1.0
2016-08-02 15:20:48.620,-1.043,-0.293,0.301,44.972064883007725,13.2111373056349,1.1723291129390454,1.0
2016-08-02 15:20:48.630,-1.047,-0.301,0.344,37.68591031580895,11.289992839611415,-0.5205036380212944,1.0
2016-08-02 15:20:48.640,-1.02,-0.313,0.41,34.93872488555802,9.623109846739807,-2.163789923081496,1.0
2016-08-02 15:20:48.650,-0.992,-0.332,0.465,35.78160695009809,10.400603882318386,-3.4840920250137257,1.0
2016-08-02 15:20:48.660,-0.969,-0.348,0.48,41.58932789593257,13.076322607380366,-4.734148239284547,1.0
2016-08-02 15:20:48.670,-0.969,-0.352,0.449,50.93001626925049,16.35044721010091,-5.0199235380526135,1.0
2016-08-02 15:20:48.680,-1.0,-0.34,0.383,56.77698913034327,19.39694943527911,-4.111299629563936,1.0
2016-08-02 15:20:48.690,-1.027,-0.316,0.328,57.84904058920969,20.679665870110448,-2.1645727159628056,1.0
2016-08-02 15:20:48.700,-1.035,-0.316,0.289,56.14552536201934,20.70499311332963,0.12300843974360337,1.0
2016-08-02 15:20:48.710,-1.07,-0.348,0.277,52.58119257423887,20.6825431532747,1.0589307775121588,1.0
2016-08-02 15:20:48.720,-1.078,-0.391,0.313,50.88100949311733,19.91605355776517,0.9875912890933269,1.0
2016-08-02 15:20:48.730,-1.059,-0.41,0.355,52.20127862089853,18.214315368970777,0.8345870735538065,1.0
2016-08-02 15:20:48.740,-1.055,-0.43,0.387,53.7496459022841,16.326147329970645,-0.3695388633711351,1.0
2016-08-02 15:20:48.750,-1.043,-0.438,0.406,56.578948063051214,14.42192162482175,-1.463614301629348,1.0
2016-08-02 15:20:48.760,-1.031,-0.43,0.406,61.63615790240546,13.038308054784366,-0.8699415209277928,1.0
2016-08-02 15:20:48.770,-1.023,-0.41,0.387,65.37208921797094,12.935507530663799,0.12107418928809374,1.0
2016-08-02 15:20:48.780,-1.039,-0.395,0.348,66.12300646277,13.557992402272248,0.8666466800310355,1.0
2016-08-02 15:20:48.790,-1.066,-0.375,0.313,64.35447601410907,12.720025159615943,0.9506387377225355,1.0
2016-08-02 15:20:48.800,-1.07,-0.367,0.301,59.77637837341363,9.497246740307665,-0.43908334519264997,1.0
2016-08-02 15:20:48.810,-1.066,-0.367,0.316,54.083236101115624,6.642800529965069,-2.1792657980548844,1.0
2016-08-02 15:20:48.820,-1.063,-0.387,0.355,51.676500271881295,5.677083792513972,-2.6629129192432996,1.0
2016-08-02 15:20:48.830,-1.035,-0.391,0.387,55.37137744960966,5.231534773190651,-1.6559613743887296,1.0
2016-08-02 15:20:48.840,-1.004,-0.402,0.406,61.023932508993866,5.412586480756334,-0.5452243217801335,1.0
2016-08-02 15:20:48.850,-0.996,-0.371,0.402,61.77546337246287,5.75994213437731,-0.2822066592128669,1.0
2016-08-02 15:20:48.860,-0.996,-0.344,0.387,57.376055603099594,4.667757283153712,0.47955232316593194,1.0
2016-08-02 15:20:48.870,-0.988,-0.355,0.387,51.83437559631671,3.297355398092345,1.9471337665227988,1.0
2016-08-02 15:20:48.880,-0.98,-0.359,0.391,48.04002358101363,2.6934476295478387,2.4090192135526394,1.0
2016-08-02 15:20:48.890,-0.973,-0.355,0.395,45.827343063127,1.353845734140183,1.6414746235210913,1.0
2016-08-02 15:20:48.900,-0.977,-0.355,0.387,42.503662764097385,-0.6059284629628789,0.5137194846447531,1.0
2016-08-02 15:20:48.910,-0.992,-0.367,0.391,39.18993366805952,-1.9279607444528943,0.3563569045667718,1.0
2016-08-02 15:20:48.920,-0.98,-0.363,0.395,38.10989416631604,-3.3809626576348872,1.689459613555941,1.0
2016-08-02 15:20:48.930,-0.973,-0.363,0.398,36.734282829648606,-4.597843883503371,2.6371794023144974,1.0
2016-08-02 15:20:48.940,-0.965,-0.355,0.41,34.96967540553716,-3.926746007681425,3.224643581440212,1.0
2016-08-02 15:20:48.950,-0.961,-0.34,0.395,34.67353749665389,-2.4052648109231463,5.182977883827903,1.0
2016-08-02 15:20:48.960,-0.965,-0.324,0.367,32.77583925994435,-1.4372148156778761,6.933188984369968,1.0
2016-08-02 15:20:48.970,-0.984,-0.293,0.336,27.814277637941107,-1.264344756311734,7.4486005098933585,1.0
2016-08-02 15:20:48.980,-0.992,-0.273,0.336,21.864469146754445,-2.7351386661651262,8.641096526609832,1.0
2016-08-02 15:20:48.990,-0.996,-0.289,0.359,15.651055757943755,-5.063435884496,9.77024952910626,1.0
2016-08-02 15:20:49.000,-1.004,-0.32,0.395,12.3990200241354,-6.277896190824221,8.950519111318386,1.0
2016-08-02 15:20:49.010,-0.98,-0.32,0.426,13.64723460596847,-6.299111565941821,7.6762414463606685,1.0
2016-08-02 15:20:49.020,-0.973,-0.309,0.434,13.381453570281076,-5.59475467838949,7.126653096532815,1.0
2016-08-02 15:20:49.030,-0.98,-0.313,0.434,10.355442144758024,-4.479274235360748,6.765993519915503,1.0
2016-08-02 15:20:49.040,-0.98,-0.316,0.422,9.508792230790432,-3.7823858026855732,7.065790950234914,1.0
2016-08-02 15:20:49.050,-0.984,-0.324,0.418,9.184760668864913,-3.764784722655212,7.401560343101832,1.0
2016-08-02 15:20:49.060,-0.992,-0.324,0.422,5.939159054817706,-4.451713209703145,6.086458528509393,1.0
2016-08-02 15:20:49.070,-0.984,-0.313,0.426,1.8360449383413209,-6.305849440847079,3.9915120809127904,1.0
2016-08-02 15:20:49.080,-0.973,-0.316,0.43,-1.1093158531734364,-8.614239758189129,2.3857237081609517,1.0
2016-08-02 15:20:49.090,-0.969,-0.332,0.449,-2.159628208873325,-10.10917680558685,0.6267962907300761,1.0
2016-08-02 15:20:49.100,-0.949,-0.328,0.457,-1.074068502699995,-10.909769792167634,-1.1297366567681348,1.0
2016-08-02 15:20:49.110,-0.945,-0.313,0.453,-1.3638293576648406,-10.907088232176775,-2.1325762780863733,1.0
2016-08-02 15:20:49.120,-0.949,-0.301,0.445,-5.46023641118083,-10.049030490069844,-2.352022970002235,1.0
2016-08-02 15:20:49.130,-0.941,-0.293,0.438,-9.727291801481911,-9.368523899253901,-1.1048743927483806,1.0
2016-08-02 15:20:49.140,-0.918,-0.289,0.438,-11.09029273818887,-8.597544787772847,1.1140849323885318,1.0
2016-08-02 15:20:49.150,-0.906,-0.297,0.434,-9.619511466030602,-7.242737413079473,2.272830440898944,1.0
2016-08-02 15:20:49.160,-0.898,-0.297,0.438,-5.693405676348015,-5.806708887339313,2.4816076522218906,1.0
2016-08-02 15:20:49.170,-0.887,-0.273,0.434,-1.7224360196015056,-4.399150900125006,2.783661865341445,1.0
2016-08-02 15:20:49.180,-0.883,-0.258,0.418,-0.5979915565703782,-3.35700160629027,2.9936082785841007,1.0
2016-08-02 15:20:49.190,-0.887,-0.25,0.414,-1.6265269864004557,-2.612212131614767,3.2490615951905313,1.0
2016-08-02 15:20:49.200,-0.887,-0.246,0.418,-2.3572095434503946,-1.5823123985000163,3.981183420073023,1.0
2016-08-02 15:20:49.210,-0.887,-0.242,0.418,-1.9048766053170103,-0.1558905670761268,4.885560319031909,1.0
2016-08-02 15:20:49.220,-0.883,-0.238,0.426,-0.3628703851392833,1.582291044235371,5.7536625924300875,1.0
2016-08-02 15:20:49.230,-0.875,-0.246,0.422,2.2651366432300843,3.0501208637575825,6.745739021906922,1.0
2016-08-02 15:20:49.240,-0.883,-0.234,0.414,5.488458280964938,4.0116367044516075,7.36877793102075,1.0
2016-08-02 15:20:49.250,-0.891,-0.227,0.41,8.379131306838632,4.57029905462253,7.409062426714263,1.0
2016-08-02 15:20:49.260,-0.895,-0.23,0.406,10.020274269075639,4.699198497573986,7.433171955636475,1.0
2016-08-02 15:20:49.270,-0.898,-0.234,0.406,10.516626243704652,4.904331290637932,7.285915469482177,1.0
2016-08-02 15:20:49.280,-0.895,-0.242,0.41,10.805462156220168,5.334624589488316,6.797458686822315,1.0
2016-08-02 15:20:49.290,-0.895,-0.242,0.41,10.720672691764625,5.737865499851543,6.359213379835827,1.0
2016-08-02 15:20:49.300,-0.895,-0.238,0.406,10.456096067821209,5.690471959849625,6.126259916398113,1.0
2016-08-02 15:20:49.310,-0.898,-0.246,0.406,11.74336588182412,5.060072990358247,6.239928615670749,1.0
2016-08-02 15:20:49.320,-0.891,-0.246,0.414,14.970079347341258,4.739315498899813,6.086981721862308,1.0
2016-08-02 15:20:49.330,-0.891,-0.242,0.406,18.565402144954504,4.8963370386783325,4.916377384966124,1.0
2016-08-02 15:20:49.340,-0.895,-0.242,0.398,20.555146950679674,5.199792815062746,3.600933918857957,1.0
2016-08-02 15:20:49.350,-0.914,-0.227,0.395,19.503992850665693,5.600472497303359,2.686698680492618,1.0
2016-08-02 15:20:49.360,-0.918,-0.207,0.387,15.55329326426923,5.6251754855270555,1.9076768205807846,1.0
2016-08-02 15:20:49.370,-0.914,-0.199,0.375,10.177665006071608,5.773614617786909,1.9138339589142759,1.0
2016-08-02 15:20:49.380,-0.922,-0.195,0.371,6.198192613331505,6.3844246032562495,2.550062633467249,1.0
2016-08-02 15:20:49.390,-0.914,-0.203,0.375,6.405035397725902,6.790301481554959,2.981882332315611,1.0
2016-08-02 15:20:49.400,-0.898,-0.207,0.379,9.237042278353762,7.821452945309979,3.2463473425329417,1.0
2016-08-02 15:20:49.410,-0.895,-0.191,0.375,10.57807403474202,9.36114777734572,2.74479149205756,1.0
2016-08-02 15:20:49.420,-0.895,-0.184,0.371,9.21464620713739,9.755284644899863,1.7607328716113824,1.0
2016-08-02 15:20:49.430,-0.895,-0.184,0.371,6.122682688239317,9.734877961501084,1.6668309333432,1.0
2016-08-02 15:20:49.440,-0.898,-0.18,0.375,2.455383639683896,9.834975486031203,1.560957512069373,1.0
2016-08-02 15:20:49.450,-0.898,-0.188,0.379,-0.7478031050463941,9.261092880160916,0.8658213942212737,1.0
2016-08-02 15:20:49.460,-0.898,-0.184,0.379,-3.171503523318824,8.83779213610659,0.6496645445447051,1.0
2016-08-02 15:20:49.470,-0.906,-0.176,0.375,-5.101414365077182,8.85968115499853,0.6231106619540476,1.0
2016-08-02 15:20:49.480,-0.91,-0.18,0.367,-6.679118128682825,8.811953453491807,0.49527190471196353,1.0
2016-08-02 15:20:49.490,-0.918,-0.188,0.359,-7.465756882313901,9.107759533177259,0.5681886786072682,1.0
2016-08-02 15:20:49.500,-0.93,-0.188,0.348,-7.939595673729523,9.38134512690496,0.4275577671856026,1.0
2016-08-02 15:20:49.510,-0.93,-0.18,0.332,-9.634496916590672,9.1337406394286,0.09823291605173569,1.0
2016-08-02 15:20:49.520,-0.934,-0.176,0.32,-12.355743139469507,8.479209757424826,-0.07127994921115821,1.0
2016-08-02 15:20:49.530,-0.934,-0.18,0.332,-14.893045564026647,7.314481374517891,-0.24696410425117044,1.0
2016-08-02 15:20:49.540,-0.93,-0.195,0.348,-16.834125211833822,6.2785557664316345,-0.7949076844729963,1.0
2016-08-02 15:20:49.550,-0.934,-0.207,0.352,-17.91029635128598,5.726284100560757,-1.922871861888522,1.0
2016-08-02 15:20:49.560,-0.938,-0.211,0.352,-18.9308808255078,5.0662448994139275,-3.0190926150728625,1.0
2016-08-02 15:20:49.570,-0.938,-0.203,0.348,-20.856529358532708,4.439268175364235,-3.597495025073525,1.0
2016-08-02 15:20:49.580,-0.949,-0.203,0.332,-22.652613678732173,4.073989239608723,-4.182325483729822,1.0
2016-08-02 15:20:49.590,-0.953,-0.211,0.32,-23.405574738840624,3.6911627602261765,-4.834051570153065,1.0
2016-08-02 15:20:49.600,-0.949,-0.215,0.324,-23.493751480970793,3.3304616138439314,-5.30638885259164,1.0
2016-08-02 15:20:49.610,-0.941,-0.215,0.324,-23.54650994323951,3.013021031632203,-5.961017939609223,1.0
2016-08-02 15:20:49.620,-0.938,-0.219,0.324,-24.04308794162554,2.537550543214206,-6.811080868633184,1.0
2016-08-02 15:20:49.630,-0.938,-0.223,0.328,-24.55833727891931,1.7918186307306683,-7.5565079281767495,1.0
2016-08-02 15:20:49.640,-0.934,-0.23,0.332,-24.092067259962818,0.9266231076420999,-8.108703371869586,1.0
2016-08-02 15:20:49.650,-0.93,-0.234,0.332,-22.594492513087683,0.4485074427804352,-8.451348909631733,1.0
2016-08-02 15:20:49.660,-0.93,-0.23,0.332,-21.236071434946684,0.2798344274681302,-8.716149027498854,1.0
2016-08-02 15:20:49.670,-0.918,-0.227,0.332,-20.69225299501268,-0.06726404547962171,-8.799681383418397,1.0
2016-08-02 15:20:49.680,-0.918,-0.23,0.328,-20.375486621951307,-0.1693759513959821,-8.82868093636214,1.0
2016-08-02 15:20:49.690,-0.918,-0.234,0.32,-19.73323917927521,-0.002845812698375097,-9.21141209021464,1.0
2016-08-02 15:20:49.700,-0.918,-0.246,0.313,-18.739197888593306,-0.3733685377123366,-9.554952397461971,1.0
2016-08-02 15:20:49.710,-0.922,-0.246,0.309,-17.36405353950651,-1.3400480081204778,-9.750759895586725,1.0
2016-08-02 15:20:49.720,-0.918,-0.254,0.32,-15.125702261331618,-2.716958328646105,-10.2126547010095,1.0
2016-08-02 15:20:49.730,-0.91,-0.262,0.324,-11.982549652544066,-4.046436563477328,-10.672505630388718,1.0
2016-08-02 15:20:49.740,-0.902,-0.262,0.328,-9.437970988347804,-4.563784176991673,-10.97154960796489,1.0
2016-08-02 15:20:49.750,-0.898,-0.266,0.34,-8.412053000304823,-4.60954303517054,-11.071897169976975,1.0
2016-08-02 15:20:49.760,-0.898,-0.273,0.344,-7.733906926920396,-4.725767546866903,-10.594286611701659,1.0
2016-08-02 15:20:49.770,-0.898,-0.281,0.336,-6.57029443490751,-4.536408290764993,-9.641202585488662,1.0
2016-08-02 15:20:49.780,-0.898,-0.285,0.336,-5.246759529951086,-4.136447269833732,-8.633185235819287,1.0
2016-08-02 15:20:49.790,-0.898,-0.285,0.332,-3.8034391064000577,-4.173053423857342,-7.688516174090914,1.0
2016-08-02 15:20:49.800,-0.898,-0.289,0.332,-2.1540163372572514,-4.2379560295479894,-6.787079645634122,1.0
2016-08-02 15:20:49.810,-0.898,-0.293,0.336,-0.6080276012874187,-3.8100219106867765,-5.934261598627091,1.0
2016-08-02 15:20:49.820,-0.898,-0.293,0.336,0.46469870234862715,-3.369788808142864,-5.158783299984064,1.0
2016-08-02 15:20:49.830,-0.906,-0.297,0.336,1.3454496781787646,-3.1271296162652398,-4.4598316278963965,1.0
2016-08-02 15:20:49.840,-0.906,-0.301,0.34,2.3589028368374367,-2.7256056277893794,-3.616061232086163,1.0
2016-08-02 15:20:49.850,-0.91,-0.305,0.352,2.603764778279027,-1.9952275310131236,-2.6928284479420075,1.0
2016-08-02 15:20:49.860,-0.91,-0.309,0.359,1.712444023929036,-1.3344367729825126,-2.1202026538511616,1.0
2016-08-02 15:20:49.870,-0.906,-0.309,0.371,0.6952829377300105,-1.1129964875821479,-1.6165340406169029,1.0
2016-08-02 15:20:49.880,-0.91,-0.313,0.367,0.03989818667808666,-0.8725835504333519,-0.976680481780324,1.0
2016-08-02 15:20:49.890,-0.91,-0.313,0.371,-0.07796309990445653,-0.47950086725259367,-0.5679068056616013,1.0
2016-08-02 15:20:49.900,-0.91,-0.305,0.367,0.3943229215939308,-0.4516351333095885,-0.12837518756008953,1.0
2016-08-02 15:20:49.910,-0.914,-0.297,0.371,0.8367421692942583,-0.4409412366786911,0.3624295069402482,1.0
2016-08-02 15:20:49.920,-0.91,-0.293,0.367,0.8904761103193963,0.12167465368069871,0.6669398199984802,1.0
2016-08-02 15:20:49.930,-0.914,-0.293,0.363,0.5766667530981908,0.7948018600427146,1.23493014244414,1.0
2016-08-02 15:20:49.940,-0.91,-0.285,0.359,0.010997353450697925,1.3325052805336173,1.9526186163913173,1.0
2016-08-02 15:20:49.950,-0.91,-0.285,0.359,-0.5083456096891563,2.0120618042442264,2.437605853757741,1.0
2016-08-02 15:20:49.960,-0.906,-0.281,0.355,-1.008564884764103,2.529203979768709,2.8827750053514274,1.0
2016-08-02 15:20:49.970,-0.906,-0.281,0.352,-1.296613977100355,2.673334029688987,3.191283080779991,1.0
2016-08-02 15:20:49.980,-0.906,-0.281,0.348,-1.1554339754042373,2.728339763076491,3.261354549621052,1.0
2016-08-02 15:20:49.990,-0.902,-0.281,0.34,-1.6355575976089705,2.7105454914640927,3.2784364716493437,1.0
2016-08-02 15:20:50.000,-0.91,-0.277,0.34,-2.766724052083268,2.6767710099599107,3.3991113604822014,1.0
2016-08-02 15:21:09.000,0.91,0.344,-0.293,1.338517280450848,-0.09383714881479392,0.49385324128767266,2.0
2016-08-02 15:21:09.010,0.91,0.344,-0.285,1.467699048897887,-0.24289350692264922,0.5851118442139829,2.0
2016-08-02 15:21:09.020,0.918,0.344,-0.289,1.3606785787084943,-0.4850065897873818,0.5969101689957933,2.0
2016-08-02 15:21:09.030,0.918,0.34,-0.289,1.3818995209308356,-0.459884828156611,0.4118627217844474,2.0
2016-08-02 15:21:09.040,0.922,0.344,-0.285,1.6017375835107055,-0.41701611618011913,0.3047215596469923,2.0
2016-08-02 15:21:09.050,0.914,0.348,-0.289,1.4227212774665674,-0.37093480220109115,0.32653845094548584,2.0
2016-08-02 15:21:09.060,0.914,0.348,-0.293,0.950618031943117,-0.18912741095068084,0.33277769794003254,2.0
2016-08-02 15:21:09.070,0.914,0.348,-0.293,0.8540927767274766,-0.10223227981723262,0.39476907468868405,2.0
2016-08-02 15:21:09.080,0.918,0.348,-0.289,0.8709872873196003,-0.09275918018744245,0.4215338404491771,2.0
2016-08-02 15:21:09.090,0.918,0.352,-0.289,0.5038984363494016,-0.0074815919394838615,0.3966001260758516,2.0
2016-08-02 15:21:09.100,0.914,0.348,-0.293,0.08253019553977115,0.042717497025261605,0.4887795253069898,2.0
2016-08-02 15:21:09.110,0.918,0.348,-0.293,-0.0490610473884054,0.06242234545882842,0.5934768946723599,2.0
2016-08-02 15:21:09.120,0.918,0.352,-0.293,-0.08653956770609952,0.09351161492246321,0.5568520921431831,2.0
2016-08-02 15:21:09.130,0.918,0.348,-0.285,-0.13203733437485987,0.02235857315282369,0.48849182716515216,2.0
2016-08-02 15:21:09.140,0.922,0.348,-0.289,-0.05140848233387223,-0.03660003503922829,0.5175846604847845,2.0
2016-08-02 15:21:09.150,0.922,0.352,-0.289,0.042670359160934486,0.029331700692651747,0.5016225424704456,2.0
2016-08-02 15:21:09.160,0.922,0.352,-0.289,0.1699806172043331,0.033098826898569605,0.39100372070507383,2.0
2016-08-02 15:21:09.170,0.922,0.348,-0.289,0.5036600771358606,-0.07336874537541788,0.3072387612875212,2.0
2016-08-02 15:21:09.180,0.922,0.348,-0.297,0.7068898548777396,-0.15695129381799472,0.14834806908247272,2.0
2016-08-02 15:21:09.190,0.918,0.348,-0.297,0.5656497945035339,-0.21611850307971708,-0.028824368994580796,2.0
2016-08-02 15:21:09.200,0.918,0.348,-0.293,0.32325450005527007,-0.30149504836252616,-0.036821644675059384,2.0
2016-08-02 15:21:09.210,0.91,0.344,-0.297,0.07100325281364885,-0.32911335435500055,-0.0006775784224121763,2.0
2016-08-02 15:21:09.220,0.906,0.344,-0.297,-0.14570121991721446,-0.2762837520169315,0.08431297119151931,2.0
2016-08-02 15:21:09.230,0.914,0.352,-0.297,-0.41445786565365533,-0.24453217772964836,0.359169230687211,2.0
2016-08-02 15:21:09.240,0.91,0.352,-0.301,-1.0377712476101704,-0.24104175104262443,0.7435753298523207,2.0
2016-08-02 15:21:09.250,0.91,0.355,-0.297,-1.609085180660746,-0.20965288324562184,1.1405915560249427,2.0
2016-08-02 15:21:09.260,0.914,0.352,-0.289,-1.4006484390671032,-0.08108566096285992,1.5177065873077047,2.0
2016-08-02 15:21:09.270,0.918,0.352,-0.293,-1.0802254819474104,0.1603492404467319,1.8928849473339158,2.0
2016-08-02 15:21:09.280,0.918,0.344,-0.297,-1.457821390737112,0.39179227572011377,2.0971262837873494,2.0
2016-08-02 15:21:09.290,0.914,0.34,-0.297,-1.4823050649923708,0.47937149727298445,1.9589906389468965,2.0
2016-08-02 15:21:09.300,0.918,0.34,-0.289,-0.6457988571361964,0.49139344345776315,1.721722900995116,2.0
2016-08-02 15:21:09.310,0.922,0.344,-0.289,-0.20640195154952282,0.49924685987815876,1.453807214281752,2.0
2016-08-02 15:21:09.320,0.922,0.344,-0.289,-0.24186772867011871,0.2938503005014078,1.1527211481842816,2.0
2016-08-02 15:21:09.330,0.918,0.344,-0.285,0.026678885422555237,-0.14574519232846944,0.9664990980776297,2.0
2016-08-02 15:21:09.340,0.918,0.34,-0.293,0.09643499651996121,-0.5092903452652882,0.7486563217491606,2.0
2016-08-02 15:21:09.350,0.918,0.34,-0.289,-0.15344394877745693,-0.6907603126715808,0.5364012259140974,2.0
2016-08-02 15:21:09.360,0.918,0.344,-0.293,-0.027828343552350893,-0.7556583246702103,0.4370731848345012,2.0
2016-08-02 15:21:09.370,0.918,0.348,-0.293,0.10664098406477568,-0.7001455986863659,0.31113083931572083,2.0
2016-08-02 15:21:09.380,0.918,0.348,-0.297,-0.06498997104366634,-0.6561717903464519,0.267543861448998,2.0
2016-08-02 15:21:09.390,0.914,0.344,-0.297,-0.09284983304709588,-0.7339667928802251,0.25835649472046096,2.0
2016-08-02 15:21:09.400,0.918,0.344,-0.297,-0.12340156332707293,-0.7234564877708729,0.07757186834892509,2.0
2016-08-02 15:21:09.410,0.914,0.348,-0.297,-0.32000008130113805,-0.5822070141542612,0.06770759933951036,2.0
2016-08-02 15:21:09.420,0.914,0.355,-0.297,-0.6013024840794692,-0.4973304247079089,0.4392505642475656,2.0
2016-08-02 15:21:09.430,0.918,0.359,-0.297,-1.1021519989183735,-0.42333614609890335,0.8475600314285958,2.0
2016-08-02 15:21:09.440,0.914,0.355,-0.289,-1.4225446173645842,-0.36402118386069016,1.062131438923401,2.0
2016-08-02 15:21:09.450,0.918,0.352,-0.285,-1.3059586278487803,-0.41852588620939046,1.0168824664065983,2.0
2016-08-02 15:21:09.460,0.914,0.344,-0.289,-1.2365477815812747,-0.484524933415706,0.773043124842193,2.0
2016-08-02 15:21:09.470,0.91,0.34,-0.293,-1.115997775083032,-0.5138226362074677,0.5239107384178595,2.0
2016-08-02 15:21:09.480,0.914,0.344,-0.293,-0.6526573077208938,-0.5130307048206216,0.3240274271895513,2.0
2016-08-02 15:21:09.490,0.918,0.348,-0.297,-0.16453709378429843,-0.4743983419817567,0.21998037966124678,2.0
2016-08-02 15:21:09.500,0.91,0.348,-0.297,0.19604125114130078,-0.44961634246540816,0.2060735687353468,2.0
2016-08-02 15:21:09.510,0.906,0.344,-0.293,0.3368276946947685,-0.4351057735477013,0.17386582092511577,2.0
2016-08-02 15:21:09.520,0.91,0.34,-0.297,0.2749504118020225,-0.4914694985456446,0.2069564416993892,2.0
2016-08-02 15:21:09.530,0.914,0.344,-0.293,0.23282308154272316,-0.5372733658904125,0.27797976316906386,2.0
2016-08-02 15:21:09.540,0.918,0.344,-0.293,0.0469003228849895,-0.4864114611398972,0.2585644423051504,2.0
2016-08-02 15:21:09.550,0.914,0.34,-0.293,-0.04200969677000717,-0.5320894812175114,0.3193600250867819,2.0
2016-08-02 15:21:09.560,0.914,0.344,-0.297,0.32628174412576105,-0.5996139609559934,0.4974960090560408,2.0
2016-08-02 15:21:09.570,0.914,0.344,-0.297,0.4252807183826917,-0.5741229208943555,0.6316798159884665,2.0
2016-08-02 15:21:09.580,0.914,0.348,-0.297,0.04215928997145291,-0.5770074122520528,0.6868616072983791,2.0
2016-08-02 15:21:09.590,0.918,0.348,-0.297,-0.040726165905912326,-0.5856145983271484,0.70793308802087,2.0
2016-08-02 15:21:09.600,0.918,0.344,-0.297,0.11550613041956728,-0.5588112720168293,0.7444079267337803,2.0
2016-08-02 15:21:09.610,0.918,0.344,-0.297,0.22117035926297252,-0.5232292523253493,0.6737238448362213,2.0
2016-08-02 15:21:09.620,0.918,0.344,-0.297,0.4632027100311428,-0.4912394969898348,0.5220677396421574,2.0
2016-08-02 15:21:09.630,0.914,0.344,-0.297,0.5681705219613495,-0.4647136969273813,0.5117317622038668,2.0
2016-08-02 15:21:09.640,0.914,0.344,-0.297,0.5357977711361208,-0.4824052555355917,0.5343496263581036,2.0
2016-08-02 15:21:09.650,0.91,0.344,-0.297,0.7813121128342773,-0.6579553537977912,0.5236243403726647,2.0
2016-08-02 15:21:09.660,0.918,0.348,-0.289,0.8720596915598637,-0.912907416703733,0.5281782005976524,2.0
2016-08-02 15:21:09.670,0.918,0.344,-0.289,0.47448134511760204,-1.07211330552314,0.39006039023426825,2.0
2016-08-02 15:21:09.680,0.918,0.344,-0.289,0.09336270905104693,-1.183746336646934,0.21799586175464797,2.0
2016-08-02 15:21:09.690,0.918,0.344,-0.293,0.1781973452797248,-1.2063933704999596,0.17551512020289065,2.0
2016-08-02 15:21:09.700,0.918,0.344,-0.297,0.8176660962230237,-1.1672199622863682,0.0912151284887993,2.0
2016-08-02 15:21:09.710,0.918,0.344,-0.297,1.1808804232104255,-1.2681216944733895,0.03546366556408078,2.0
2016-08-02 15:21:09.720,0.914,0.348,-0.297,0.6400247384795293,-1.308258383863973,0.11294947104125039,2.0
2016-08-02 15:21:09.730,0.914,0.348,-0.301,0.20554105906690043,-1.1841959545377794,0.10645526787313564,2.0
2016-08-02 15:21:09.740,0.918,0.348,-0.301,0.1932258705972383,-1.130643268127962,0.11848101583713232,2.0
2016-08-02 15:21:09.750,0.91,0.348,-0.301,0.05976117987355812,-1.1105287526276502,0.25950243486195784,2.0
2016-08-02 15:21:09.760,0.91,0.34,-0.301,0.21735238088607134,-1.0825582107051153,0.25528249639939427,2.0
2016-08-02 15:21:09.770,0.91,0.344,-0.297,0.599439929943323,-1.1034862857455954,0.11030999628865212,2.0
2016-08-02 15:21:09.780,0.914,0.348,-0.293,0.7044684777161024,-1.1033146591973886,-0.01163812306776189,2.0
2016-08-02 15:21:09.790,0.914,0.344,-0.297,0.6583634710043257,-1.0919697417022631,-0.06415070181540013,2.0
2016-08-02 15:21:09.800,0.914,0.34,-0.297,0.4837478933340357,-1.101998359363379,-0.02453795372312324,2.0
2016-08-02 15:21:09.810,0.91,0.344,-0.297,0.2997287783320326,-1.1496393185190332,-0.016881040292724518,2.0
2016-08-02 15:21:09.820,0.914,0.344,-0.297,0.28786808517075846,-1.2356389073253469,-0.027896744801650143,2.0
2016-08-02 15:21:09.830,0.918,0.344,-0.297,0.2931308974604439,-1.187109409651791,0.03168737624261185,2.0
2016-08-02 15:21:09.840,0.918,0.344,-0.301,0.35201083263483546,-1.079346581020576,0.07992006345092201,2.0
2016-08-02 15:21:09.850,0.918,0.344,-0.301,0.47431834186819344,-1.1475242267814776,0.13464054730896888,2.0
2016-08-02 15:21:09.860,0.918,0.344,-0.297,0.4912613656378735,-1.1948767662509279,0.17768654249062057,2.0
2016-08-02 15:21:09.870,0.914,0.344,-0.289,0.5150528396315472,-1.1230643499004138,0.1468599242545176,2.0
2016-08-02 15:21:09.880,0.918,0.344,-0.293,0.6276838590020907,-1.0833811092989651,0.16060767148799873,2.0
2016-08-02 15:21:09.890,0.914,0.348,-0.297,0.6550811948076185,-1.007453104689442,0.2037495869987836,2.0
2016-08-02 15:21:09.900,0.914,0.348,-0.297,0.5059968244897667,-0.872290996316787,0.19735487850046485,2.0
2016-08-02 15:21:09.910,0.914,0.348,-0.297,0.24536119778371446,-0.785851428776012,0.2321036323279097,2.0
2016-08-02 15:21:09.920,0.91,0.348,-0.297,-0.0007012296753625136,-0.7808063644144775,0.298224930205982,2.0
2016-08-02 15:21:09.930,0.91,0.348,-0.297,-0.06899002222755395,-0.7685323343311933,0.3347813126451594,2.0
2016-08-02 15:21:09.940,0.914,0.348,-0.301,-0.1154124902105648,-0.6446948528158478,0.37840157679807584,2.0
2016-08-02 15:21:09.950,0.914,0.348,-0.297,-0.33745418472374333,-0.510848519301916,0.4639299404335172,2.0
2016-08-02 15:21:09.960,0.918,0.352,-0.297,-0.4492508874743324,-0.46509203743680394,0.4865659400014203,2.0
2016-08-02 15:21:09.970,0.918,0.348,-0.297,-0.31576330031826505,-0.4492186809205353,0.3180019800482226,2.0
2016-08-02 15:21:09.980,0.91,0.34,-0.301,0.21579923920936117,-0.573165638910339,0.17288800098861018,2.0
2016-08-02 15:21:09.990,0.91,0.344,-0.301,0.8787690568045683,-0.8849981758295022,0.11082836693534981,2.0
2016-08-02 15:21:10.000,0.902,0.352,-0.309,0.6835605472046034,-1.1392883309725625,-0.16545175212927563,2.0
2016-08-02 15:21:10.010,0.906,0.348,-0.305,0.5323464558887696,-1.4768452843005302,-0.46020428232570454,2.0
2016-08-02 15:21:10.020,0.914,0.34,-0.301,1.4472401718103254,-2.0756230299454663,-0.7300423956770519,2.0
2016-08-02 15:21:10.030,0.918,0.34,-0.301,1.6594572508232142,-2.4236695115351052,-1.3550590461405343,2.0
2016-08-02 15:21:10.040,0.918,0.344,-0.309,1.1045687082864735,-2.3928597434692023,-1.8322512800667399,2.0
2016-08-02 15:21:10.050,0.914,0.348,-0.316,1.576180670235606,-2.4211351726201267,-1.72935974702369,2.0
2016-08-02 15:21:10.060,0.914,0.352,-0.332,1.9424105215215737,-2.4875810269025456,-1.4800133942346385,2.0
2016-08-02 15:21:10.070,0.914,0.371,-0.348,1.4721757820811625,-2.705387924787587,-1.4719100597828658,2.0
2016-08-02 15:21:10.080,0.91,0.367,-0.367,1.8430628532567004,-3.8137461631197906,-2.1187635084925827,2.0
2016-08-02 15:21:10.090,0.898,0.363,-0.359,2.8742437706314714,-5.946666807456634,-3.309523537001669,2.0
2016-08-02 15:21:10.100,0.898,0.352,-0.355,3.5703712954839544,-8.132880286785504,-4.419571392097193,2.0
2016-08-02 15:21:10.110,0.902,0.359,-0.344,4.4976049497898325,-9.628610764264284,-5.467404493971667,2.0
2016-08-02 15:21:10.120,0.898,0.367,-0.344,6.214821810223809,-10.51751169753477,-6.637859650446052,2.0
2016-08-02 15:21:10.130,0.891,0.375,-0.363,8.593063300102777,-11.472102975545212,-7.9281029226804325,2.0
2016-08-02 15:21:10.140,0.883,0.375,-0.375,11.343775084890876,-13.495265174895287,-9.246297697399175,2.0
2016-08-02 15:21:10.150,0.887,0.375,-0.387,13.913437607808241,-16.38925799813547,-10.6493340753151,2.0
2016-08-02 15:21:10.160,0.895,0.371,-0.375,15.491647301362203,-19.038088542013824,-12.757464850055381,2.0
2016-08-02 15:21:10.170,0.91,0.383,-0.379,16.592991042544007,-21.14446928715068,-15.07307470204042,2.0
2016-08-02 15:21:10.180,0.918,0.406,-0.418,18.62416189832401,-22.886786048515958,-16.691740859993473,2.0
2016-08-02 15:21:10.190,0.898,0.426,-0.461,21.96166791255293,-25.12150254903331,-18.170242655317942,2.0
2016-08-02 15:21:10.200,0.895,0.441,-0.488,26.721910677267786,-28.824885664006764,-19.964883404701165,2.0
2016-08-02 15:21:10.210,0.902,0.445,-0.5,32.09273411827698,-33.39195909133289,-22.705002078155335,2.0
2016-08-02 15:21:10.220,0.91,0.449,-0.504,36.373202123881065,-38.267070439235795,-26.80471369851239,2.0
2016-08-02 15:21:10.230,0.91,0.457,-0.523,39.991505910709726,-43.968018139893125,-31.287074859547268,2.0
2016-08-02 15:21:10.240,0.895,0.465,-0.527,43.55194098005592,-50.3737750962254,-35.490421199060314,2.0
2016-08-02 15:21:10.250,0.891,0.477,-0.535,44.81457931261113,-56.84166192248365,-39.13171381862563,2.0
2016-08-02 15:21:10.260,0.891,0.484,-0.531,43.05274436667236,-63.03247929655156,-42.37782473276624,2.0
2016-08-02 15:21:10.270,0.895,0.492,-0.535,41.166285358429235,-68.73775700016436,-46.04208716533473,2.0
2016-08-02 15:21:10.280,0.895,0.508,-0.578,40.282210419013055,-74.09674749904768,-49.931354278948895,2.0
2016-08-02 15:21:10.290,0.875,0.523,-0.621,39.387776696511835,-79.80703309264284,-53.30260799675936,2.0
2016-08-02 15:21:10.300,0.863,0.547,-0.691,37.99245725620113,-86.06712023478705,-56.20420325813158,2.0
2016-08-02 15:21:10.310,0.852,0.586,-0.754,34.533874780143556,-92.26263577289595,-59.253826456125054,2.0
2016-08-02 15:21:10.320,0.84,0.602,-0.766,29.53746748411067,-98.319594031218,-62.68534345201475,2.0
2016-08-02 15:21:10.330,0.852,0.609,-0.754,26.923292699074388,-104.09764930436182,-66.11639041342923,2.0
2016-08-02 15:21:10.340,0.867,0.621,-0.75,26.072024353365823,-108.8996944106784,-69.41173562798843,2.0
2016-08-02 15:21:10.350,0.848,0.633,-0.754,22.635389721187188,-112.90545227388182,-72.15297995656886,2.0
2016-08-02 15:21:10.360,0.836,0.645,-0.762,16.67850143228736,-116.93002600739807,-73.9418575270302,2.0
2016-08-02 15:21:10.370,0.828,0.648,-0.773,10.587727365266996,-121.30857723425498,-75.81363319985634,2.0
2016-08-02 15:21:10.380,0.828,0.656,-0.785,5.123403034383322,-125.8194825812374,-78.5613389964185,2.0
2016-08-02 15:21:10.390,0.828,0.668,-0.813,0.5160543339130028,-130.3781469120999,-81.76013073367906,2.0
2016-08-02 15:21:10.400,0.824,0.695,-0.844,-4.8698518799381265,-135.04118302311906,-85.01468927230631,2.0
2016-08-02 15:21:10.410,0.82,0.711,-0.859,-11.932424930206821,-139.60683560998038,-88.0497548520716,2.0
2016-08-02 15:21:10.420,0.809,0.719,-0.871,-17.260520479540613,-143.87329333003953,-91.0395044058624,2.0
2016-08-02 15:21:10.430,0.785,0.707,-0.875,-19.49984327192494,-147.58698979372738,-94.16773223998726,2.0
2016-08-02 15:21:10.440,0.766,0.703,-0.887,-21.559837142625042,-151.2784472025784,-96.66683713106384,2.0
2016-08-02 15:21:10.450,0.742,0.723,-0.93,-26.2510027937664,-155.67738092664408,-98.43581713925883,2.0
2016-08-02 15:21:10.460,0.719,0.734,-0.949,-33.29002856388979,-159.97342593574817,-100.14032792148285,2.0
2016-08-02 15:21:10.470,0.715,0.719,-0.945,-37.59178756884505,-163.49742303758757,-102.26390148462463,2.0
2016-08-02 15:21:10.480,0.703,0.695,-0.922,-37.46486953892071,-165.97327306266374,-105.25544284983552,2.0
2016-08-02 15:21:10.490,0.664,0.691,-0.906,-36.99947539813516,-167.29367250084647,-108.25169755397545,2.0
2016-08-02 15:21:10.500,0.613,0.688,-0.934,-37.3565153671841,-168.7854641964929,-110.47319269635432,2.0
2016-08-02 15:21:10.510,0.578,0.695,-0.961,-37.761957265340385,-170.87187102489992,-112.6461041691885,2.0
2016-08-02 15:21:10.520,0.551,0.707,-0.961,-36.68638747963325,-173.2523094878893,-114.89064107023276,2.0
2016-08-02 15:21:10.530,0.523,0.695,-0.961,-33.114873268978954,-176.23298954177724,-117.02255120960382,2.0
2016-08-02 15:21:10.540,0.488,0.695,-0.969,-29.66837769764581,-179.05734784615376,-119.13762359798514,2.0
2016-08-02 15:21:10.550,0.453,0.699,-0.969,-28.10766336645264,-181.62764677356157,-120.87070578644081,2.0
2016-08-02 15:21:10.560,0.43,0.699,-0.957,-28.462924124868096,-183.978866142558,-122.51779730654681,2.0
2016-08-02 15:21:10.570,0.41,0.688,-0.949,-27.298852591960326,-184.82609933305068,-125.00565708357601,2.0
2016-08-02 15:21:10.580,0.383,0.668,-0.934,-19.84176401674169,-185.08765115151527,-128.2510352991324,2.0
2016-08-02 15:21:10.590,0.359,0.66,-0.926,-10.778234748209965,-186.56471360240957,-131.08692171288783,2.0
2016-08-02 15:21:10.600,0.332,0.668,-0.906,-7.526156065694467,-188.3480971510608,-132.77860687612196,2.0
2016-08-02 15:21:10.610,0.293,0.664,-0.898,-7.94236876383041,-189.22104364786242,-133.6857158498103,2.0
2016-08-02 15:21:10.620,0.25,0.641,-0.891,-5.2171765143920705,-189.86599648156835,-134.39933832115736,2.0
2016-08-02 15:21:10.630,0.215,0.633,-0.902,2.6531515022785603,-191.25143801194753,-135.25485564237482,2.0
2016-08-02 15:21:10.640,0.188,0.629,-0.879,10.271353810362557,-193.27516982076895,-135.87876609433314,2.0
2016-08-02 15:21:10.650,0.16,0.629,-0.848,12.3628043343212,-194.80931954168236,-135.51091502889125,2.0
2016-08-02 15:21:10.660,0.121,0.594,-0.785,11.89819309176405,-194.78008146885844,-134.235581730358,2.0
2016-08-02 15:21:10.670,0.074,0.551,-0.754,13.70508652363084,-193.69947392274952,-132.81010940459564,2.0
2016-08-02 15:21:10.680,0.016,0.539,-0.75,15.497931636315688,-192.56964792201958,-131.2925045432061,2.0
2016-08-02 15:21:10.690,-0.035,0.555,-0.742,14.242285318448882,-191.70292275154313,-129.11337015177958,2.0
2016-08-02 15:21:10.700,-0.051,0.547,-0.738,13.574797415260463,-191.0469809545962,-127.22390815153423,2.0
2016-08-02 15:21:10.710,-0.09,0.523,-0.738,16.899588048795145,-190.366279729101,-126.36781660146838,2.0
2016-08-02 15:21:10.720,-0.117,0.523,-0.711,19.05298876666805,-190.22281036230717,-124.58651402310988,2.0
2016-08-02 15:21:10.730,-0.141,0.516,-0.676,15.160702607480033,-190.32179705842907,-121.05141032281367,2.0
2016-08-02 15:21:10.740,-0.176,0.477,-0.629,11.33524398533304,-189.61962169611408,-116.91048040395268,2.0
2016-08-02 15:21:10.750,-0.195,0.465,-0.574,10.118526677714334,-188.27997816563433,-112.42765147639037,2.0
2016-08-02 15:21:10.760,-0.219,0.449,-0.543,4.947164050047585,-185.07320839765765,-107.95567987093207,2.0
2016-08-02 15:21:10.770,-0.254,0.422,-0.523,-0.9476557659378146,-179.94659359634952,-104.21221837023502,2.0
2016-08-02 15:21:10.780,-0.293,0.402,-0.5,-1.3589997213771867,-175.74522076301133,-101.32129357248631,2.0
2016-08-02 15:21:10.790,-0.316,0.414,-0.496,-2.0937467398446854,-172.40020123793965,-98.80538477534014,2.0
2016-08-02 15:21:10.800,-0.359,0.398,-0.496,-6.7809312319122235,-168.54371748694746,-95.97393325652601,2.0
2016-08-02 15:21:10.810,-0.391,0.387,-0.477,-10.94622203439678,-164.88622213065415,-92.79201164040376,2.0
2016-08-02 15:21:10.820,-0.398,0.375,-0.445,-13.840062466842959,-161.1842044253126,-89.59353310857348,2.0
2016-08-02 15:21:10.830,-0.43,0.352,-0.418,-17.776493242852844,-156.9596689864337,-86.23594946873058,2.0
2016-08-02 15:21:10.840,-0.453,0.336,-0.391,-22.45603821935424,-153.25249142802772,-82.53628193817293,2.0
2016-08-02 15:21:10.850,-0.477,0.324,-0.371,-26.555059040687077,-149.6579390876232,-79.07358755975996,2.0
2016-08-02 15:21:10.860,-0.504,0.309,-0.344,-28.59590463076018,-144.96196673357963,-76.35860641080684,2.0
2016-08-02 15:21:10.870,-0.52,0.305,-0.344,-28.42103746078083,-139.89297230636078,-74.21085933057961,2.0
2016-08-02 15:21:10.880,-0.551,0.301,-0.316,-29.02847849745217,-135.3591787514939,-72.24785741310008,2.0
2016-08-02 15:21:10.890,-0.57,0.297,-0.297,-31.905179927226627,-130.98568814211023,-70.31975010056567,2.0
2016-08-02 15:21:10.900,-0.598,0.289,-0.281,-34.50984103081525,-126.22813492727389,-68.59312211314763,2.0
2016-08-02 15:21:10.910,-0.609,0.281,-0.242,-35.98340348969947,-121.57115911886815,-66.82673359249415,2.0
2016-08-02 15:21:10.920,-0.629,0.262,-0.23,-37.3623899307535,-117.2117694923753,-65.23823261077976,2.0
2016-08-02 15:21:10.930,-0.656,0.258,-0.219,-36.40852367778967,-112.63229832283037,-64.29581403568258,2.0
2016-08-02 15:21:10.940,-0.664,0.254,-0.203,-32.478331885678344,-108.78944748795097,-63.4941919954271,2.0
2016-08-02 15:21:10.950,-0.68,0.258,-0.195,-29.858166393676143,-105.73420098505268,-62.90896375229923,2.0
2016-08-02 15:21:10.960,-0.703,0.25,-0.172,-29.12284198816944,-102.06566255738804,-62.09975608209041,2.0
2016-08-02 15:21:10.970,-0.711,0.238,-0.145,-27.947890741874616,-98.33489466725327,-60.525993291037736,2.0
2016-08-02 15:21:10.980,-0.727,0.234,-0.137,-27.172690807462374,-94.57585167155906,-59.44893346525346,2.0
2016-08-02 15:21:10.990,-0.746,0.219,-0.117,-25.87239870371182,-90.01777744396529,-58.659136390017466,2.0
2016-08-02 15:21:11.000,-0.762,0.211,-0.113,-22.602734830248536,-85.66756155942544,-57.81081692663491,2.0
2016-08-02 15:21:11.010,-0.777,0.207,-0.121,-19.590273157189348,-81.96137874058266,-57.732739297568614,2.0
2016-08-02 15:21:11.020,-0.801,0.207,-0.109,-18.0190304672168,-79.2001466198427,-57.115983491407704,2.0
2016-08-02 15:21:11.030,-0.805,0.203,-0.098,-17.825740643628674,-77.70775163170761,-55.57903136945176,2.0
2016-08-02 15:21:11.040,-0.82,0.184,-0.078,-17.992500495317305,-75.64811594528294,-54.561718877355474,2.0
2016-08-02 15:21:11.050,-0.828,0.168,-0.039,-15.40414253005547,-72.82459515075881,-53.90270821696008,2.0
2016-08-02 15:21:11.060,-0.828,0.152,-0.02,-10.762004996611436,-70.56523123150349,-53.54716686039768,2.0
2016-08-02 15:21:11.070,-0.844,0.152,-0.012,-7.688501115682748,-68.10175263128585,-53.53886492435656,2.0
2016-08-02 15:21:11.080,-0.852,0.152,-0.004,-5.944119802144037,-65.53475080094029,-53.20867629567179,2.0
2016-08-02 15:21:11.090,-0.859,0.152,-0.008,-4.358896408944697,-63.5286272274435,-53.10292970871695,2.0
2016-08-02 15:21:11.100,-0.871,0.152,-0.004,-3.855862817383657,-61.63651835326568,-53.099333653817915,2.0
2016-08-02 15:21:11.110,-0.887,0.156,0.0,-4.839022754125948,-60.49572713413312,-52.2237571299922,2.0
2016-08-02 15:21:11.120,-0.883,0.145,0.031,-5.745284439311798,-58.94251829910302,-51.578495317799664,2.0
2016-08-02 15:21:11.130,-0.887,0.109,0.066,-3.718188949182769,-54.74489650619212,-51.90304176541131,2.0
2016-08-02 15:21:11.140,-0.906,0.098,0.082,0.9120792210475295,-51.373866724562276,-51.96848942497866,2.0
2016-08-02 15:21:11.150,-0.934,0.082,0.078,4.411590591502493,-51.632565590342914,-51.225841891185134,2.0
2016-08-02 15:21:11.160,-0.949,0.07,0.074,5.594997735854523,-51.69380548804272,-49.729510049847136,2.0
2016-08-02 15:21:11.170,-0.953,0.082,0.07,4.607728241293447,-50.6821253340224,-47.43979123317992,2.0
2016-08-02 15:21:11.180,-0.949,0.07,0.094,1.3902648859127995,-50.35753861895814,-44.574722878981476,2.0
2016-08-02 15:21:11.190,-0.938,0.047,0.109,-0.21452454991079228,-48.89771522910421,-41.78256377100058,2.0
2016-08-02 15:21:11.200,-0.938,0.012,0.133,3.2342410347954518,-46.08853012365626,-40.00114977594357,2.0
2016-08-02 15:21:11.210,-0.934,-0.004,0.148,7.886931191641727,-43.50240660413746,-38.74451206799345,2.0
2016-08-02 15:21:11.220,-0.938,-0.012,0.145,8.029159049315632,-40.8684812498838,-36.97990874804298,2.0
2016-08-02 15:21:11.230,-0.938,-0.008,0.16,4.188733244685032,-38.32816332655724,-34.91567818578646,2.0
2016-08-02 15:21:11.240,-0.93,-0.023,0.156,0.495205435723511,-36.402602228904485,-33.03357420468866,2.0
2016-08-02 15:21:11.250,-0.922,-0.035,0.148,-0.928687683311432,-34.423783103809576,-31.638650028436366,2.0
2016-08-02 15:21:11.260,-0.91,-0.047,0.16,0.4047905957584733,-31.98847512966789,-30.472395520531272,2.0
2016-08-02 15:21:11.270,-0.902,-0.047,0.18,2.6626884996432207,-28.974027152510267,-28.949399022353063,2.0
2016-08-02 15:21:11.280,-0.914,-0.051,0.18,3.2114997697295307,-24.84159524074851,-26.72224116443462,2.0
2016-08-02 15:21:11.290,-0.93,-0.051,0.168,3.2857602060786846,-20.318955153991773,-23.403398084229572,2.0
2016-08-02 15:21:11.300,-0.949,-0.035,0.156,3.0723889208949955,-16.755312009572915,-19.10395051706107,2.0
2016-08-02 15:21:11.310,-0.965,-0.027,0.152,0.47103326378619825,-14.281990336724576,-14.339875875270623,2.0
2016-08-02 15:21:11.320,-0.973,-0.035,0.172,-1.7212205866856691,-12.475684078775002,-9.68454969715162,2.0
2016-08-02 15:21:11.330,-0.98,-0.039,0.195,-0.9812858283332648,-10.889280864109994,-5.5890735176318795,2.0
2016-08-02 15:21:11.340,-0.988,-0.043,0.219,-0.1884932474802439,-9.404978299241922,-1.8681177738307932,2.0
2016-08-02 15:21:11.350,-0.996,-0.031,0.234,-1.0163542640124654,-8.13266525778053,1.7267605607424754,2.0
2016-08-02 15:21:11.360,-1.004,-0.035,0.266,-3.137868656544563,-6.559244759218604,5.201020288814628,2.0
2016-08-02 15:21:11.370,-1.004,-0.035,0.281,-6.334831592017192,-4.214318258273229,8.24100960244222,2.0
2016-08-02 15:21:11.380,-1.012,-0.039,0.285,-9.143483925697083,-1.4886941279701194,10.290121130232144,2.0
2016-08-02 15:21:11.390,-1.023,-0.051,0.285,-10.860190543400241,1.054935421350891,11.558760548651176,2.0
2016-08-02 15:21:11.400,-1.02,-0.047,0.262,-12.8563264108585,3.2710407777180714,12.40994191135696,2.0
2016-08-02 15:21:11.410,-1.02,-0.039,0.234,-16.19846855196306,5.149952051495261,13.172828406604994,2.0
2016-08-02 15:21:11.420,-1.012,-0.047,0.227,-19.343539821556764,6.72416575663282,14.421677440427793,2.0
2016-08-02 15:21:11.430,-0.988,-0.039,0.215,-20.289318671426063,8.354123173609619,15.584267437202644,2.0
2016-08-02 15:21:11.440,-0.977,-0.039,0.207,-20.350243054501043,10.238172822323408,16.37061743485713,2.0
2016-08-02 15:21:11.450,-0.969,-0.031,0.195,-21.758216556469222,11.90942809895921,17.494694238350547,2.0
2016-08-02 15:21:11.460,-0.961,-0.023,0.168,-24.318902024190333,13.351608077666086,18.657146729824643,2.0
2016-08-02 15:21:11.470,-0.953,-0.027,0.152,-26.401506788568007,15.129541396487472,19.534159773638873,2.0
2016-08-02 15:21:11.480,-0.941,-0.02,0.133,-27.044903226586356,17.041904986204173,20.2384891938892,2.0
2016-08-02 15:21:11.490,-0.934,0.0,0.109,-27.459823490885174,18.895914291429932,20.6596735443215,2.0
2016-08-02 15:21:11.500,-0.941,0.008,0.113,-28.515367125582795,20.760235386900426,21.1919241755077,2.0
2016-08-02 15:21:11.510,-0.938,0.004,0.117,-28.799844491689765,22.171851114284905,21.764189836445127,2.0
2016-08-02 15:21:11.520,-0.938,0.012,0.102,-28.67295027069558,23.44196019560557,21.91243505358262,2.0
2016-08-02 15:21:11.530,-0.945,0.023,0.09,-30.000414278165536,25.057352369811532,22.223044373663548,2.0
2016-08-02 15:21:11.540,-0.949,0.031,0.078,-32.028256900071966,26.428667047330446,23.0606753869608,2.0
2016-08-02 15:21:11.550,-0.949,0.035,0.098,-32.83832046415007,27.509676265321765,23.97364051008545,2.0
2016-08-02 15:21:11.560,-0.945,0.035,0.133,-32.111511712507195,28.79801799006961,24.52036156875748,2.0
2016-08-02 15:21:11.570,-0.949,0.043,0.141,-31.32102964254321,30.223004900266126,24.4211673408339,2.0
2016-08-02 15:21:11.580,-0.953,0.047,0.148,-31.631443791603807,31.52986992027536,24.26439315679982,2.0
2016-08-02 15:21:11.590,-0.961,0.055,0.152,-32.0560358075945,32.45022687296516,24.571684154924778,2.0
2016-08-02 15:21:11.600,-0.965,0.066,0.145,-32.00311783863602,32.85274151027385,24.698926899261494,2.0
2016-08-02 15:21:11.610,-0.984,0.074,0.113,-32.446255428705044,32.86008765904846,24.728537410778582,2.0
2016-08-02 15:21:11.620,-0.992,0.082,0.109,-33.13503933987997,32.764668811895106,25.52589029398715,2.0
2016-08-02 15:21:11.630,-0.988,0.086,0.121,-33.19599183734188,33.413290798734316,26.40343100210404,2.0
2016-08-02 15:21:11.640,-0.973,0.086,0.129,-32.8347098335977,35.541584921187834,26.404813914449413,2.0
2016-08-02 15:21:11.650,-0.969,0.086,0.129,-32.55346237076013,38.42731072128426,26.3740135940842,2.0
2016-08-02 15:21:11.660,-0.973,0.086,0.121,-32.88649336529487,40.60669454068374,26.607174460238657,2.0
2016-08-02 15:21:11.670,-0.965,0.09,0.113,-33.5650224672853,42.1556751603546,26.616209747840692,2.0
2016-08-02 15:21:11.680,-0.953,0.102,0.105,-34.1043064619961,44.174656284586945,27.227146321135976,2.0
2016-08-02 15:21:11.690,-0.953,0.098,0.082,-35.47948329450158,46.07346320752124,28.700713582787042,2.0
2016-08-02 15:21:11.700,-0.953,0.105,0.063,-37.87562629440974,47.02971888352049,30.644941640077363,2.0
2016-08-02 15:21:11.710,-0.941,0.113,0.051,-40.063918763051966,47.82606697994268,33.56819653878005,2.0
2016-08-02 15:21:11.720,-0.922,0.105,0.051,-42.04184487464675,48.92157222801106,37.06695329001661,2.0
2016-08-02 15:21:11.730,-0.906,0.113,0.066,-44.00658526566834,50.53638157613598,40.20379017569085,2.0
2016-08-02 15:21:11.740,-0.871,0.121,0.074,-44.80399681722188,53.28863315420661,42.90009941746598,2.0
2016-08-02 15:21:11.750,-0.852,0.121,0.059,-43.53476530720724,56.972755153769356,45.13576650364008,2.0
2016-08-02 15:21:11.760,-0.848,0.113,0.035,-41.02133222303748,60.426726257978956,47.426630662641486,2.0
2016-08-02 15:21:11.770,-0.84,0.145,-0.008,-39.05858104140628,62.63096838247857,49.95508815664246,2.0
2016-08-02 15:21:11.780,-0.844,0.156,-0.035,-38.23579986689364,64.08224164759064,52.24629307152669,2.0
2016-08-02 15:21:11.790,-0.84,0.16,-0.043,-37.89942751913894,65.79552345913518,54.917941965889554,2.0
2016-08-02 15:21:11.800,-0.84,0.168,-0.047,-37.4424264197878,67.5881110943103,57.98236267318528,2.0
2016-08-02 15:21:11.810,-0.832,0.152,-0.016,-36.414092477424184,69.68447978736523,61.251809975766804,2.0
2016-08-02 15:21:11.820,-0.805,0.152,0.02,-34.97130137736975,72.73002362433012,65.07855865226982,2.0
2016-08-02 15:21:11.830,-0.781,0.176,0.016,-33.38303290106852,75.92352331814416,68.05363535370383,2.0
2016-08-02 15:21:11.840,-0.773,0.191,-0.004,-31.056007338402768,78.6973899911518,70.56786809172348,2.0
2016-08-02 15:21:11.850,-0.766,0.199,-0.027,-27.86475172575877,81.13919456588106,74.37129417560868,2.0
2016-08-02 15:21:11.860,-0.758,0.238,-0.07,-24.923434079590987,82.79596457225882,77.76370512502471,2.0
2016-08-02 15:21:11.870,-0.762,0.246,-0.086,-23.3467470752933,84.01498704982885,80.49562051393912,2.0
2016-08-02 15:21:11.880,-0.762,0.238,-0.078,-22.72488001380512,85.67002421070353,84.28374858317237,2.0
2016-08-02 15:21:11.890,-0.746,0.25,-0.086,-20.925651436868176,87.90689463459248,87.82727981226277,2.0
2016-08-02 15:21:11.900,-0.742,0.242,-0.086,-17.547592407619305,90.22328428924442,90.77568098422759,2.0
2016-08-02 15:21:11.910,-0.727,0.246,-0.094,-14.373596326264376,92.03266747863334,94.55980922793296,2.0
2016-08-02 15:21:11.920,-0.695,0.281,-0.105,-11.55840213922232,93.81831475855101,98.34977841361017,2.0
2016-08-02 15:21:11.930,-0.676,0.297,-0.133,-9.379098922141527,96.08745845773633,101.15290234420559,2.0
2016-08-02 15:21:11.940,-0.688,0.289,-0.168,-8.370487830589969,98.06885301467153,103.52508446787192,2.0
2016-08-02 15:21:11.950,-0.684,0.313,-0.188,-6.859493611108012,99.53206671960504,106.2870700649977,2.0
2016-08-02 15:21:11.960,-0.664,0.328,-0.211,-5.43498632944644,101.33853280442827,109.07758238513678,2.0
2016-08-02 15:21:11.970,-0.664,0.348,-0.258,-5.09346891888109,103.3022602152124,110.95441637207571,2.0
2016-08-02 15:21:11.980,-0.652,0.352,-0.258,-2.926955403402107,104.48428383071541,113.19960058800953,2.0
2016-08-02 15:21:11.990,-0.602,0.363,-0.262,1.4568537814550635,106.02858418518245,115.65211008095466,2.0
2016-08-02 15:21:12.000,-0.578,0.426,-0.305,7.2689767816666855,108.80651888385981,115.81644112517102,2.0
2016-08-02 15:21:12.010,-0.563,0.406,-0.309,14.285117309286132,110.67797059454574,115.41862143426725,2.0
2016-08-02 15:21:12.020,-0.555,0.438,-0.383,17.854639803440215,111.49333218002087,115.51686727813015,2.0
2016-08-02 15:21:12.030,-0.551,0.492,-0.414,18.119514871516703,112.29622108087543,114.24196825897371,2.0
2016-08-02 15:21:12.040,-0.523,0.465,-0.398,19.579561388611683,112.25585990160648,113.47486595333855,2.0
2016-08-02 15:21:12.050,-0.492,0.504,-0.434,21.795715019469803,113.01003005439694,113.0946429063309,2.0
2016-08-02 15:21:12.060,-0.48,0.523,-0.414,26.222707528416336,115.15791361302243,111.78389202737243,2.0
2016-08-02 15:21:12.070,-0.422,0.535,-0.406,32.49244863137591,116.63106670320659,111.61897180650769,2.0
2016-08-02 15:21:12.080,-0.422,0.598,-0.469,37.28079499107522,117.19983503434375,110.78363484413558,2.0
2016-08-02 15:21:12.090,-0.438,0.566,-0.465,42.16026851386095,115.54846662726213,109.40602795389775,2.0
2016-08-02 15:21:12.100,-0.43,0.602,-0.563,43.674045382379525,112.45417820789424,110.15878720443305,2.0
2016-08-02 15:21:12.110,-0.465,0.609,-0.594,39.45308828850744,110.92982054030482,110.49556925313405,2.0
2016-08-02 15:21:12.120,-0.418,0.57,-0.547,37.85849161966334,110.49654299553919,111.72099252604261,2.0
2016-08-02 15:21:12.130,-0.328,0.648,-0.57,42.305298056958954,112.27511123283983,113.84770617708054,2.0
2016-08-02 15:21:12.140,-0.316,0.637,-0.547,49.70756191498536,115.21139753321589,112.57372059106825,2.0
2016-08-02 15:21:12.150,-0.297,0.605,-0.559,54.95412711627485,115.76810944208279,111.8642269371599,2.0
2016-08-02 15:21:12.160,-0.289,0.68,-0.621,53.428261720531296,116.67389376991372,113.00928999850653,2.0
2016-08-02 15:21:12.170,-0.281,0.637,-0.586,48.73745312076297,117.28676620849461,113.04187444761028,2.0
2016-08-02 15:21:12.180,-0.234,0.629,-0.629,44.623548179520945,116.02026348380919,113.80307970149816,2.0
2016-08-02 15:21:12.190,-0.246,0.656,-0.699,43.471636991560445,116.44362677214532,113.2758199926655,2.0
2016-08-02 15:21:12.200,-0.234,0.613,-0.672,46.058422117202426,116.57458258105336,111.61775890370664,2.0
2016-08-02 15:21:12.210,-0.168,0.645,-0.684,46.252803491096266,117.33703505173656,112.01826819461093,2.0
2016-08-02 15:21:12.220,-0.133,0.676,-0.664,45.73817279055472,121.71389992556632,111.19708423558929,2.0
2016-08-02 15:21:12.230,-0.117,0.625,-0.621,46.57876849634466,124.63137893622186,109.99505940345935,2.0
2016-08-02 15:21:12.240,-0.094,0.676,-0.688,42.91751036948669,126.05591769840227,110.62684644285801,2.0
2016-08-02 15:21:12.250,-0.09,0.684,-0.727,41.20625012326554,126.86184749309629,110.10643334001878,2.0
2016-08-02 15:21:12.260,-0.074,0.625,-0.742,42.63191191230861,124.52017905328384,109.98935506910821,2.0
2016-08-02 15:21:12.270,-0.023,0.699,-0.77,38.2002538297917,124.00459717563848,111.26138750924835,2.0
2016-08-02 15:21:12.280,0.051,0.711,-0.734,35.623854365176925,125.90716783919565,111.21402531024411,2.0
2016-08-02 15:21:12.290,0.105,0.699,-0.742,38.509428257353825,126.33094817282216,110.1151561583404,2.0
2016-08-02 15:21:12.300,0.148,0.75,-0.762,42.2106063572648,127.01184631842042,108.36905751338243,2.0
2016-08-02 15:21:12.310,0.176,0.711,-0.734,47.145859019935365,126.7049452326358,106.67308454763142,2.0
2016-08-02 15:21:12.320,0.176,0.711,-0.805,44.2647561792455,125.76636994772971,105.89683910035947,2.0
2016-08-02 15:21:12.330,0.152,0.727,-0.855,37.01818912922463,125.43739598218045,105.40117673009,2.0
2016-08-02 15:21:12.340,0.168,0.668,-0.859,37.684194768481646,122.50766680409433,106.00628933523821,2.0
2016-08-02 15:21:12.350,0.195,0.703,-0.945,35.82396171181612,120.37449578515125,106.14310910812988,2.0
2016-08-02 15:21:12.360,0.219,0.691,-0.902,31.791708919631198,120.76682309167657,104.11081441018274,2.0
2016-08-02 15:21:12.370,0.293,0.68,-0.813,35.5153767397119,121.20622124120774,102.80445360584176,2.0
2016-08-02 15:21:12.380,0.348,0.715,-0.773,37.44353272218797,124.43254503247894,101.21719809490784,2.0
2016-08-02 15:21:12.390,0.348,0.684,-0.707,36.29925103227414,127.40140009531167,98.63451731675985,2.0
2016-08-02 15:21:12.400,0.32,0.672,-0.797,33.619030094625565,126.02933357757355,98.9973119725764,2.0
2016-08-02 15:21:12.410,0.246,0.664,-0.906,24.70610333030706,123.30488804462831,100.70778631230856,2.0
2016-08-02 15:21:12.420,0.246,0.633,-0.914,20.676390577122234,120.3709365737567,101.67088989371516,2.0
2016-08-02 15:21:12.430,0.359,0.691,-0.949,25.252655351055598,119.09199696147712,101.52766077721606,2.0
2016-08-02 15:21:12.440,0.453,0.668,-0.863,29.358686132679054,120.46789442119436,97.61702935618943,2.0
2016-08-02 15:21:12.450,0.512,0.66,-0.793,30.84914085961019,122.35749479219274,93.20775553383169,2.0
2016-08-02 15:21:12.460,0.551,0.691,-0.723,27.631209601040094,125.15156450918064,92.08885470459882,2.0
2016-08-02 15:21:12.470,0.563,0.648,-0.684,21.20066380338602,127.41639262100584,92.56735588693965,2.0
2016-08-02 15:21:12.480,0.523,0.613,-0.75,12.533120314507372,127.41137720474802,94.8869836909513,2.0
2016-08-02 15:21:12.490,0.473,0.609,-0.813,1.2988163377487147,126.94947503116575,98.84094724709125,2.0
2016-08-02 15:21:12.500,0.469,0.613,-0.914,-2.9347980278993435,126.60659164628413,101.36033410338848,2.0
2016-08-02 15:21:12.510,0.523,0.641,-0.953,2.695475169548519,125.95037028473448,101.10109499571897,2.0
2016-08-02 15:21:12.520,0.609,0.613,-0.855,9.071518159709887,124.95283224496477,99.21134929672327,2.0
2016-08-02 15:21:12.530,0.715,0.645,-0.781,7.3907546761496485,124.59919764491454,96.49977101190655,2.0
2016-08-02 15:21:12.540,0.773,0.621,-0.691,-0.8945035573598683,125.07322107185743,93.92401946689796,2.0
2016-08-02 15:21:12.550,0.805,0.574,-0.586,-5.730622456113842,124.17005636413842,94.12620645956423,2.0
2016-08-02 15:21:12.560,0.848,0.574,-0.555,-10.587812256858433,122.72635162531411,96.45060919889828,2.0
2016-08-02 15:21:12.570,0.859,0.582,-0.59,-21.360892142886446,122.31202307337328,97.87985995179768,2.0
2016-08-02 15:21:12.580,0.84,0.566,-0.695,-28.607039186700547,120.91914699576137,98.70254436719472,2.0
2016-08-02 15:21:12.590,0.82,0.559,-0.773,-28.836599916901832,117.91457582630859,99.18646596484825,2.0
2016-08-02 15:21:12.600,0.832,0.559,-0.766,-28.958010019019685,114.90345228078331,98.49120980008672,2.0
2016-08-02 15:21:12.610,0.879,0.566,-0.715,-33.97736995482195,113.21102178918494,97.53378245514062,2.0
2016-08-02 15:21:12.620,0.922,0.559,-0.652,-42.759055268954235,113.01774146864727,96.98795052315782,2.0
2016-08-02 15:21:12.630,0.93,0.539,-0.59,-47.60322278722998,112.46092309301831,96.64313962016351,2.0
2016-08-02 15:21:12.640,0.918,0.516,-0.559,-47.163915817527126,109.78990928905263,96.83433811048677,2.0
2016-08-02 15:21:12.650,0.918,0.5,-0.555,-47.39307466780339,105.47017462937147,97.07594306569013,2.0
2016-08-02 15:21:12.660,0.926,0.5,-0.559,-48.15842743361237,100.66532013187184,95.78713544041713,2.0
2016-08-02 15:21:12.670,0.934,0.484,-0.57,-47.88630199287398,95.81011647574783,92.578479946302,2.0
2016-08-02 15:21:12.680,0.945,0.453,-0.57,-48.10031657345803,90.93155842174619,88.15290516533867,2.0
2016-08-02 15:21:12.690,0.941,0.441,-0.559,-48.765367904795085,86.02703658923078,82.8573463378099,2.0
2016-08-02 15:21:12.700,0.945,0.43,-0.508,-49.53866034489688,81.11995428267853,77.6942657818866,2.0
2016-08-02 15:21:12.710,0.953,0.418,-0.445,-49.14122920739711,76.0466334672831,73.66437449348402,2.0
2016-08-02 15:21:12.720,0.957,0.43,-0.402,-46.50733425949305,70.3442617871073,70.01555047514773,2.0
2016-08-02 15:21:12.730,0.945,0.426,-0.391,-43.21128523146302,64.09679659924076,66.19080307863672,2.0
2016-08-02 15:21:12.740,0.934,0.434,-0.398,-39.10530318491213,58.04198263219911,62.252801781910435,2.0
2016-08-02 15:21:12.750,0.926,0.449,-0.414,-34.27088320188313,52.76457877159856,57.63925360369264,2.0
2016-08-02 15:21:12.760,0.918,0.469,-0.43,-31.264229607648662,48.60189517219091,52.65667359850849,2.0
2016-08-02 15:21:12.770,0.906,0.48,-0.434,-29.53287991982959,45.36018168475082,48.24226870047341,2.0
2016-08-02 15:21:12.780,0.895,0.492,-0.434,-27.294252092154608,42.59076273048933,44.53227600486129,2.0
2016-08-02 15:21:12.790,0.895,0.5,-0.434,-24.62270952245194,40.19694240441519,41.591733475202304,2.0
2016-08-02 15:21:12.800,0.898,0.508,-0.434,-21.411621569054443,37.91203624468852,39.070815429391416,2.0
2016-08-02 15:21:12.810,0.898,0.508,-0.426,-18.000390719314346,35.36722216441171,36.12182571189572,2.0
2016-08-02 15:21:12.820,0.91,0.508,-0.418,-13.553928192217946,32.554318136584506,32.81616270212999,2.0
2016-08-02 15:21:12.830,0.93,0.484,-0.406,-6.760980169229791,29.437612501545825,28.89231480541369,2.0
2016-08-02 15:21:12.840,0.934,0.488,-0.398,-0.8586640565984975,26.24898335745516,23.86323320545456,2.0
2016-08-02 15:21:12.850,0.93,0.512,-0.398,1.1505224325000794,23.105347894406094,19.075901445171567,2.0
2016-08-02 15:21:12.860,0.926,0.516,-0.402,3.4954959507978542,18.889649124495733,14.38466309558132,2.0
2016-08-02 15:21:12.870,0.922,0.516,-0.422,9.926751530749964,13.769387890878868,8.53907129848765,2.0
2016-08-02 15:21:12.880,0.91,0.512,-0.43,16.811835009491418,9.639025245942332,3.207735122820464,2.0
2016-08-02 15:21:12.890,0.906,0.5,-0.434,21.940075094541108,6.615665368696248,-0.9521110512727948,2.0
2016-08-02 15:21:12.900,0.914,0.492,-0.422,26.285192367777096,4.052734434950514,-4.937757782606976,2.0
2016-08-02 15:21:12.910,0.918,0.492,-0.414,26.89645123043695,2.121123714122367,-8.213330812608868,2.0
2016-08-02 15:21:12.920,0.914,0.488,-0.43,23.419833581607946,0.30205141575292477,-10.877768466688103,2.0
2016-08-02 15:21:12.930,0.914,0.469,-0.434,21.317710714513726,-2.2012990729324144,-13.698650645532572,2.0
2016-08-02 15:21:12.940,0.902,0.445,-0.43,22.3245292581085,-5.291204947254734,-16.62059550763665,2.0
2016-08-02 15:21:12.950,0.895,0.43,-0.422,24.32279234206392,-8.790966040289977,-19.836988587683425,2.0
2016-08-02 15:21:12.960,0.883,0.414,-0.41,26.630000284974503,-12.979796395953688,-23.643160461043855,2.0
2016-08-02 15:21:12.970,0.879,0.41,-0.402,29.022655840485328,-18.13553867961709,-27.93575495748462,2.0
2016-08-02 15:21:12.980,0.891,0.398,-0.383,30.085829629668055,-23.99579752724047,-32.24279925918884,2.0
2016-08-02 15:21:12.990,0.91,0.387,-0.367,27.65793589198732,-29.605505934428475,-35.480868241113825,2.0
2016-08-02 15:21:13.000,0.918,0.391,-0.379,21.34971270244852,-33.987388569698425,-36.972018001192126,2.0
2016-08-02 15:21:13.010,0.93,0.391,-0.406,14.744743602545334,-36.319021283452265,-37.01241808830039,2.0
2016-08-02 15:21:13.020,0.934,0.402,-0.453,11.80108371621761,-36.76351288442147,-36.27676798173958,2.0
2016-08-02 15:21:13.030,0.926,0.418,-0.504,11.347258831845007,-36.912129866818574,-35.47009378721878,2.0
2016-08-02 15:21:13.040,0.922,0.434,-0.539,9.963844100939395,-37.33798824030273,-34.91976444207237,2.0
2016-08-02 15:21:13.050,0.914,0.441,-0.547,7.786023304764921,-37.818085231461,-34.89694268335495,2.0
2016-08-02 15:21:13.060,0.898,0.438,-0.523,5.934502518071051,-39.3063531148451,-35.442823492822015,2.0
2016-08-02 15:21:13.070,0.898,0.434,-0.496,3.4660825520165046,-41.78727382942318,-35.95132587625771,2.0
2016-08-02 15:21:13.080,0.906,0.43,-0.473,0.6442512781154546,-44.233581101416156,-36.62747655671636,2.0
2016-08-02 15:21:13.090,0.906,0.406,-0.461,-0.04226349683557801,-47.11036645611689,-38.218007885503326,2.0
2016-08-02 15:21:13.100,0.902,0.391,-0.465,1.870581326352314,-51.10057434647214,-40.335611388800274,2.0
2016-08-02 15:21:13.110,0.898,0.387,-0.473,3.129648794308286,-55.89453091395352,-42.63326975116081,2.0
2016-08-02 15:21:13.120,0.91,0.391,-0.48,1.1258239179690221,-60.74182873578767,-45.453264327679854,2.0
2016-08-02 15:21:13.130,0.914,0.422,-0.492,-2.376586838144453,-64.93334373755646,-48.46163382905625,2.0
2016-08-02 15:21:13.140,0.918,0.441,-0.5,-4.052432427742916,-68.87284307614482,-51.002466078765735,2.0
2016-08-02 15:21:13.150,0.914,0.453,-0.52,-4.46637948880093,-72.8985275249933,-53.215757148692425,2.0
2016-08-02 15:21:13.160,0.891,0.469,-0.535,-5.527875492635174,-76.23043799281166,-55.33293210266691,2.0
2016-08-02 15:21:13.170,0.879,0.48,-0.547,-5.6834267293708445,-79.0665877889296,-56.76852580491536,2.0
2016-08-02 15:21:13.180,0.879,0.496,-0.563,-5.084860567278374,-81.86273199547719,-57.67504001003876,2.0
2016-08-02 15:21:13.190,0.867,0.512,-0.59,-5.448790100594699,-84.67500560780297,-59.51287611833256,2.0
2016-08-02 15:21:13.200,0.859,0.516,-0.598,-4.223840071923739,-88.59605798562089,-62.59834956007775,2.0
2016-08-02 15:21:13.210,0.871,0.508,-0.602,-1.069682562987677,-93.4852380905754,-66.25715901994108,2.0
2016-08-02 15:21:13.220,0.883,0.523,-0.609,-0.5964139718763252,-97.92279805360573,-70.07267901163333,2.0
2016-08-02 15:21:13.230,0.887,0.551,-0.605,-3.793902778646175,-101.76697699227788,-73.14315645897632,2.0
2016-08-02 15:21:13.240,0.887,0.574,-0.609,-6.880962802749521,-105.2544717220242,-75.09634442076887,2.0
2016-08-02 15:21:13.250,0.891,0.586,-0.617,-7.131403544135397,-108.69113502344949,-76.96213791192953,2.0
2016-08-02 15:21:13.260,0.875,0.602,-0.637,-5.775645842844062,-112.3456869915931,-79.44500332506828,2.0
2016-08-02 15:21:13.270,0.852,0.629,-0.668,-5.341942274632281,-115.87366144322087,-82.03810776730046,2.0
2016-08-02 15:21:13.280,0.828,0.656,-0.699,-6.01750188239458,-119.29022312907253,-84.16823382393235,2.0
2016-08-02 15:21:13.290,0.813,0.676,-0.723,-7.240135765224469,-122.20190312230989,-86.03781921042886,2.0
2016-08-02 15:21:13.300,0.801,0.688,-0.73,-8.755697210080577,-123.9248041142832,-88.18475345615008,2.0
2016-08-02 15:21:13.310,0.773,0.703,-0.73,-9.64887447442479,-125.29728808022057,-90.39392723921833,2.0
2016-08-02 15:21:13.320,0.75,0.715,-0.738,-10.510485420384354,-127.03959687876338,-92.09452597274392,2.0
2016-08-02 15:21:13.330,0.73,0.723,-0.742,-12.62035537217326,-128.6404827865282,-93.91241358050998,2.0
2016-08-02 15:21:13.340,0.707,0.734,-0.746,-14.68633194379057,-130.1511708486466,-96.26124303305477,2.0
2016-08-02 15:21:13.350,0.684,0.754,-0.754,-15.577425686551802,-132.1172309816967,-98.15404796828369,2.0
2016-08-02 15:21:13.360,0.66,0.754,-0.766,-16.809125485006497,-134.4817230329719,-99.39525782593263,2.0
2016-08-02 15:21:13.370,0.629,0.766,-0.797,-18.99802212213406,-136.6522714889803,-101.01715174623851,2.0
2016-08-02 15:21:13.380,0.617,0.773,-0.813,-19.90576753710385,-138.28776346760174,-103.30499522895406,2.0
2016-08-02 15:21:13.390,0.602,0.77,-0.816,-18.805747376039616,-139.6737517693307,-105.70617104638639,2.0
2016-08-02 15:21:13.400,0.574,0.766,-0.813,-18.67499195380345,-140.83607169715876,-108.00414407809882,2.0
2016-08-02 15:21:13.410,0.551,0.781,-0.813,-20.1477050935029,-141.697939326684,-109.90078361395486,2.0
2016-08-02 15:21:13.420,0.523,0.77,-0.816,-20.29771582142306,-142.70532628446117,-111.32741878830419,2.0
2016-08-02 15:21:13.430,0.504,0.766,-0.828,-19.137558232638373,-144.12928712582777,-113.13771653167791,2.0
2016-08-02 15:21:13.440,0.477,0.777,-0.84,-18.58541798725901,-145.73332200258983,-115.4835237722209,2.0
2016-08-02 15:21:13.450,0.441,0.781,-0.848,-18.663101885499806,-147.46736890641915,-117.48004000456581,2.0
2016-08-02 15:21:13.460,0.422,0.781,-0.844,-19.51021030224238,-149.52963615284943,-118.83893712061337,2.0
2016-08-02 15:21:13.470,0.395,0.773,-0.84,-20.302575044143786,-151.26232833446727,-120.39791029948663,2.0
2016-08-02 15:21:13.480,0.375,0.781,-0.844,-18.032534385874136,-152.29437775379932,-122.92063107123437,2.0
2016-08-02 15:21:13.490,0.34,0.781,-0.848,-13.177475205142562,-153.97221297999866,-125.74156292764809,2.0
2016-08-02 15:21:13.500,0.297,0.785,-0.852,-11.02838434407763,-156.60564807486327,-127.65697705897352,2.0
2016-08-02 15:21:13.510,0.27,0.785,-0.836,-13.348454031963119,-158.33816694807484,-128.6022250005774,2.0
2016-08-02 15:21:13.520,0.238,0.77,-0.824,-14.735867136276077,-158.64547237491666,-129.3690687234624,2.0
2016-08-02 15:21:13.530,0.199,0.734,-0.805,-11.613687679852067,-159.03760689964315,-130.27088950400983,2.0
2016-08-02 15:21:13.540,0.16,0.727,-0.793,-7.953823660446265,-159.96524964834444,-131.00444138348033,2.0
2016-08-02 15:21:13.550,0.117,0.711,-0.785,-7.3039035959727965,-160.43378882970316,-131.36844135730973,2.0
2016-08-02 15:21:13.560,0.066,0.695,-0.781,-6.936193089695458,-160.30169232791326,-131.48385805630994,2.0
2016-08-02 15:21:13.570,0.027,0.691,-0.773,-4.268261646122399,-160.69297098501937,-131.50687660662362,2.0
2016-08-02 15:21:13.580,-0.004,0.691,-0.77,-1.9058468794832875,-161.96655316876917,-131.2425729560033,2.0
2016-08-02 15:21:13.590,-0.031,0.664,-0.75,-2.0520367502223316,-163.02576534214643,-130.67051387549478,2.0
2016-08-02 15:21:13.600,-0.055,0.637,-0.719,-1.8530286507888964,-163.1724372548523,-130.13785039388745,2.0
2016-08-02 15:21:13.610,-0.078,0.594,-0.688,0.5395564328888276,-162.74287557287,-129.42653147608297,2.0
2016-08-02 15:21:13.620,-0.117,0.586,-0.668,0.772954548866035,-161.7293085428999,-128.27599546947326,2.0
2016-08-02 15:21:13.630,-0.152,0.59,-0.656,-3.0670458348406484,-159.80050509632323,-126.97163420693094,2.0
2016-08-02 15:21:13.640,-0.184,0.578,-0.66,-4.896339253680005,-157.93156082192738,-125.67853609367138,2.0
2016-08-02 15:21:13.650,-0.199,0.555,-0.625,-2.413168653281121,-157.41247332468225,-124.437335370933,2.0
2016-08-02 15:21:13.660,-0.211,0.539,-0.582,-1.5990243711248575,-157.10138616091808,-123.05695910056305,2.0
2016-08-02 15:21:13.670,-0.242,0.516,-0.555,-3.925054402111021,-155.20274991680816,-121.19643209726775,2.0
2016-08-02 15:21:13.680,-0.273,0.5,-0.555,-3.8535329029825354,-152.67133853823753,-119.04796746588151,2.0
2016-08-02 15:21:13.690,-0.301,0.488,-0.539,-1.5150802480918668,-150.92112689293305,-117.27118386868219,2.0
2016-08-02 15:21:13.700,-0.324,0.488,-0.531,-1.6924318963839684,-148.98335486723025,-116.0759277832568,2.0
2016-08-02 15:21:13.710,-0.344,0.469,-0.5,-2.9767370812354272,-146.28361671578415,-114.32497018464449,2.0
2016-08-02 15:21:13.720,-0.375,0.449,-0.492,-3.418347896467318,-143.69773988731086,-111.47094459605246,2.0
2016-08-02 15:21:13.730,-0.414,0.434,-0.477,-4.019711566977564,-141.49930201819043,-108.71402389171203,2.0
2016-08-02 15:21:13.740,-0.43,0.43,-0.469,-3.0698731576292495,-139.90555179750305,-106.27668831778402,2.0
2016-08-02 15:21:13.750,-0.449,0.422,-0.457,-1.2468968268412244,-138.71997161358885,-103.92476016464215,2.0
2016-08-02 15:21:13.760,-0.477,0.391,-0.441,-0.6930383698778101,-137.35454241373756,-101.9253584540171,2.0
2016-08-02 15:21:13.770,-0.5,0.375,-0.41,-0.13365899551484348,-136.16808165929143,-99.48782312247462,2.0
2016-08-02 15:21:13.780,-0.52,0.352,-0.383,-1.3292561962026233,-134.8038617591841,-96.55052604340918,2.0
2016-08-02 15:21:13.790,-0.539,0.348,-0.367,-5.0102518983221,-132.21853656030734,-94.24175392146687,2.0
2016-08-02 15:21:13.800,-0.563,0.324,-0.348,-5.716599893917361,-129.01501364850716,-92.55888661753349,2.0
2016-08-02 15:21:13.810,-0.578,0.32,-0.363,-2.5859861738737653,-126.44567855461736,-91.45124193372102,2.0
2016-08-02 15:21:13.820,-0.613,0.32,-0.363,0.3999339653977817,-124.86239541840884,-90.96420024480878,2.0
2016-08-02 15:21:13.830,-0.621,0.328,-0.332,1.1988484368123378,-123.86924458603701,-89.8969912082303,2.0
2016-08-02 15:21:13.840,-0.625,0.32,-0.293,-1.1920696875885457,-121.97794203813083,-88.35393666799179,2.0
2016-08-02 15:21:13.850,-0.652,0.293,-0.246,-4.024499442210027,-118.82312393242518,-87.13008129244328,2.0
2016-08-02 15:21:13.860,-0.668,0.27,-0.211,-4.520626710177673,-115.83169357791232,-85.7582107425549,2.0
2016-08-02 15:21:13.870,-0.699,0.25,-0.199,-4.158147725675569,-112.95497820807994,-84.7384649697193,2.0
2016-08-02 15:21:13.880,-0.734,0.23,-0.188,-2.4058191433362848,-110.40380247016007,-83.90858562411253,2.0
2016-08-02 15:21:13.890,-0.75,0.234,-0.168,0.11439834046961028,-109.12852623182997,-82.26107295259533,2.0
2016-08-02 15:21:13.900,-0.762,0.242,-0.164,-0.14805282092678856,-107.85416252710033,-80.72282733754408,2.0
2016-08-02 15:21:13.910,-0.777,0.234,-0.148,-2.347905844562386,-105.96107052508913,-79.16391488829859,2.0
2016-08-02 15:21:13.920,-0.777,0.211,-0.113,-4.4850883113726,-104.14346109925428,-76.66935979626113,2.0
2016-08-02 15:21:13.930,-0.785,0.207,-0.098,-6.422727916793328,-101.60454830665006,-74.5199889611893,2.0
2016-08-02 15:21:13.940,-0.797,0.184,-0.078,-7.266959747510232,-98.35092037172723,-72.92288527863886,2.0
2016-08-02 15:21:13.950,-0.801,0.176,-0.07,-7.343207439285155,-95.31808727060428,-70.91004070278193,2.0
2016-08-02 15:21:13.960,-0.816,0.168,-0.063,-7.196775041474808,-92.42061347650112,-69.08587849754613,2.0
2016-08-02 15:21:13.970,-0.824,0.152,-0.047,-6.8737379110715935,-90.32101875878013,-67.30277160603032,2.0
2016-08-02 15:21:13.980,-0.828,0.148,-0.043,-8.088529622924309,-88.97899086994445,-65.1216624925753,2.0
2016-08-02 15:21:13.990,-0.84,0.133,-0.035,-10.42343135627846,-87.19619164991724,-63.335815507153725,2.0
2016-08-02 15:21:14.000,-0.848,0.125,-0.023,-11.359060153177223,-85.46523303273287,-61.58759072763891,2.0
2016-08-02 15:21:14.010,-0.84,0.117,-0.012,-10.432287551333937,-83.97226264361532,-60.0204742695217,2.0
2016-08-02 15:21:14.020,-0.848,0.129,-0.023,-7.8568419598377846,-82.14478431737137,-59.40546531151533,2.0
2016-08-02 15:21:14.030,-0.863,0.125,-0.043,-5.795669776962201,-80.26174143572797,-58.41112271391141,2.0
2016-08-02 15:21:14.040,-0.863,0.133,-0.047,-7.265848728269512,-77.98336242634983,-56.74098781982657,2.0
2016-08-02 15:21:14.050,-0.875,0.105,-0.023,-9.795436352035,-75.68329587323048,-55.58626890935663,2.0
2016-08-02 15:21:14.060,-0.875,0.063,0.055,-9.428798130121804,-75.01620106096989,-54.645823366957714,2.0
2016-08-02 15:21:14.070,-0.867,0.012,0.125,-6.256306115159193,-75.21878000296758,-53.3366301569873,2.0
2016-08-02 15:21:14.080,-0.871,-0.008,0.16,-2.7370165263619173,-74.60193643099049,-51.832433954042486,2.0
2016-08-02 15:21:14.090,-0.887,0.004,0.164,-2.898700779368415,-73.94471751910521,-50.087667246284255,2.0
2016-08-02 15:21:14.100,-0.918,0.012,0.164,-7.723773424862644,-73.95132908766769,-47.97185351706022,2.0
2016-08-02 15:21:14.110,-0.93,0.012,0.16,-12.224813477251372,-73.9027859800135,-46.36386731921431,2.0
2016-08-02 15:21:14.120,-0.941,-0.012,0.172,-12.824121640976369,-73.51226012896664,-45.840645644113664,2.0
2016-08-02 15:21:14.130,-0.949,-0.035,0.199,-11.28899358178776,-72.46930031743022,-45.66886085655412,2.0
2016-08-02 15:21:14.140,-0.953,-0.043,0.227,-9.765330026918202,-70.07285254919364,-45.209617476719444,2.0
2016-08-02 15:21:14.150,-0.953,-0.047,0.25,-9.482291603093934,-67.03861810653507,-43.95400409008829,2.0
2016-08-02 15:21:14.160,-0.953,-0.043,0.277,-12.28256783228197,-64.30095716078552,-41.91113572906909,2.0
2016-08-02 15:21:14.170,-0.949,-0.043,0.289,-17.43881232587506,-61.456591701762505,-39.79546467482965,2.0
2016-08-02 15:21:14.180,-0.949,-0.055,0.328,-22.54671157827025,-58.51098151222362,-37.94528157927893,2.0
2016-08-02 15:21:14.190,-0.941,-0.09,0.348,-25.793090901065213,-55.46283780798146,-36.784611001440354,2.0
2016-08-02 15:21:14.200,-0.941,-0.109,0.355,-25.016975805483703,-51.72535809470379,-36.667918235772,2.0
2016-08-02 15:21:14.210,-0.938,-0.117,0.352,-22.572655965362777,-47.56057853114054,-36.59873970339552,2.0
2016-08-02 15:21:14.220,-0.938,-0.117,0.352,-23.708052691782452,-43.74279643401328,-35.559066298769125,2.0
2016-08-02 15:21:14.230,-0.93,-0.129,0.363,-26.835801642595325,-40.03155021718414,-33.844471893888716,2.0
2016-08-02 15:21:14.240,-0.914,-0.145,0.371,-27.988926043982843,-35.36472026409989,-31.568362112013336,2.0
2016-08-02 15:21:14.250,-0.906,-0.141,0.359,-28.767008829957156,-30.078023226291215,-28.62699230376344,2.0
2016-08-02 15:21:14.260,-0.914,-0.156,0.348,-29.85172775110819,-25.375973202907605,-25.29240153743015,2.0
2016-08-02 15:21:14.270,-0.902,-0.176,0.336,-27.98941072805765,-20.345689282127942,-21.562079772637652,2.0
2016-08-02 15:21:14.280,-0.887,-0.168,0.336,-23.854471545099077,-13.827598626802532,-17.622052124291624,2.0
2016-08-02 15:21:14.290,-0.883,-0.164,0.34,-22.271434739614858,-7.408059810775724,-13.664671390832313,2.0
2016-08-02 15:21:14.300,-0.887,-0.168,0.344,-23.942611207540583,-2.257724320893904,-9.198297713140274,2.0
2016-08-02 15:21:14.310,-0.879,-0.172,0.352,-24.35615909925473,2.803310814196305,-3.920078693600098,2.0
2016-08-02 15:21:14.320,-0.859,-0.176,0.352,-21.44653520818253,8.09550734941836,1.4435534718173961,2.0
2016-08-02 15:21:14.330,-0.863,-0.164,0.336,-17.77284153817331,12.601034044396055,6.398165690198415,2.0
2016-08-02 15:21:14.340,-0.867,-0.156,0.313,-14.990873321707536,16.03537410666768,11.50453351239922,2.0
2016-08-02 15:21:14.350,-0.875,-0.152,0.293,-12.665096468886636,18.772290672142226,16.37085380336787,2.0
2016-08-02 15:21:14.360,-0.883,-0.156,0.285,-9.797959919464546,21.25810131855407,20.28420376666768,2.0
2016-08-02 15:21:14.370,-0.891,-0.152,0.289,-6.2201591069790965,23.875300371139954,23.90715318112817,2.0
2016-08-02 15:21:14.380,-0.895,-0.145,0.297,-4.193642572450985,26.521640023106155,27.373347612176566,2.0
2016-08-02 15:21:14.390,-0.91,-0.156,0.309,-3.8067312780899756,28.860436380317513,30.473600866251715,2.0
2016-08-02 15:21:14.400,-0.906,-0.152,0.313,-2.39509528097022,31.062598173777197,33.75489609886691,2.0
2016-08-02 15:21:14.410,-0.906,-0.133,0.309,-1.16548811094138,33.46088227439296,36.96373519318367,2.0
2016-08-02 15:21:14.420,-0.918,-0.113,0.297,-1.994689671034243,35.788174108595825,39.40413246713845,2.0
2016-08-02 15:21:14.430,-0.93,-0.113,0.285,-2.755769897715752,38.03277623910442,41.268433645350314,2.0
2016-08-02 15:21:14.440,-0.934,-0.098,0.277,-2.5676196209029247,40.93430842980129,42.70239794669727,2.0
2016-08-02 15:21:14.450,-0.934,-0.082,0.273,-2.727343747757491,44.47563370228569,43.6050300071584,2.0
2016-08-02 15:21:14.460,-0.938,-0.082,0.266,-3.293261258215087,47.68216527547864,44.19462777727115,2.0
2016-08-02 15:21:14.470,-0.953,-0.078,0.27,-4.150275301037562,49.86616213543593,44.6762418251004,2.0
2016-08-02 15:21:14.480,-0.957,-0.066,0.27,-5.364664034533648,51.420084080976544,45.529426703493286,2.0
2016-08-02 15:21:14.490,-0.949,-0.059,0.262,-7.2723252478210725,53.464930767573264,46.85178891934575,2.0
2016-08-02 15:21:14.500,-0.965,-0.055,0.254,-10.623701443739144,55.71038354177748,47.997698817152084,2.0
2016-08-02 15:21:14.510,-0.961,-0.055,0.238,-14.713031736688427,57.09512106591336,49.28923422551356,2.0
2016-08-02 15:21:14.520,-0.945,-0.039,0.215,-18.666302933887078,58.49490890523161,51.34698427822353,2.0
2016-08-02 15:21:14.530,-0.945,-0.027,0.199,-23.106488980242528,60.48141252408858,53.59513441605881,2.0
2016-08-02 15:21:14.540,-0.945,-0.023,0.199,-27.446272971790282,61.67683933400832,55.70329301053545,2.0
2016-08-02 15:21:14.550,-0.93,-0.016,0.188,-29.953879397476896,62.44946948409532,58.330708262518364,2.0
2016-08-02 15:21:14.560,-0.926,-0.008,0.18,-31.812095281742042,64.20637579362649,61.481816524378786,2.0
2016-08-02 15:21:14.570,-0.914,0.004,0.172,-34.90394050402213,66.06865038526936,64.59667283131887,2.0
2016-08-02 15:21:14.580,-0.895,0.016,0.176,-37.849269761333076,67.93486351282398,67.76730093699595,2.0
2016-08-02 15:21:14.590,-0.879,0.023,0.16,-39.6698885006936,70.89690097049609,70.60334405971906,2.0
2016-08-02 15:21:14.600,-0.895,0.031,0.121,-41.41628582855617,73.80565207358678,72.6274003414824,2.0
2016-08-02 15:21:14.610,-0.898,0.055,0.094,-43.009920582108634,75.59201802465934,74.98435560573662,2.0
2016-08-02 15:21:14.620,-0.879,0.078,0.086,-44.40146586182756,77.01364849596823,78.24747088709236,2.0
2016-08-02 15:21:14.630,-0.867,0.078,0.086,-46.04026337195842,78.31448511983176,81.29203906996327,2.0
2016-08-02 15:21:14.640,-0.852,0.094,0.082,-46.46833575570622,79.17065549156165,84.26501190304238,2.0
2016-08-02 15:21:14.650,-0.84,0.102,0.078,-46.087189908483325,79.96472443831728,88.0894308676641,2.0
2016-08-02 15:21:14.660,-0.84,0.105,0.07,-47.878968746032776,81.05597716678406,92.04967753265053,2.0
2016-08-02 15:21:14.670,-0.828,0.141,0.051,-50.41338205094385,82.118831350737,95.60233288293871,2.0
2016-08-02 15:21:14.680,-0.816,0.141,0.031,-50.36810758986217,83.06244443390244,99.06352847565998,2.0
2016-08-02 15:21:14.690,-0.82,0.133,-0.008,-47.88026412801492,84.07350439387463,101.9985848592079,2.0
2016-08-02 15:21:14.700,-0.816,0.168,-0.039,-43.53823045688406,84.7856653299067,104.73566423791496,2.0
2016-08-02 15:21:14.710,-0.797,0.176,-0.031,-39.642424080530716,85.20147015132108,108.34524850491965,2.0
2016-08-02 15:21:14.720,-0.773,0.211,-0.043,-39.19428335615288,86.272267239032,111.73780274893824,2.0
2016-08-02 15:21:14.730,-0.762,0.242,-0.051,-39.24298754525912,87.7398837541209,114.29247409226227,2.0
2016-08-02 15:21:14.740,-0.754,0.234,-0.039,-36.896370650246,88.72202467869522,117.44389683600373,2.0
2016-08-02 15:21:14.750,-0.734,0.254,-0.07,-33.62013400369098,90.10272601624023,120.41263644574715,2.0
2016-08-02 15:21:14.760,-0.734,0.277,-0.133,-28.75820455324318,91.7725951271467,122.4049035759111,2.0
2016-08-02 15:21:14.770,-0.742,0.266,-0.16,-23.48365691006894,91.86119125035715,125.38370433014437,2.0
2016-08-02 15:21:14.780,-0.719,0.348,-0.199,-21.714361376212523,90.27714107556528,129.14409017530755,2.0
2016-08-02 15:21:14.790,-0.691,0.379,-0.184,-22.680959138609143,87.23257002606465,132.01501974227932,2.0
2016-08-02 15:21:14.800,-0.664,0.363,-0.156,-23.82394136450449,83.72787488967175,134.8486544080903,2.0
2016-08-02 15:21:14.810,-0.621,0.391,-0.141,-19.718380888652433,83.82359131123121,138.1359176076656,2.0
2016-08-02 15:21:14.820,-0.598,0.363,-0.102,-7.514013121080779,87.11707113468267,140.92795935011665,2.0
2016-08-02 15:21:14.830,-0.559,0.391,-0.133,2.4479279118667945,89.90499180609015,143.01309767920617,2.0
2016-08-02 15:21:14.840,-0.555,0.52,-0.23,3.7606606877959807,92.035693679189,144.656412369031,2.0
2016-08-02 15:21:14.850,-0.574,0.523,-0.273,-0.7930301649864298,91.21278871978375,146.10024618964835,2.0
2016-08-02 15:21:14.860,-0.563,0.547,-0.352,-7.560612614245633,88.1520745748372,146.96882301898177,2.0
2016-08-02 15:21:14.870,-0.559,0.543,-0.375,-5.47945137223261,87.58632716581789,146.52311530777922,2.0
2016-08-02 15:21:14.880,-0.523,0.484,-0.277,5.924425776242897,87.58917036520413,145.290472286547,2.0
2016-08-02 15:21:14.890,-0.438,0.563,-0.242,13.61274565284302,89.06163850280663,144.3222752588768,2.0
2016-08-02 15:21:14.900,-0.398,0.586,-0.223,17.93412966619214,93.65748644292101,143.53045135030436,2.0
2016-08-02 15:21:14.910,-0.41,0.543,-0.238,19.6119541021245,96.37052904469533,142.3871305806204,2.0
2016-08-02 15:21:14.920,-0.414,0.664,-0.363,15.545400850578492,97.4521749331019,141.5194897016814,2.0
2016-08-02 15:21:14.930,-0.422,0.66,-0.391,12.237266531412724,96.40932353925368,141.95693098733696,2.0
2016-08-02 15:21:14.940,-0.375,0.629,-0.406,10.98831187884169,93.17057870826882,142.18403613413528,2.0
2016-08-02 15:21:14.950,-0.32,0.719,-0.41,14.573763802892145,94.63701279183063,140.4151889685944,2.0
2016-08-02 15:21:14.960,-0.281,0.684,-0.34,23.627267819688363,98.1153772095043,138.68950545839152,2.0
2016-08-02 15:21:14.970,-0.254,0.68,-0.297,24.822732708950745,100.26408663609377,138.15018341775516,2.0
2016-08-02 15:21:14.980,-0.25,0.715,-0.277,21.051216180957276,105.2353416085358,138.2725535129589,2.0
2016-08-02 15:21:14.990,-0.285,0.703,-0.309,18.974833146272204,109.91931944181832,140.79808123239957,2.0
2016-08-02 15:21:15.000,-0.324,0.738,-0.422,12.363346278294241,111.05382203937296,144.9356703473582,2.0
2016-08-02 15:21:15.010,-0.285,0.828,-0.488,10.421489189742463,109.14719486338994,147.9233164442038,2.0
2016-08-02 15:21:15.020,-0.195,0.813,-0.473,18.591954519588842,105.60900903958867,148.80717211693204,2.0
2016-08-02 15:21:15.030,-0.113,0.836,-0.43,27.433884968968435,106.05112061469936,146.89141058503296,2.0
2016-08-02 15:21:15.040,-0.055,0.813,-0.34,36.22362169342742,110.40473885287493,145.00958684511062,2.0
2016-08-02 15:21:15.050,-0.035,0.758,-0.297,38.665150418793786,114.61278545773051,146.18908154588905,2.0
2016-08-02 15:21:15.060,-0.055,0.777,-0.371,28.849410997903046,118.8960262490932,148.8586800491104,2.0
2016-08-02 15:21:15.070,-0.086,0.773,-0.434,18.012967804330763,120.32601586445877,153.6328443270222,2.0
2016-08-02 15:21:15.080,-0.051,0.809,-0.523,12.533235818198403,118.01264898068821,160.30556162314363,2.0
2016-08-02 15:21:15.090,0.066,0.883,-0.574,14.769477878941505,116.68635146346318,163.31564787592214,2.0
2016-08-02 15:21:15.100,0.176,0.832,-0.555,25.909024684704548,116.88522106174776,161.05911291858462,2.0
2016-08-02 15:21:15.110,0.246,0.848,-0.563,38.17456527076114,118.77210413559676,156.22564858239537,2.0
2016-08-02 15:21:15.120,0.293,0.859,-0.516,50.38219441549296,121.5682564411003,151.4818475442163,2.0
2016-08-02 15:21:15.130,0.305,0.785,-0.523,57.11696469883407,122.55795672216017,150.26041106909256,2.0
2016-08-02 15:21:15.140,0.258,0.793,-0.668,47.77929614901703,122.37441064167216,152.06919171300711,2.0
2016-08-02 15:21:15.150,0.234,0.813,-0.66,35.18682698299758,117.64940997373115,154.999484563797,2.0
2016-08-02 15:21:15.160,0.363,0.84,-0.621,33.86859112303209,110.94476277235708,158.02006645046572,2.0
2016-08-02 15:21:15.170,0.504,0.902,-0.633,43.3708566764936,112.13345183265308,155.73162400672842,2.0
2016-08-02 15:21:15.180,0.555,0.828,-0.609,62.49244543634829,115.70927921959743,147.99794666283796,2.0
2016-08-02 15:21:15.190,0.555,0.852,-0.648,80.825833955303,115.14382262443657,140.7666824375346,2.0
2016-08-02 15:21:15.200,0.535,0.883,-0.668,88.31282394452519,113.12012059842729,134.76006016580152,2.0
2016-08-02 15:21:15.210,0.48,0.82,-0.699,84.652350770746,109.51498225011456,131.9043720666249,2.0
2016-08-02 15:21:15.220,0.43,0.805,-0.781,71.55469879177032,106.68166996010105,133.43454371059568,2.0
2016-08-02 15:21:15.230,0.453,0.801,-0.734,61.10766437799279,105.35612885400634,134.47038996505634,2.0
2016-08-02 15:21:15.240,0.527,0.805,-0.719,60.896351010782716,106.56474955172857,133.15303013034662,2.0
2016-08-02 15:21:15.250,0.559,0.82,-0.723,67.27625521343032,112.77878779418096,129.61142969104822,2.0
2016-08-02 15:21:15.260,0.566,0.797,-0.68,80.83234776617006,116.8434618717134,124.68683746451535,2.0
2016-08-02 15:21:15.270,0.566,0.836,-0.68,92.05937858321923,117.37975820629433,120.85553409338495,2.0
2016-08-02 15:21:15.280,0.555,0.84,-0.664,89.73237963675628,118.58849710807593,118.5971892546261,2.0
2016-08-02 15:21:15.290,0.547,0.777,-0.648,79.30809317013603,117.32917116464633,119.76846412994362,2.0
2016-08-02 15:21:15.300,0.57,0.742,-0.672,66.01919030659249,115.95149958262503,123.91512040318875,2.0
2016-08-02 15:21:15.310,0.605,0.723,-0.66,55.54112912639099,118.54029849922512,126.72535682265467,2.0
2016-08-02 15:21:15.320,0.668,0.734,-0.648,52.687417269078395,123.12109711733814,128.54555944895108,2.0
2016-08-02 15:21:15.330,0.742,0.781,-0.66,49.576134490628476,129.2401456643916,130.22485395001272,2.0
2016-08-02 15:21:15.340,0.789,0.809,-0.66,43.077278796409296,135.331779745262,130.53105230900604,2.0
2016-08-02 15:21:15.350,0.813,0.816,-0.66,37.209933227581374,138.7077656265393,131.2164165197801,2.0
2016-08-02 15:21:15.360,0.84,0.801,-0.664,29.57638244710332,139.08188495139183,132.79813542886882,2.0
2016-08-02 15:21:15.370,0.863,0.73,-0.652,18.881155599689993,136.41897862990584,133.55104768253622,2.0
2016-08-02 15:21:15.380,0.906,0.652,-0.656,7.4330226409902505,132.67852217140825,132.97104053424673,2.0
2016-08-02 15:21:15.390,0.961,0.613,-0.645,-1.2632462979340087,129.9961271520171,129.5983712615062,2.0
2016-08-02 15:21:15.400,1.008,0.574,-0.605,-3.5165379868816053,126.55809351150272,123.02950284648284,2.0
2016-08-02 15:21:15.410,1.051,0.559,-0.566,-5.200982850091647,121.10488439347839,115.681995629231,2.0
2016-08-02 15:21:15.420,1.066,0.555,-0.535,-12.02844775416534,114.4917254627584,108.3479480603913,2.0
2016-08-02 15:21:15.430,1.059,0.547,-0.516,-17.609264853491545,105.94985941410035,100.87255590278696,2.0
2016-08-02 15:21:15.440,1.039,0.547,-0.523,-20.345582362462988,95.5202422883304,94.02095934004785,2.0
2016-08-02 15:21:15.450,1.008,0.555,-0.535,-25.060627811477556,85.34740290363919,87.46507945867032,2.0
2016-08-02 15:21:15.460,0.98,0.559,-0.551,-30.50876012232264,76.65550721592928,81.09493799285008,2.0
2016-08-02 15:21:15.470,0.934,0.547,-0.57,-35.03198997814102,70.38934963001688,75.94978058148794,2.0
2016-08-02 15:21:15.480,0.906,0.57,-0.563,-37.85151957688537,66.76505886826365,72.13456847781806,2.0
2016-08-02 15:21:15.490,0.887,0.609,-0.551,-38.69173656358109,64.28851230449061,69.49780961525525,2.0
2016-08-02 15:21:15.500,0.875,0.637,-0.543,-40.4821131085762,61.974768051349,68.337688578886,2.0
2016-08-02 15:21:15.510,0.879,0.648,-0.531,-42.15014363244385,58.8637230945605,67.61037491021844,2.0
2016-08-02 15:21:15.520,0.887,0.656,-0.516,-42.13864368267617,54.0394343999811,65.24451745248341,2.0
2016-08-02 15:21:15.530,0.898,0.621,-0.492,-43.11521941998889,48.1336315016169,60.53095187029923,2.0
2016-08-02 15:21:15.540,0.91,0.578,-0.457,-43.59358591855539,41.76190365436939,54.21204838540671,2.0
2016-08-02 15:21:15.550,0.934,0.559,-0.426,-41.91215552669018,35.23185066150688,47.02546595396163,2.0
2016-08-02 15:21:15.560,0.945,0.535,-0.391,-41.217755079552234,29.44275940131709,39.939074719192945,2.0
2016-08-02 15:21:15.570,0.941,0.504,-0.367,-40.53283397835297,25.00050557257451,34.64101646664536,2.0
2016-08-02 15:21:15.580,0.957,0.512,-0.363,-36.16167497159127,21.594139377402655,31.48805697405526,2.0
2016-08-02 15:21:15.590,0.953,0.535,-0.379,-31.336654588340508,19.034783616705095,28.502210570433313,2.0
2016-08-02 15:21:15.600,0.922,0.547,-0.41,-30.417950170936713,17.502402236019982,25.241021943602703,2.0
2016-08-02 15:21:15.610,0.898,0.57,-0.438,-29.66214224603565,16.051179867864953,22.402111272139535,2.0
2016-08-02 15:21:15.620,0.875,0.57,-0.449,-24.571743104521158,13.698660511592633,18.250440387170137,2.0
2016-08-02 15:21:15.630,0.855,0.559,-0.441,-17.448551065665654,10.919307247799157,12.565236435947554,2.0
2016-08-02 15:21:15.640,0.836,0.559,-0.422,-11.442105090520576,7.976495532878234,7.181975539645813,2.0
2016-08-02 15:21:15.650,0.828,0.551,-0.406,-6.345071146092151,4.365742987272904,2.2034785492837434,2.0
2016-08-02 15:21:15.660,0.84,0.527,-0.383,-2.046911566889995,0.4555912440088953,-2.146069824028042,2.0
2016-08-02 15:21:15.670,0.863,0.5,-0.379,1.2360742451428108,-2.3400347919730833,-5.625237273799353,2.0
2016-08-02 15:21:15.680,0.891,0.496,-0.391,4.548127175148436,-4.133988084204113,-9.105616374803208,2.0
2016-08-02 15:21:15.690,0.91,0.484,-0.395,7.699876036963476,-6.692748649604871,-12.769126796823492,2.0
2016-08-02 15:21:15.700,0.938,0.457,-0.398,9.248718226541406,-9.845270517705387,-16.142364859035,2.0
2016-08-02 15:21:15.710,0.957,0.434,-0.398,10.018824721008754,-12.399524548072892,-19.147989222075736,2.0
2016-08-02 15:21:15.720,0.957,0.426,-0.398,12.24927482897837,-14.707258024708743,-22.20551233637407,2.0
2016-08-02 15:21:15.730,0.941,0.426,-0.402,16.036053697736552,-17.02932445467686,-24.936626779311506,2.0
2016-08-02 15:21:15.740,0.93,0.426,-0.406,19.93200619756204,-19.400420493031532,-26.650141986425655,2.0
2016-08-02 15:21:15.750,0.918,0.445,-0.43,23.242086876805423,-22.2614861765406,-28.27969950782946,2.0
2016-08-02 15:21:15.760,0.891,0.473,-0.457,25.997114826186788,-26.10106115043314,-30.921789755200123,2.0
2016-08-02 15:21:15.770,0.879,0.473,-0.449,28.68678061950491,-31.401879233181994,-34.36373607574287,2.0
2016-08-02 15:21:15.780,0.883,0.453,-0.43,31.185051347623425,-37.22201735703631,-38.30111813392415,2.0
2016-08-02 15:21:15.790,0.895,0.441,-0.414,32.96874552426871,-42.05340338598645,-42.96505552337779,2.0
2016-08-02 15:21:15.800,0.895,0.445,-0.406,36.00780219417997,-46.16899757430714,-47.812046579015785,2.0
2016-08-02 15:21:15.810,0.895,0.453,-0.422,41.78283193756432,-50.57561388953154,-51.66493599766514,2.0
2016-08-02 15:21:15.820,0.895,0.469,-0.457,47.09725063313485,-55.37337036039558,-54.69072031044706,2.0
2016-08-02 15:21:15.830,0.898,0.488,-0.469,48.53658898998465,-60.21287725060259,-57.26495373929758,2.0
2016-08-02 15:21:15.840,0.906,0.523,-0.504,46.62127536236227,-64.95617137955577,-58.92751628504239,2.0
2016-08-02 15:21:15.850,0.922,0.539,-0.523,44.22395335920957,-69.41755694536013,-60.41820692138107,2.0
2016-08-02 15:21:15.860,0.934,0.555,-0.543,44.0178146763639,-73.65471855944368,-62.96791441386509,2.0
2016-08-02 15:21:15.870,0.93,0.559,-0.555,46.5535220178764,-78.42850343227633,-66.23079785800452,2.0
2016-08-02 15:21:15.880,0.926,0.555,-0.563,49.73931023612974,-83.89894041454973,-69.31039312117713,2.0
2016-08-02 15:21:15.890,0.922,0.566,-0.574,50.10519075464064,-88.86400018615414,-72.19273616426447,2.0
2016-08-02 15:21:15.900,0.898,0.582,-0.602,47.27996142952697,-92.68431321137405,-74.99077117495878,2.0
2016-08-02 15:21:15.910,0.883,0.586,-0.609,45.56323113876779,-96.36655524396383,-77.26591041194372,2.0
2016-08-02 15:21:15.920,0.879,0.602,-0.625,46.01350532894628,-100.55600016367916,-79.75557987124196,2.0
2016-08-02 15:21:15.930,0.879,0.621,-0.641,45.59264131145755,-104.76851657220924,-83.6566368073197,2.0
2016-08-02 15:21:15.940,0.879,0.637,-0.664,44.254999608717064,-109.19155051587711,-87.74793610963624,2.0
2016-08-02 15:21:15.950,0.867,0.66,-0.691,40.90491299727523,-114.11203059932821,-90.8022812117041,2.0
2016-08-02 15:21:15.960,0.863,0.68,-0.703,33.82058671368411,-118.75664439604004,-93.3488523994059,2.0
2016-08-02 15:21:15.970,0.859,0.672,-0.707,27.827855492613548,-122.8104277856869,-95.29440201385985,2.0
2016-08-02 15:21:15.980,0.859,0.66,-0.711,25.643253185063536,-126.59258202977983,-96.89870183534639,2.0
2016-08-02 15:21:15.990,0.852,0.664,-0.73,23.897980214938755,-130.13780966620843,-99.17238736427566,2.0
2016-08-02 15:21:16.000,0.828,0.672,-0.754,21.37019918994649,-133.7842765979077,-101.61386802716304,2.0
2016-08-02 15:21:16.010,0.816,0.699,-0.773,16.860181300085447,-137.64972244555864,-103.2331141757637,2.0
2016-08-02 15:21:16.020,0.801,0.723,-0.793,9.116635854243723,-140.82459947541827,-104.30332265977017,2.0
2016-08-02 15:21:16.030,0.785,0.738,-0.816,1.9456165489452506,-142.99177624248597,-105.72346581191366,2.0
2016-08-02 15:21:16.040,0.762,0.746,-0.836,-2.123012080238957,-145.05431033067782,-107.64631960750863,2.0
2016-08-02 15:21:16.050,0.738,0.754,-0.836,-6.126256054094209,-147.3883587805541,-109.4520084336105,2.0
2016-08-02 15:21:16.060,0.715,0.762,-0.836,-11.68228517553904,-149.66767960893827,-110.9921421121101,2.0
2016-08-02 15:21:16.070,0.688,0.754,-0.832,-17.58954381999543,-151.99897919677093,-112.37471462153154,2.0
2016-08-02 15:21:16.080,0.672,0.75,-0.828,-23.720408536297256,-154.22853346550303,-113.6054714908082,2.0
2016-08-02 15:21:16.090,0.652,0.75,-0.84,-28.136798296609705,-155.98584891584008,-115.2619009815992,2.0
2016-08-02 15:21:16.100,0.621,0.746,-0.848,-28.68758594078602,-157.87072130067855,-117.64952342422382,2.0
2016-08-02 15:21:16.110,0.594,0.758,-0.863,-28.43478584820963,-160.10213833324053,-120.17966231927949,2.0
2016-08-02 15:21:16.120,0.57,0.77,-0.867,-30.162253565073975,-161.99761464549115,-122.51852741581504,2.0
2016-08-02 15:21:16.130,0.547,0.777,-0.883,-33.53954595032907,-163.3476329242062,-124.82468396440633,2.0
2016-08-02 15:21:16.140,0.504,0.785,-0.902,-37.76201445389375,-164.3091008981805,-127.06610866167723,2.0
2016-08-02 15:21:16.150,0.465,0.773,-0.906,-39.6718509425107,-165.13273644662738,-129.3814169335704,2.0
2016-08-02 15:21:16.160,0.438,0.766,-0.906,-37.587558217250134,-165.91606979543658,-132.3660857335014,2.0
2016-08-02 15:21:16.170,0.398,0.758,-0.906,-34.59209815049064,-166.69761489357313,-135.58398480676303,2.0
2016-08-02 15:21:16.180,0.355,0.758,-0.91,-33.00911434196044,-168.134047988166,-137.7526357717392,2.0
2016-08-02 15:21:16.190,0.32,0.766,-0.902,-33.32175676289694,-170.37301045767546,-139.02531498321216,2.0
2016-08-02 15:21:16.200,0.285,0.766,-0.879,-35.31681383852869,-172.4197530409867,-140.12265860598282,2.0
2016-08-02 15:21:16.210,0.262,0.738,-0.848,-36.612671467910374,-173.71331485616483,-141.1619927897478,2.0
2016-08-02 15:21:16.220,0.234,0.711,-0.828,-34.89321220799765,-174.0630828360382,-142.8619477634412,2.0
2016-08-02 15:21:16.230,0.188,0.695,-0.82,-29.85680308163834,-173.60978322344656,-145.16369689238365,2.0
2016-08-02 15:21:16.240,0.137,0.695,-0.816,-23.949839986536844,-173.95021884019795,-146.4587878539436,2.0
2016-08-02 15:21:16.250,0.094,0.699,-0.813,-21.826686863805165,-175.171490656297,-146.7722195344266,2.0
2016-08-02 15:21:16.260,0.063,0.68,-0.789,-22.7263752202417,-175.3152266473376,-147.19931084571581,2.0
2016-08-02 15:21:16.270,0.02,0.648,-0.75,-21.030469774752337,-174.93096551330774,-147.2928141711542,2.0
2016-08-02 15:21:16.280,-0.016,0.637,-0.738,-17.468760357330943,-175.28825534044734,-146.8381507259991,2.0
2016-08-02 15:21:16.290,-0.055,0.609,-0.715,-15.050322661373336,-175.22275184447255,-146.52971678245024,2.0
2016-08-02 15:21:16.300,-0.078,0.602,-0.691,-11.553936453287942,-174.4398837344853,-146.17142788432292,2.0
2016-08-02 15:21:16.310,-0.113,0.578,-0.66,-8.31773184344367,-174.1802222238604,-144.8359684115549,2.0
2016-08-02 15:21:16.320,-0.148,0.547,-0.633,-10.090969884982819,-173.87652783482787,-142.5144828640259,2.0
2016-08-02 15:21:16.330,-0.188,0.527,-0.609,-13.228314263373097,-172.53059795236345,-140.26093824873917,2.0
2016-08-02 15:21:16.340,-0.211,0.504,-0.582,-11.857453861862389,-170.91374157653917,-138.5766074621437,2.0
2016-08-02 15:21:16.350,-0.246,0.492,-0.586,-7.731660463435485,-169.67169878356685,-137.33792394871415,2.0
2016-08-02 15:21:16.360,-0.273,0.48,-0.559,-3.9665488839082714,-169.01425216321715,-136.16117209323463,2.0
2016-08-02 15:21:16.370,-0.297,0.48,-0.547,-2.4386584923973826,-168.70099253827476,-134.323551437484,2.0
2016-08-02 15:21:16.380,-0.324,0.461,-0.531,-3.2380796537728957,-167.93236997680543,-131.82391065343757,2.0
2016-08-02 15:21:16.390,-0.34,0.438,-0.484,-2.9600425923451774,-166.94315044513388,-129.07534467435576,2.0
2016-08-02 15:21:16.400,-0.344,0.418,-0.465,-1.9078445162545077,-165.44283105027338,-126.65045802592977,2.0
2016-08-02 15:21:16.410,-0.371,0.402,-0.457,-1.5764444322908926,-162.59854855050725,-125.24633377175286,2.0
2016-08-02 15:21:16.420,-0.402,0.375,-0.418,0.7736818216668541,-159.93514235348115,-123.81280851494748,2.0
2016-08-02 15:21:16.430,-0.422,0.375,-0.395,3.18958950972001,-158.4621559772925,-121.22087097564355,2.0
2016-08-02 15:21:16.440,-0.449,0.359,-0.363,0.4436157597487673,-156.62118545826718,-118.1342044512768,2.0
2016-08-02 15:21:16.450,-0.477,0.332,-0.34,-5.372997977528179,-153.85437038187743,-114.93565325543722,2.0
2016-08-02 15:21:16.460,-0.508,0.309,-0.332,-7.16323789196886,-150.9748295041747,-112.46849161073122,2.0
2016-08-02 15:21:16.470,-0.527,0.281,-0.305,-2.3586919295647424,-148.85167335390787,-111.49187057371824,2.0
2016-08-02 15:21:16.480,-0.543,0.297,-0.301,2.2483578234695045,-147.47217930401413,-110.72902883721801,2.0
2016-08-02 15:21:16.490,-0.582,0.289,-0.289,0.4491518701082623,-145.6316463611794,-109.4677794615861,2.0
2016-08-02 15:21:16.500,-0.609,0.273,-0.242,-3.448326914777317,-143.32636640578608,-107.50171927114339,2.0
2016-08-02 15:21:16.510,-0.613,0.25,-0.195,-4.455219340694149,-140.74447267115005,-104.90947192373295,2.0
2016-08-02 15:21:16.520,-0.637,0.211,-0.16,-4.357929053620318,-137.27204743519536,-103.09681358562102,2.0
2016-08-02 15:21:16.530,-0.66,0.184,-0.121,-4.647290439510641,-133.49145351183006,-101.33891154063338,2.0
2016-08-02 15:21:16.540,-0.684,0.184,-0.102,-4.658526817133519,-129.8864363618006,-98.47097026656505,2.0
2016-08-02 15:21:16.550,-0.707,0.191,-0.094,-6.242550876097718,-126.2797149501904,-95.65210170130888,2.0
2016-08-02 15:21:16.560,-0.734,0.195,-0.09,-10.852978000587786,-123.1395127086354,-92.77505197588755,2.0
2016-08-02 15:21:16.570,-0.754,0.188,-0.074,-15.634556275556928,-120.61932595024413,-89.65343163239754,2.0
2016-08-02 15:21:16.580,-0.758,0.172,-0.043,-18.067651676501427,-117.92984773910689,-87.23582095021774,2.0
2016-08-02 15:21:16.590,-0.754,0.152,-0.008,-18.535171805181708,-114.28775229206542,-85.05764944337312,2.0
2016-08-02 15:21:16.600,-0.758,0.145,0.004,-18.09814795088669,-109.68513603161253,-82.65286706589208,2.0
2016-08-02 15:21:16.610,-0.777,0.133,0.016,-18.35974216520813,-104.91593221011468,-80.06018271914549,2.0
2016-08-02 15:21:16.620,-0.793,0.121,0.031,-20.565599743089674,-100.94805826851088,-77.0583338318101,2.0
2016-08-02 15:21:16.630,-0.797,0.113,0.055,-23.180373346814132,-97.68245664612817,-74.40828714990667,2.0
2016-08-02 15:21:16.640,-0.801,0.082,0.086,-23.159813324524716,-94.31160299480968,-72.60924898725287,2.0
2016-08-02 15:21:16.650,-0.805,0.063,0.117,-20.86943991924188,-91.17952719858505,-70.95215190060858,2.0
2016-08-02 15:21:16.660,-0.816,0.051,0.129,-18.956167149092522,-88.68304571342047,-69.19214739580934,2.0
2016-08-02 15:21:16.670,-0.824,0.043,0.137,-17.464866153583007,-86.20929442035859,-67.19217758901823,2.0
2016-08-02 15:21:16.680,-0.84,0.035,0.137,-17.02110089480883,-83.67235457274765,-64.75984308755149,2.0
2016-08-02 15:21:16.690,-0.852,0.031,0.148,-18.536342040998015,-81.01405197863602,-62.4438954680828,2.0
2016-08-02 15:21:16.700,-0.863,0.008,0.152,-18.01130630967674,-77.87829480400757,-60.7888843733335,2.0
2016-08-02 15:21:16.710,-0.871,-0.02,0.164,-12.776932231108464,-74.75147629015193,-59.923427214038945,2.0
2016-08-02 15:21:16.720,-0.883,-0.031,0.164,-6.140228947607209,-72.08155251507594,-59.338527708276544,2.0
2016-08-02 15:21:16.730,-0.891,-0.031,0.184,-1.2229692121597964,-69.96546101836705,-58.153539634024696,2.0
2016-08-02 15:21:16.740,-0.895,-0.043,0.223,0.9250582458184498,-68.46285883688323,-56.12843911648626,2.0
2016-08-02 15:21:16.750,-0.895,-0.051,0.242,0.3570610305289885,-66.6989151826773,-53.9076395563016,2.0
2016-08-02 15:21:16.760,-0.914,-0.078,0.27,-0.4115087237803504,-64.25971447271188,-52.074389371977226,2.0
2016-08-02 15:21:16.770,-0.918,-0.105,0.285,1.7185544914579314,-62.068055731092244,-50.418896154711035,2.0
2016-08-02 15:21:16.780,-0.922,-0.133,0.289,7.332400299580183,-59.89095625845165,-49.09005589962294,2.0
2016-08-02 15:21:16.790,-0.934,-0.125,0.313,13.10880733671598,-57.419657244858875,-47.907695849825146,2.0
2016-08-02 15:21:16.800,-0.914,-0.125,0.355,14.461323890010407,-55.70996686135954,-45.47549745548444,2.0
2016-08-02 15:21:16.810,-0.914,-0.129,0.379,10.525768114748878,-53.893252824688645,-42.02507182655772,2.0
2016-08-02 15:21:16.820,-0.914,-0.145,0.387,4.6948471274423165,-50.557187769146445,-38.915311389909306,2.0
2016-08-02 15:21:16.830,-0.914,-0.184,0.379,2.3619844145019755,-46.673919118302194,-36.356824580609654,2.0
2016-08-02 15:21:16.840,-0.906,-0.188,0.363,5.1641021777336675,-42.55611210857367,-34.851566837001975,2.0
2016-08-02 15:21:16.850,-0.902,-0.168,0.352,7.687570798507996,-37.54238475570518,-34.129173620149416,2.0
2016-08-02 15:21:16.860,-0.895,-0.156,0.355,5.927118961805599,-32.02690359787885,-32.17142105711936,2.0
2016-08-02 15:21:16.870,-0.895,-0.16,0.367,2.561743221880774,-26.076046331022113,-28.636092221616977,2.0
2016-08-02 15:21:16.880,-0.898,-0.184,0.383,0.6213620123800089,-19.34570110885091,-24.76103779972391,2.0
2016-08-02 15:21:16.890,-0.91,-0.191,0.387,-0.22006382482473996,-12.588105519580225,-20.322878593232446,2.0
2016-08-02 15:21:16.900,-0.918,-0.172,0.383,-1.7193284444828176,-6.864610507310804,-14.782761645663175,2.0
2016-08-02 15:21:16.910,-0.926,-0.168,0.379,-4.743693865782075,-2.5682206258936993,-9.202600208924315,2.0
2016-08-02 15:21:16.920,-0.922,-0.172,0.387,-6.738133058886528,0.3409418372099745,-4.246579718320429,2.0
2016-08-02 15:21:16.930,-0.922,-0.164,0.379,-6.33732770799385,2.6544864588720394,0.809662328473751,2.0
2016-08-02 15:21:16.940,-0.926,-0.156,0.379,-7.785475264226558,5.114685363751123,5.863398824386028,2.0
2016-08-02 15:21:16.950,-0.918,-0.156,0.395,-11.86936344790684,7.775622451428593,10.336065551736501,2.0
2016-08-02 15:21:16.960,-0.898,-0.168,0.398,-13.888160371359028,11.353871855367228,14.07608011732371,2.0
2016-08-02 15:21:16.970,-0.895,-0.176,0.395,-13.612199172732044,16.235636190624128,16.524378260212707,2.0
2016-08-02 15:21:16.980,-0.895,-0.172,0.383,-13.8700120049117,21.254651667535015,18.23348541734911,2.0
2016-08-02 15:21:16.990,-0.895,-0.164,0.367,-14.763786404950071,25.39816304388468,20.19178155487829,2.0
2016-08-02 15:21:17.000,-0.906,-0.168,0.344,-15.700767819816104,28.5945112472766,21.9207504187662,2.0
2016-08-02 15:21:17.010,-0.914,-0.172,0.34,-16.61630190195615,31.169878453773045,23.761849824740942,2.0
2016-08-02 15:21:17.020,-0.926,-0.168,0.32,-17.733203866300613,33.21564616797423,26.310594553896085,2.0
2016-08-02 15:21:17.030,-0.938,-0.168,0.309,-19.231483755233416,34.603495510381,28.941050264956175,2.0
2016-08-02 15:21:17.040,-0.938,-0.16,0.297,-20.41899415935715,35.80374391431663,31.713975368066023,2.0
2016-08-02 15:21:17.050,-0.93,-0.16,0.297,-21.259988374893382,37.31544386092097,34.73214946327979,2.0
2016-08-02 15:21:17.060,-0.93,-0.156,0.301,-22.57253021238099,39.25578670955655,37.77915305482081,2.0
2016-08-02 15:21:17.070,-0.926,-0.141,0.313,-24.582167273432205,41.66192468455806,41.11562661198339,2.0
2016-08-02 15:21:17.080,-0.918,-0.129,0.316,-26.88576636608356,44.16611286391733,44.38581289586915,2.0
2016-08-02 15:21:17.090,-0.91,-0.117,0.324,-28.695511454151358,46.68256463792126,47.13966391054669,2.0
2016-08-02 15:21:17.100,-0.902,-0.105,0.324,-29.67491200124463,49.50240502278683,49.67153336091771,2.0
2016-08-02 15:21:17.110,-0.902,-0.094,0.309,-30.308311734386933,52.43637826431227,52.09443666672361,2.0
2016-08-02 15:21:17.120,-0.906,-0.086,0.293,-30.727097622732828,55.11008716771758,54.0837155627634,2.0
2016-08-02 15:21:17.130,-0.902,-0.074,0.285,-30.447800086120843,57.59645048727664,55.89675545048718,2.0
2016-08-02 15:21:17.140,-0.898,-0.059,0.27,-29.937131558081607,60.44570525736199,58.05466935541241,2.0
2016-08-02 15:21:17.150,-0.895,-0.047,0.254,-30.440798533570145,63.80425801310413,60.24863750511112,2.0
2016-08-02 15:21:17.160,-0.898,-0.047,0.254,-31.648570648152415,67.38909415380827,62.56876871778523,2.0
2016-08-02 15:21:17.170,-0.887,-0.047,0.254,-32.1348762409849,71.33709753521705,65.43250715518157,2.0
2016-08-02 15:21:17.180,-0.879,-0.051,0.254,-31.45774421368295,75.71509662590267,68.2296707134325,2.0
2016-08-02 15:21:17.190,-0.871,-0.039,0.242,-30.235133417696026,79.89879364816669,70.79433707813828,2.0
2016-08-02 15:21:17.200,-0.867,-0.027,0.219,-29.54783169085055,83.22570524224129,73.73782087484221,2.0
2016-08-02 15:21:17.210,-0.867,-0.023,0.188,-30.157932746560043,85.87600516268184,77.02940042027392,2.0
2016-08-02 15:21:17.220,-0.867,-0.012,0.168,-31.157451497679013,88.17122455573825,80.56868416452286,2.0
2016-08-02 15:21:17.230,-0.855,-0.004,0.145,-30.84939582154706,90.11489573575318,84.28584569446896,2.0
2016-08-02 15:21:17.240,-0.844,0.008,0.137,-29.1089864795716,92.2463084112746,87.73131656490465,2.0
2016-08-02 15:21:17.250,-0.824,0.02,0.121,-26.86317557698804,94.87255892843933,91.16279466236952,2.0
2016-08-02 15:21:17.260,-0.813,0.039,0.125,-24.933785419693866,97.65455220425446,95.07630891185167,2.0
2016-08-02 15:21:17.270,-0.797,0.047,0.121,-24.0801348789438,100.5051834612037,99.42776094319224,2.0
2016-08-02 15:21:17.280,-0.781,0.07,0.102,-23.8912877801458,103.38369799847882,104.11781425674624,2.0
2016-08-02 15:21:17.290,-0.77,0.09,0.066,-23.323107615668402,106.21944036231353,108.64493820084556,2.0
2016-08-02 15:21:17.300,-0.77,0.098,0.035,-22.915561270558054,108.95761873347101,112.69670397335635,2.0
2016-08-02 15:21:17.310,-0.766,0.125,0.008,-22.688644621637742,111.19562981546648,116.73216224361943,2.0
2016-08-02 15:21:17.320,-0.746,0.133,0.012,-21.450668939035975,112.79883117265084,120.99885898546933,2.0
2016-08-02 15:21:17.330,-0.719,0.164,0.004,-19.84014864736684,114.55777612913708,125.23314057990555,2.0
2016-08-02 15:21:17.340,-0.691,0.191,-0.012,-17.869798348453045,116.71138271702586,129.2842862094259,2.0
2016-08-02 15:21:17.350,-0.664,0.227,-0.047,-14.927880169572047,118.52663892275908,133.2342194432787,2.0
2016-08-02 15:21:17.360,-0.656,0.262,-0.098,-12.748945938733812,120.10739394022818,136.93601352230147,2.0
2016-08-02 15:21:17.370,-0.656,0.273,-0.141,-12.074599256641356,121.54533564138724,140.15513142663855,2.0
2016-08-02 15:21:17.380,-0.633,0.34,-0.211,-10.629843243395756,122.32933831830866,142.15836992834443,2.0
2016-08-02 15:21:17.390,-0.613,0.328,-0.227,-6.532734237602393,122.4446478367224,142.9315582007589,2.0
2016-08-02 15:21:17.400,-0.59,0.34,-0.25,-2.9808113591381478,122.53091581226104,144.07814652845764,2.0
2016-08-02 15:21:17.410,-0.531,0.465,-0.285,-1.6094931653223092,122.9357024369748,145.28666063005764,2.0
2016-08-02 15:21:17.420,-0.484,0.488,-0.285,0.40332260538378994,122.51144363218387,145.24849797524035,2.0
2016-08-02 15:21:17.430,-0.461,0.547,-0.363,0.6718207520181019,121.58536967493026,144.24514906460684,2.0
2016-08-02 15:21:17.440,-0.441,0.535,-0.363,0.22732778197313008,120.50372007665705,142.72565843363424,2.0
2016-08-02 15:21:17.450,-0.402,0.5,-0.34,2.0248381722692637,119.13732033703718,140.68683638400051,2.0
2016-08-02 15:21:17.460,-0.355,0.531,-0.359,3.5199735990130234,121.24428214581604,137.5578613344209,2.0
2016-08-02 15:21:17.470,-0.355,0.492,-0.336,8.68920098140817,125.23194704131754,134.6558380964801,2.0
2016-08-02 15:21:17.480,-0.344,0.535,-0.395,15.511395127077499,127.22996698928537,133.3646862593994,2.0
2016-08-02 15:21:17.490,-0.363,0.637,-0.488,16.909397025523543,128.6792898151062,131.8559635704268,2.0
2016-08-02 15:21:17.500,-0.414,0.59,-0.477,14.57215818029663,126.33468262725404,131.1454891187378,2.0
2016-08-02 15:21:17.510,-0.402,0.648,-0.535,9.465932508461632,122.72732586432593,132.81342207755173,2.0
2016-08-02 15:21:17.520,-0.395,0.645,-0.508,10.443934054787913,122.96437449420733,133.4929252361168,2.0
2016-08-02 15:21:17.530,-0.383,0.559,-0.434,19.338595570204415,121.94891692902243,133.44689626227364,2.0
2016-08-02 15:21:17.540,-0.355,0.621,-0.434,23.298567091366372,122.71303134590653,135.3614187347227,2.0
2016-08-02 15:21:17.550,-0.34,0.645,-0.383,25.703219435009412,126.49851874642422,137.11796228919798,2.0
2016-08-02 15:21:17.560,-0.332,0.652,-0.387,25.78906510329788,127.85269866545514,138.91435410864455,2.0
2016-08-02 15:21:17.570,-0.324,0.746,-0.477,16.813805967094503,130.52235071208753,142.17417998656174,2.0
2016-08-02 15:21:17.580,-0.324,0.723,-0.527,9.849809566706718,131.72069936843488,144.0711603053003,2.0
2016-08-02 15:21:17.590,-0.297,0.762,-0.617,8.694887170001063,129.94357988488957,143.7968759913626,2.0
2016-08-02 15:21:17.600,-0.234,0.766,-0.578,13.613490901557686,130.96924648055614,142.9159101803502,2.0
2016-08-02 15:21:17.610,-0.145,0.715,-0.508,22.110920009724566,132.32082503573685,141.95226542171764,2.0
2016-08-02 15:21:17.620,-0.094,0.789,-0.492,18.86260875638048,136.68602139515207,140.4928594191641,2.0
2016-08-02 15:21:17.630,-0.07,0.777,-0.434,9.384081807669283,143.64756518215498,139.7043894601466,2.0
2016-08-02 15:21:17.640,-0.051,0.715,-0.492,2.993454158675525,146.40096426658647,142.69938332153583,2.0
2016-08-02 15:21:17.650,-0.07,0.766,-0.668,-5.001636884799861,148.14219122467432,146.80873500605497,2.0
2016-08-02 15:21:17.660,-0.051,0.75,-0.668,-7.3596673480533665,145.78875957235635,149.2320828352976,2.0
2016-08-02 15:21:17.670,0.066,0.816,-0.707,-6.382751379044336,140.50756945127534,151.8719080114455,2.0
2016-08-02 15:21:17.680,0.164,0.871,-0.707,-7.89509163571146,140.9161679475687,151.49362407918954,2.0
2016-08-02 15:21:17.690,0.211,0.762,-0.645,-2.392497414487276,139.66407829898301,148.7125568550968,2.0
2016-08-02 15:21:17.700,0.238,0.777,-0.637,4.755780768151332,136.988258833954,148.93883336515225,2.0
2016-08-02 15:21:17.710,0.266,0.793,-0.613,6.819861195670964,138.0163009320564,149.7429554162424,2.0
2016-08-02 15:21:17.720,0.277,0.754,-0.652,5.626627058898523,137.0790090671612,151.3829727582056,2.0
2016-08-02 15:21:17.730,0.285,0.809,-0.754,-0.25835164067865407,136.6811807386124,155.46530489808578,2.0
2016-08-02 15:21:17.740,0.348,0.836,-0.785,1.4133497377218478,134.45884803097204,156.50708349003094,2.0
2016-08-02 15:21:17.750,0.441,0.82,-0.797,14.481969898004916,127.451667121804,153.29613837076027,2.0
2016-08-02 15:21:17.760,0.516,0.84,-0.797,26.85829153156646,124.44222926692156,147.9311302470863,2.0
2016-08-02 15:21:17.770,0.555,0.816,-0.727,38.45015178663418,122.53810421133176,141.3473896591109,2.0
2016-08-02 15:21:17.780,0.559,0.797,-0.66,44.02653464243268,120.12171700169378,137.2623896140984,2.0
2016-08-02 15:21:17.790,0.547,0.789,-0.629,36.72300926914995,123.07554759104615,137.3529294821033,2.0
2016-08-02 15:21:17.800,0.551,0.777,-0.656,28.503031230569576,125.39410891474998,139.21160314585794,2.0
2016-08-02 15:21:17.810,0.535,0.777,-0.719,28.299773939177406,123.90660304194671,140.4899782423857,2.0
2016-08-02 15:21:17.820,0.547,0.73,-0.727,34.63616852228711,120.64304775181202,140.37963255745342,2.0
2016-08-02 15:21:17.830,0.59,0.781,-0.766,42.17454174471753,115.79442770293385,138.36796810735396,2.0
2016-08-02 15:21:17.840,0.641,0.844,-0.777,44.91520824414934,113.17161910880088,133.79638219194803,2.0
2016-08-02 15:21:17.850,0.668,0.797,-0.73,45.22190725194354,111.68812474489127,129.29338431956282,2.0
2016-08-02 15:21:17.860,0.68,0.738,-0.684,42.94284197985655,110.61455228026195,128.15128264575787,2.0
2016-08-02 15:21:17.870,0.684,0.715,-0.625,35.36984993959941,113.09278961841764,129.65174938440035,2.0
2016-08-02 15:21:17.880,0.691,0.715,-0.59,29.085677773415505,116.46462052607195,133.1814250526184,2.0
2016-08-02 15:21:17.890,0.703,0.719,-0.582,26.144499781360487,119.75264860304162,139.29542433912638,2.0
2016-08-02 15:21:17.900,0.727,0.719,-0.613,23.172489539464603,123.22238867401936,146.001124088228,2.0
2016-08-02 15:21:17.910,0.754,0.723,-0.656,22.36989168530549,124.76795779582861,150.1880106550912,2.0
2016-08-02 15:21:17.920,0.797,0.727,-0.695,24.5173485871292,125.5458759310909,150.85725619124133,2.0
2016-08-02 15:21:17.930,0.84,0.719,-0.719,25.933786916305174,126.08632806383883,148.93771155617557,2.0
2016-08-02 15:21:17.940,0.891,0.691,-0.691,23.518466534069134,125.83775060437858,145.1301487337501,2.0
2016-08-02 15:21:17.950,0.961,0.652,-0.66,18.10419597993541,125.41393209399305,139.29891025383117,2.0
2016-08-02 15:21:17.960,1.016,0.621,-0.613,12.4819907358817,123.9070366649795,132.0870869401572,2.0
2016-08-02 15:21:17.970,1.035,0.586,-0.547,7.477239298741403,120.53918297882711,125.25655520339056,2.0
2016-08-02 15:21:17.980,1.043,0.547,-0.492,4.655826503150351,114.67788618342436,119.35087134934668,2.0
2016-08-02 15:21:17.990,1.039,0.523,-0.461,5.108319258812796,105.57502512967281,112.81687184388262,2.0
2016-08-02 15:21:18.000,1.02,0.508,-0.445,6.613377590132933,95.25479982638265,104.63191650450099,2.0
2016-08-02 15:21:18.010,1.012,0.496,-0.434,7.958973165896326,85.62378855663384,95.59863912118328,2.0
2016-08-02 15:21:18.020,1.0,0.508,-0.438,8.325965568643907,76.84512879360881,86.43839842000958,2.0
2016-08-02 15:21:18.030,0.973,0.527,-0.453,6.042902657959569,70.04743844219334,77.89438557696279,2.0
2016-08-02 15:21:18.040,0.941,0.555,-0.465,3.401051028083243,65.34951584960737,71.68686694232743,2.0
2016-08-02 15:21:18.050,0.93,0.574,-0.477,4.063013023089962,61.62364562559318,67.82372108470058,2.0
2016-08-02 15:21:18.060,0.922,0.605,-0.504,7.152021440667015,59.0223787763217,64.59094538487135,2.0
2016-08-02 15:21:18.070,0.918,0.633,-0.527,9.751950046478516,56.92014505490352,61.44365049994375,2.0
2016-08-02 15:21:18.080,0.918,0.637,-0.535,9.87975746706402,53.632989167100874,57.826200772820386,2.0
2016-08-02 15:21:18.090,0.906,0.621,-0.523,7.270024161961711,48.98447357145915,52.60582446549754,2.0
2016-08-02 15:21:18.100,0.914,0.578,-0.488,4.633937932276069,43.22010135601624,46.07602577254689,2.0
2016-08-02 15:21:18.110,0.938,0.547,-0.445,2.681245742001294,36.57210403071548,39.834113613218285,2.0
2016-08-02 15:21:18.120,0.949,0.547,-0.406,-2.0577086495787036,30.442296123180874,35.034362575485424,2.0
2016-08-02 15:21:18.130,0.945,0.566,-0.418,-8.87092207431364,25.740821467229793,31.586538051697957,2.0
2016-08-02 15:21:18.140,0.922,0.566,-0.438,-12.244149495967122,22.312897479274007,28.994390069499634,2.0
2016-08-02 15:21:18.150,0.918,0.563,-0.477,-9.461090321482981,20.409762155118287,26.664613817326327,2.0
2016-08-02 15:21:18.160,0.898,0.582,-0.531,-3.228078085444885,20.530555633127058,23.797949794114665,2.0
2016-08-02 15:21:18.170,0.867,0.621,-0.566,1.051751450007309,21.694242453237653,20.586025522042394,2.0
2016-08-02 15:21:18.180,0.859,0.633,-0.578,1.9136906521527708,21.500943332120933,17.333031730211545,2.0
2016-08-02 15:21:18.190,0.855,0.641,-0.566,2.08975728431482,19.263513395078736,13.17766070662018,2.0
2016-08-02 15:21:18.200,0.863,0.637,-0.527,2.536232702077907,15.84455942867246,8.31292021574573,2.0
2016-08-02 15:21:18.210,0.887,0.602,-0.473,3.0521448089827237,11.667039633424759,3.7927015642537554,2.0
2016-08-02 15:21:18.220,0.91,0.539,-0.434,4.93387103169507,7.465674778029458,-0.4109156246082367,2.0
2016-08-02 15:21:18.230,0.922,0.496,-0.434,8.82356730287824,3.3837340109962217,-4.533664392682904,2.0
2016-08-02 15:21:18.240,0.945,0.473,-0.449,12.621518703233187,-1.1374879656114694,-8.812618619825725,2.0
2016-08-02 15:21:18.250,0.949,0.48,-0.488,13.923603256628995,-6.026824934466083,-13.784625046167637,2.0
2016-08-02 15:21:18.260,0.945,0.488,-0.508,12.95760967350303,-11.46431381249349,-19.179671989036486,2.0
2016-08-02 15:21:18.270,0.949,0.484,-0.512,11.249060990268106,-17.317671355464306,-23.713250690636485,2.0
2016-08-02 15:21:18.280,0.941,0.48,-0.516,9.991368067915792,-22.531475439728013,-27.08186306423295,2.0
2016-08-02 15:21:18.290,0.918,0.484,-0.512,10.412996420083267,-26.866546689289404,-29.944036810011717,2.0
2016-08-02 15:21:18.300,0.898,0.492,-0.512,12.1387649445964,-30.90166032947355,-32.245131771916625,2.0
2016-08-02 15:21:18.310,0.883,0.5,-0.52,12.891321829106568,-34.80648684846258,-34.58527238171905,2.0
2016-08-02 15:21:18.320,0.871,0.496,-0.523,12.492708865184955,-39.117353407793566,-37.89709302162951,2.0
2016-08-02 15:21:18.330,0.871,0.492,-0.512,11.677251251317271,-44.32891117369035,-41.725407673673374,2.0
2016-08-02 15:21:18.340,0.883,0.492,-0.504,9.23848488467187,-49.240552084154515,-45.54415873297435,2.0
2016-08-02 15:21:18.350,0.895,0.508,-0.508,6.780683241322732,-53.03534029658225,-49.0186766883505,2.0
2016-08-02 15:21:18.360,0.91,0.512,-0.531,7.452760906331767,-56.616665587852665,-51.814012474557444,2.0
2016-08-02 15:21:18.370,0.906,0.523,-0.563,9.044598466791816,-60.740173852423894,-54.43295118070615,2.0
2016-08-02 15:21:18.380,0.902,0.543,-0.59,8.526322385163741,-65.48717071373918,-57.639928430386405,2.0
2016-08-02 15:21:18.390,0.906,0.551,-0.598,7.4739520246869455,-70.5337778031302,-61.51228642096552,2.0
2016-08-02 15:21:18.400,0.91,0.543,-0.598,7.351661450904038,-75.83321584219297,-65.50866926030842,2.0
2016-08-02 15:21:18.410,0.906,0.543,-0.598,7.133177273511876,-81.96003663690345,-69.38361064973361,2.0
2016-08-02 15:21:18.420,0.902,0.539,-0.59,6.853561289917867,-88.2559492731159,-73.12565504903918,2.0
2016-08-02 15:21:18.430,0.906,0.539,-0.598,7.727606629622517,-93.42179610610535,-76.66666780626349,2.0
2016-08-02 15:21:18.440,0.906,0.559,-0.613,8.944888017186825,-98.19684883936672,-80.50694339534516,2.0
2016-08-02 15:21:18.450,0.91,0.582,-0.648,9.180252027752529,-103.23480875824818,-84.57714252023605,2.0
2016-08-02 15:21:18.460,0.91,0.605,-0.664,9.326826140477635,-108.03562047640222,-88.23056172099972,2.0
2016-08-02 15:21:18.470,0.914,0.621,-0.676,9.518569276504373,-113.18251101078803,-92.06512252478291,2.0
2016-08-02 15:21:18.480,0.918,0.637,-0.68,8.638810961562323,-118.61281949314737,-96.4329374559572,2.0
2016-08-02 15:21:18.490,0.918,0.633,-0.691,8.073107435487039,-123.75572546043406,-100.58902994000398,2.0
2016-08-02 15:21:18.500,0.902,0.637,-0.703,8.6348779664472,-129.4440207362228,-104.25734737497132,2.0
2016-08-02 15:21:18.510,0.898,0.668,-0.715,7.070372190323589,-135.0839491352477,-107.27759850337661,2.0
2016-08-02 15:21:18.520,0.887,0.691,-0.738,2.7135425446075434,-139.21315643761832,-109.52865680243723,2.0
2016-08-02 15:21:18.530,0.871,0.691,-0.758,-0.04129976847456304,-142.9118631780037,-111.51164525622833,2.0
2016-08-02 15:21:18.540,0.852,0.699,-0.781,0.18587333061797245,-147.16159829553735,-113.8358643342741,2.0
2016-08-02 15:21:18.550,0.832,0.719,-0.793,0.5299399938777849,-150.73799202145938,-116.62348756366036,2.0
2016-08-02 15:21:18.560,0.809,0.738,-0.789,-0.5332524383716587,-153.1770810277685,-119.1593927328117,2.0
2016-08-02 15:21:18.570,0.789,0.758,-0.805,-3.354688643056773,-155.27017555597658,-120.98478634570884,2.0
2016-08-02 15:21:18.580,0.75,0.773,-0.816,-7.1652037029468385,-157.43946643662838,-122.5677451001443,2.0
2016-08-02 15:21:18.590,0.719,0.785,-0.816,-9.566257906257805,-160.07880755348225,-123.97787406979938,2.0
2016-08-02 15:21:18.600,0.703,0.781,-0.816,-10.951523788678166,-162.94392032535916,-125.27299891111626,2.0
2016-08-02 15:21:18.610,0.684,0.773,-0.816,-12.427240334181267,-165.09648161011324,-127.00628608410624,2.0
2016-08-02 15:21:18.620,0.645,0.77,-0.816,-12.823176958443916,-166.501744216297,-128.80467341069635,2.0
2016-08-02 15:21:18.630,0.605,0.762,-0.82,-13.768306996238294,-167.32283886763446,-130.06120901377747,2.0
2016-08-02 15:21:18.640,0.563,0.781,-0.84,-17.161469499295954,-167.45123177475108,-131.32741448006493,2.0
2016-08-02 15:21:18.650,0.523,0.793,-0.848,-20.07273080515899,-167.5931875463441,-132.78445891335502,2.0
2016-08-02 15:21:18.660,0.484,0.785,-0.855,-20.82089885008864,-168.41627196000525,-133.7835519468104,2.0
2016-08-02 15:21:18.670,0.461,0.777,-0.855,-21.562581137501628,-169.40658520055814,-134.53853276537023,2.0
2016-08-02 15:21:18.680,0.434,0.77,-0.84,-23.422821609320003,-170.08489278239512,-135.20969221646104,2.0
2016-08-02 15:21:18.690,0.398,0.777,-0.828,-26.434750592760523,-170.42311171375783,-135.53938552064847,2.0
2016-08-02 15:21:18.700,0.363,0.754,-0.816,-28.093793813404172,-170.18208652075378,-136.17789692566905,2.0
2016-08-02 15:21:18.710,0.34,0.746,-0.816,-25.26104793108437,-169.97727060342478,-137.64990830461846,2.0
2016-08-02 15:21:18.720,0.324,0.762,-0.824,-21.302597310326885,-170.525327949113,-139.70890074767613,2.0
2016-08-02 15:21:18.730,0.285,0.75,-0.828,-20.248687799207392,-171.32807910148134,-141.35710062243837,2.0
2016-08-02 15:21:18.740,0.254,0.734,-0.813,-22.31551293256795,-171.94015383154687,-141.71792134563856,2.0
2016-08-02 15:21:18.750,0.211,0.727,-0.809,-25.943086475818863,-172.12570260931446,-141.7383134188805,2.0
2016-08-02 15:21:18.760,0.172,0.711,-0.773,-25.76794282534786,-172.08539140360537,-142.29111665432367,2.0
2016-08-02 15:21:18.770,0.137,0.684,-0.742,-21.18394047644187,-172.6469923553412,-142.79441122582395,2.0
2016-08-02 15:21:18.780,0.102,0.668,-0.719,-19.16054066668658,-173.02474915408612,-143.11059171741067,2.0
2016-08-02 15:21:18.790,0.051,0.652,-0.723,-18.143331659364627,-171.73733315965194,-143.6358572305807,2.0
2016-08-02 15:21:18.800,-0.008,0.625,-0.723,-10.838809302331377,-170.5203840288186,-144.0884948637207,2.0
2016-08-02 15:21:18.810,-0.039,0.637,-0.723,-3.689111252734585,-171.86437803002704,-143.59196231494812,2.0
2016-08-02 15:21:18.820,-0.055,0.648,-0.711,-7.147213231064947,-173.69963127490004,-142.42315033742707,2.0
2016-08-02 15:21:18.830,-0.094,0.605,-0.664,-13.376874310620591,-173.28718458071333,-141.45568199105938,2.0
2016-08-02 15:21:18.840,-0.125,0.543,-0.602,-10.598895127424367,-171.9096241249546,-140.30140521868518,2.0
2016-08-02 15:21:18.850,-0.16,0.535,-0.594,-2.4720530184674168,-170.2961055927426,-140.03550110715105,2.0
2016-08-02 15:21:18.860,-0.207,0.504,-0.566,6.473633821833005,-168.1417283578794,-140.83582279601916,2.0
2016-08-02 15:21:18.870,-0.246,0.508,-0.559,13.697983997669937,-167.2385621581128,-139.475209945478,2.0
2016-08-02 15:21:18.880,-0.281,0.508,-0.543,11.066778971035689,-167.33268674489312,-136.28590962938202,2.0
2016-08-02 15:21:18.890,-0.332,0.461,-0.512,2.2074732095754546,-166.1583284808528,-133.13137170232844,2.0
2016-08-02 15:21:18.900,-0.359,0.438,-0.484,0.166477668295131,-163.91183554888647,-129.6063345203725,2.0
2016-08-02 15:21:18.910,-0.371,0.426,-0.457,5.949633019259918,-161.3797146271876,-127.36668671894763,2.0
2016-08-02 15:21:18.920,-0.395,0.422,-0.461,12.536307249073724,-158.57989609703827,-126.5780721865824,2.0
2016-08-02 15:21:18.930,-0.426,0.418,-0.457,16.466213868594323,-156.2562765922355,-125.00646050987032,2.0
2016-08-02 15:21:18.940,-0.457,0.414,-0.453,18.376441032680823,-155.00710805361942,-122.9419187324244,2.0
2016-08-02 15:21:18.950,-0.477,0.398,-0.402,18.28071183834842,-154.28738792893677,-120.40379621655691,2.0
2016-08-02 15:21:18.960,-0.48,0.367,-0.328,14.715051289795323,-153.0380721526541,-116.16172560614996,2.0
2016-08-02 15:21:18.970,-0.492,0.324,-0.262,8.907441052477287,-150.07713695297002,-111.29560458728943,2.0
2016-08-02 15:21:18.980,-0.52,0.277,-0.234,4.759299069142512,-145.14881104805548,-107.37898000681976,2.0
2016-08-02 15:21:18.990,-0.555,0.262,-0.23,5.203359585582731,-140.11193855859014,-103.9818057613603,2.0
2016-08-02 15:21:19.000,-0.582,0.277,-0.258,9.133745093094936,-136.67467743270382,-100.90615288765007,2.0
2016-08-02 15:21:19.010,-0.594,0.297,-0.293,11.8956442895639,-134.38085135730967,-98.5104991507834,2.0
2016-08-02 15:21:19.020,-0.617,0.305,-0.301,10.196348901732875,-132.61887210704072,-96.00696739816308,2.0
2016-08-02 15:21:19.030,-0.625,0.285,-0.262,5.169201502675811,-131.07057709871304,-92.62052670575467,2.0
2016-08-02 15:21:19.040,-0.633,0.234,-0.188,-0.22008813914201986,-128.34319680764384,-88.94690515721413,2.0
2016-08-02 15:21:19.050,-0.641,0.195,-0.141,-3.7848725315777463,-123.79038051228163,-85.84119470121854,2.0
2016-08-02 15:21:19.060,-0.656,0.16,-0.102,-3.9356846971387975,-118.75041868292655,-83.12697226620654,2.0
2016-08-02 15:21:19.070,-0.676,0.141,-0.09,-1.7364504982741442,-114.4654038311557,-80.22714651163348,2.0
2016-08-02 15:21:19.080,-0.695,0.156,-0.102,-1.4553347830563423,-110.66226698077978,-77.2615576620083,2.0
2016-08-02 15:21:19.090,-0.707,0.172,-0.113,-4.8535509752682096,-106.64322123761667,-74.44175265108316,2.0
2016-08-02 15:21:19.100,-0.723,0.176,-0.117,-9.761166391877264,-102.69807990079838,-71.66674616524435,2.0
2016-08-02 15:21:19.110,-0.734,0.156,-0.105,-13.982673067548966,-99.29609650819268,-69.49703867432552,2.0
2016-08-02 15:21:19.120,-0.75,0.129,-0.09,-15.580432429634483,-96.11981680208916,-68.07150326363018,2.0
2016-08-02 15:21:19.130,-0.758,0.113,-0.055,-14.801018527566,-92.93204190771903,-66.54147667711672,2.0
2016-08-02 15:21:19.140,-0.773,0.094,-0.02,-14.98867349924675,-89.87604815383847,-64.71197717462412,2.0
2016-08-02 15:21:19.150,-0.793,0.086,0.004,-16.486891638515523,-86.90015523110638,-62.51817609877762,2.0
2016-08-02 15:21:19.160,-0.805,0.082,0.035,-17.1909281027786,-84.11328771022748,-59.78774774014025,2.0
2016-08-02 15:21:19.170,-0.816,0.078,0.031,-17.5226167830277,-81.50976973351362,-57.247954401245124,2.0
2016-08-02 15:21:19.180,-0.832,0.082,0.027,-17.317764483101513,-78.62790638621969,-55.1998142097564,2.0
2016-08-02 15:21:19.190,-0.844,0.086,0.016,-16.573057625283845,-75.74990531861222,-53.13331811477777,2.0
2016-08-02 15:21:19.200,-0.859,0.094,0.004,-17.83509492983736,-73.37722644240193,-51.31367373262816,2.0
2016-08-02 15:21:19.210,-0.871,0.086,0.012,-19.783707216174136,-71.46125579354796,-50.09330030764392,2.0
2016-08-02 15:21:19.220,-0.879,0.066,0.031,-18.446777044878072,-70.07140137504952,-49.168168107832265,2.0
2016-08-02 15:21:19.230,-0.879,0.047,0.078,-14.169092130488487,-68.99393077886528,-48.32662386560428,2.0
2016-08-02 15:21:19.240,-0.887,0.035,0.113,-9.50528104944137,-68.02238401933691,-47.47732960560856,2.0
2016-08-02 15:21:19.250,-0.914,0.02,0.133,-5.474470590302457,-67.28950873484116,-46.50325072271521,2.0
2016-08-02 15:21:19.260,-0.926,-0.004,0.148,-1.1928703310492996,-66.72773139814699,-45.25346632827806,2.0
2016-08-02 15:21:19.270,-0.93,-0.012,0.145,4.290958389029257,-66.30154229511191,-44.092444712730455,2.0
2016-08-02 15:21:19.280,-0.945,0.0,0.121,10.103690021953874,-66.2362894421433,-43.47573586857273,2.0
2016-08-02 15:21:19.290,-0.969,0.008,0.117,15.421458060601275,-67.3616737727031,-42.9088596792333,2.0
2016-08-02 15:21:19.300,-0.977,0.004,0.133,21.35145026572385,-70.19388566015559,-42.402355897233676,2.0
2016-08-02 15:21:19.310,-0.988,-0.004,0.156,29.187316273500215,-73.8181734839757,-42.67735812947972,2.0
2016-08-02 15:21:19.320,-1.008,-0.035,0.188,37.762565660578396,-77.6518317681543,-43.563672344456116,2.0
2016-08-02 15:21:19.330,-1.035,-0.063,0.23,44.46890425623455,-81.54637632607667,-44.38023594187463,2.0
2016-08-02 15:21:19.340,-1.035,-0.082,0.266,48.92224597894198,-84.00068605137304,-44.630188305231954,2.0
2016-08-02 15:21:19.350,-1.035,-0.102,0.273,52.5723029217923,-83.8372628761572,-44.18451487714054,2.0
2016-08-02 15:21:19.360,-1.031,-0.109,0.277,55.28530473723284,-81.8143235556037,-43.0261391337566,2.0
2016-08-02 15:21:19.370,-1.02,-0.098,0.281,54.896593347780794,-79.01309427526868,-40.91922697898731,2.0
2016-08-02 15:21:19.380,-1.004,-0.078,0.289,49.58113800966701,-75.46819433691792,-38.28331451405744,2.0
2016-08-02 15:21:19.390,-0.98,-0.098,0.313,41.57001850356972,-70.83645942703325,-36.041089444862294,2.0
2016-08-02 15:21:19.400,-0.957,-0.137,0.363,36.40320937347115,-65.24930247479043,-34.20647826839607,2.0
2016-08-02 15:21:19.410,-0.914,-0.148,0.426,34.096477162526895,-58.76548253305092,-32.07969405130632,2.0
2016-08-02 15:21:19.420,-0.887,-0.137,0.469,28.859796553039477,-51.56789677030528,-29.147323441424117,2.0
2016-08-02 15:21:19.430,-0.871,-0.145,0.488,20.2039642418955,-44.41422230886893,-25.19458654822203,2.0
2016-08-02 15:21:19.440,-0.855,-0.141,0.492,12.306066964378157,-37.26241699492217,-20.61731445384297,2.0
2016-08-02 15:21:19.450,-0.844,-0.129,0.484,5.841730375136372,-29.491939023451312,-16.124319486282456,2.0
2016-08-02 15:21:19.460,-0.836,-0.113,0.473,-0.7515582527384879,-21.219270129651267,-11.499105541972556,2.0
2016-08-02 15:21:19.470,-0.816,-0.098,0.473,-8.4847418587666,-12.359769446189345,-6.121797536431272,2.0
2016-08-02 15:21:19.480,-0.809,-0.09,0.484,-17.400840784996973,-2.7050029979924197,-0.18736275021018778,2.0
2016-08-02 15:21:19.490,-0.809,-0.098,0.488,-25.35528563173296,7.009742450147493,5.787619350847216,2.0
2016-08-02 15:21:19.500,-0.805,-0.102,0.48,-30.495103061123114,16.13885424263613,11.38744738198109,2.0
2016-08-02 15:21:19.510,-0.793,-0.105,0.457,-33.947641742116566,24.420448111441086,16.575714806890105,2.0
2016-08-02 15:21:19.520,-0.793,-0.094,0.43,-37.45000643570625,31.44909052249428,21.90153881326566,2.0
2016-08-02 15:21:19.530,-0.793,-0.09,0.406,-41.36204062738789,37.34457461632009,27.351038417017122,2.0
2016-08-02 15:21:19.540,-0.797,-0.09,0.379,-45.395561721929845,42.434156532342456,32.379415539411745,2.0
2016-08-02 15:21:19.550,-0.805,-0.09,0.363,-48.904367422075296,46.75460279181406,37.156624054128415,2.0
2016-08-02 15:21:19.560,-0.813,-0.098,0.363,-51.270257923311334,50.636349797837546,41.8042914687344,2.0
2016-08-02 15:21:19.570,-0.813,-0.109,0.371,-52.90075660068421,54.41033137044995,45.92524467612844,2.0
2016-08-02 15:21:19.580,-0.828,-0.109,0.371,-54.86006810166086,57.88703015105413,49.72215550168056,2.0
2016-08-02 15:21:19.590,-0.844,-0.105,0.355,-57.35561969490742,60.80426922481834,53.42683676425963,2.0
2016-08-02 15:21:19.600,-0.863,-0.098,0.332,-59.389305258689745,63.494550298055984,56.7124696206614,2.0
2016-08-02 15:21:19.610,-0.879,-0.09,0.313,-60.08767687865202,66.60444396380024,59.63302669877905,2.0
2016-08-02 15:21:19.620,-0.891,-0.082,0.293,-59.647211667874174,70.01138883961308,62.3665184748306,2.0
2016-08-02 15:21:19.630,-0.906,-0.066,0.281,-58.62461882489836,73.19145210886465,64.82471633730673,2.0
2016-08-02 15:21:19.640,-0.914,-0.063,0.289,-57.16893592771381,76.24932214654054,67.04074030052675,2.0
2016-08-02 15:21:19.650,-0.922,-0.059,0.293,-55.382509681474794,79.42049455115959,68.96024044906197,2.0
2016-08-02 15:21:19.660,-0.918,-0.051,0.293,-53.7184665690467,82.54424985704709,70.60136599792571,2.0
2016-08-02 15:21:19.670,-0.918,-0.047,0.293,-52.63813121586396,85.20693428185106,72.26828071400942,2.0
2016-08-02 15:21:19.680,-0.926,-0.031,0.285,-52.14709024122557,87.11251591437454,74.17486506830286,2.0
2016-08-02 15:21:19.690,-0.934,-0.023,0.266,-51.96191456314434,88.73452142908602,76.4428402673891,2.0
2016-08-02 15:21:19.700,-0.934,-0.004,0.25,-51.71239257622162,90.82528606185966,78.96313024655554,2.0
2016-08-02 15:21:19.710,-0.926,0.004,0.223,-50.56864314472867,93.3007310286834,81.38728603017749,2.0
2016-08-02 15:21:19.720,-0.93,0.004,0.191,-47.82185903927059,95.66177867718572,83.53128315355889,2.0
2016-08-02 15:21:19.730,-0.93,0.008,0.168,-43.976770534205784,97.98203155797387,85.34898108162805,2.0
2016-08-02 15:21:19.740,-0.914,0.031,0.152,-40.05588295941194,100.71080027066022,86.93620739780428,2.0
2016-08-02 15:21:19.750,-0.902,0.059,0.137,-36.198252184872985,103.7131421006466,88.41822047865598,2.0
2016-08-02 15:21:19.760,-0.883,0.082,0.125,-31.832259501820396,106.05546899351907,89.91689457780399,2.0
2016-08-02 15:21:19.770,-0.867,0.09,0.117,-27.552572990587354,107.21559322039859,91.63036639132645,2.0
2016-08-02 15:21:19.780,-0.855,0.102,0.094,-24.572540137183076,107.43222027108649,93.41352574356095,2.0
2016-08-02 15:21:19.790,-0.848,0.133,0.055,-21.962629445459807,106.47321209187815,95.28689814038057,2.0
2016-08-02 15:21:19.800,-0.844,0.145,0.016,-18.265056023849077,104.33792980029813,97.77246549267068,2.0
2016-08-02 15:21:19.810,-0.832,0.148,-0.004,-13.467128567041982,102.48082835095197,100.8171379746272,2.0
2016-08-02 15:21:19.820,-0.793,0.207,-0.02,-8.276125429189543,102.05135308609375,103.8335034901532,2.0
2016-08-02 15:21:19.830,-0.75,0.23,-0.039,-5.023413288626905,102.83597415298335,106.56589407640331,2.0
2016-08-02 15:21:19.840,-0.746,0.215,-0.051,-5.001391186258983,104.26909599408751,109.0896877933454,2.0
2016-08-02 15:21:19.850,-0.738,0.238,-0.094,-5.4415343428830125,105.53201431862485,111.3606279750584,2.0
2016-08-02 15:21:19.860,-0.723,0.281,-0.156,-4.070428720019544,105.91664935906319,112.93803655157893,2.0
2016-08-02 15:21:19.870,-0.711,0.285,-0.223,-0.24750247855140195,105.35093918009895,113.77272453078774,2.0
2016-08-02 15:21:19.880,-0.699,0.285,-0.238,7.391681613221969,104.3201942020399,114.4511831906981,2.0
2016-08-02 15:21:19.890,-0.645,0.309,-0.23,16.130003245097456,104.11164327338567,114.642282250354,2.0
2016-08-02 15:21:19.900,-0.602,0.324,-0.215,19.51603239909923,105.2365466976531,114.28489843170345,2.0
2016-08-02 15:21:19.910,-0.598,0.32,-0.227,16.22490529180884,106.2364482546902,115.5165815982574,2.0
2016-08-02 15:21:19.920,-0.613,0.316,-0.246,9.683287704375374,105.89196508355221,118.68142358187298,2.0
2016-08-02 15:21:19.930,-0.613,0.352,-0.301,3.134452854519082,104.89638698266828,120.99435476255866,2.0
2016-08-02 15:21:19.940,-0.59,0.398,-0.316,1.9525228425291044,105.2268061359398,121.4313702533002,2.0
2016-08-02 15:21:19.950,-0.516,0.48,-0.355,11.223996147130638,107.44966911265018,119.94125006273853,2.0
2016-08-02 15:21:19.960,-0.445,0.535,-0.387,26.219704633166764,109.62477821765158,116.01327119048833,2.0
2016-08-02 15:21:19.970,-0.453,0.5,-0.41,37.19531856771154,110.90096786920647,112.02404635308682,2.0
2016-08-02 15:21:19.980,-0.496,0.496,-0.43,41.833960739476765,111.49362578372906,110.91493604652558,2.0
2016-08-02 15:21:19.990,-0.504,0.523,-0.375,40.89884134487709,112.03633139645241,112.28226465824633,2.0
2016-08-02 15:21:20.000,-0.465,0.531,-0.281,36.04204225398735,115.46926989926769,113.89009558714007,2.0
2016-08-02 15:21:20.010,-0.391,0.559,-0.23,34.30151227735165,121.18572475082934,114.45555957936749,2.0
2016-08-02 15:21:20.020,-0.355,0.57,-0.227,37.329804757591745,124.87028060213547,114.27686615264142,2.0
2016-08-02 15:21:20.030,-0.375,0.629,-0.328,42.08394799437433,125.39404186680682,113.50989124965668,2.0
2016-08-02 15:21:20.040,-0.418,0.688,-0.445,50.37732841675806,123.20385862841059,112.58347977590287,2.0
2016-08-02 15:21:20.050,-0.438,0.648,-0.477,57.2707509716058,121.56952844419865,112.42099832448059,2.0
2016-08-02 15:21:20.060,-0.414,0.664,-0.5,55.18537386513164,123.30242103617951,112.780582184071,2.0
2016-08-02 15:21:20.070,-0.371,0.699,-0.473,47.94327610824189,125.1493457142825,114.29195510497661,2.0
2016-08-02 15:21:20.080,-0.336,0.605,-0.379,40.05229768657222,128.19163169375386,117.72790469198927,2.0
2016-08-02 15:21:20.090,-0.277,0.617,-0.402,35.25466221637653,133.63980594155814,120.56363792305176,2.0
2016-08-02 15:21:20.100,-0.266,0.594,-0.414,35.559758891862145,137.12089421335216,121.86076064389371,2.0
2016-08-02 15:21:20.110,-0.227,0.57,-0.449,36.66556240366103,140.85806776838294,123.16805871440059,2.0
2016-08-02 15:21:20.120,-0.164,0.703,-0.563,40.89430302458185,144.1346512283059,122.2291965512785,2.0
2016-08-02 15:21:20.130,-0.133,0.676,-0.594,44.17203179750215,144.324517287107,119.66187224908879,2.0
2016-08-02 15:21:20.140,-0.141,0.629,-0.609,36.43352881636216,147.083831488146,120.41051755345029,2.0
2016-08-02 15:21:20.150,-0.102,0.684,-0.645,27.008891487620655,149.73061494901395,122.4446872831852,2.0
2016-08-02 15:21:20.160,-0.078,0.605,-0.586,22.152052158614204,150.80680618631985,123.47668227323673,2.0
2016-08-02 15:21:20.170,-0.066,0.566,-0.633,22.70772595389535,154.87877003930834,125.01128350454626,2.0
2016-08-02 15:21:20.180,-0.016,0.641,-0.688,34.698413177245115,156.22603950872963,124.83161877813335,2.0
2016-08-02 15:21:20.190,0.074,0.617,-0.648,42.72224156761357,156.61480688373598,123.25775190164993,2.0
2016-08-02 15:21:20.200,0.137,0.676,-0.727,40.125088176263816,159.35861163477472,121.8922228003903,2.0
2016-08-02 15:21:20.210,0.16,0.746,-0.77,43.38106631455226,156.61671433745897,120.29902778827457,2.0
2016-08-02 15:21:20.220,0.176,0.68,-0.723,43.134560759869935,154.64371027068245,121.23413859782332,2.0
2016-08-02 15:21:20.230,0.195,0.664,-0.746,32.349669673131864,158.586621277105,123.7392160684541,2.0
2016-08-02 15:21:20.240,0.215,0.695,-0.734,29.663261621070227,159.34213219557833,124.6152215163093,2.0
2016-08-02 15:21:20.250,0.254,0.672,-0.73,36.36569687693525,159.45134072702734,124.62094839930865,2.0
2016-08-02 15:21:20.260,0.301,0.699,-0.797,47.67218580527097,160.92705019088817,123.03347483404025,2.0
2016-08-02 15:21:20.270,0.348,0.691,-0.797,59.51345806013423,159.50167891152304,120.2139562165127,2.0
2016-08-02 15:21:20.280,0.379,0.715,-0.855,58.703591893198485,159.2933098399393,118.71336395087963,2.0
2016-08-02 15:21:20.290,0.391,0.77,-0.902,53.238562463856724,158.19411086856556,118.45894295985548,2.0
2016-08-02 15:21:20.300,0.398,0.707,-0.879,51.24709260175202,154.69572818524745,118.94785688545804,2.0
2016-08-02 15:21:20.310,0.402,0.668,-0.898,44.02589656222899,155.81695867611293,119.6648694381467,2.0
2016-08-02 15:21:20.320,0.438,0.648,-0.859,38.88019504068365,158.44512988225912,118.87561718782817,2.0
2016-08-02 15:21:20.330,0.496,0.637,-0.855,41.09666027809905,159.13741220508888,116.10848993841617,2.0
2016-08-02 15:21:20.340,0.547,0.664,-0.891,43.94648154908596,159.4641295236354,112.55357067065063,2.0
2016-08-02 15:21:20.350,0.582,0.648,-0.855,44.864049380202815,157.3145951967728,109.40306771443596,2.0
2016-08-02 15:21:20.360,0.598,0.645,-0.879,38.36662070944254,154.99746351379179,107.79610947587358,2.0
2016-08-02 15:21:20.370,0.613,0.641,-0.875,27.914205308971464,154.51052816392752,108.47156937938199,2.0
2016-08-02 15:21:20.380,0.645,0.617,-0.84,21.041856829358153,154.85993933691344,110.31631985231239,2.0
2016-08-02 15:21:20.390,0.672,0.637,-0.84,15.869029677941692,156.84054633262244,111.79545865455611,2.0
2016-08-02 15:21:20.400,0.688,0.652,-0.836,15.15312694269447,157.5463873380325,113.18477344057288,2.0
2016-08-02 15:21:20.410,0.684,0.645,-0.836,14.696496662533123,156.2503482861233,115.46660856425868,2.0
2016-08-02 15:21:20.420,0.68,0.645,-0.863,5.857846115753431,156.41603942087147,118.33126727695273,2.0
2016-08-02 15:21:20.430,0.691,0.629,-0.855,-2.3883258732385513,157.61883283151153,120.60874046159744,2.0
2016-08-02 15:21:20.440,0.734,0.613,-0.832,-4.985652793650349,158.81583513508986,122.2863682811554,2.0
2016-08-02 15:21:20.450,0.805,0.613,-0.773,-10.294678122461072,160.21107763601097,123.94308369543924,2.0
2016-08-02 15:21:20.460,0.871,0.594,-0.723,-19.77944074043039,161.15931282157715,125.7132916932079,2.0
2016-08-02 15:21:20.470,0.945,0.586,-0.684,-28.988312554836995,161.03478013470703,127.17976921121394,2.0
2016-08-02 15:21:20.480,1.008,0.609,-0.664,-34.90855073859811,158.66535016283862,126.46237477272408,2.0
2016-08-02 15:21:20.490,1.035,0.602,-0.68,-35.81173303249479,153.12069993362107,122.34757538206563,2.0
2016-08-02 15:21:20.500,1.039,0.566,-0.691,-33.323988789138475,144.41453871643498,115.78441071928899,2.0
2016-08-02 15:21:20.510,1.027,0.535,-0.703,-31.83676004000813,132.73059448443337,107.38641929341689,2.0
2016-08-02 15:21:20.520,1.008,0.484,-0.723,-33.07830403489134,119.0088332670338,97.67735161448148,2.0
2016-08-02 15:21:20.530,1.008,0.449,-0.695,-35.792525160092424,104.93137373525569,87.9795614630519,2.0
2016-08-02 15:21:20.540,1.02,0.453,-0.656,-39.782416549488076,91.64413043044422,78.89379528884464,2.0
2016-08-02 15:21:20.550,1.02,0.457,-0.602,-42.42588241689117,78.75006992843697,71.13712012887855,2.0
2016-08-02 15:21:20.560,1.016,0.465,-0.539,-41.374097699743714,66.72659872843215,65.465032710049,2.0
2016-08-02 15:21:20.570,1.012,0.488,-0.508,-39.884441483586215,58.12685004817609,61.40182578440924,2.0
2016-08-02 15:21:20.580,0.984,0.516,-0.516,-37.98018991709536,52.908841157090144,58.5730414891047,2.0
2016-08-02 15:21:20.590,0.941,0.566,-0.535,-33.98390135783541,48.79013940961832,56.29048217702091,2.0
2016-08-02 15:21:20.600,0.895,0.609,-0.539,-31.219271698952042,45.04248432272958,53.56222079875718,2.0
2016-08-02 15:21:20.610,0.863,0.66,-0.551,-30.515915605538105,41.579697130923506,50.30147595026887,2.0
2016-08-02 15:21:20.620,0.844,0.66,-0.543,-28.873460290629502,38.473671904993395,46.37222422577494,2.0
2016-08-02 15:21:20.630,0.84,0.625,-0.52,-25.286156869686632,35.57572779525343,41.60630404536276,2.0
2016-08-02 15:21:20.640,0.859,0.613,-0.5,-22.034569301445224,32.30119578718078,36.15549110544818,2.0
2016-08-02 15:21:20.650,0.879,0.594,-0.477,-21.084917616243803,28.60337663698062,30.62317536820074,2.0
2016-08-02 15:21:20.660,0.891,0.59,-0.465,-20.316402199611698,24.477037369197994,25.506519706310037,2.0
2016-08-02 15:21:20.670,0.895,0.598,-0.469,-17.69103165211904,19.965122716593587,20.202974245729617,2.0
2016-08-02 15:21:20.680,0.895,0.609,-0.477,-14.559151293435903,15.712814882740435,14.45178773319022,2.0
2016-08-02 15:21:20.690,0.902,0.621,-0.492,-11.336017582807052,12.490511275753445,8.724013019087913,2.0
2016-08-02 15:21:20.700,0.91,0.613,-0.508,-6.257885763242587,10.127681978030397,3.337198893225885,2.0
2016-08-02 15:21:20.710,0.902,0.609,-0.523,0.5477407899390203,7.795315810934206,-1.3080112411350953,2.0
2016-08-02 15:21:20.720,0.895,0.605,-0.535,6.662885130257564,5.464214218268471,-5.142996159584764,2.0
2016-08-02 15:21:20.730,0.887,0.586,-0.527,10.568317238566586,3.236227990672082,-8.690530966095029,2.0
2016-08-02 15:21:20.740,0.883,0.559,-0.527,11.778145761506586,0.6131614948019926,-12.275948390707129,2.0
2016-08-02 15:21:20.750,0.898,0.535,-0.523,10.442559049218936,-2.4652945699889446,-15.810659142734512,2.0
2016-08-02 15:21:20.760,0.914,0.523,-0.531,8.218681634213974,-5.702665144911958,-19.24145672634377,2.0
2016-08-02 15:21:20.770,0.93,0.508,-0.523,7.3872933109416525,-9.018697545219146,-22.567476042484493,2.0
2016-08-02 15:21:20.780,0.922,0.484,-0.512,9.798343965281868,-12.90086263941535,-25.909689896722206,2.0
2016-08-02 15:21:20.790,0.906,0.465,-0.508,15.042781523569156,-18.421966194247403,-29.599236844555943,2.0
2016-08-02 15:21:20.800,0.898,0.461,-0.508,19.297960234433017,-25.47177268093422,-33.60503196746626,2.0
2016-08-02 15:21:20.810,0.898,0.457,-0.492,19.88285144606876,-32.54084353390885,-37.377283256813996,2.0
2016-08-02 15:21:20.820,0.906,0.449,-0.484,18.76331800250745,-38.877009726105214,-40.84253846665173,2.0
2016-08-02 15:21:20.830,0.914,0.457,-0.492,18.171807964013116,-44.48237977244986,-44.16851880947284,2.0
2016-08-02 15:21:20.840,0.91,0.465,-0.504,17.65191532406976,-49.1363681192171,-46.84906524245973,2.0
2016-08-02 15:21:20.850,0.902,0.477,-0.535,17.636204125140456,-53.12414380391499,-49.08870784339215,2.0
2016-08-02 15:21:20.860,0.887,0.484,-0.566,19.418719016309076,-57.377764703489476,-51.72461445130787,2.0
2016-08-02 15:21:20.870,0.871,0.504,-0.586,21.256552951089596,-62.37855062385379,-54.69115359346808,2.0
2016-08-02 15:21:20.880,0.871,0.527,-0.594,21.119574407421347,-68.02712078594345,-57.7866679939724,2.0
2016-08-02 15:21:20.890,0.875,0.543,-0.594,20.498255896229548,-74.148788908739,-61.158547816725665,2.0
2016-08-02 15:21:20.900,0.879,0.543,-0.59,21.09330711192329,-80.15127490583023,-64.71652132992622,2.0
2016-08-02 15:21:20.910,0.891,0.539,-0.59,22.256128171120686,-85.3330938753121,-68.1472050195796,2.0
2016-08-02 15:21:20.920,0.906,0.527,-0.59,22.38620105420347,-89.7272404911717,-71.29584166857178,2.0
2016-08-02 15:21:20.930,0.91,0.523,-0.613,21.298217248718593,-93.77092094205784,-74.14850959429816,2.0
2016-08-02 15:21:20.940,0.902,0.535,-0.645,21.54304181238328,-98.44837197275409,-76.78058613641373,2.0
2016-08-02 15:21:20.950,0.895,0.539,-0.668,23.806836048554434,-104.31605512819027,-79.56011898238997,2.0
2016-08-02 15:21:20.960,0.895,0.559,-0.699,25.36507562942463,-110.45914108135709,-82.95777278786329,2.0
2016-08-02 15:21:20.970,0.906,0.586,-0.719,25.59229395227775,-116.421969808417,-86.7548810779701,2.0
2016-08-02 15:21:20.980,0.914,0.59,-0.734,24.63718914032749,-122.2464493948103,-90.14060658564102,2.0
2016-08-02 15:21:20.990,0.918,0.59,-0.738,22.583355662723143,-127.75611598424354,-92.78062566731852,2.0
2016-08-02 15:21:21.000,0.898,0.602,-0.734,21.73846109534597,-133.02800301489398,-94.50567545448177,2.0
2016-08-02 15:21:21.010,0.902,0.605,-0.734,22.19700730483308,-138.2310861312272,-95.59378309210007,2.0
2016-08-02 15:21:21.020,0.883,0.613,-0.754,22.092625307378448,-144.15986093056085,-96.78761530055381,2.0
2016-08-02 15:21:21.030,0.859,0.621,-0.781,20.455536103582904,-150.5543578958827,-97.93444202565794,2.0
2016-08-02 15:21:21.040,0.855,0.641,-0.805,16.798976411225176,-155.6121885838828,-99.16313881624917,2.0
2016-08-02 15:21:21.050,0.84,0.652,-0.82,12.45797624991824,-159.24002852736697,-100.85846416594902,2.0
2016-08-02 15:21:21.060,0.82,0.664,-0.84,8.53566140064345,-162.25117765105597,-102.43729128059795,2.0
2016-08-02 15:21:21.070,0.793,0.684,-0.852,5.520513639296249,-164.8342357090503,-103.85352122593417,2.0
2016-08-02 15:21:21.080,0.77,0.695,-0.863,4.326833397047556,-167.73763107085165,-105.3741859992896,2.0
2016-08-02 15:21:21.090,0.746,0.703,-0.867,3.3690602624893167,-170.99087660935663,-106.52207671895452,2.0
2016-08-02 15:21:21.100,0.719,0.703,-0.867,0.6916441461499576,-173.55725997755272,-107.30205808490102,2.0
2016-08-02 15:21:21.110,0.695,0.711,-0.859,-2.386709678530927,-175.6248705296187,-108.34067503757366,2.0
2016-08-02 15:21:21.120,0.664,0.723,-0.867,-3.466432959953736,-178.28393201675465,-109.85039493320689,2.0
2016-08-02 15:21:21.130,0.629,0.707,-0.895,-2.777829001086663,-181.52801807694698,-112.07712717159974,2.0
2016-08-02 15:21:21.140,0.602,0.703,-0.93,-0.6186273105888709,-185.3260014602925,-115.37097030719352,2.0
2016-08-02 15:21:21.150,0.574,0.676,-0.973,5.585874357138501,-191.34418844769618,-118.46563546537308,2.0
2016-08-02 15:21:21.160,0.535,0.602,-1.008,12.95817851936872,-199.2789461799265,-119.38901341515628,2.0
2016-08-02 15:21:21.170,0.527,0.586,-0.996,13.51462813151888,-204.85795129631185,-119.37033145269014,2.0
2016-08-02 15:21:21.180,0.543,0.66,-0.977,7.950404868661658,-206.79171880792575,-120.95999068748523,2.0
2016-08-02 15:21:21.190,0.504,0.723,-0.977,2.504355777350775,-208.255057417085,-122.96496830917278,2.0
2016-08-02 15:21:21.200,0.434,0.719,-1.0,-1.7390915574374635,-209.49587975277817,-123.9637248794134,2.0
2016-08-02 15:21:21.210,0.355,0.734,-1.02,-4.554435084486181,-209.76521793127176,-125.52408909437091,2.0
2016-08-02 15:21:21.220,0.277,0.742,-1.016,-6.904736822070252,-210.85357161326235,-127.59937903318013,2.0
2016-08-02 15:21:21.230,0.219,0.742,-1.0,-13.289521151955574,-211.63517790088494,-128.85755524787447,2.0
2016-08-02 15:21:21.240,0.191,0.738,-0.957,-20.884416308980256,-210.47539989476292,-130.39541721033407,2.0
2016-08-02 15:21:21.250,0.156,0.738,-0.934,-24.708331653338213,-209.72655803988408,-132.58035542317594,2.0
2016-08-02 15:21:21.260,0.125,0.742,-0.883,-29.310684320104098,-209.9704769176769,-133.7489317807273,2.0
2016-08-02 15:21:21.270,0.102,0.723,-0.816,-36.254286739775054,-208.7923780995025,-134.3206016444741,2.0
2016-08-02 15:21:21.280,0.082,0.695,-0.766,-38.1278200959206,-205.5209333036862,-135.71554713555162,2.0
2016-08-02 15:21:21.290,0.051,0.672,-0.73,-30.27931666444107,-201.81245424144868,-137.52636402268706,2.0
2016-08-02 15:21:21.300,0.023,0.656,-0.703,-18.00961965272436,-199.55229390557287,-138.79056791552284,2.0
2016-08-02 15:21:21.310,-0.012,0.633,-0.699,-12.149127648497332,-198.83241620654005,-138.80224389904254,2.0
2016-08-02 15:21:21.320,-0.059,0.625,-0.684,-13.71665008043839,-198.35262739513118,-136.89383161752733,2.0
2016-08-02 15:21:21.330,-0.113,0.57,-0.656,-15.035026324623455,-197.2665433292151,-133.20845975455154,2.0
2016-08-02 15:21:21.340,-0.145,0.52,-0.605,-15.327200540162384,-194.84358541271854,-129.4437799924839,2.0
2016-08-02 15:21:21.350,-0.172,0.473,-0.57,-13.932894653318325,-191.07584117852653,-127.21318661838401,2.0
2016-08-02 15:21:21.360,-0.215,0.434,-0.57,-5.258814510224731,-187.93784114147581,-126.25361604884863,2.0
2016-08-02 15:21:21.370,-0.254,0.418,-0.609,6.629931005019218,-187.2791263298143,-124.86011673173327,2.0
2016-08-02 15:21:21.380,-0.289,0.406,-0.617,9.290194636671233,-188.05608575526213,-121.48707331719226,2.0
2016-08-02 15:21:21.390,-0.285,0.398,-0.59,0.6503172631657785,-187.21402809276822,-117.14375293386598,2.0
2016-08-02 15:21:21.400,-0.262,0.383,-0.547,-6.588655528510289,-184.08592005851685,-114.52520091190787,2.0
2016-08-02 15:21:21.410,-0.27,0.348,-0.523,-2.834042869201472,-181.0555524209689,-113.3440627193427,2.0
2016-08-02 15:21:21.420,-0.285,0.305,-0.492,5.091485485458541,-179.47910535727868,-111.36890570899988,2.0
2016-08-02 15:21:21.430,-0.277,0.32,-0.488,5.334163146263771,-178.47370797818797,-108.88603406153636,2.0
2016-08-02 15:21:21.440,-0.289,0.336,-0.473,-1.9861936501047242,-176.59196790949022,-105.88954691966875,2.0
2016-08-02 15:21:21.450,-0.305,0.316,-0.41,-8.490704234655677,-172.72993732530307,-101.98323381880965,2.0
2016-08-02 15:21:21.460,-0.309,0.293,-0.371,-10.537427952463418,-166.87519098164728,-99.54278153555765,2.0
2016-08-02 15:21:21.470,-0.348,0.273,-0.34,-9.501142621558992,-160.98850741838012,-98.34964942760877,2.0
2016-08-02 15:21:21.480,-0.414,0.234,-0.313,-8.692184867813769,-156.5178508136277,-96.09385990705249,2.0
2016-08-02 15:21:21.490,-0.465,0.238,-0.285,-10.11679408318624,-152.62774681467954,-93.76251320899652,2.0
2016-08-02 15:21:21.500,-0.516,0.246,-0.258,-11.392389013718605,-148.85972356330478,-91.56749490378218,2.0
2016-08-02 15:21:21.510,-0.551,0.207,-0.219,-12.19481330513666,-145.3082079569468,-88.36330934399075,2.0
2016-08-02 15:21:21.520,-0.582,0.199,-0.195,-14.831497172203363,-141.88043607565757,-85.00659868413038,2.0
2016-08-02 15:21:21.530,-0.625,0.191,-0.168,-18.30392622840288,-139.02185722256527,-81.55311961471688,2.0
2016-08-02 15:21:21.540,-0.656,0.164,-0.148,-20.1128849320359,-136.52709028296778,-77.3949244257061,2.0
2016-08-02 15:21:21.550,-0.684,0.141,-0.121,-19.70748888500937,-133.73431741904577,-73.77713824390429,2.0
2016-08-02 15:21:21.560,-0.699,0.117,-0.113,-19.734134085371295,-130.7611608275758,-71.0750114755646,2.0
2016-08-02 15:21:21.570,-0.727,0.113,-0.098,-22.245634486743665,-127.44175138578692,-67.95592303832085,2.0
2016-08-02 15:21:21.580,-0.738,0.105,-0.07,-25.50395081575164,-123.24779170232617,-64.28362367526597,2.0
2016-08-02 15:21:21.590,-0.746,0.098,-0.051,-28.531242803283384,-118.65922973993531,-61.29190337393054,2.0
2016-08-02 15:21:21.600,-0.766,0.078,-0.051,-30.77430773263988,-114.7770970672743,-59.279605176757684,2.0
2016-08-02 15:21:21.610,-0.793,0.063,-0.051,-30.44563318404,-112.13418831830668,-57.211623483405944,2.0
2016-08-02 15:21:21.620,-0.801,0.055,-0.023,-29.613294895951096,-110.19659720533019,-54.95494351763598,2.0
2016-08-02 15:21:21.630,-0.809,0.047,0.004,-30.745266096996147,-108.0152989771258,-53.312587347244744,2.0
2016-08-02 15:21:21.640,-0.82,0.039,0.031,-31.715457033290235,-105.80596626548801,-51.73904271360537,2.0
2016-08-02 15:21:21.650,-0.836,0.023,0.063,-33.294568313790975,-104.01974827691065,-49.75607346440141,2.0
2016-08-02 15:21:21.660,-0.852,0.02,0.094,-37.177795419054526,-101.90448050530671,-48.29723339812904,2.0
2016-08-02 15:21:21.670,-0.859,0.02,0.133,-38.84711287218082,-99.07554567507874,-47.415590713683414,2.0
2016-08-02 15:21:21.680,-0.855,0.012,0.16,-37.14041764196679,-95.63432329475738,-46.58085617810117,2.0
2016-08-02 15:21:21.690,-0.859,0.02,0.18,-36.580758737120604,-91.58661892765772,-45.789316702453505,2.0
2016-08-02 15:21:21.700,-0.867,0.031,0.188,-38.515406217869014,-87.65958318472622,-44.886771515334644,2.0
2016-08-02 15:21:21.710,-0.879,0.043,0.211,-41.6646881449388,-83.97845390538032,-44.2048451054243,2.0
2016-08-02 15:21:21.720,-0.883,0.043,0.223,-43.6960661683256,-79.89594459529641,-44.33577492415327,2.0
2016-08-02 15:21:21.730,-0.906,0.023,0.242,-42.30136881783512,-76.01698095729132,-44.8083405576826,2.0
2016-08-02 15:21:21.740,-0.922,-0.004,0.281,-37.92445433648422,-72.99212765361465,-45.22285112742855,2.0
2016-08-02 15:21:21.750,-0.91,-0.008,0.316,-32.510318849196835,-70.15577721201225,-45.80671948197553,2.0
2016-08-02 15:21:21.760,-0.91,-0.012,0.344,-29.516773366075586,-67.49643306724131,-45.7022992752145,2.0
2016-08-02 15:21:21.770,-0.93,-0.008,0.363,-31.970342782982293,-65.90660546061926,-44.06100715381087,2.0
2016-08-02 15:21:21.780,-0.949,-0.023,0.402,-36.909187490288,-64.28902378433025,-42.22118462426636,2.0
2016-08-02 15:21:21.790,-0.941,-0.027,0.426,-37.518119657859614,-60.94805361490545,-42.25126759796116,2.0
2016-08-02 15:21:21.800,-0.945,-0.074,0.418,-30.730220249593923,-57.53118384543837,-43.82423104738163,2.0
2016-08-02 15:21:21.810,-0.953,-0.117,0.395,-20.635579506130338,-55.472909803594675,-44.95429816265974,2.0
2016-08-02 15:21:21.820,-0.949,-0.105,0.363,-14.638070382889621,-53.42515947761765,-45.1818512459558,2.0
2016-08-02 15:21:21.830,-0.938,-0.09,0.363,-15.582217493467784,-50.804516718995956,-44.41739111588161,2.0
2016-08-02 15:21:21.840,-0.941,-0.086,0.367,-20.483600541551386,-47.19067209728338,-42.08845136928321,2.0
2016-08-02 15:21:21.850,-0.941,-0.098,0.371,-25.275200093980757,-41.60667718950678,-38.75846485051355,2.0
2016-08-02 15:21:21.860,-0.938,-0.133,0.387,-25.93755171307749,-34.104396008720435,-35.39345169837344,2.0
2016-08-02 15:21:21.870,-0.914,-0.168,0.398,-20.995320222714916,-25.357008356123924,-32.462401531431354,2.0
2016-08-02 15:21:21.880,-0.891,-0.184,0.398,-14.963116963778997,-16.948554597392814,-29.263317496682596,2.0
2016-08-02 15:21:21.890,-0.887,-0.184,0.395,-12.353688716304308,-10.339259966337023,-24.66322699648081,2.0
2016-08-02 15:21:21.900,-0.887,-0.184,0.402,-12.537642926159906,-5.070986616836725,-18.985230306740807,2.0
2016-08-02 15:21:21.910,-0.879,-0.168,0.41,-13.782588087356785,-0.3417848095796978,-12.983993146813964,2.0
2016-08-02 15:21:21.920,-0.875,-0.172,0.41,-14.241069384386583,4.026097493633793,-7.110195055128771,2.0
2016-08-02 15:21:21.930,-0.867,-0.18,0.406,-11.286279745263956,8.502590422285055,-1.943011464374144,2.0
2016-08-02 15:21:21.940,-0.852,-0.188,0.402,-5.882556453202158,13.397396762167304,2.425411183813949,2.0
2016-08-02 15:21:21.950,-0.848,-0.188,0.41,-1.8345660020443821,18.35161507017256,6.448381901931248,2.0
2016-08-02 15:21:21.960,-0.852,-0.188,0.422,-0.040885690417952175,22.754706227679215,10.48523893034226,2.0
2016-08-02 15:21:21.970,-0.852,-0.184,0.43,1.138186573688818,26.643948778451552,14.171404065044857,2.0
2016-08-02 15:21:21.980,-0.844,-0.172,0.426,2.711481336566501,30.570479012247237,17.038653056889274,2.0
2016-08-02 15:21:21.990,-0.852,-0.172,0.395,5.023023961455598,33.99476424989932,19.473583886277996,2.0
2016-08-02 15:21:22.000,-0.871,-0.168,0.363,7.621108223777528,36.16496845705281,21.884537316666766,2.0
2016-08-02 15:21:22.010,-0.883,-0.16,0.34,9.4061830869155,37.72203239888359,24.36666899700738,2.0
2016-08-02 15:21:22.020,-0.895,-0.164,0.328,10.521339816589828,39.3757485884135,27.140283069968632,2.0
2016-08-02 15:21:22.030,-0.906,-0.16,0.309,11.631048749087284,40.876721763248334,30.149549052373814,2.0
2016-08-02 15:21:22.040,-0.922,-0.152,0.289,11.807383915009963,42.09677097838032,33.10710219242851,2.0
2016-08-02 15:21:22.050,-0.938,-0.156,0.281,10.480918165113009,43.48204766131386,36.11889313087384,2.0
2016-08-02 15:21:22.060,-0.941,-0.148,0.289,9.2286802271472,45.284974689622004,39.14321294338406,2.0
2016-08-02 15:21:22.070,-0.938,-0.145,0.297,8.750141713690414,47.461619933736415,41.29569983681178,2.0
2016-08-02 15:21:22.080,-0.949,-0.145,0.305,7.845032164046485,49.535820236681495,42.54328162580737,2.0
2016-08-02 15:21:22.090,-0.957,-0.129,0.305,5.978595354355035,50.99522946907229,44.02769965302093,2.0
2016-08-02 15:21:22.100,-0.965,-0.113,0.301,3.264042804094015,52.46381743850949,45.62322035577624,2.0
2016-08-02 15:21:22.110,-0.965,-0.102,0.297,-0.25793694339088347,54.454416949499524,46.60814829737904,2.0
2016-08-02 15:21:22.120,-0.969,-0.09,0.289,-3.924053733694679,56.47388099041917,47.473528810342515,2.0
2016-08-02 15:21:22.130,-0.961,-0.078,0.281,-7.076894818055562,58.74907456760357,48.71255527676266,2.0
2016-08-02 15:21:22.140,-0.961,-0.074,0.281,-9.891879142142816,61.96284698134829,50.10719044622757,2.0
2016-08-02 15:21:22.150,-0.957,-0.07,0.281,-12.33198961474691,65.86100045025702,51.86023854093044,2.0
2016-08-02 15:21:22.160,-0.941,-0.063,0.285,-13.978618719883974,69.91616728738452,54.3946618570869,2.0
2016-08-02 15:21:22.170,-0.918,-0.051,0.281,-15.753634519562823,73.90731869103521,57.5111650827114,2.0
2016-08-02 15:21:22.180,-0.902,-0.027,0.266,-19.08445786793602,77.63101658993625,61.304997214220684,2.0
2016-08-02 15:21:22.190,-0.891,-0.012,0.242,-23.31422089880752,80.93811145093325,65.92942395079844,2.0
2016-08-02 15:21:22.200,-0.879,0.0,0.223,-26.852344198061747,83.94848009283233,70.71674929037034,2.0
2016-08-02 15:21:22.210,-0.855,0.008,0.203,-29.600116981826268,86.8467526382412,75.46365774258527,2.0
2016-08-02 15:21:22.220,-0.844,0.02,0.188,-31.84970581257279,89.52996801884767,80.53683207617983,2.0
2016-08-02 15:21:22.230,-0.832,0.027,0.18,-33.130578912980354,92.04569449622622,85.96516162527129,2.0
2016-08-02 15:21:22.240,-0.809,0.039,0.184,-33.69221240435485,94.77224707516416,91.55299531164609,2.0
2016-08-02 15:21:22.250,-0.785,0.047,0.188,-34.483155375401886,97.89752292999395,96.90430459658606,2.0
2016-08-02 15:21:22.260,-0.77,0.063,0.168,-35.39731788030357,101.45235280863295,101.82324958348258,2.0
2016-08-02 15:21:22.270,-0.762,0.07,0.145,-35.39037712838757,105.38200172857303,106.27377499148209,2.0
2016-08-02 15:21:22.280,-0.746,0.094,0.098,-33.91008810658557,109.22662524936769,110.14709748827262,2.0
2016-08-02 15:21:22.290,-0.734,0.102,0.059,-32.10955794737879,112.2864707073728,113.78508460836613,2.0
2016-08-02 15:21:22.300,-0.73,0.129,0.02,-31.211825414243876,114.25398988315594,117.78018512479156,2.0
2016-08-02 15:21:22.310,-0.719,0.191,-0.027,-31.483945827387032,114.98346182394052,122.51916900550367,2.0
2016-08-02 15:21:22.320,-0.703,0.215,-0.027,-33.859140140746604,115.083412932933,127.49019841905847,2.0
2016-08-02 15:21:22.330,-0.684,0.234,-0.035,-35.49790466401121,116.42382877106651,132.10231420591924,2.0
2016-08-02 15:21:22.340,-0.664,0.27,-0.059,-32.974599958911995,119.03361078402155,137.0820034950986,2.0
2016-08-02 15:21:22.350,-0.656,0.223,-0.027,-29.641103420933113,121.89612424884797,141.55467679347817,2.0
2016-08-02 15:21:22.360,-0.633,0.285,-0.086,-24.932804549841194,124.44213628047079,143.6699914427876,2.0
2016-08-02 15:21:22.370,-0.621,0.332,-0.141,-18.008816449827613,124.58749092496544,145.02443132398207,2.0
2016-08-02 15:21:22.380,-0.617,0.332,-0.168,-15.363477940094599,123.1905873053035,146.5455151968153,2.0
2016-08-02 15:21:22.390,-0.598,0.457,-0.242,-15.839909246011445,120.80572342922198,146.99748776861952,2.0
2016-08-02 15:21:22.400,-0.586,0.453,-0.211,-19.05227253185393,116.21781292811258,148.25369993801047,2.0
2016-08-02 15:21:22.410,-0.57,0.402,-0.164,-26.74042459930602,114.84238308378814,151.05042208814834,2.0
2016-08-02 15:21:22.420,-0.539,0.438,-0.184,-27.534811044258763,116.75369873585791,152.9244010110184,2.0
2016-08-02 15:21:22.430,-0.508,0.387,-0.148,-20.01483369848495,118.19657459536887,153.48675962331083,2.0
2016-08-02 15:21:22.440,-0.469,0.434,-0.234,-10.956578217103758,122.30822331239906,152.9147423520912,2.0
2016-08-02 15:21:22.450,-0.445,0.516,-0.305,-1.0579437349315746,125.20877347395496,151.73948324028404,2.0
2016-08-02 15:21:22.460,-0.43,0.516,-0.34,-1.2970335791098468,125.64202858235609,150.72251156928087,2.0
2016-08-02 15:21:22.470,-0.441,0.633,-0.449,-10.793505482737167,126.42189967876281,149.9345518601754,2.0
2016-08-02 15:21:22.480,-0.453,0.602,-0.402,-16.89533532591063,123.49772958352861,151.28345233787107,2.0
2016-08-02 15:21:22.490,-0.402,0.531,-0.328,-19.976641537567094,124.36118984634753,153.08902355863017,2.0
2016-08-02 15:21:22.500,-0.332,0.598,-0.313,-13.527797436200252,131.38431634922063,151.59759534264597,2.0
2016-08-02 15:21:22.510,-0.305,0.531,-0.281,1.1345624364018714,134.74794003104918,149.69835854548558,2.0
2016-08-02 15:21:22.520,-0.309,0.527,-0.359,11.376985416036055,137.40712792943856,149.58843180842706,2.0
2016-08-02 15:21:22.530,-0.289,0.691,-0.453,18.800685051509564,138.24815936174716,149.188118577644,2.0
2016-08-02 15:21:22.540,-0.25,0.68,-0.43,16.707454524550513,136.29611575495423,149.09111514696644,2.0
2016-08-02 15:21:22.550,-0.238,0.703,-0.492,5.690130353123351,137.5512289814488,150.82617375810077,2.0
2016-08-02 15:21:22.560,-0.258,0.738,-0.484,3.0634434525685887,134.871508986474,154.6639384590877,2.0
2016-08-02 15:21:22.570,-0.215,0.66,-0.41,4.594876563197948,131.87157228262674,158.78937736382528,2.0
2016-08-02 15:21:22.580,-0.137,0.758,-0.477,10.314054090662395,135.1207127397307,160.13098683949846,2.0
2016-08-02 15:21:22.590,-0.074,0.77,-0.469,24.92400390419496,133.5345645113846,160.21758798309523,2.0
2016-08-02 15:21:22.600,-0.016,0.711,-0.457,32.46996945358316,132.51276570705755,160.41636449336545,2.0
2016-08-02 15:21:22.610,0.02,0.793,-0.504,34.16150668380405,136.47639038995234,159.8531948442224,2.0
2016-08-02 15:21:22.620,0.051,0.773,-0.465,34.38707478483652,136.2281433325509,161.28121132895075,2.0
2016-08-02 15:21:22.630,0.07,0.793,-0.547,25.123001544742703,136.71643179333512,164.61307458497683,2.0
2016-08-02 15:21:22.640,0.055,0.844,-0.641,16.47252264289246,135.28146093100003,167.3647984344321,2.0
2016-08-02 15:21:22.650,0.098,0.785,-0.605,12.135079782156978,130.84684246859103,169.45755990199905,2.0
2016-08-02 15:21:22.660,0.188,0.84,-0.637,12.884527751234494,133.7925027600672,168.36815083078716,2.0
2016-08-02 15:21:22.670,0.258,0.848,-0.605,29.011958421642657,135.38053883129243,164.79717712959388,2.0
2016-08-02 15:21:22.680,0.316,0.762,-0.555,44.774389543584604,134.24433197509188,162.1327140347508,2.0
2016-08-02 15:21:22.690,0.363,0.852,-0.578,46.786467214318634,137.51983806868512,159.2717720003394,2.0
2016-08-02 15:21:22.700,0.402,0.887,-0.566,43.16844474016189,137.1181699730209,158.11702658825595,2.0
2016-08-02 15:21:22.710,0.402,0.848,-0.629,36.847775984903826,135.10950162151147,160.166937197074,2.0
2016-08-02 15:21:22.720,0.355,0.844,-0.777,36.99244342322462,132.56942436365637,161.7242519890276,2.0
2016-08-02 15:21:22.730,0.355,0.773,-0.762,42.409690303065304,126.29010880154932,161.92935301718452,2.0
2016-08-02 15:21:22.740,0.438,0.82,-0.766,39.39192352099032,127.014231087501,159.89242829222425,2.0
2016-08-02 15:21:22.750,0.52,0.898,-0.734,39.06108871352963,131.08486186588271,155.32953874801854,2.0
2016-08-02 15:21:22.760,0.578,0.832,-0.668,47.821514696644854,131.2400092833135,151.10810585766757,2.0
2016-08-02 15:21:22.770,0.594,0.863,-0.672,55.38769209716711,133.12614790784778,146.96264769257834,2.0
2016-08-02 15:21:22.780,0.605,0.883,-0.633,59.76818174994952,131.73828267858556,143.6231141083676,2.0
2016-08-02 15:21:22.790,0.621,0.867,-0.648,54.65237941707467,127.59639926970883,143.26825425041181,2.0
2016-08-02 15:21:22.800,0.605,0.879,-0.707,44.29363136501369,126.37266792662126,144.53175106221175,2.0
2016-08-02 15:21:22.810,0.602,0.828,-0.711,42.24970805341854,123.91962843145103,146.00960736644134,2.0
2016-08-02 15:21:22.820,0.629,0.773,-0.715,41.5030030307436,124.75464252464971,146.68907175166484,2.0
2016-08-02 15:21:22.830,0.668,0.801,-0.727,38.77229020647692,130.30490836918872,146.614703819525,2.0
2016-08-02 15:21:22.840,0.703,0.816,-0.68,37.58926657761062,133.5384335689911,148.26329376368665,2.0
2016-08-02 15:21:22.850,0.742,0.809,-0.633,30.504248120917296,137.26682555561067,151.8665203889144,2.0
2016-08-02 15:21:22.860,0.789,0.832,-0.605,19.859182251853102,142.42056945730798,155.36874395986132,2.0
2016-08-02 15:21:22.870,0.816,0.836,-0.57,13.145087823638123,144.7616167590678,159.1378439398237,2.0
2016-08-02 15:21:22.880,0.848,0.824,-0.563,6.49784764416988,145.67120036589208,162.93378664078728,2.0
2016-08-02 15:21:22.890,0.883,0.793,-0.586,-0.5226524847825756,146.12443856553287,163.65840941138248,2.0
2016-08-02 15:21:22.900,0.926,0.742,-0.586,-4.086075344038557,145.2639795015848,160.5782222197968,2.0
2016-08-02 15:21:22.910,0.98,0.719,-0.602,-8.29473514840782,143.78754071745752,154.2458655514623,2.0
2016-08-02 15:21:22.920,1.008,0.695,-0.613,-15.95963366419473,140.17412629129026,145.22276982773877,2.0
2016-08-02 15:21:22.930,1.016,0.664,-0.602,-22.499612672631837,132.56511495066573,136.02695360073983,2.0
2016-08-02 15:21:22.940,1.027,0.629,-0.566,-26.953360206508002,122.53786599511938,126.98721134705326,2.0
2016-08-02 15:21:22.950,1.023,0.574,-0.527,-30.747159710754563,111.77924278330781,117.8433443825401,2.0
2016-08-02 15:21:22.960,1.027,0.523,-0.473,-31.140581556113368,100.69549880052433,110.23014946683121,2.0
2016-08-02 15:21:22.970,1.031,0.508,-0.434,-28.33952016659537,90.24498445501092,103.04039246150661,2.0
2016-08-02 15:21:22.980,1.027,0.484,-0.418,-25.335777618188217,81.55197683164045,95.6922941184778,2.0
2016-08-02 15:21:22.990,1.027,0.469,-0.418,-21.412965365569118,75.01808993950337,89.53808911133308,2.0
2016-08-02 15:21:23.000,1.012,0.492,-0.438,-17.048194030131963,70.20134993698333,83.49046699632902,2.0
2016-08-02 15:21:23.010,0.996,0.551,-0.469,-15.36211900814262,66.01031489112562,77.79733473111963,2.0
2016-08-02 15:21:23.020,0.961,0.609,-0.488,-16.511777524339337,61.652119468763445,73.92150326711217,2.0
2016-08-02 15:21:23.030,0.938,0.633,-0.484,-18.19451836953953,57.15718574032782,70.41283841695648,2.0
2016-08-02 15:21:23.040,0.934,0.637,-0.473,-18.63034614781071,52.70671223555284,66.04847106066214,2.0
2016-08-02 15:21:23.050,0.938,0.633,-0.457,-17.48901822675547,48.14199140884763,61.21516034999681,2.0
2016-08-02 15:21:23.060,0.938,0.625,-0.449,-15.771877543994925,43.39231645334881,56.12845465215776,2.0
2016-08-02 15:21:23.070,0.941,0.605,-0.43,-14.071384783405094,38.81556261942747,51.02917749061361,2.0
2016-08-02 15:21:23.080,0.949,0.578,-0.414,-11.76977688666762,34.35599701963985,46.010509817721264,2.0
2016-08-02 15:21:23.090,0.953,0.559,-0.398,-9.075414275985521,29.741405425153005,40.75399871580076,2.0
2016-08-02 15:21:23.100,0.953,0.563,-0.402,-6.926320134013094,25.336017824678265,35.121171973454594,2.0
2016-08-02 15:21:23.110,0.957,0.59,-0.402,-4.157127330436808,20.96524579703016,28.814917165859562,2.0
2016-08-02 15:21:23.120,0.957,0.641,-0.418,2.3170434747566677,16.20493667296834,20.978246231087518,2.0
2016-08-02 15:21:23.130,0.934,0.711,-0.453,13.359359150439936,11.922673478041565,12.183382225230602,2.0
2016-08-02 15:21:23.140,0.895,0.793,-0.48,24.934386081083083,9.068486783479909,5.1663705066473025,2.0
2016-08-02 15:21:23.150,0.883,0.836,-0.477,34.072075649226164,6.9771225084253485,0.6839065536880576,2.0
2016-08-02 15:21:23.160,0.898,0.809,-0.441,41.189917064429075,5.026242713498954,-3.8850103584741076,2.0
2016-08-02 15:21:23.170,0.922,0.738,-0.402,43.02264840852797,3.792642419078386,-9.515388474201593,2.0
2016-08-02 15:21:23.180,0.922,0.668,-0.391,37.77567945550701,2.1535056753702766,-14.210672471957587,2.0
2016-08-02 15:21:23.190,0.93,0.594,-0.414,31.649645137496012,-1.890301764907236,-17.776438928324772,2.0
2016-08-02 15:21:23.200,0.953,0.516,-0.449,29.638982479498907,-7.545931570272897,-22.359213108817553,2.0
2016-08-02 15:21:23.210,0.977,0.477,-0.473,31.246050631168192,-12.95797414246381,-28.267242677187248,2.0
2016-08-02 15:21:23.220,0.969,0.465,-0.484,35.47810083177526,-18.32481467547532,-33.83580238085287,2.0
2016-08-02 15:21:23.230,0.945,0.453,-0.477,40.779844997150306,-24.924831090537147,-38.05890431544374,2.0
2016-08-02 15:21:23.240,0.938,0.449,-0.453,42.81991653348899,-31.960873569259114,-41.40209974116917,2.0
2016-08-02 15:21:23.250,0.934,0.457,-0.449,40.22876163246175,-37.58645720013792,-44.74658288133372,2.0
2016-08-02 15:21:23.260,0.922,0.473,-0.469,38.939392495162565,-42.831261947888464,-47.93912743094683,2.0
2016-08-02 15:21:23.270,0.91,0.477,-0.48,41.09548438520656,-49.02499184206219,-50.989648870968885,2.0
2016-08-02 15:21:23.280,0.91,0.477,-0.492,39.71437796931175,-54.41039736361688,-54.355341708754366,2.0
2016-08-02 15:21:23.290,0.914,0.492,-0.516,33.18055218295633,-58.19670867247017,-57.12774998555189,2.0
2016-08-02 15:21:23.300,0.914,0.523,-0.539,28.573219216465933,-61.90081685411707,-59.04772778158126,2.0
2016-08-02 15:21:23.310,0.906,0.543,-0.559,28.91386870268184,-66.04228527622217,-61.374804517335235,2.0
2016-08-02 15:21:23.320,0.906,0.531,-0.563,31.28986122945976,-70.48841133321328,-64.16117071861213,2.0
2016-08-02 15:21:23.330,0.91,0.527,-0.563,32.35840844514535,-75.53913727708441,-67.14006903454799,2.0
2016-08-02 15:21:23.340,0.918,0.559,-0.566,30.49153215441201,-81.13060664587408,-70.42647361297236,2.0
2016-08-02 15:21:23.350,0.918,0.57,-0.57,27.084288130161603,-86.8707024535774,-73.21835999954763,2.0
2016-08-02 15:21:23.360,0.918,0.578,-0.582,24.78828975394188,-92.76675292497175,-75.77883145782765,2.0
2016-08-02 15:21:23.370,0.914,0.582,-0.582,24.334517988295076,-98.99612905485544,-79.3716219264769,2.0
2016-08-02 15:21:23.380,0.914,0.57,-0.57,24.423111423276655,-105.21359970788941,-83.68684943311119,2.0
2016-08-02 15:21:23.390,0.934,0.582,-0.57,23.05756306140935,-111.12261102886045,-88.07069683296393,2.0
2016-08-02 15:21:23.400,0.934,0.594,-0.598,19.331343342932545,-116.8031394509583,-92.28759917938879,2.0
2016-08-02 15:21:23.410,0.922,0.609,-0.629,15.586698691534654,-122.12367748922534,-95.89752100681207,2.0
2016-08-02 15:21:23.420,0.918,0.633,-0.66,14.3686643334462,-127.30825294629813,-99.22371296777396,2.0
2016-08-02 15:21:23.430,0.91,0.656,-0.691,13.772214793382599,-132.62733823277205,-102.53421479534833,2.0
2016-08-02 15:21:23.440,0.914,0.68,-0.723,12.023134735876484,-137.62973836393908,-105.56305626204936,2.0
2016-08-02 15:21:23.450,0.906,0.695,-0.746,10.55623476043546,-142.26110388875935,-108.49828587569715,2.0
2016-08-02 15:21:23.460,0.902,0.711,-0.754,9.135405358982759,-146.71485946184444,-111.06129860049207,2.0
2016-08-02 15:21:23.470,0.895,0.723,-0.758,5.960970818338684,-150.9041015960775,-112.88575555162078,2.0
2016-08-02 15:21:23.480,0.883,0.738,-0.754,1.4320108204577338,-154.57755642238266,-114.47851423300446,2.0
2016-08-02 15:21:23.490,0.867,0.75,-0.75,-2.2899677745074696,-157.04167208628385,-116.28712730892832,2.0
2016-08-02 15:21:23.500,0.844,0.75,-0.754,-4.268379275125281,-158.79213380048407,-118.69058944214449,2.0
2016-08-02 15:21:23.510,0.816,0.758,-0.781,-5.12291235062278,-161.57645223141088,-121.39785728925435,2.0
2016-08-02 15:21:23.520,0.789,0.77,-0.805,-6.034910460075719,-165.28125283808566,-123.33705224587274,2.0
2016-08-02 15:21:23.530,0.762,0.785,-0.816,-9.028280287513203,-167.83626494754094,-124.81532115466393,2.0
2016-08-02 15:21:23.540,0.73,0.797,-0.832,-12.618147841064513,-168.71040067880176,-126.61119906907817,2.0
2016-08-02 15:21:23.550,0.695,0.801,-0.84,-12.186563605217977,-169.65293889170036,-128.5257875781934,2.0
2016-08-02 15:21:23.560,0.672,0.809,-0.832,-9.488752944894415,-171.35399073263073,-130.8030016197098,2.0
2016-08-02 15:21:23.570,0.648,0.813,-0.82,-9.06458681915018,-173.04826888431307,-133.3164236872057,2.0
2016-08-02 15:21:23.580,0.621,0.809,-0.816,-10.182661957137793,-174.80510196751862,-135.09953913015488,2.0
2016-08-02 15:21:23.590,0.594,0.797,-0.828,-12.761868567890605,-176.50313830004953,-136.2995825605711,2.0
2016-08-02 15:21:23.600,0.559,0.813,-0.84,-17.311546101547567,-177.55404157658097,-137.25487179148337,2.0
2016-08-02 15:21:23.610,0.52,0.809,-0.836,-20.756657606341406,-178.3216265674284,-137.95945259749755,2.0
2016-08-02 15:21:23.620,0.492,0.805,-0.844,-21.57212456410811,-179.02173923798907,-139.35503883607356,2.0
2016-08-02 15:21:23.630,0.457,0.797,-0.859,-20.035527757604303,-179.83477275127237,-141.44262792456755,2.0
2016-08-02 15:21:23.640,0.418,0.777,-0.852,-17.896800835111208,-181.33144035825384,-143.16459513855867,2.0
2016-08-02 15:21:23.650,0.395,0.781,-0.852,-18.859859472460354,-182.58930245444654,-144.58177234279032,2.0
2016-08-02 15:21:23.660,0.371,0.766,-0.836,-21.02681664145842,-182.37602947196805,-145.7156277614057,2.0
2016-08-02 15:21:23.670,0.34,0.75,-0.809,-19.599236933221462,-181.74830686874276,-146.61408298525845,2.0
2016-08-02 15:21:23.680,0.305,0.738,-0.813,-16.655316237093864,-182.1314922205288,-147.69629462432937,2.0
2016-08-02 15:21:23.690,0.262,0.727,-0.801,-16.714925169485376,-183.09437968737342,-148.07656666348586,2.0
2016-08-02 15:21:23.700,0.215,0.723,-0.773,-19.96167441261049,-183.56545413790218,-147.77938923814855,2.0
2016-08-02 15:21:23.710,0.188,0.711,-0.75,-22.390139436064555,-182.9893219862459,-148.21052306528625,2.0
2016-08-02 15:21:23.720,0.141,0.676,-0.742,-19.40433742692708,-182.05791153767422,-148.73853119152565,2.0
2016-08-02 15:21:23.730,0.086,0.641,-0.723,-13.854101887670126,-181.71824412176454,-148.68467828955232,2.0
2016-08-02 15:21:23.740,0.051,0.641,-0.699,-13.120999387928617,-181.16147877073868,-148.58191175669907,2.0
2016-08-02 15:21:23.750,0.02,0.641,-0.664,-17.21753176106167,-179.4845365795242,-147.80054618807893,2.0
2016-08-02 15:21:23.760,-0.023,0.625,-0.648,-19.71214750163419,-177.19707571356207,-146.58944209318415,2.0
2016-08-02 15:21:23.770,-0.078,0.59,-0.637,-16.726209614166912,-175.40741135046497,-145.84378608995792,2.0
2016-08-02 15:21:23.780,-0.121,0.547,-0.598,-11.816402417746984,-174.2916226063674,-144.82756650999028,2.0
2016-08-02 15:21:23.790,-0.148,0.543,-0.582,-9.1572658913325,-172.92269932978292,-143.43170488179373,2.0
2016-08-02 15:21:23.800,-0.191,0.523,-0.555,-7.50544638122067,-171.63671428167711,-141.10345797494185,2.0
2016-08-02 15:21:23.810,-0.234,0.48,-0.492,-7.8773004609941,-170.19583655962217,-137.40689192199247,2.0
2016-08-02 15:21:23.820,-0.254,0.469,-0.465,-10.306186570930695,-167.26587757772276,-134.3112803399786,2.0
2016-08-02 15:21:23.830,-0.297,0.457,-0.441,-10.113310441118252,-164.195102538292,-130.9682544991931,2.0
2016-08-02 15:21:23.840,-0.336,0.406,-0.398,-9.079088398724224,-161.68310792692975,-126.45134525716281,2.0
2016-08-02 15:21:23.850,-0.367,0.41,-0.41,-10.114187735106825,-158.81972279344973,-123.01573923051771,2.0
2016-08-02 15:21:23.860,-0.395,0.41,-0.391,-10.977034256977435,-156.12833761287354,-119.67206314213874,2.0
2016-08-02 15:21:23.870,-0.426,0.379,-0.387,-9.573757034298398,-153.62409529039877,-115.86285794298809,2.0
2016-08-02 15:21:23.880,-0.457,0.355,-0.367,-4.673317690572971,-151.92769841173353,-112.85507770161706,2.0
2016-08-02 15:21:23.890,-0.461,0.352,-0.313,-0.21424856035374096,-150.44924639670967,-109.96338674258618,2.0
2016-08-02 15:21:23.900,-0.477,0.344,-0.32,3.4172625884598866,-147.69599581235525,-107.53123092300675,2.0
2016-08-02 15:21:23.910,-0.512,0.316,-0.316,10.221748462067415,-146.58047926196593,-104.41451222670624,2.0
2016-08-02 15:21:23.920,-0.535,0.301,-0.309,12.205875486334138,-146.45332519229368,-100.29092955379947,2.0
2016-08-02 15:21:23.930,-0.539,0.336,-0.34,6.8338439325362845,-143.3362721061683,-98.08773831472416,2.0
2016-08-02 15:21:23.940,-0.57,0.344,-0.355,4.593979681831209,-139.67966732803706,-96.81992008131616,2.0
2016-08-02 15:21:23.950,-0.586,0.328,-0.359,6.205811152869442,-137.25671008389128,-95.66986420776723,2.0
2016-08-02 15:21:23.960,-0.594,0.309,-0.328,7.352279343738611,-134.60469255611116,-96.00316278552413,2.0
2016-08-02 15:21:23.970,-0.609,0.293,-0.293,6.788782803151701,-132.43822836243203,-95.61074315036672,2.0
2016-08-02 15:21:23.980,-0.637,0.254,-0.203,4.189110405355816,-130.27037689494023,-93.53061178155276,2.0
2016-08-02 15:21:23.990,-0.66,0.199,-0.113,4.193842714373581,-126.82988718589928,-91.82802733203212,2.0
2016-08-02 15:21:24.000,-0.68,0.16,-0.063,7.318372294310306,-123.03711023476835,-90.51189319805064,2.0
2016-08-02 15:21:24.010,-0.715,0.148,-0.051,8.263286183515666,-119.93898243173282,-88.42537839235811,2.0
2016-08-02 15:21:24.020,-0.746,0.164,-0.07,7.6290287608793,-118.07667871908492,-86.14411641824861,2.0
2016-08-02 15:21:24.030,-0.77,0.215,-0.125,6.09073673476327,-117.42057126776663,-84.46475018759025,2.0
2016-08-02 15:21:24.040,-0.789,0.242,-0.148,0.5341774716493524,-116.86725931922919,-82.73489636225052,2.0
2016-08-02 15:21:24.050,-0.785,0.262,-0.137,-6.37760330801607,-115.47520029835708,-80.9234460377885,2.0
2016-08-02 15:21:24.060,-0.781,0.242,-0.098,-10.099865795198657,-113.24593817558606,-79.64978232897658,2.0
2016-08-02 15:21:24.070,-0.781,0.195,-0.043,-11.203773016122767,-110.23385174436217,-78.77414108304477,2.0
2016-08-02 15:21:24.080,-0.789,0.16,0.004,-10.313658372664609,-106.60596919472641,-77.79069336393542,2.0
2016-08-02 15:21:24.090,-0.797,0.125,0.07,-9.11667353098076,-102.84125355160899,-75.911955721073,2.0
2016-08-02 15:21:24.100,-0.797,0.121,0.105,-10.590671953716056,-98.80532412822576,-73.44340050356192,2.0
2016-08-02 15:21:24.110,-0.809,0.129,0.121,-12.85624932904131,-95.3243598012058,-71.3336124676192,2.0
2016-08-02 15:21:24.120,-0.828,0.102,0.137,-14.033297208941313,-93.39780471374225,-69.82107222272528,2.0
2016-08-02 15:21:24.130,-0.848,0.09,0.133,-14.084844711360107,-91.43944067421971,-69.20003244065626,2.0
2016-08-02 15:21:24.140,-0.859,0.066,0.16,-11.09095021898842,-88.45992566264565,-68.75933288419462,2.0
2016-08-02 15:21:24.150,-0.855,0.039,0.195,-6.629490340073158,-84.83327253027925,-67.74145421985212,2.0
2016-08-02 15:21:24.160,-0.855,0.023,0.207,-4.329298108696587,-80.29580478641543,-66.26699234329999,2.0
2016-08-02 15:21:24.170,-0.863,0.039,0.234,-3.3960634277636808,-76.02338566500353,-63.770753063149904,2.0
2016-08-02 15:21:24.180,-0.867,0.027,0.254,-1.696045605213141,-73.02234549124776,-61.155467784634425,2.0
2016-08-02 15:21:24.190,-0.871,0.004,0.254,1.5962965310731188,-70.05985355383216,-59.455180171245445,2.0
2016-08-02 15:21:24.200,-0.879,-0.016,0.27,5.464276360440101,-67.23875667677282,-57.11724991265614,2.0
2016-08-02 15:21:24.210,-0.898,-0.027,0.273,6.264290274556449,-65.54438152946031,-54.29514529843992,2.0
2016-08-02 15:21:24.220,-0.914,-0.031,0.273,2.8209765731148018,-64.00359623045637,-51.87298065525271,2.0
2016-08-02 15:21:24.230,-0.926,-0.039,0.285,-1.2876350819097704,-62.20900342675395,-48.78860172244421,2.0
2016-08-02 15:21:24.240,-0.93,-0.066,0.32,-2.825083654125125,-60.5143738307773,-45.794291333484644,2.0
2016-08-02 15:21:24.250,-0.922,-0.098,0.352,-0.8749862969692247,-57.80086649498935,-43.66581516196772,2.0
2016-08-02 15:21:24.260,-0.922,-0.133,0.375,2.528894469194624,-54.16645708572433,-41.193540580809426,2.0
2016-08-02 15:21:24.270,-0.938,-0.148,0.367,2.864268468202525,-50.945886637212105,-38.28119549987808,2.0
2016-08-02 15:21:24.280,-0.953,-0.148,0.352,-0.7643058228315828,-47.57618712948063,-35.09724063107711,2.0
2016-08-02 15:21:24.290,-0.957,-0.152,0.352,-4.048824896362553,-43.57920019263037,-31.589713232289355,2.0
2016-08-02 15:21:24.300,-0.945,-0.16,0.332,-3.8453765003178804,-39.19839977896676,-28.655054172510308,2.0
2016-08-02 15:21:24.310,-0.93,-0.176,0.328,-2.025182408615942,-33.97507551896018,-26.255922137455343,2.0
2016-08-02 15:21:24.320,-0.918,-0.188,0.348,-1.6954857468009719,-28.526285491300257,-23.4374499408681,2.0
2016-08-02 15:21:24.330,-0.898,-0.191,0.371,-2.988164009430945,-23.294368400586276,-20.17344062657535,2.0
2016-08-02 15:21:24.340,-0.898,-0.215,0.402,-5.251270580561268,-17.45506453402633,-16.76512298521049,2.0
2016-08-02 15:21:24.350,-0.902,-0.23,0.418,-8.045664120985766,-11.356915365170913,-13.339110400827833,2.0
2016-08-02 15:21:24.360,-0.891,-0.23,0.422,-9.448508571924526,-5.209100276298487,-10.204640788500814,2.0
2016-08-02 15:21:24.370,-0.879,-0.234,0.414,-8.6553940207817,1.429530459980304,-7.377532368807853,2.0
2016-08-02 15:21:24.380,-0.871,-0.23,0.402,-7.694810415626202,7.7347594961964035,-4.253332157350935,2.0
2016-08-02 15:21:24.390,-0.871,-0.211,0.383,-8.448435639881271,13.03638500913832,-0.3913386626483708,2.0
2016-08-02 15:21:24.400,-0.871,-0.195,0.375,-10.061933276188764,17.694007987294547,3.8523813610385864,2.0
2016-08-02 15:21:24.410,-0.871,-0.191,0.367,-10.303196770661884,22.094510867083397,7.9815175518593815,2.0
2016-08-02 15:21:24.420,-0.867,-0.188,0.363,-9.103953188139416,26.41637766424362,11.978360046513835,2.0
2016-08-02 15:21:24.430,-0.855,-0.176,0.367,-8.394826392034936,30.771274021752895,16.0375640924985,2.0
2016-08-02 15:21:24.440,-0.852,-0.168,0.375,-8.646730314365282,35.062462775281276,20.025910644190933,2.0
2016-08-02 15:21:24.450,-0.855,-0.172,0.375,-8.457504277822007,39.0321910631449,23.900268338167457,2.0
2016-08-02 15:21:24.460,-0.863,-0.164,0.383,-7.540233243994254,42.85517352776256,27.8894138602688,2.0
2016-08-02 15:21:24.470,-0.863,-0.148,0.379,-7.540354313962537,46.64099258843224,31.41940711588704,2.0
2016-08-02 15:21:24.480,-0.867,-0.129,0.352,-8.849954305615409,49.97563020932154,34.12218261350542,2.0
2016-08-02 15:21:24.490,-0.887,-0.125,0.316,-9.941536247175554,52.74975618902423,36.6456153914755,2.0
2016-08-02 15:21:24.500,-0.91,-0.113,0.297,-10.408834905690128,55.36145612025396,38.988147082059946,2.0
2016-08-02 15:21:24.510,-0.922,-0.098,0.285,-10.320942448302096,58.156017755363905,40.96805897906832,2.0
2016-08-02 15:21:24.520,-0.93,-0.105,0.293,-8.898124740448448,60.92435042937072,42.95674013392977,2.0
2016-08-02 15:21:24.530,-0.93,-0.113,0.301,-6.799862492430947,63.33623307474224,44.78949162971628,2.0
2016-08-02 15:21:24.540,-0.934,-0.113,0.316,-5.747673826257518,65.69360361140563,46.541070259191315,2.0
2016-08-02 15:21:24.550,-0.938,-0.117,0.32,-6.032125683936025,68.15298693270395,48.77689047412165,2.0
2016-08-02 15:21:24.560,-0.938,-0.113,0.305,-6.875735943002297,70.04078416102422,50.934964932706535,2.0
2016-08-02 15:21:24.570,-0.941,-0.102,0.27,-7.6899243959621,70.93416839821589,52.665437905089064,2.0
2016-08-02 15:21:24.580,-0.941,-0.082,0.223,-8.656376260442876,71.36664586749205,54.786917115127544,2.0
2016-08-02 15:21:24.590,-0.93,-0.059,0.188,-10.393329916624793,72.26186374327722,57.39530375637882,2.0
2016-08-02 15:21:24.600,-0.918,-0.035,0.164,-12.664462610076171,74.33364863841788,60.533464403835026,2.0
2016-08-02 15:21:24.610,-0.898,-0.016,0.164,-14.572044113287909,77.5276318060017,64.39831547221621,2.0
2016-08-02 15:21:24.620,-0.871,-0.016,0.18,-15.19423937938299,81.42148210117428,68.13048054476336,2.0
2016-08-02 15:21:24.630,-0.852,-0.02,0.188,-13.896482092936076,86.1130935243215,71.45547052610064,2.0
2016-08-02 15:21:24.640,-0.828,-0.02,0.191,-11.807989607585622,91.50554245660982,74.84375753940152,2.0
2016-08-02 15:21:24.650,-0.809,-0.004,0.184,-10.715561860713965,96.89353004500416,78.03897672314504,2.0
2016-08-02 15:21:24.660,-0.805,0.004,0.156,-10.59985851359909,101.76163497580593,80.991598372439,2.0
2016-08-02 15:21:24.670,-0.793,0.023,0.113,-10.865007647991499,105.95893576199464,84.16840160007263,2.0
2016-08-02 15:21:24.680,-0.789,0.047,0.078,-12.091398077001262,109.50182979541947,87.49217000566851,2.0
2016-08-02 15:21:24.690,-0.777,0.066,0.063,-14.639685624783201,112.84368771927171,90.9188886496038,2.0
2016-08-02 15:21:24.700,-0.77,0.09,0.066,-16.753625796797145,116.75922174260933,94.98218774873645,2.0
2016-08-02 15:21:24.710,-0.75,0.09,0.074,-17.30154707136522,121.2389046654003,99.43995436432895,2.0
2016-08-02 15:21:24.720,-0.73,0.09,0.059,-17.44283379214028,125.71056715651866,103.61546375173987,2.0
2016-08-02 15:21:24.730,-0.719,0.117,0.031,-17.13612829510672,129.78415319670242,108.0031816164809,2.0
2016-08-02 15:21:24.740,-0.711,0.129,0.0,-16.288234638634197,133.13390751169044,112.41345017515222,2.0
2016-08-02 15:21:24.750,-0.703,0.145,-0.047,-15.816386857374916,135.93739015116665,116.10317155685289,2.0
2016-08-02 15:21:24.760,-0.688,0.184,-0.074,-15.793196556418614,137.99230445938457,120.17561012722442,2.0
2016-08-02 15:21:24.770,-0.664,0.223,-0.09,-17.184990485136673,139.1907294183538,124.50545656103506,2.0
2016-08-02 15:21:24.780,-0.637,0.27,-0.145,-19.205157953914096,140.57140305382373,127.93718024308858,2.0
2016-08-02 15:21:24.790,-0.629,0.289,-0.176,-19.683651387305144,141.63295576012115,131.73212975330296,2.0
2016-08-02 15:21:24.800,-0.609,0.258,-0.168,-19.246548221602893,142.5273675207825,135.3601297340221,2.0
2016-08-02 15:21:24.810,-0.559,0.301,-0.207,-16.590605771463977,145.04328609912375,137.01712508763566,2.0
2016-08-02 15:21:24.820,-0.531,0.309,-0.188,-13.183993526018266,147.50155244023972,138.94991181771573,2.0
2016-08-02 15:21:24.830,-0.496,0.305,-0.18,-14.986378310396091,149.4488212222348,141.75628796822568,2.0
2016-08-02 15:21:24.840,-0.473,0.383,-0.281,-18.34239545299084,151.17998624340518,143.6887902274931,2.0
2016-08-02 15:21:24.850,-0.5,0.355,-0.281,-20.374874583269733,149.73873416449146,147.32469222985134,2.0
2016-08-02 15:21:24.860,-0.477,0.375,-0.309,-25.181772871004632,148.32700348658602,152.149998139766,2.0
2016-08-02 15:21:24.870,-0.43,0.492,-0.398,-26.55718175919275,148.45377427839793,154.03096395671454,2.0
2016-08-02 15:21:24.880,-0.43,0.465,-0.367,-21.126853481336205,146.0158427227405,155.6880388553814,2.0
2016-08-02 15:21:24.890,-0.359,0.488,-0.359,-15.06190343653148,145.5846442170271,158.56131969878987,2.0
2016-08-02 15:21:24.900,-0.324,0.52,-0.363,-9.770979364959537,148.22431488708742,160.25496514745578,2.0
2016-08-02 15:21:24.910,-0.328,0.496,-0.348,-9.582196918398255,149.01099412641273,163.74238643579116,2.0
2016-08-02 15:21:24.920,-0.328,0.613,-0.43,-14.886093296578071,148.36672965777,169.59845161534236,2.0
2016-08-02 15:21:24.930,-0.32,0.641,-0.438,-18.446222425570316,145.34732524130746,173.67399120530314,2.0
2016-08-02 15:21:24.940,-0.289,0.648,-0.512,-18.973170522518792,142.52883071848072,174.86245798273671,2.0
2016-08-02 15:21:24.950,-0.266,0.711,-0.578,-13.957574756946558,141.29217654610756,174.5958771729095,2.0
2016-08-02 15:21:24.960,-0.219,0.656,-0.535,-8.510204989972182,139.98670937240615,174.3391906856007,2.0
2016-08-02 15:21:24.970,-0.145,0.707,-0.551,-10.463240763339025,143.5118647530973,173.06984051550882,2.0
2016-08-02 15:21:24.980,-0.074,0.77,-0.523,-12.464639573569967,147.9858691261564,170.77289356555065,2.0
2016-08-02 15:21:24.990,0.0,0.719,-0.465,-15.986836008092878,151.04111747190794,169.63843986691785,2.0
2016-08-02 15:21:25.000,0.035,0.773,-0.543,-22.81988093654651,156.46065455446202,168.68072675671078,2.0
2016-08-02 15:21:25.010,0.039,0.773,-0.594,-26.044731136050533,156.54386092226775,168.72278812198962,2.0
2016-08-02 15:21:25.020,0.016,0.684,-0.672,-30.997562663743654,152.99100796463387,171.64517384915882,2.0
2016-08-02 15:21:25.030,0.023,0.73,-0.75,-30.942321714924155,150.29429550858714,173.62094188955493,2.0
2016-08-02 15:21:25.040,0.133,0.77,-0.672,-19.35045853057521,145.68120940360026,172.13808075552075,2.0
2016-08-02 15:21:25.050,0.262,0.785,-0.652,-11.731797319555206,147.06975009155028,168.54406219172657,2.0
2016-08-02 15:21:25.060,0.309,0.828,-0.656,-5.268893991063641,150.08137935556067,165.11655796504374,2.0
2016-08-02 15:21:25.070,0.324,0.754,-0.598,1.9223916412458277,147.6681248576152,164.5232899463987,2.0
2016-08-02 15:21:25.080,0.328,0.781,-0.625,-3.3784602649884494,149.8165964780322,165.69674948967554,2.0
2016-08-02 15:21:25.090,0.328,0.852,-0.695,-7.988909741618361,150.393807267449,167.6207120401212,2.0
2016-08-02 15:21:25.100,0.32,0.762,-0.754,-2.0475693654853475,143.63506389999043,171.26587164478912,2.0
2016-08-02 15:21:25.110,0.305,0.742,-0.848,6.020693146799856,137.5437501718523,173.7930717058092,2.0
2016-08-02 15:21:25.120,0.367,0.805,-0.813,15.270887391959363,129.01391079783605,173.28092985170122,2.0
2016-08-02 15:21:25.130,0.48,0.836,-0.73,15.880561114620171,123.89112396130777,171.7059615008156,2.0
2016-08-02 15:21:25.140,0.559,0.871,-0.664,9.167777374973467,127.57295645273763,170.50658807095766,2.0
2016-08-02 15:21:25.150,0.613,0.809,-0.563,13.16381838981616,128.1477193138464,169.79831069026181,2.0
2016-08-02 15:21:25.160,0.66,0.758,-0.547,21.94840367045111,128.06696667313042,168.0818315964305,2.0
2016-08-02 15:21:25.170,0.656,0.809,-0.59,30.90424232379521,129.02599598312153,166.01091508995427,2.0
2016-08-02 15:21:25.180,0.645,0.785,-0.625,43.898228203676496,122.99599033536431,165.33126558275447,2.0
2016-08-02 15:21:25.190,0.648,0.816,-0.723,49.76860504705995,116.98268512483062,163.16813456383605,2.0
2016-08-02 15:21:25.200,0.668,0.852,-0.75,49.96431715528876,114.00875816045559,159.0348226455033,2.0
2016-08-02 15:21:25.210,0.723,0.836,-0.73,49.379451634150875,112.80789498685789,155.4250560417889,2.0
2016-08-02 15:21:25.220,0.766,0.844,-0.699,45.13870368338918,117.80845954986185,152.03446959705295,2.0
2016-08-02 15:21:25.230,0.781,0.832,-0.652,46.539106976163566,122.7156834384572,149.7078343491965,2.0
2016-08-02 15:21:25.240,0.781,0.809,-0.613,51.85014644468088,123.87860359249498,149.0086639272447,2.0
2016-08-02 15:21:25.250,0.781,0.836,-0.621,52.32792710437973,124.06889004357556,148.3016545422929,2.0
2016-08-02 15:21:25.260,0.793,0.844,-0.637,52.65078898249482,120.83969559265826,146.66303672530253,2.0
2016-08-02 15:21:25.270,0.816,0.852,-0.664,51.83026291111203,117.31768512409678,143.30823041847069,2.0
2016-08-02 15:21:25.280,0.848,0.859,-0.695,47.88518138864078,116.65069714814689,137.73236355327714,2.0
2016-08-02 15:21:25.290,0.887,0.863,-0.699,44.4450320882088,115.82313106421586,130.33443220389398,2.0
2016-08-02 15:21:25.300,0.926,0.844,-0.691,39.6699297935214,115.11805780227158,122.0866134993629,2.0
2016-08-02 15:21:25.310,0.941,0.816,-0.672,35.392701964613444,113.72037260633452,114.45146119053722,2.0
2016-08-02 15:21:25.320,0.941,0.793,-0.633,35.77859394232611,109.46660414399042,108.25911668655426,2.0
2016-08-02 15:21:25.330,0.938,0.77,-0.605,36.698454335110675,104.8526860144461,103.06644528007432,2.0
2016-08-02 15:21:25.340,0.945,0.746,-0.566,36.05433722916254,101.57989446234309,98.19853979123896,2.0
2016-08-02 15:21:25.350,0.949,0.719,-0.551,36.502133684365255,98.58416926772864,92.63212006970308,2.0
2016-08-02 15:21:25.360,0.953,0.695,-0.555,37.423123651464586,95.29712411042908,85.57405778442782,2.0
2016-08-02 15:21:25.370,0.938,0.68,-0.57,37.7151257478524,91.39107470175689,78.25489401580623,2.0
2016-08-02 15:21:25.380,0.926,0.691,-0.582,36.72077955507784,86.57513140767101,71.49452231073586,2.0
2016-08-02 15:21:25.390,0.922,0.695,-0.59,33.210283072863405,80.92062924099777,64.47798320985882,2.0
2016-08-02 15:21:25.400,0.922,0.699,-0.586,29.088847792269803,74.56925922733778,57.12210540818382,2.0
2016-08-02 15:21:25.410,0.934,0.695,-0.594,26.596813636746184,67.69277853725893,49.467375383521784,2.0
2016-08-02 15:21:25.420,0.922,0.672,-0.586,25.289508758814957,60.90416018506698,42.46013966742588,2.0
2016-08-02 15:21:25.430,0.902,0.594,-0.543,24.884647246484242,54.91438279850646,37.926117096952055,2.0
2016-08-02 15:21:25.440,0.922,0.543,-0.5,24.97745134227135,49.73139101774571,34.1647592468451,2.0
2016-08-02 15:21:25.450,0.922,0.531,-0.477,24.607987059626616,45.16797462661286,29.44244590280585,2.0
2016-08-02 15:21:25.460,0.914,0.523,-0.469,23.51645192734452,41.06645717590185,25.694023909238446,2.0
2016-08-02 15:21:25.470,0.906,0.527,-0.477,21.14911424328153,37.16603287377153,22.743458231037998,2.0
2016-08-02 15:21:25.480,0.891,0.551,-0.504,17.20242186638864,33.579138623417904,19.435665514425132,2.0
2016-08-02 15:21:25.490,0.867,0.578,-0.543,12.57092668331797,30.535724962474774,17.18889924559323,2.0
2016-08-02 15:21:25.500,0.844,0.574,-0.566,8.105196327313449,28.44285663395631,16.111761985881607,2.0
2016-08-02 15:21:25.510,0.844,0.563,-0.582,4.845991498778217,27.52686196517698,15.100079066495038,2.0
2016-08-02 15:21:25.520,0.855,0.566,-0.598,3.5804185422472528,26.608192988579308,13.839145700014768,2.0
2016-08-02 15:21:25.530,0.852,0.574,-0.59,2.9960373784423884,24.178115962162455,11.969762882557767,2.0
2016-08-02 15:21:25.540,0.852,0.563,-0.57,1.9167207975037885,20.036425164767678,9.336679048375363,2.0
2016-08-02 15:21:25.550,0.867,0.551,-0.551,1.1505179882266505,14.874978988376574,5.7185963486005,2.0
2016-08-02 15:21:25.560,0.879,0.543,-0.535,1.117900611487603,9.221299304995613,1.0185637204297677,2.0
2016-08-02 15:21:25.570,0.891,0.52,-0.512,1.2850131339751072,3.3750226654822604,-3.822864764261717,2.0
2016-08-02 15:21:25.580,0.906,0.508,-0.496,0.8788029822447224,-2.042770333778976,-8.123707007861809,2.0
2016-08-02 15:21:25.590,0.906,0.512,-0.5,-0.11835422507196516,-6.983286077186623,-12.040097472284788,2.0
2016-08-02 15:21:25.600,0.906,0.523,-0.516,-0.04585495147189805,-12.299030530779682,-15.888563168781936,2.0
2016-08-02 15:21:25.610,0.895,0.547,-0.547,2.237669444806466,-18.29789810684325,-20.198569937750218,2.0
2016-08-02 15:21:25.620,0.875,0.555,-0.59,6.755244250088086,-24.99275458291293,-25.039193766735085,2.0
2016-08-02 15:21:25.630,0.867,0.559,-0.609,12.321159522994282,-32.53637636814861,-30.419504348530708,2.0
2016-08-02 15:21:25.640,0.879,0.578,-0.629,15.062507166816529,-40.15575017153006,-36.595326907887824,2.0
2016-08-02 15:21:25.650,0.871,0.602,-0.629,13.86901676436407,-46.739001915489844,-42.32309476651655,2.0
2016-08-02 15:21:25.660,0.871,0.594,-0.598,13.559761664147366,-52.25371463139329,-46.5973692855418,2.0
2016-08-02 15:21:25.670,0.875,0.574,-0.582,16.807984489994794,-57.271184349350335,-50.391169715314916,2.0
2016-08-02 15:21:25.680,0.871,0.57,-0.566,21.83382816181952,-62.22230250709912,-54.00829363640336,2.0
2016-08-02 15:21:25.690,0.871,0.578,-0.566,25.923867312984136,-67.34857954392493,-57.48894793669989,2.0
2016-08-02 15:21:25.700,0.879,0.586,-0.59,25.962844759429643,-72.40499320388487,-61.45020198080255,2.0
2016-08-02 15:21:25.710,0.871,0.602,-0.613,23.515930797246554,-77.33366513609478,-65.30600639323706,2.0
2016-08-02 15:21:25.720,0.867,0.609,-0.637,24.440361423118937,-82.82527720441024,-69.02925644161277,2.0
2016-08-02 15:21:25.730,0.875,0.605,-0.652,29.427169920658418,-89.0787540288234,-73.54517287996693,2.0
2016-08-02 15:21:25.740,0.887,0.598,-0.672,34.004700802193206,-95.46847478754948,-78.14290770879236,2.0
2016-08-02 15:21:25.750,0.891,0.617,-0.699,34.88540998869131,-101.50207995650547,-81.92541236617667,2.0
2016-08-02 15:21:25.760,0.887,0.629,-0.723,32.57347357496092,-107.13937215036114,-85.21555305788115,2.0
2016-08-02 15:21:25.770,0.879,0.633,-0.742,31.205787991145975,-112.98961535758534,-88.30246014218962,2.0
2016-08-02 15:21:25.780,0.871,0.645,-0.754,33.00583972935732,-119.72783135847975,-91.56537431259584,2.0
2016-08-02 15:21:25.790,0.879,0.656,-0.754,35.077717596123605,-126.96899077193763,-95.22942482301032,2.0
2016-08-02 15:21:25.800,0.887,0.656,-0.77,35.34227591591926,-134.14780001858165,-98.931423268815,2.0
2016-08-02 15:21:25.810,0.883,0.652,-0.777,34.575562047093996,-141.31157318003258,-102.39579829730755,2.0
2016-08-02 15:21:25.820,0.887,0.656,-0.773,33.32637737429726,-148.3680646571221,-105.5233398171458,2.0
2016-08-02 15:21:25.830,0.883,0.656,-0.789,32.265115428647405,-155.1166042890293,-108.39179893613735,2.0
2016-08-02 15:21:25.840,0.871,0.652,-0.813,31.119236766755677,-161.27051325187836,-111.0323115474118,2.0
2016-08-02 15:21:25.850,0.863,0.688,-0.832,28.548254032792528,-166.4507851527554,-113.38266685569738,2.0
2016-08-02 15:21:25.860,0.852,0.719,-0.859,25.84829901431032,-171.11738048164773,-115.45392998739082,2.0
2016-08-02 15:21:25.870,0.832,0.73,-0.887,24.203649377570162,-175.82437805932776,-117.10216562735833,2.0
2016-08-02 15:21:25.880,0.813,0.738,-0.91,22.31776740966236,-180.16085217522493,-118.44938820290119,2.0
2016-08-02 15:21:25.890,0.785,0.734,-0.914,20.526542553852707,-184.10674104760432,-119.82317038089786,2.0
2016-08-02 15:21:25.900,0.754,0.73,-0.922,18.779648846182937,-188.06557574803008,-120.87447722505743,2.0
2016-08-02 15:21:25.910,0.723,0.715,-0.922,14.878456864795671,-191.78779596917914,-121.06347390695376,2.0
2016-08-02 15:21:25.920,0.688,0.707,-0.926,9.36786290969538,-194.82177297648744,-120.92682929881815,2.0
2016-08-02 15:21:25.930,0.66,0.707,-0.914,5.372240308160718,-196.97573976798424,-121.27817815452629,2.0
2016-08-02 15:21:25.940,0.625,0.707,-0.914,3.2841569539676603,-198.39340581461676,-122.00662082458018,2.0
2016-08-02 15:21:25.950,0.578,0.707,-0.934,0.8426465782363259,-199.26425713803883,-122.71880593532023,2.0
2016-08-02 15:21:25.960,0.547,0.703,-0.926,-1.8862542844565615,-199.83986894449777,-123.36907942447263,2.0
2016-08-02 15:21:25.970,0.504,0.699,-0.934,-3.9455811285947657,-200.72281750129093,-123.85022845260764,2.0
2016-08-02 15:21:25.980,0.453,0.684,-0.934,-7.151441688032143,-202.0392477127849,-123.39434534700311,2.0
2016-08-02 15:21:25.990,0.41,0.684,-0.934,-12.001584168570934,-202.8542042352285,-122.2026982820404,2.0
2016-08-02 15:21:26.000,0.367,0.688,-0.926,-15.496465084520313,-202.76874726967128,-121.86829666667873,2.0
2016-08-02 15:21:26.010,0.324,0.676,-0.922,-16.26528824820803,-202.58725907227466,-122.45032100088528,2.0
2016-08-02 15:21:26.020,0.285,0.664,-0.922,-15.553752500352603,-203.0241187816548,-123.07914944100325,2.0
2016-08-02 15:21:26.030,0.262,0.66,-0.934,-16.23346122666802,-204.48201972712457,-123.4678835068499,2.0
2016-08-02 15:21:26.040,0.234,0.652,-0.922,-22.27659860515973,-205.73044954982038,-123.27809059313671,2.0
2016-08-02 15:21:26.050,0.211,0.645,-0.906,-28.880920288480866,-205.10801007861878,-123.26922826333583,2.0
2016-08-02 15:21:26.060,0.191,0.617,-0.859,-27.167553433827198,-204.03924323547557,-124.11271386417502,2.0
2016-08-02 15:21:26.070,0.168,0.594,-0.801,-23.127704680113233,-203.39197930201314,-124.86210328105211,2.0
2016-08-02 15:21:26.080,0.137,0.566,-0.773,-25.34188384691828,-201.87654599492856,-124.67886321493066,2.0
2016-08-02 15:21:26.090,0.074,0.523,-0.75,-29.34513247520627,-199.8981977560691,-123.09848327292028,2.0
2016-08-02 15:21:26.100,0.004,0.504,-0.707,-31.34838197786278,-197.7518119654522,-120.86491419177489,2.0
2016-08-02 15:21:26.110,-0.043,0.512,-0.68,-32.148130889246666,-194.54528400154612,-119.79702478079157,2.0
2016-08-02 15:21:26.120,-0.094,0.508,-0.672,-30.128828716287074,-190.98685842436814,-119.90845401361925,2.0
2016-08-02 15:21:26.130,-0.137,0.496,-0.664,-26.12948227182391,-188.6936094181337,-120.04552252654534,2.0
2016-08-02 15:21:26.140,-0.176,0.508,-0.676,-25.049126494467117,-187.8766185969803,-119.95536295997604,2.0
2016-08-02 15:21:26.150,-0.207,0.512,-0.672,-28.545270418422604,-187.32900274911063,-119.27710059707968,2.0
2016-08-02 15:21:26.160,-0.227,0.48,-0.625,-33.31540524392405,-185.6710326875749,-117.6255421154091,2.0
2016-08-02 15:21:26.170,-0.238,0.449,-0.559,-36.228991226115475,-182.44996967960157,-115.88970048099526,2.0
2016-08-02 15:21:26.180,-0.25,0.422,-0.496,-37.35491324253289,-178.52004330778863,-114.182589977725,2.0
2016-08-02 15:21:26.190,-0.281,0.398,-0.465,-38.37043502994405,-174.81895247023505,-111.86064999604054,2.0
2016-08-02 15:21:26.200,-0.324,0.379,-0.465,-39.212722935885594,-171.64720274616337,-109.65803288223557,2.0
2016-08-02 15:21:26.210,-0.371,0.348,-0.438,-37.27282562791708,-168.92420259459564,-107.97758104479087,2.0
2016-08-02 15:21:26.220,-0.398,0.34,-0.418,-31.64055459602117,-166.42859617158854,-106.8644800225602,2.0
2016-08-02 15:21:26.230,-0.41,0.371,-0.426,-28.051749396399195,-164.04078048940022,-106.13332646510662,2.0
2016-08-02 15:21:26.240,-0.441,0.363,-0.41,-31.174294474689624,-161.15444246126125,-104.52262766900668,2.0
2016-08-02 15:21:26.250,-0.473,0.359,-0.41,-34.71647029569244,-157.8445961836689,-102.41550110035352,2.0
2016-08-02 15:21:26.260,-0.492,0.344,-0.371,-34.06223083125436,-154.95933267259815,-100.83860385800658,2.0
2016-08-02 15:21:26.270,-0.508,0.313,-0.328,-33.97161689661935,-151.60927380520837,-99.82905404298336,2.0
2016-08-02 15:21:26.280,-0.531,0.289,-0.301,-33.73433816629435,-147.6316370307626,-99.1734147697415,2.0
2016-08-02 15:21:26.290,-0.563,0.234,-0.25,-30.134327206828424,-144.4202718180522,-97.74208576362938,2.0
2016-08-02 15:21:26.300,-0.578,0.227,-0.23,-27.627964918739664,-141.28466604110974,-96.03939365076813,2.0
2016-08-02 15:21:26.310,-0.598,0.25,-0.211,-27.351964693323986,-137.7786659766555,-94.89888836552998,2.0
2016-08-02 15:21:26.320,-0.617,0.262,-0.207,-27.29807595236313,-134.65285662207907,-93.45279044318417,2.0
2016-08-02 15:21:26.330,-0.645,0.25,-0.207,-28.33224854966425,-131.8789267318345,-92.04406579277824,2.0
2016-08-02 15:21:26.340,-0.664,0.23,-0.195,-28.782588584663547,-129.98930597940682,-90.71482011820625,2.0
2016-08-02 15:21:26.350,-0.68,0.207,-0.148,-27.32441177723519,-128.39230793348014,-89.20061076565119,2.0
2016-08-02 15:21:26.360,-0.684,0.184,-0.094,-24.643125254933146,-125.26046640341443,-88.16643344263653,2.0
2016-08-02 15:21:26.370,-0.711,0.16,-0.066,-21.037016243020336,-121.0377202253703,-87.32945412128612,2.0
2016-08-02 15:21:26.380,-0.734,0.145,-0.051,-17.411685976017413,-117.28470591901936,-86.10786813594899,2.0
2016-08-02 15:21:26.390,-0.758,0.145,-0.039,-14.254887803279821,-114.23438832466152,-84.68408629069587,2.0
2016-08-02 15:21:26.400,-0.77,0.156,-0.051,-11.987034084208801,-111.82454814424574,-83.49928432271452,2.0
2016-08-02 15:21:26.410,-0.789,0.168,-0.043,-10.965556923571203,-110.47794811849117,-82.36839121780963,2.0
2016-08-02 15:21:26.420,-0.797,0.164,-0.027,-10.947470918566912,-109.47914438020871,-81.02567371713026,2.0
2016-08-02 15:21:26.430,-0.805,0.172,-0.008,-11.768889421413958,-107.54206723290255,-79.5943338021972,2.0
2016-08-02 15:21:26.440,-0.816,0.152,0.035,-12.934655150959085,-105.01193705132812,-77.92289305911598,2.0
2016-08-02 15:21:26.450,-0.828,0.125,0.078,-12.765063562914591,-102.51143291395758,-76.4702373968076,2.0
2016-08-02 15:21:26.460,-0.828,0.09,0.117,-8.592700007725288,-99.72007116907058,-75.7453626559246,2.0
2016-08-02 15:21:26.470,-0.836,0.063,0.16,-0.27750878314073346,-96.79871678588792,-75.33530467876193,2.0
2016-08-02 15:21:26.480,-0.836,0.063,0.172,7.89150189134873,-94.3656932184626,-74.74278815836253,2.0
2016-08-02 15:21:26.490,-0.852,0.059,0.188,11.351726585968532,-92.5628939439877,-73.4306710378898,2.0
2016-08-02 15:21:26.500,-0.871,0.074,0.195,10.281125821479359,-90.8631609634198,-71.6764674122814,2.0
2016-08-02 15:21:26.510,-0.875,0.063,0.219,8.790831106183447,-88.20634477028415,-70.1531925679147,2.0
2016-08-02 15:21:26.520,-0.875,0.043,0.238,9.52586592068604,-84.679048038859,-68.85748074551985,2.0
2016-08-02 15:21:26.530,-0.879,0.004,0.258,12.948176291141735,-81.75896600390688,-68.08654231119287,2.0
2016-08-02 15:21:26.540,-0.891,-0.012,0.262,18.26521602699883,-79.33380300515648,-67.11482469421642,2.0
2016-08-02 15:21:26.550,-0.895,-0.012,0.285,21.243080569593335,-76.45659538624565,-65.00558828921521,2.0
2016-08-02 15:21:26.560,-0.902,-0.016,0.301,18.442077267810753,-73.61505285478074,-62.734147230731054,2.0
2016-08-02 15:21:26.570,-0.91,-0.008,0.32,13.516220927162536,-70.57107037975958,-60.393459761221465,2.0
2016-08-02 15:21:26.580,-0.914,-0.051,0.336,12.437343167038021,-66.70321310626638,-58.11105909946754,2.0
2016-08-02 15:21:26.590,-0.922,-0.105,0.352,17.157628085117302,-62.908490569380625,-57.285066464931674,2.0
2016-08-02 15:21:26.600,-0.93,-0.129,0.355,25.16819643197354,-59.90986949540694,-56.54729847794101,2.0
2016-08-02 15:21:26.610,-0.93,-0.137,0.363,29.267531221609506,-57.915410832138114,-54.1095991547514,2.0
2016-08-02 15:21:26.620,-0.93,-0.113,0.375,24.712458134190964,-57.07083576241347,-50.510028232053955,2.0
2016-08-02 15:21:26.630,-0.926,-0.094,0.391,15.638978025409418,-56.715489991224906,-45.656405954185644,2.0
2016-08-02 15:21:26.640,-0.926,-0.117,0.41,7.551320290384616,-55.813687923692974,-40.21291399015527,2.0
2016-08-02 15:21:26.650,-0.91,-0.145,0.426,2.2524345568238875,-53.35256837732626,-35.78568549006679,2.0
2016-08-02 15:21:26.660,-0.895,-0.156,0.434,-1.0612816998796943,-48.85460467300838,-31.866547420953125,2.0
2016-08-02 15:21:26.670,-0.887,-0.164,0.445,-4.49280902409419,-42.84613591458829,-27.663276399638107,2.0
2016-08-02 15:21:26.680,-0.863,-0.164,0.449,-8.23480375844822,-35.6288590612943,-23.953818208130354,2.0
2016-08-02 15:21:26.690,-0.848,-0.172,0.453,-11.336385895935585,-27.341050819018406,-21.003844261476743,2.0
2016-08-02 15:21:26.700,-0.844,-0.199,0.461,-13.84746903801381,-18.809508264296255,-17.658164496781186,2.0
2016-08-02 15:21:26.710,-0.836,-0.199,0.465,-16.598630121686295,-10.50805064169264,-13.495389558691077,2.0
2016-08-02 15:21:26.720,-0.824,-0.199,0.461,-20.466449922957665,-2.49789697640609,-9.168513485101691,2.0
2016-08-02 15:21:26.730,-0.832,-0.211,0.453,-24.172580948964704,4.617931530430225,-4.678509959003535,2.0
2016-08-02 15:21:26.740,-0.828,-0.223,0.441,-25.241681618774237,10.660949058320977,-0.037753034040911126,2.0
2016-08-02 15:21:26.750,-0.816,-0.23,0.434,-23.71125785153546,16.511091234394122,4.1845209189001835,2.0
2016-08-02 15:21:26.760,-0.813,-0.234,0.418,-21.66911189784235,22.1682618615599,8.107757729824408,2.0
2016-08-02 15:21:26.770,-0.824,-0.227,0.406,-20.76655538483237,26.642561974597776,12.293383423423563,2.0
2016-08-02 15:21:26.780,-0.836,-0.215,0.395,-21.53209245658384,30.050603255603363,16.740496639462098,2.0
2016-08-02 15:21:26.790,-0.848,-0.207,0.383,-22.88962130409567,32.951118109143536,21.34183061465442,2.0
2016-08-02 15:21:26.800,-0.855,-0.211,0.387,-22.811471858189222,35.38578640980126,26.069978129392364,2.0
2016-08-02 15:21:26.810,-0.863,-0.215,0.395,-20.984508662608114,37.68801105015581,30.289212840842247,2.0
2016-08-02 15:21:26.820,-0.867,-0.215,0.395,-18.79952277509968,40.060535108757065,33.75688711082027,2.0
2016-08-02 15:21:26.830,-0.879,-0.211,0.395,-16.93128449729011,42.06673194495317,37.14852845643447,2.0
2016-08-02 15:21:26.840,-0.891,-0.199,0.395,-15.575412937841872,43.41425388762361,40.35904801481589,2.0
2016-08-02 15:21:26.850,-0.91,-0.188,0.383,-14.91449561226569,44.55849914609296,43.16032322149175,2.0
2016-08-02 15:21:26.860,-0.922,-0.164,0.371,-14.483724574181268,46.26102274960469,46.156158828926756,2.0
2016-08-02 15:21:26.870,-0.93,-0.148,0.355,-14.096031938349888,48.651270488035735,49.109016268156445,2.0
2016-08-02 15:21:26.880,-0.934,-0.129,0.34,-13.845546839452473,51.499263505093865,51.723405354473684,2.0
2016-08-02 15:21:26.890,-0.945,-0.113,0.332,-13.597259935227905,54.64786741225018,54.47445821803706,2.0
2016-08-02 15:21:26.900,-0.949,-0.105,0.332,-13.434671525264175,57.62555334475775,57.062015457658404,2.0
2016-08-02 15:21:26.910,-0.945,-0.102,0.332,-12.964092646513201,60.26447917840511,59.3949290995822,2.0
2016-08-02 15:21:26.920,-0.941,-0.098,0.332,-11.830940340558604,62.76690740172704,61.8588246056906,2.0
2016-08-02 15:21:26.930,-0.93,-0.09,0.34,-10.980036183839319,65.13521108195084,64.10720010305377,2.0
2016-08-02 15:21:26.940,-0.926,-0.086,0.332,-11.245275396403521,67.51065543684496,66.27612630212603,2.0
2016-08-02 15:21:26.950,-0.914,-0.074,0.332,-12.280399622097756,69.90257104881924,68.8343146095794,2.0
2016-08-02 15:21:26.960,-0.891,-0.059,0.316,-13.622275086617341,72.65427056336345,71.59893699895859,2.0
2016-08-02 15:21:26.970,-0.879,-0.047,0.301,-15.207518791599828,76.45727555261553,74.47184960363467,2.0
2016-08-02 15:21:26.980,-0.867,-0.031,0.281,-16.87247132117011,80.86504650468805,77.4853124741807,2.0
2016-08-02 15:21:26.990,-0.855,-0.02,0.254,-18.28117868657354,85.19350377735026,80.49774786122761,2.0
2016-08-02 15:21:27.000,-0.855,-0.012,0.223,-18.857569833552294,89.4142304722036,83.38199245775942,2.0
2016-08-02 15:21:27.010,-0.828,0.004,0.203,-18.237111465044205,93.48182398608277,86.14037556590526,2.0
2016-08-02 15:21:27.020,-0.813,0.016,0.184,-17.112252753232198,97.49941130190771,88.89671371409274,2.0
2016-08-02 15:21:27.030,-0.801,0.02,0.18,-15.938480440042396,101.52970755633741,91.92941788096907,2.0
2016-08-02 15:21:27.040,-0.789,0.023,0.184,-14.816948039122423,105.61898168682993,95.27385700248759,2.0
2016-08-02 15:21:27.050,-0.781,0.035,0.18,-14.868607225759774,110.02194437096135,98.54323782914732,2.0
2016-08-02 15:21:27.060,-0.773,0.051,0.16,-16.065538650885074,114.54391767703521,102.00427623090897,2.0
2016-08-02 15:21:27.070,-0.758,0.066,0.145,-16.904360290917694,118.83594163879889,106.14704074463447,2.0
2016-08-02 15:21:27.080,-0.742,0.082,0.117,-17.31456754724161,122.91186221297065,110.4329984933426,2.0
2016-08-02 15:21:27.090,-0.73,0.094,0.074,-17.454067233494417,126.6648119602767,114.49551044823522,2.0
2016-08-02 15:21:27.100,-0.727,0.109,0.039,-16.33186981396382,129.92452774480105,118.76805561713245,2.0
2016-08-02 15:21:27.110,-0.711,0.129,0.008,-14.039470939634928,132.89606620290178,123.00896563886587,2.0
2016-08-02 15:21:27.120,-0.684,0.168,-0.031,-11.760666205803421,135.79426678517285,126.28846657903664,2.0
2016-08-02 15:21:27.130,-0.672,0.172,-0.063,-10.088954693457799,138.5478491557221,128.39424919577618,2.0
2016-08-02 15:21:27.140,-0.656,0.164,-0.098,-8.294419794030084,141.26135100808958,129.24880142908364,2.0
2016-08-02 15:21:27.150,-0.652,0.176,-0.16,-5.429394866865767,143.79226862970557,128.8561680732911,2.0
2016-08-02 15:21:27.160,-0.641,0.172,-0.184,-4.493655127935478,145.35827392441584,128.87778317108786,2.0
2016-08-02 15:21:27.170,-0.613,0.223,-0.207,-7.269293047227931,145.8620458253859,130.88833140868363,2.0
2016-08-02 15:21:27.180,-0.559,0.305,-0.219,-8.704853163518067,145.92708288772775,134.7205313872802,2.0
2016-08-02 15:21:27.190,-0.508,0.305,-0.176,-7.414048315830476,146.16404169811688,140.09261611007517,2.0
2016-08-02 15:21:27.200,-0.453,0.309,-0.16,-4.033723925342956,146.60634795608976,147.2249467039419,2.0
2016-08-02 15:21:27.210,-0.395,0.336,-0.164,3.870348389398743,145.95984014094182,155.46997328472406,2.0
2016-08-02 15:21:27.220,-0.348,0.379,-0.18,10.71850896261624,144.0050186384493,163.15764318803923,2.0
2016-08-02 15:21:27.230,-0.313,0.461,-0.23,10.14998081062685,141.2290624179656,170.42385493970988,2.0
2016-08-02 15:21:27.240,-0.289,0.473,-0.234,4.25561382052583,138.81346551202225,177.58290152409913,2.0
2016-08-02 15:21:27.250,-0.25,0.516,-0.301,-1.3482626038025103,140.2016607186443,181.1280074642157,2.0
2016-08-02 15:21:27.260,-0.207,0.605,-0.363,1.1758041464274203,143.5884261174864,179.95662553083815,2.0
2016-08-02 15:21:27.270,-0.168,0.559,-0.348,10.587322491583146,147.15975785722821,176.90019473082197,2.0
2016-08-02 15:21:27.280,-0.141,0.621,-0.438,22.19338520664536,153.53583868666487,171.82051835677748,2.0
2016-08-02 15:21:27.290,-0.129,0.645,-0.453,34.30030019290759,158.4349597049978,166.52827487575345,2.0
2016-08-02 15:21:27.300,-0.125,0.621,-0.496,31.654212576741568,161.63231293350893,164.71721654892346,2.0
2016-08-02 15:21:27.310,-0.152,0.703,-0.555,11.068196143751129,164.41613930321847,166.11284879438438,2.0
2016-08-02 15:21:27.320,-0.137,0.695,-0.473,-9.381419736860874,162.35228757440547,170.6948871192451,2.0
2016-08-02 15:21:27.330,-0.078,0.699,-0.449,-20.342128134292782,163.73429186319672,175.13625201863863,2.0
2016-08-02 15:21:27.340,-0.016,0.758,-0.488,-12.576183989661692,168.8578274848827,174.8734844090718,2.0
2016-08-02 15:21:27.350,-0.004,0.699,-0.5,10.4844370263113,167.92210633638618,173.59848252201863,2.0
2016-08-02 15:21:27.360,-0.004,0.672,-0.582,26.737597519497314,167.26902232435484,173.906060932051,2.0
2016-08-02 15:21:27.370,-0.004,0.73,-0.656,29.083582460566262,166.0437758901434,175.04003482290562,2.0
2016-08-02 15:21:27.380,0.0,0.742,-0.633,14.689940411599006,161.36663948515732,180.44701600030027,2.0
2016-08-02 15:21:27.390,0.016,0.793,-0.621,-9.688531153137045,161.7697711232818,188.5113724086475,2.0
2016-08-02 15:21:27.400,0.078,0.836,-0.641,-14.001212875609541,162.33340186810125,192.46574002768426,2.0
2016-08-02 15:21:27.410,0.141,0.762,-0.648,7.83465605930382,160.2504266835318,192.4265190631986,2.0
2016-08-02 15:21:27.420,0.203,0.719,-0.699,33.31986322620604,161.83739646902015,189.76537826050787,2.0
2016-08-02 15:21:27.430,0.281,0.813,-0.758,47.068963939245954,162.38775542120672,183.76554072800147,2.0
2016-08-02 15:21:27.440,0.336,0.875,-0.754,40.71350198127117,162.06210567669666,179.72539734706118,2.0
2016-08-02 15:21:27.450,0.352,0.867,-0.719,20.272889657073566,165.5311566342195,182.4585697759693,2.0
2016-08-02 15:21:27.460,0.371,0.84,-0.676,5.230450936673358,167.38993212345645,188.31188043170627,2.0
2016-08-02 15:21:27.470,0.402,0.77,-0.695,2.897743523473555,166.9191331274242,193.04203153702113,2.0
2016-08-02 15:21:27.480,0.438,0.723,-0.75,13.290482765944152,165.74983678980087,195.5211598847175,2.0
2016-08-02 15:21:27.490,0.512,0.754,-0.777,32.86126064673441,159.82729260652906,193.3760444809647,2.0
2016-08-02 15:21:27.500,0.617,0.824,-0.785,43.64367715204676,153.20694280606776,186.59211266724287,2.0
2016-08-02 15:21:27.510,0.723,0.848,-0.766,37.06535206720123,151.8913985690364,180.06420308170757,2.0
2016-08-02 15:21:27.520,0.805,0.855,-0.75,27.034262016928004,152.39990310056226,175.66367962015227,2.0
2016-08-02 15:21:27.530,0.855,0.859,-0.703,25.33453925994779,151.76022676964354,170.95158339595017,2.0
2016-08-02 15:21:27.540,0.887,0.836,-0.699,32.338976600795064,149.9294648385787,165.2362885088647,2.0
2016-08-02 15:21:27.550,0.879,0.793,-0.723,43.07210862656046,144.56514635342228,160.24212214162935,2.0
2016-08-02 15:21:27.560,0.871,0.734,-0.715,46.992500686582304,135.79366982492357,157.08181557875866,2.0
2016-08-02 15:21:27.570,0.891,0.742,-0.777,38.82513196389114,128.87079073271394,153.28739354548657,2.0
2016-08-02 15:21:27.580,0.922,0.766,-0.785,32.14260648341739,125.84910234379494,147.01930882625754,2.0
2016-08-02 15:21:27.590,0.961,0.742,-0.758,36.80639217253054,124.53304639907992,139.45850331925124,2.0
2016-08-02 15:21:27.600,0.957,0.742,-0.758,43.46294425237543,123.9363082315754,130.37540838622908,2.0
2016-08-02 15:21:27.610,0.938,0.766,-0.746,47.98172522539937,122.22290258253845,121.5523368211544,2.0
2016-08-02 15:21:27.620,0.895,0.793,-0.727,51.421314677373935,118.69236517819675,115.76666733146087,2.0
2016-08-02 15:21:27.630,0.859,0.809,-0.734,52.325758507103146,115.09520553193056,110.95996645204816,2.0
2016-08-02 15:21:27.640,0.855,0.816,-0.746,56.529992302665285,111.22966446008704,104.74894631058262,2.0
2016-08-02 15:21:27.650,0.848,0.805,-0.758,62.951409232162376,106.65059878483132,97.80162257815579,2.0
2016-08-02 15:21:27.660,0.832,0.797,-0.738,61.361412842403894,101.87285593734762,91.16316288670171,2.0
2016-08-02 15:21:27.670,0.82,0.793,-0.723,52.95647918154374,97.56145388340147,84.391062097415,2.0
2016-08-02 15:21:27.680,0.816,0.777,-0.703,46.24519826377693,94.81821903905632,77.74722394662022,2.0
2016-08-02 15:21:27.690,0.82,0.758,-0.672,43.647930043849364,92.967110117626,72.42457694365737,2.0
2016-08-02 15:21:27.700,0.832,0.746,-0.648,41.83803511939207,90.34474635183919,67.5774941751744,2.0
2016-08-02 15:21:27.710,0.844,0.742,-0.613,38.10068717572267,87.21892193804047,62.88546242460352,2.0
2016-08-02 15:21:27.720,0.863,0.738,-0.57,34.12945324330829,84.17284316512519,58.845206424849394,2.0
2016-08-02 15:21:27.730,0.895,0.715,-0.535,32.390175750296585,80.57096279250824,54.31160491405692,2.0
2016-08-02 15:21:27.740,0.922,0.68,-0.504,31.42768412148272,76.41227367298991,49.24017729024346,2.0
2016-08-02 15:21:27.750,0.941,0.656,-0.48,28.28893663938169,72.42468635892476,44.49144767191148,2.0
2016-08-02 15:21:27.760,0.945,0.637,-0.473,22.899427427989004,68.7383919480947,40.19537593155891,2.0
2016-08-02 15:21:27.770,0.941,0.625,-0.461,16.44940959427068,65.7822112584865,36.94082740914248,2.0
2016-08-02 15:21:27.780,0.941,0.605,-0.453,9.176771830429907,64.36450288680004,34.88799813154611,2.0
2016-08-02 15:21:27.790,0.949,0.598,-0.453,2.1403183474937513,64.07998258107223,33.64526489632753,2.0
2016-08-02 15:21:27.800,0.953,0.586,-0.461,-3.6669574816544275,63.593487393394255,33.0423650295957,2.0
2016-08-02 15:21:27.810,0.945,0.594,-0.473,-9.327006760174093,62.25362305857456,32.32854809883667,2.0
2016-08-02 15:21:27.820,0.926,0.609,-0.492,-14.38369853773257,60.26525326700943,30.774522696499005,2.0
2016-08-02 15:21:27.830,0.922,0.598,-0.488,-16.26382176577614,57.72258330242099,28.24216564430381,2.0
2016-08-02 15:21:27.840,0.922,0.559,-0.484,-16.519409779446807,54.83533824493947,25.297154850750285,2.0
2016-08-02 15:21:27.850,0.914,0.523,-0.48,-19.81545019153167,52.314706598659484,23.06665933662513,2.0
2016-08-02 15:21:27.860,0.902,0.52,-0.457,-26.41476313936981,50.36243689983125,21.366751318704907,2.0
2016-08-02 15:21:27.870,0.906,0.5,-0.43,-31.9700705714752,48.267698326744735,19.507772696681506,2.0
2016-08-02 15:21:27.880,0.91,0.484,-0.41,-33.66940361152927,45.2682010644475,17.814837565315322,2.0
2016-08-02 15:21:27.890,0.906,0.469,-0.402,-33.107511108737995,41.46678293306358,16.105605947937537,2.0
2016-08-02 15:21:27.900,0.902,0.469,-0.395,-33.654515007786166,37.75114237010849,13.809726904446105,2.0
2016-08-02 15:21:27.910,0.91,0.48,-0.398,-36.83808870334603,34.73408564934277,11.09323316118563,2.0
2016-08-02 15:21:27.920,0.91,0.469,-0.418,-41.2349985034556,32.2118799456304,8.55372731013275,2.0
2016-08-02 15:21:27.930,0.902,0.465,-0.438,-44.537060116888654,29.72198039837458,6.6759065844948084,2.0
2016-08-02 15:21:27.940,0.887,0.465,-0.445,-45.33789268169143,27.096100770883496,5.378596112737513,2.0
2016-08-02 15:21:27.950,0.883,0.457,-0.43,-43.49678765243965,24.24875703930421,4.507630631428072,2.0
2016-08-02 15:21:27.960,0.891,0.441,-0.406,-40.843219105593036,21.297766479437616,4.094714517049464,2.0
2016-08-02 15:21:27.970,0.891,0.426,-0.387,-39.35665120285006,18.6705440813639,3.9697154044391096,2.0
2016-08-02 15:21:27.980,0.895,0.418,-0.375,-39.065272616247015,16.5243643904068,3.919123182119989,2.0
2016-08-02 15:21:27.990,0.895,0.375,-0.379,-38.74320922059857,14.78972505951466,3.886490042187363,2.0
2016-08-02 15:21:28.000,0.887,0.348,-0.383,-37.16416753473314,13.29361155028581,3.909377352548667,2.0
2016-08-02 15:21:28.010,0.895,0.359,-0.395,-34.476104770985884,11.211798505769842,3.512036776629258,2.0
2016-08-02 15:21:28.020,0.879,0.363,-0.418,-32.2832270714881,8.147893621469647,2.6304066096486434,2.0
2016-08-02 15:21:28.030,0.887,0.379,-0.414,-32.078251330923365,5.209302595344038,2.210214912259667,2.0
2016-08-02 15:21:28.040,0.895,0.398,-0.402,-32.803988050412755,2.129767341342253,1.5126586659344412,2.0
2016-08-02 15:21:28.050,0.902,0.41,-0.395,-32.01612897508774,-2.0657234096479185,-0.752319440960589,2.0
2016-08-02 15:21:28.060,0.91,0.414,-0.395,-29.2992650720297,-5.794069215136572,-3.246313044273549,2.0
2016-08-02 15:21:28.070,0.91,0.398,-0.398,-24.132151445146054,-8.908245046542934,-4.946220214589696,2.0
2016-08-02 15:21:28.080,0.906,0.391,-0.398,-17.245129527794365,-13.132356243377007,-6.366758654269596,2.0
2016-08-02 15:21:28.090,0.906,0.391,-0.414,-12.931035915135597,-17.765245941212665,-7.243556959916189,2.0
2016-08-02 15:21:28.100,0.902,0.418,-0.422,-11.029171879386155,-22.119093978755373,-8.184927988400881,2.0
2016-08-02 15:21:28.110,0.906,0.438,-0.418,-6.808711352607362,-26.806581217000037,-10.536296538372081,2.0
2016-08-02 15:21:28.120,0.906,0.449,-0.43,0.3163684471208026,-32.16974650277842,-14.422601058754392,2.0
2016-08-02 15:21:28.130,0.898,0.48,-0.441,8.78415938183938,-39.075175719902745,-19.943017677165944,2.0
2016-08-02 15:21:28.140,0.898,0.492,-0.434,17.844779827230113,-47.38081731869332,-26.37011540775567,2.0
2016-08-02 15:21:28.150,0.914,0.488,-0.426,24.342143184094574,-55.454034525193485,-32.421846069041976,2.0
2016-08-02 15:21:28.160,0.914,0.5,-0.418,25.672431702460493,-62.61873037098595,-37.821636027457366,2.0
2016-08-02 15:21:28.170,0.902,0.512,-0.398,26.095929229428343,-68.47515127644402,-41.73971747229336,2.0
2016-08-02 15:21:28.180,0.91,0.531,-0.387,32.83981651717767,-72.3230256201301,-44.69294583344045,2.0
2016-08-02 15:21:28.190,0.918,0.559,-0.418,45.750749681559626,-75.06401323067169,-48.5718074254726,2.0
2016-08-02 15:21:28.200,0.902,0.605,-0.477,56.97732028550351,-78.97568684798338,-52.37328958641431,2.0
2016-08-02 15:21:28.210,0.871,0.633,-0.574,60.86383723887615,-85.08001965820455,-55.41004995706925,2.0
2016-08-02 15:21:28.220,0.855,0.672,-0.629,60.66841841468241,-92.29924155206277,-60.24568839298631,2.0
2016-08-02 15:21:28.230,0.875,0.707,-0.656,62.11901837642722,-99.6149326006159,-67.73748381541166,2.0
2016-08-02 15:21:28.240,0.906,0.723,-0.656,62.411981213180304,-106.7943505834482,-75.03998325202026,2.0
2016-08-02 15:21:28.250,0.938,0.723,-0.629,57.78198176754051,-113.30715438904832,-79.81682191962535,2.0
2016-08-02 15:21:28.260,0.945,0.73,-0.594,53.821449184498015,-119.00944077930227,-83.09118022539545,2.0
2016-08-02 15:21:28.270,0.945,0.73,-0.598,55.810492617827435,-124.80913831224669,-86.74270483300373,2.0
2016-08-02 15:21:28.280,0.949,0.719,-0.617,61.068926661090146,-131.45324440405454,-91.12409580925191,2.0
2016-08-02 15:21:28.290,0.953,0.73,-0.656,63.00087939151588,-138.4688560389976,-96.14323313095318,2.0
2016-08-02 15:21:28.300,0.945,0.77,-0.711,57.87580287354797,-145.4186197936929,-101.38051704603885,2.0
2016-08-02 15:21:28.310,0.949,0.801,-0.754,49.34711197818924,-152.42193147429958,-106.12163080678373,2.0
2016-08-02 15:21:28.320,0.949,0.824,-0.777,43.70178532438789,-159.07998863248736,-110.73016044832022,2.0
2016-08-02 15:21:28.330,0.949,0.832,-0.801,41.7773779981126,-165.12287283506876,-115.43720966118454,2.0
2016-08-02 15:21:28.340,0.938,0.836,-0.809,39.72947713711868,-170.23154844389592,-119.20570169873801,2.0
2016-08-02 15:21:28.350,0.926,0.836,-0.82,35.673056986878514,-174.3595906257688,-121.86935696877873,2.0
2016-08-02 15:21:28.360,0.898,0.844,-0.84,29.99810179386204,-178.38334648806872,-124.04887326344127,2.0
2016-08-02 15:21:28.370,0.875,0.84,-0.852,23.908167054822066,-182.33762319273453,-125.93704702764816,2.0
2016-08-02 15:21:28.380,0.863,0.844,-0.875,19.68460548302652,-186.34060965303075,-128.5152370967919,2.0
2016-08-02 15:21:28.390,0.84,0.848,-0.914,16.064131146381442,-191.43913290491147,-131.64152470571275,2.0
2016-08-02 15:21:28.400,0.809,0.84,-0.938,9.322474677372217,-196.89793063599018,-133.47386215220183,2.0
2016-08-02 15:21:28.410,0.789,0.832,-0.953,0.9656864166371574,-200.82903848823406,-134.5787811594207,2.0
2016-08-02 15:21:28.420,0.773,0.82,-0.965,-4.804086833101695,-203.59335079572872,-136.19178219635302,2.0
2016-08-02 15:21:28.430,0.738,0.797,-0.98,-8.30301187383947,-206.46833569160617,-137.62890245782273,2.0
2016-08-02 15:21:28.440,0.707,0.785,-1.0,-10.873517635431185,-209.38689918812415,-138.9601597909809,2.0
2016-08-02 15:21:28.450,0.668,0.781,-1.004,-12.08719978723656,-212.65978738956616,-140.6089997678455,2.0
2016-08-02 15:21:28.460,0.629,0.773,-1.016,-14.416611680041065,-216.41497458678683,-141.97425115684717,2.0
2016-08-02 15:21:28.470,0.594,0.777,-1.023,-18.137491561892155,-219.41872306161892,-143.07460137409242,2.0
2016-08-02 15:21:28.480,0.551,0.773,-1.035,-19.078824102721594,-221.90461209399086,-144.57159129334096,2.0
2016-08-02 15:21:28.490,0.512,0.762,-1.016,-20.340823761725634,-225.0443618876158,-145.6614440293135,2.0
2016-08-02 15:21:28.500,0.465,0.742,-1.012,-26.60903150404735,-227.59040107346118,-145.60579228069975,2.0
2016-08-02 15:21:28.510,0.438,0.715,-1.0,-31.427729732805613,-228.57608188979262,-145.83054191412765,2.0
2016-08-02 15:21:28.520,0.383,0.676,-0.961,-30.966089144895022,-229.2647202072152,-147.0918771187623,2.0
2016-08-02 15:21:28.530,0.336,0.664,-0.938,-31.43866484078174,-229.57181017942807,-148.4832850457441,2.0
2016-08-02 15:21:28.540,0.297,0.656,-0.918,-32.67606823700474,-229.0021131925873,-149.4762938439127,2.0
2016-08-02 15:21:28.550,0.25,0.66,-0.906,-29.48218028289922,-228.84420350892316,-150.57363331494085,2.0
2016-08-02 15:21:28.560,0.195,0.621,-0.902,-24.976307216568163,-229.7185294916573,-151.52033503592833,2.0
2016-08-02 15:21:28.570,0.148,0.602,-0.844,-23.623294650171964,-230.44685407578834,-151.0221681383655,2.0
2016-08-02 15:21:28.580,0.113,0.586,-0.785,-23.098061390022586,-230.32488062398488,-149.46853752341485,2.0
2016-08-02 15:21:28.590,0.063,0.563,-0.773,-21.972841377227635,-230.402995120524,-147.42933484560126,2.0
2016-08-02 15:21:28.600,0.004,0.551,-0.734,-23.912537709177492,-230.9410353854429,-144.46180855584296,2.0
2016-08-02 15:21:28.610,-0.023,0.527,-0.68,-30.03885031443059,-230.26900013989584,-141.4696848771336,2.0
2016-08-02 15:21:28.620,-0.055,0.488,-0.66,-34.93533178488538,-227.53327666021116,-139.57894961244023,2.0
2016-08-02 15:21:28.630,-0.098,0.449,-0.629,-32.81522024162266,-224.04880291188448,-138.86365921685143,2.0
2016-08-02 15:21:28.640,-0.133,0.457,-0.598,-25.606525749426886,-221.158337317401,-139.3002991874176,2.0
2016-08-02 15:21:28.650,-0.152,0.469,-0.582,-21.411761580593897,-218.94496230741365,-139.74635963587718,2.0
2016-08-02 15:21:28.660,-0.188,0.457,-0.551,-24.417507436961564,-217.26278289960192,-138.12213601051178,2.0
2016-08-02 15:21:28.670,-0.215,0.426,-0.5,-31.676998090661087,-215.36663097648366,-134.92064909516873,2.0
2016-08-02 15:21:28.680,-0.238,0.395,-0.449,-37.3969863422434,-211.595771727134,-132.3908769947285,2.0
2016-08-02 15:21:28.690,-0.266,0.352,-0.391,-36.474919369984775,-206.009411405835,-130.4923759226748,2.0
2016-08-02 15:21:28.700,-0.301,0.316,-0.336,-30.19243745231229,-200.92105727795058,-128.40709574436167,2.0
2016-08-02 15:21:28.710,-0.34,0.297,-0.309,-26.395929844427847,-196.92932935412398,-126.12578415538172,2.0
2016-08-02 15:21:28.720,-0.379,0.32,-0.305,-28.14518180901409,-193.048130485031,-122.85691288888,2.0
2016-08-02 15:21:28.730,-0.422,0.344,-0.313,-32.41319435600053,-189.86178095952354,-118.6072777056449,2.0
2016-08-02 15:21:28.740,-0.461,0.344,-0.289,-38.3540818844893,-187.4291963536262,-114.27460648045806,2.0
2016-08-02 15:21:28.750,-0.461,0.324,-0.242,-45.059895611045256,-183.71398493353263,-110.38788373506915,2.0
2016-08-02 15:21:28.760,-0.457,0.293,-0.207,-48.62014024339814,-177.89923494743636,-108.02042053523164,2.0
2016-08-02 15:21:28.770,-0.477,0.254,-0.156,-47.77943086378025,-171.4390245346282,-106.57862661488834,2.0
2016-08-02 15:21:28.780,-0.5,0.219,-0.094,-45.5135281319145,-165.03204435618048,-104.7797927186173,2.0
2016-08-02 15:21:28.790,-0.516,0.215,-0.063,-43.48775930485234,-158.22705954248596,-103.64175059637819,2.0
2016-08-02 15:21:28.800,-0.551,0.211,-0.059,-42.26542913581467,-151.7458258830499,-102.51716904012,2.0
2016-08-02 15:21:28.810,-0.59,0.199,-0.051,-43.997228022127445,-146.88421102322198,-99.94174666161699,2.0
2016-08-02 15:21:28.820,-0.613,0.199,-0.039,-47.9915328668567,-143.12118181529812,-97.6872985818723,2.0
2016-08-02 15:21:28.830,-0.629,0.207,-0.02,-50.22450108037827,-138.86964667050674,-96.45367567481918,2.0
2016-08-02 15:21:28.840,-0.641,0.176,0.016,-48.99608948487064,-134.01516720685885,-95.0355404268774,2.0
2016-08-02 15:21:28.850,-0.645,0.141,0.059,-44.681987289634186,-128.86481432782406,-93.85441558019994,2.0
2016-08-02 15:21:28.860,-0.645,0.137,0.094,-38.711006432115866,-122.7645741676933,-92.79076294924897,2.0
2016-08-02 15:21:28.870,-0.668,0.117,0.121,-35.171963965850196,-116.35807273074903,-90.76440604863626,2.0
2016-08-02 15:21:28.880,-0.691,0.105,0.137,-35.21588840461984,-111.14427153235175,-88.30148106175582,2.0
2016-08-02 15:21:28.890,-0.711,0.098,0.148,-34.93136449964458,-106.49411965036441,-86.06346722329565,2.0
2016-08-02 15:21:28.900,-0.723,0.082,0.172,-32.78467487219721,-101.25506176819663,-84.01585436204569,2.0
2016-08-02 15:21:28.910,-0.73,0.078,0.176,-29.30357080392985,-95.85231964595914,-82.72618998608098,2.0
2016-08-02 15:21:28.920,-0.746,0.074,0.184,-23.909432474663937,-90.57282280571665,-82.16339955959644,2.0
2016-08-02 15:21:28.930,-0.762,0.047,0.199,-17.340776831813855,-85.5845189288664,-81.78672434222158,2.0
2016-08-02 15:21:28.940,-0.77,0.031,0.211,-10.381944653737264,-81.41704647819488,-81.80928052138647,2.0
2016-08-02 15:21:28.950,-0.785,0.023,0.238,-3.7215617947588258,-77.57586068915676,-81.53259335175616,2.0
2016-08-02 15:21:28.960,-0.801,0.012,0.273,0.8166720906565744,-73.90747355454522,-80.04562866874478,2.0
2016-08-02 15:21:28.970,-0.805,0.004,0.316,3.98210490333728,-70.79588595704715,-78.02789715470153,2.0
2016-08-02 15:21:28.980,-0.813,0.004,0.348,7.368063971267997,-67.78090854095561,-76.06462696693092,2.0
2016-08-02 15:21:28.990,-0.82,-0.012,0.363,10.351907278714815,-64.98888984286769,-74.14206529327298,2.0
2016-08-02 15:21:29.000,-0.84,-0.031,0.367,13.638502977884434,-62.583690272506544,-72.50266783335086,2.0
2016-08-02 15:21:29.010,-0.855,-0.059,0.375,18.792659098884602,-60.27322971132649,-71.35569677666854,2.0
2016-08-02 15:21:29.020,-0.859,-0.066,0.387,25.39488935774038,-58.09612050617107,-70.24384516414514,2.0
2016-08-02 15:21:29.030,-0.855,-0.066,0.395,31.040612416953167,-55.33395117165889,-68.47652770807501,2.0
2016-08-02 15:21:29.040,-0.863,-0.074,0.391,31.967500925560614,-52.135635437920676,-65.95437425799943,2.0
2016-08-02 15:21:29.050,-0.883,-0.098,0.406,28.174659300749923,-49.60753366701479,-62.35661109484382,2.0
2016-08-02 15:21:29.060,-0.879,-0.109,0.445,25.47461095431633,-46.95738629732514,-58.094759780584496,2.0
2016-08-02 15:21:29.070,-0.875,-0.16,0.473,27.201978424347175,-43.76533683075954,-54.94883429181137,2.0
2016-08-02 15:21:29.080,-0.875,-0.195,0.48,31.33073898500539,-41.053213443574975,-52.24938024663909,2.0
2016-08-02 15:21:29.090,-0.875,-0.199,0.473,34.22547818716746,-38.454822131748145,-48.03066167587757,2.0
2016-08-02 15:21:29.100,-0.887,-0.199,0.465,31.53123539874595,-35.64000280871943,-43.40689369523847,2.0
2016-08-02 15:21:29.110,-0.898,-0.195,0.457,24.189113645521488,-32.87922685702596,-38.98828939829917,2.0
2016-08-02 15:21:29.120,-0.887,-0.211,0.461,18.595273076304828,-29.00768617821949,-33.785110343151715,2.0
2016-08-02 15:21:29.130,-0.875,-0.23,0.48,16.010829336361216,-23.848322387967595,-29.12465251371041,2.0
2016-08-02 15:21:29.140,-0.859,-0.238,0.492,14.375490810815561,-18.403586611987684,-25.199787377285176,2.0
2016-08-02 15:21:29.150,-0.852,-0.246,0.496,13.03693474199365,-12.440253028628696,-20.111251666477255,2.0
2016-08-02 15:21:29.160,-0.848,-0.25,0.496,10.17887371674794,-6.32981483276701,-14.532004764883174,2.0
2016-08-02 15:21:29.170,-0.859,-0.25,0.48,6.084301002974871,-0.6758875528618584,-9.398055397505424,2.0
2016-08-02 15:21:29.180,-0.863,-0.254,0.477,3.149089920719219,5.116671050141813,-4.059628993852688,2.0
2016-08-02 15:21:29.190,-0.863,-0.25,0.477,0.7848281821979106,10.826883107635947,1.2329637277155392,2.0
2016-08-02 15:21:29.200,-0.863,-0.246,0.484,-2.7358998283181477,15.573235703817542,6.380533699253206,2.0
2016-08-02 15:21:29.210,-0.852,-0.238,0.484,-6.779278041554203,19.317182062491508,11.816433862694844,2.0
2016-08-02 15:21:29.220,-0.848,-0.234,0.477,-9.36226996350224,22.599404398429808,16.823056075433218,2.0
2016-08-02 15:21:29.230,-0.852,-0.234,0.473,-10.416106410057319,25.93794694763659,20.780918956431854,2.0
2016-08-02 15:21:29.240,-0.859,-0.223,0.457,-11.627505939716933,29.176155141349668,24.13195399155766,2.0
2016-08-02 15:21:29.250,-0.867,-0.219,0.445,-13.226103808936621,31.841962598338764,26.84990552010365,2.0
2016-08-02 15:21:29.260,-0.871,-0.219,0.43,-14.430604247244665,34.029665201009436,28.73341042278929,2.0
2016-08-02 15:21:29.270,-0.883,-0.219,0.422,-15.094256995284578,35.99442700342667,30.58727682553708,2.0
2016-08-02 15:21:29.280,-0.883,-0.215,0.426,-15.733713657926387,37.876108099988045,32.91324126136617,2.0
2016-08-02 15:21:29.290,-0.887,-0.199,0.426,-17.312908774153843,39.7586504968694,35.273846814593576,2.0
2016-08-02 15:21:29.300,-0.902,-0.188,0.41,-19.638740094629757,41.48680516689001,37.4760241802437,2.0
2016-08-02 15:21:29.310,-0.902,-0.172,0.398,-20.78931635452591,43.143725797843,39.47147197294255,2.0
2016-08-02 15:21:29.320,-0.91,-0.16,0.383,-19.505232028258686,44.980885459874884,40.865074776169685,2.0
2016-08-02 15:21:29.330,-0.914,-0.148,0.363,-17.142916096870035,46.85187439721716,41.776585973481005,2.0
2016-08-02 15:21:29.340,-0.93,-0.133,0.348,-16.36014885845305,48.75505077535995,43.06436497010977,2.0
2016-08-02 15:21:29.350,-0.941,-0.113,0.348,-17.943271671202858,50.58350575458328,45.20461056704902,2.0
2016-08-02 15:21:29.360,-0.941,-0.098,0.355,-20.202477215427777,51.97063677563693,47.75550471010911,2.0
2016-08-02 15:21:29.370,-0.938,-0.102,0.379,-21.48124788783394,53.724531191200825,50.12636697326013,2.0
2016-08-02 15:21:29.380,-0.934,-0.109,0.398,-21.64976341487716,56.67585481062288,52.30200107089673,2.0
2016-08-02 15:21:29.390,-0.918,-0.105,0.414,-21.514265083978263,60.42328264669683,54.29613018813949,2.0
2016-08-02 15:21:29.400,-0.906,-0.094,0.402,-22.04848683718762,64.82952629641046,56.157422556498936,2.0
2016-08-02 15:21:29.410,-0.898,-0.074,0.383,-23.909713975177585,69.43534216507534,58.34861023274269,2.0
2016-08-02 15:21:29.420,-0.891,-0.063,0.359,-26.628270586414473,73.43588320517466,60.915942541978325,2.0
2016-08-02 15:21:29.430,-0.879,-0.051,0.332,-28.880974416137178,77.08018099139514,63.7770578854645,2.0
2016-08-02 15:21:29.440,-0.871,-0.035,0.305,-30.09460533020719,80.2785863972647,67.21150047107268,2.0
2016-08-02 15:21:29.450,-0.863,-0.031,0.289,-30.143344082729186,82.62349407788902,71.1302518891659,2.0
2016-08-02 15:21:29.460,-0.855,-0.027,0.281,-28.985356559592173,84.84367965602027,75.2688389340478,2.0
2016-08-02 15:21:29.470,-0.844,-0.023,0.266,-27.611955643899776,87.75110350814414,79.58994940327838,2.0
2016-08-02 15:21:29.480,-0.828,-0.016,0.273,-26.977759007881183,91.31206210810659,84.04068721668602,2.0
2016-08-02 15:21:29.490,-0.816,-0.004,0.273,-27.273877448631982,95.4488951925048,88.46636356118762,2.0
2016-08-02 15:21:29.500,-0.809,0.0,0.262,-27.984730784541924,100.38200293520053,92.94664444878812,2.0
2016-08-02 15:21:29.510,-0.789,0.012,0.242,-28.011984009015052,105.4994027396554,97.64945127304188,2.0
2016-08-02 15:21:29.520,-0.781,0.023,0.215,-27.656500399108552,109.70572441432033,102.23799006980195,2.0
2016-08-02 15:21:29.530,-0.766,0.039,0.188,-27.56093535772807,112.87945998746167,106.56309802870831,2.0
2016-08-02 15:21:29.540,-0.754,0.051,0.152,-26.718692411303124,115.42588604884943,110.88183913147961,2.0
2016-08-02 15:21:29.550,-0.75,0.059,0.125,-24.90415625358199,117.92827311193084,115.3160523134782,2.0
2016-08-02 15:21:29.560,-0.73,0.082,0.109,-23.01799397815899,120.86103935842924,120.06637137092011,2.0
2016-08-02 15:21:29.570,-0.703,0.105,0.102,-21.179102090630863,124.12820263242293,125.05344178384084,2.0
2016-08-02 15:21:29.580,-0.676,0.113,0.098,-19.380924018643434,127.76877487587586,130.23544288479744,2.0
2016-08-02 15:21:29.590,-0.652,0.129,0.086,-17.331953584787424,131.5864845248704,135.42065561759338,2.0
2016-08-02 15:21:29.600,-0.621,0.176,0.051,-14.32989991573369,134.9424025904642,139.50738357839867,2.0
2016-08-02 15:21:29.610,-0.594,0.211,0.008,-11.38973827680478,137.9188023949207,142.1936380793244,2.0
2016-08-02 15:21:29.620,-0.566,0.25,-0.066,-9.114993131820956,141.02465204514255,143.79087687483707,2.0
2016-08-02 15:21:29.630,-0.531,0.328,-0.145,-5.793677303731019,144.01637221791194,144.40728385565558,2.0
2016-08-02 15:21:29.640,-0.496,0.32,-0.156,-2.906284706442292,146.58563446016933,144.61363215321046,2.0
2016-08-02 15:21:29.650,-0.449,0.363,-0.191,-0.5303419279230799,148.7534288827752,144.4916511144111,2.0
2016-08-02 15:21:29.660,-0.402,0.387,-0.18,5.704581094206258,149.3959891408349,145.44534572651702,2.0
2016-08-02 15:21:29.670,-0.367,0.344,-0.152,9.88972610596801,148.43564921353402,148.73035115229692,2.0
2016-08-02 15:21:29.680,-0.336,0.398,-0.199,5.844078113077482,146.60069839226983,152.43390851751104,2.0
2016-08-02 15:21:29.690,-0.328,0.398,-0.195,-1.3182539016958752,143.9439871445698,157.10367599371392,2.0
2016-08-02 15:21:29.700,-0.297,0.395,-0.211,-9.265096944541858,144.11542441740914,163.16728031740104,2.0
2016-08-02 15:21:29.710,-0.258,0.449,-0.27,-10.785971751880911,147.55839125564276,166.9924275057109,2.0
2016-08-02 15:21:29.720,-0.258,0.395,-0.285,-1.4588746201511742,151.1930208109108,168.54165262474876,2.0
2016-08-02 15:21:29.730,-0.242,0.457,-0.398,9.140268000550723,157.16528666039838,168.62738226691647,2.0
2016-08-02 15:21:29.740,-0.254,0.555,-0.492,19.50997351900304,162.01090817490092,166.67265172950994,2.0
2016-08-02 15:21:29.750,-0.277,0.535,-0.531,23.931937887924455,162.8139033112225,166.06960147807365,2.0
2016-08-02 15:21:29.760,-0.293,0.609,-0.594,16.12011308445212,164.47303019340856,167.6191179945343,2.0
2016-08-02 15:21:29.770,-0.305,0.578,-0.512,9.099732518339959,164.6976415000261,169.4000379033412,2.0
2016-08-02 15:21:29.780,-0.27,0.527,-0.41,7.287947527514387,165.70640543137495,171.85896092598102,2.0
2016-08-02 15:21:29.790,-0.203,0.59,-0.406,14.29874902784912,171.24132190988337,172.90490584008015,2.0
2016-08-02 15:21:29.800,-0.172,0.574,-0.359,33.75188341145174,173.61789032458194,172.25517576849415,2.0
2016-08-02 15:21:29.810,-0.129,0.617,-0.418,45.37905569813381,175.33041146611026,172.16098864980415,2.0
2016-08-02 15:21:29.820,-0.082,0.824,-0.59,42.836851222397634,178.7360859855773,171.25017989296853,2.0
2016-08-02 15:21:29.830,-0.109,0.844,-0.648,32.17635013530823,176.94264564352977,172.4809662598261,2.0
2016-08-02 15:21:29.840,-0.121,0.836,-0.691,6.4504286964046775,175.19416497504244,178.91569783468003,2.0
2016-08-02 15:21:29.850,-0.094,0.93,-0.703,-23.271720956551796,174.799757094349,185.74279714346318,2.0
2016-08-02 15:21:29.860,-0.055,0.883,-0.566,-41.73568106618049,171.48437883648165,192.4595078927798,2.0
2016-08-02 15:21:29.870,0.031,0.805,-0.496,-45.18113041944721,172.4958376022932,199.27490175789467,2.0
2016-08-02 15:21:29.880,0.109,0.766,-0.523,-20.28379938884698,174.95656937896152,200.6314878935425,2.0
2016-08-02 15:21:29.890,0.16,0.617,-0.551,21.42684589654704,172.98455211945122,197.59870425555323,2.0
2016-08-02 15:21:29.900,0.203,0.66,-0.699,48.07053483870957,173.17580860780254,194.34665702559718,2.0
2016-08-02 15:21:29.910,0.262,0.781,-0.75,56.254948829460545,170.87762462073246,192.7659586738186,2.0
2016-08-02 15:21:29.920,0.344,0.816,-0.746,42.09667410775536,165.76503030040638,194.91251991215177,2.0
2016-08-02 15:21:29.930,0.402,0.887,-0.809,5.951394206644567,167.25184335148077,199.39868891591416,2.0
2016-08-02 15:21:29.940,0.457,0.832,-0.727,-19.456610765039876,166.6202394436362,204.9005242944949,2.0
2016-08-02 15:21:29.950,0.574,0.762,-0.672,-20.928980214780484,163.50912434470385,207.2688632589073,2.0
2016-08-02 15:21:29.960,0.664,0.758,-0.676,-4.146168784325675,163.55791917819798,203.13759856688785,2.0
2016-08-02 15:21:29.970,0.77,0.676,-0.66,24.092347710101578,156.85057996363057,197.9828020250952,2.0
2016-08-02 15:21:29.980,0.852,0.688,-0.746,34.63161811097205,149.41083805405407,192.78652687339763,2.0
2016-08-02 15:21:29.990,0.914,0.777,-0.773,23.748728749936337,147.35514474044004,187.47334439383016,2.0
2016-08-02 15:21:30.000,0.945,0.832,-0.754,13.664660737069466,141.38206496158926,185.2199951670779,2.0
2016-08-02 15:21:30.010,0.969,0.848,-0.727,3.9183210061411673,135.57926606530884,182.59436199132034,2.0
2016-08-02 15:21:30.020,0.996,0.816,-0.676,1.9780278893978505,132.6430899590968,177.98754183497334,2.0
2016-08-02 15:21:30.030,1.004,0.793,-0.668,19.860074400233984,127.5175200877618,171.67773430407166,2.0
2016-08-02 15:21:30.040,0.984,0.781,-0.703,43.07863601419659,122.28861879328448,162.68329933924855,2.0
2016-08-02 15:21:30.050,0.957,0.793,-0.742,56.42593680932001,117.58782872885978,153.416712376656,2.0
2016-08-02 15:21:30.060,0.934,0.844,-0.762,59.37848458069108,113.72083146614789,144.3720415963504,2.0
2016-08-02 15:21:30.070,0.914,0.871,-0.734,57.04490208241034,112.20608474465844,136.2687528950063,2.0
2016-08-02 15:21:30.080,0.898,0.848,-0.691,52.440380863841185,111.65333636409379,131.24548331154142,2.0
2016-08-02 15:21:30.090,0.898,0.832,-0.66,49.92997010585735,112.41526269092552,126.92257296025105,2.0
2016-08-02 15:21:30.100,0.875,0.832,-0.656,57.59192392141571,114.07849282098499,120.863404113404,2.0
2016-08-02 15:21:30.110,0.855,0.832,-0.699,70.98903672974896,114.23978601080509,114.08198010653463,2.0
2016-08-02 15:21:30.120,0.859,0.863,-0.734,77.5821324255056,112.66415388379639,107.04985352154296,2.0
2016-08-02 15:21:30.130,0.859,0.883,-0.75,74.0019340823879,109.19417690889827,99.76704725572654,2.0
2016-08-02 15:21:30.140,0.863,0.891,-0.719,61.88808195597156,104.12680550946564,94.15054528975321,2.0
2016-08-02 15:21:30.150,0.895,0.891,-0.637,47.64428350515145,99.76280028763713,90.41428099810014,2.0
2016-08-02 15:21:30.160,0.926,0.844,-0.559,41.05834254393126,96.25559997290569,85.79145101394177,2.0
2016-08-02 15:21:30.170,0.953,0.777,-0.516,41.822520644771174,91.91126463322868,79.47522354823559,2.0
2016-08-02 15:21:30.180,0.957,0.699,-0.52,43.29757955935206,87.3510886159564,72.61672035097509,2.0
2016-08-02 15:21:30.190,0.953,0.648,-0.547,43.40782608939897,83.56099658140717,65.34112695230303,2.0
2016-08-02 15:21:30.200,0.953,0.645,-0.563,41.03088204095987,79.83270566620055,57.644143555820335,2.0
2016-08-02 15:21:30.210,0.957,0.656,-0.555,34.75609596008578,75.96662926574362,50.725793538055754,2.0
2016-08-02 15:21:30.220,0.977,0.641,-0.52,27.590170647670433,71.86470195853491,45.34913647388752,2.0
2016-08-02 15:21:30.230,0.984,0.629,-0.492,22.89355961734876,66.84188952002276,40.99654876082632,2.0
2016-08-02 15:21:30.240,0.984,0.617,-0.488,18.79427584149297,61.64455577903995,37.531725401797246,2.0
2016-08-02 15:21:30.250,0.973,0.602,-0.504,13.25206272324371,57.44919285912732,34.89726325050722,2.0
2016-08-02 15:21:30.260,0.953,0.586,-0.543,8.220102772173167,54.115237804068876,32.35627384845555,2.0
2016-08-02 15:21:30.270,0.938,0.582,-0.574,4.271066612739788,51.36450967323469,29.51323910947729,2.0
2016-08-02 15:21:30.280,0.918,0.594,-0.57,-1.09026411424762,49.11916041943322,26.673095391047276,2.0
2016-08-02 15:21:30.290,0.906,0.598,-0.547,-7.870389122059242,47.212771682689414,24.357303484079658,2.0
2016-08-02 15:21:30.300,0.895,0.586,-0.52,-13.117488998961978,45.4286274937942,22.378975239807687,2.0
2016-08-02 15:21:30.310,0.887,0.563,-0.488,-15.149922486341996,43.31922693862748,19.895834601460813,2.0
2016-08-02 15:21:30.320,0.871,0.559,-0.484,-14.04502911658486,40.20208713744456,16.68026484623746,2.0
2016-08-02 15:21:30.330,0.859,0.574,-0.5,-11.003329171922573,35.78666800574611,12.601179209369818,2.0
2016-08-02 15:21:30.340,0.84,0.613,-0.523,-8.49279280829374,31.31371369694211,7.669294526341384,2.0
2016-08-02 15:21:30.350,0.82,0.629,-0.535,-6.004625168348879,27.183822916218514,3.049929090059465,2.0
2016-08-02 15:21:30.360,0.828,0.617,-0.531,0.742559146554945,22.18480284646117,-1.3891998221948079,2.0
2016-08-02 15:21:30.370,0.844,0.598,-0.523,11.429014778211343,17.500205973393456,-6.602665973587787,2.0
2016-08-02 15:21:30.380,0.855,0.566,-0.516,21.507744379382952,14.44540764549874,-10.96686019993653,2.0
2016-08-02 15:21:30.390,0.879,0.523,-0.508,28.9677495324878,11.884362582082037,-13.38430055420692,2.0
2016-08-02 15:21:30.400,0.895,0.492,-0.508,31.60229623648416,9.879310635247231,-14.756465858348593,2.0
2016-08-02 15:21:30.410,0.891,0.469,-0.516,28.188257627489545,8.751731342191372,-15.058557984650257,2.0
2016-08-02 15:21:30.420,0.891,0.457,-0.52,22.210058484904998,7.49334154941841,-14.608174819582018,2.0
2016-08-02 15:21:30.430,0.883,0.453,-0.516,16.542255569206944,5.787368246275951,-14.316558446185416,2.0
2016-08-02 15:21:30.440,0.875,0.438,-0.5,12.04703591165086,3.340654639010407,-14.291262902165116,2.0
2016-08-02 15:21:30.450,0.867,0.41,-0.48,9.000987238240256,0.10316233592897073,-14.662786798702793,2.0
2016-08-02 15:21:30.460,0.859,0.391,-0.453,5.4223036937777085,-3.023770964506524,-15.010016706217295,2.0
2016-08-02 15:21:30.470,0.863,0.379,-0.434,0.05492412506697886,-5.880840469675956,-14.798535112197158,2.0
2016-08-02 15:21:30.480,0.863,0.383,-0.441,-4.481282076144919,-8.762376840636842,-14.845872368882585,2.0
2016-08-02 15:21:30.490,0.848,0.395,-0.473,-5.79225318335117,-12.211990770290548,-15.702098966486336,2.0
2016-08-02 15:21:30.500,0.82,0.414,-0.5,-5.4124835335302555,-17.214008576683952,-17.180334476776924,2.0
2016-08-02 15:21:30.510,0.832,0.43,-0.523,-5.193087195148847,-23.432769276924137,-19.66015785054241,2.0
2016-08-02 15:21:30.520,0.848,0.445,-0.543,-5.713777525394805,-29.702731695542823,-22.92579352730491,2.0
2016-08-02 15:21:30.530,0.863,0.445,-0.535,-8.084082677294145,-35.612535010524894,-25.518909562239934,2.0
2016-08-02 15:21:30.540,0.883,0.434,-0.52,-11.649373079114751,-40.97873731728091,-26.843124214881183,2.0
2016-08-02 15:21:30.550,0.895,0.453,-0.527,-13.247099627120022,-45.57376164352357,-27.888153814036084,2.0
2016-08-02 15:21:30.560,0.875,0.473,-0.543,-9.92753984362712,-49.92406315095874,-29.255759603238502,2.0
2016-08-02 15:21:30.570,0.855,0.488,-0.559,-3.3614318162371664,-54.97500326218152,-31.088398732497836,2.0
2016-08-02 15:21:30.580,0.844,0.52,-0.586,-0.035002236847636425,-60.57735919130572,-34.095619161315355,2.0
2016-08-02 15:21:30.590,0.848,0.555,-0.598,-1.5048879691170827,-66.09341504522185,-37.97612011989638,2.0
2016-08-02 15:21:30.600,0.855,0.563,-0.586,-2.2506836798088687,-71.51092355651022,-42.11585641909737,2.0
2016-08-02 15:21:30.610,0.875,0.555,-0.582,0.3984762212859302,-76.62063353137714,-46.98779824008692,2.0
2016-08-02 15:21:30.620,0.879,0.563,-0.59,4.288047100598755,-81.70043008238328,-52.00153816899933,2.0
2016-08-02 15:21:30.630,0.867,0.574,-0.613,8.032542342049657,-88.03059226579877,-56.33886727063897,2.0
2016-08-02 15:21:30.640,0.867,0.582,-0.633,11.630989637163085,-95.55048868561981,-60.61157941010412,2.0
2016-08-02 15:21:30.650,0.883,0.605,-0.645,14.666636709469392,-102.80524836396461,-65.3711174485838,2.0
2016-08-02 15:21:30.660,0.895,0.621,-0.656,17.521042494703103,-109.3639292683043,-70.6563463831221,2.0
2016-08-02 15:21:30.670,0.895,0.637,-0.672,20.821009331683978,-115.82505337872041,-75.6368938563959,2.0
2016-08-02 15:21:30.680,0.891,0.66,-0.684,22.37289200310312,-122.20520410708245,-79.45480261190175,2.0
2016-08-02 15:21:30.690,0.891,0.676,-0.711,21.52550769303972,-127.69826505743285,-82.9092868636464,2.0
2016-08-02 15:21:30.700,0.891,0.684,-0.742,22.473032934023188,-132.55228158524713,-87.01221213335255,2.0
2016-08-02 15:21:30.710,0.883,0.711,-0.77,24.660107458504193,-137.9071041920449,-91.48301533895534,2.0
2016-08-02 15:21:30.720,0.867,0.75,-0.797,22.965042491736153,-143.72651429887082,-95.41873335239546,2.0
2016-08-02 15:21:30.730,0.859,0.773,-0.805,18.89580528642741,-149.68091363418264,-98.76666764317424,2.0
2016-08-02 15:21:30.740,0.867,0.793,-0.801,16.735113633691345,-155.46047800284987,-102.4503945704864,2.0
2016-08-02 15:21:30.750,0.879,0.789,-0.785,15.954784163514596,-160.30594611219348,-106.55412393835672,2.0
2016-08-02 15:21:30.760,0.883,0.785,-0.777,14.52270825279167,-164.01734744283215,-110.19801482427981,2.0
2016-08-02 15:21:30.770,0.871,0.793,-0.773,12.231690952969938,-166.82531132620477,-113.20438758232929,2.0
2016-08-02 15:21:30.780,0.836,0.809,-0.801,9.34009539906997,-169.19904804118633,-115.85484796292866,2.0
2016-08-02 15:21:30.790,0.797,0.824,-0.836,6.025079790058593,-171.97684552933686,-118.0510164158755,2.0
2016-08-02 15:21:30.800,0.773,0.852,-0.875,3.0771430776902036,-175.6014905660146,-120.22876486955782,2.0
2016-08-02 15:21:30.810,0.754,0.871,-0.906,0.8190549639646876,-179.50909061414393,-123.06782412875134,2.0
2016-08-02 15:21:30.820,0.734,0.867,-0.914,-1.6639197053266748,-182.72123060799206,-126.06358264888047,2.0
2016-08-02 15:21:30.830,0.719,0.859,-0.906,-5.155461621368894,-184.7274944647509,-128.55113898633238,2.0
2016-08-02 15:21:30.840,0.695,0.832,-0.895,-8.415969675424115,-186.10232150365692,-130.7127939630706,2.0
2016-08-02 15:21:30.850,0.648,0.809,-0.887,-10.645950172783763,-187.8512562840079,-132.61385610085335,2.0
2016-08-02 15:21:30.860,0.617,0.793,-0.871,-13.49322574473682,-189.44669074717842,-134.16208077316836,2.0
2016-08-02 15:21:30.870,0.586,0.785,-0.883,-16.87200928791566,-190.0774565510476,-135.91929343208005,2.0
2016-08-02 15:21:30.880,0.547,0.781,-0.902,-18.826090634960018,-190.65527881382414,-138.25203863915928,2.0
2016-08-02 15:21:30.890,0.5,0.777,-0.914,-19.916931258473713,-191.86981246148463,-140.37840752787542,2.0
2016-08-02 15:21:30.900,0.465,0.77,-0.914,-22.312952752830583,-193.06803303624514,-141.70097526913028,2.0
2016-08-02 15:21:30.910,0.422,0.746,-0.906,-25.35146634145339,-193.99907241743867,-142.53976441672785,2.0
2016-08-02 15:21:30.920,0.367,0.73,-0.895,-28.344056574510294,-195.01568133187808,-142.88315857993643,2.0
2016-08-02 15:21:30.930,0.336,0.73,-0.867,-32.8467979230773,-195.52572264536286,-142.65652906326017,2.0
2016-08-02 15:21:30.940,0.289,0.707,-0.859,-35.50001834625356,-194.76836311101974,-143.05908530925348,2.0
2016-08-02 15:21:30.950,0.246,0.68,-0.84,-31.910010163369478,-193.65106979133532,-144.77189411126548,2.0
2016-08-02 15:21:30.960,0.211,0.668,-0.836,-26.25726652676282,-193.54256128505952,-146.4598392104581,2.0
2016-08-02 15:21:30.970,0.172,0.664,-0.816,-25.259517135611837,-194.0877897077881,-147.06098396551167,2.0
2016-08-02 15:21:30.980,0.133,0.664,-0.785,-29.858577194071458,-194.10338688917713,-146.7847845222918,2.0
2016-08-02 15:21:30.990,0.094,0.656,-0.75,-35.359283959853656,-193.36979976257956,-146.19274791424775,2.0
2016-08-02 15:21:31.000,0.051,0.633,-0.719,-37.06539734698937,-192.1952786364226,-145.69339078570064,2.0
2016-08-02 15:21:31.010,0.016,0.582,-0.656,-35.97590160979913,-190.79118469703508,-144.98420162825238,2.0
2016-08-02 15:21:31.020,-0.023,0.535,-0.609,-35.672577715646064,-188.94829779313727,-143.61350979169725,2.0
2016-08-02 15:21:31.030,-0.082,0.504,-0.574,-36.797404533025954,-186.3240153702505,-141.27595133840802,2.0
2016-08-02 15:21:31.040,-0.152,0.473,-0.551,-37.715174398178895,-183.1939348015994,-137.86508441827587,2.0
2016-08-02 15:21:31.050,-0.211,0.465,-0.52,-37.27110919948881,-179.64752851656942,-134.09538330104536,2.0
2016-08-02 15:21:31.060,-0.25,0.445,-0.488,-37.234155662871515,-175.6267816374483,-130.0538767414144,2.0
2016-08-02 15:21:31.070,-0.293,0.422,-0.465,-39.69855869086945,-171.55599995668638,-124.88499986922508,2.0
2016-08-02 15:21:31.080,-0.324,0.379,-0.414,-43.333080670859985,-167.24919527399663,-118.50835869063683,2.0
2016-08-02 15:21:31.090,-0.344,0.363,-0.391,-46.16598978531627,-161.63798348358853,-112.5492727488763,2.0
2016-08-02 15:21:31.100,-0.352,0.391,-0.441,-45.28672932215855,-155.51174401743532,-108.34448963292178,2.0
2016-08-02 15:21:31.110,-0.363,0.418,-0.496,-41.05503768012873,-152.0099851397768,-104.39755164787663,2.0
2016-08-02 15:21:31.120,-0.344,0.465,-0.547,-41.760081213918326,-151.37530878810065,-100.18550916283444,2.0
2016-08-02 15:21:31.130,-0.316,0.484,-0.539,-49.06819358951887,-150.50109430480703,-96.84344862959853,2.0
2016-08-02 15:21:31.140,-0.305,0.445,-0.477,-54.795231421379285,-148.13947885157535,-93.86213611716846,2.0
2016-08-02 15:21:31.150,-0.297,0.402,-0.379,-54.177717659404145,-144.66195571704336,-91.73393997766415,2.0
2016-08-02 15:21:31.160,-0.293,0.332,-0.285,-47.00500092409098,-139.82328194920328,-91.87604571047362,2.0
2016-08-02 15:21:31.170,-0.316,0.309,-0.254,-35.520189996978786,-134.2918398756172,-93.51134750739391,2.0
2016-08-02 15:21:31.180,-0.371,0.293,-0.242,-23.636564473757584,-129.86831219842907,-94.89456400891268,2.0
2016-08-02 15:21:31.190,-0.441,0.336,-0.301,-15.73918688848426,-127.18208469974081,-95.68859420307983,2.0
2016-08-02 15:21:31.200,-0.5,0.367,-0.309,-14.596661026440453,-125.80297605389202,-95.3706849314054,2.0
2016-08-02 15:21:31.210,-0.547,0.359,-0.289,-17.883505362006666,-124.76455356318066,-93.60854672055541,2.0
2016-08-02 15:21:31.220,-0.59,0.352,-0.25,-19.515439879632332,-122.85029162564666,-92.91251919445293,2.0
2016-08-02 15:21:31.230,-0.625,0.289,-0.191,-14.13363834563913,-119.96824040247101,-93.48917855964811,2.0
2016-08-02 15:21:31.240,-0.656,0.23,-0.133,-3.264333650946579,-116.44963764650421,-93.54238986332174,2.0
2016-08-02 15:21:31.250,-0.684,0.246,-0.117,6.840209573169105,-113.02520587948855,-93.86705612401593,2.0
2016-08-02 15:21:31.260,-0.734,0.27,-0.117,12.076846476782706,-111.38876479498171,-93.416030844711,2.0
2016-08-02 15:21:31.270,-0.777,0.27,-0.102,10.503383779943086,-111.94681997295504,-90.98449306395476,2.0
2016-08-02 15:21:31.280,-0.805,0.281,-0.102,5.194260970445548,-112.73144512604742,-88.93008669014053,2.0
2016-08-02 15:21:31.290,-0.824,0.277,-0.082,2.1126939799164797,-112.64791220455682,-87.83688361546714,2.0
2016-08-02 15:21:31.300,-0.82,0.254,-0.051,1.496934632893348,-112.2713580829027,-86.41038245686403,2.0
2016-08-02 15:21:31.310,-0.813,0.246,-0.02,1.9086357502977416,-111.11781571898203,-85.35884701557546,2.0
2016-08-02 15:21:31.320,-0.824,0.215,0.0,3.9280227261273892,-109.03658970126241,-85.11173968410117,2.0
2016-08-02 15:21:31.330,-0.848,0.191,0.012,6.177476467862122,-106.88822229253242,-84.79138799738797,2.0
2016-08-02 15:21:31.340,-0.855,0.195,0.012,7.649020892550909,-105.01533125016942,-84.16012685964563,2.0
2016-08-02 15:21:31.350,-0.863,0.191,0.02,7.628338915421892,-103.75792334211499,-83.15439345809367,2.0
2016-08-02 15:21:31.360,-0.867,0.184,0.035,4.8595698506672,-102.88271032980023,-81.94763316709228,2.0
2016-08-02 15:21:31.370,-0.875,0.16,0.051,2.0124708923171326,-101.65373739466827,-81.1188972728031,2.0
2016-08-02 15:21:31.380,-0.871,0.133,0.09,1.8109526377614342,-100.00554419932561,-80.39336940986325,2.0
2016-08-02 15:21:31.390,-0.855,0.109,0.129,3.28614504911455,-98.14227727111889,-79.8050484748713,2.0
2016-08-02 15:21:31.400,-0.855,0.078,0.148,5.707982137101996,-96.33560124147075,-79.79444888191139,2.0
2016-08-02 15:21:31.410,-0.867,0.059,0.164,8.019635166241615,-95.01167259943463,-79.11026163292624,2.0
2016-08-02 15:21:31.420,-0.875,0.055,0.184,8.804085490173048,-94.1870781849519,-77.27737776601582,2.0
2016-08-02 15:21:31.430,-0.871,0.047,0.191,9.792858154633127,-93.4139668245646,-75.88420038754818,2.0
2016-08-02 15:21:31.440,-0.887,0.016,0.199,13.38190910632704,-92.65986647752797,-74.64033433473513,2.0
2016-08-02 15:21:31.450,-0.906,0.0,0.219,18.03136822390707,-92.15354175309561,-72.04896971228439,2.0
2016-08-02 15:21:31.460,-0.902,0.012,0.246,20.304731568219367,-91.28854266507435,-68.40010178892325,2.0
2016-08-02 15:21:31.470,-0.898,0.023,0.27,19.277497622061524,-89.91797230303644,-64.39405458760865,2.0
2016-08-02 15:21:31.480,-0.91,0.02,0.301,16.053389545157522,-88.88734333430845,-60.501807733123044,2.0
2016-08-02 15:21:31.490,-0.918,0.016,0.328,12.801769945685855,-87.5847309295415,-57.33330624666448,2.0
2016-08-02 15:21:31.500,-0.902,0.0,0.352,12.39373951805599,-85.15261638095171,-55.00256636430338,2.0
2016-08-02 15:21:31.510,-0.898,-0.02,0.363,14.703936291709502,-82.74831307841542,-53.36361948815158,2.0
2016-08-02 15:21:31.520,-0.898,-0.02,0.383,16.190890566685574,-80.87201631090673,-51.59737081969327,2.0
2016-08-02 15:21:31.530,-0.887,-0.016,0.414,14.363247719194494,-78.1778145567566,-49.17510147613357,2.0
2016-08-02 15:21:31.540,-0.875,-0.023,0.457,10.836212381078811,-74.0994935949389,-47.39520322535021,2.0
2016-08-02 15:21:31.550,-0.855,-0.043,0.484,9.489216743760661,-69.04671984829804,-46.5281409058259,2.0
2016-08-02 15:21:31.560,-0.848,-0.07,0.48,10.756883769436714,-63.1071185164889,-45.635141643512966,2.0
2016-08-02 15:21:31.570,-0.855,-0.086,0.461,12.096816813032198,-57.1908402027707,-44.971018010920666,2.0
2016-08-02 15:21:31.580,-0.852,-0.102,0.445,12.38979402825754,-52.055754177654464,-43.70795489393076,2.0
2016-08-02 15:21:31.590,-0.84,-0.098,0.445,10.465486671834226,-46.403304755822056,-40.56546294394521,2.0
2016-08-02 15:21:31.600,-0.828,-0.102,0.453,6.2828488451457964,-40.00113275384557,-36.69259457737831,2.0
2016-08-02 15:21:31.610,-0.824,-0.121,0.457,2.908359041904352,-33.67767923580561,-32.73692618116662,2.0
2016-08-02 15:21:31.620,-0.824,-0.141,0.461,1.1226534402909218,-26.730680805541077,-27.621933849177154,2.0
2016-08-02 15:21:31.630,-0.805,-0.148,0.453,-0.9593103619736734,-19.46813201819919,-21.66904761703924,2.0
2016-08-02 15:21:31.640,-0.789,-0.16,0.449,-3.2587762453014717,-12.826314851016056,-15.866586478077377,2.0
2016-08-02 15:21:31.650,-0.797,-0.172,0.441,-5.367379034242514,-6.513427026674254,-9.85086627494422,2.0
2016-08-02 15:21:31.660,-0.797,-0.176,0.434,-8.080972864190866,-0.6558615131017475,-3.2116372590494886,2.0
2016-08-02 15:21:31.670,-0.793,-0.16,0.426,-11.57377405213616,4.881549671666944,3.647880282216657,2.0
2016-08-02 15:21:31.680,-0.793,-0.156,0.426,-15.349152099180849,10.751014498849477,10.097944178772675,2.0
2016-08-02 15:21:31.690,-0.801,-0.156,0.438,-18.013444179469797,16.786658694909512,15.85209580626845,2.0
2016-08-02 15:21:31.700,-0.805,-0.156,0.449,-18.612795431056576,22.59649931445503,20.898717403331652,2.0
2016-08-02 15:21:31.710,-0.816,-0.141,0.441,-19.187747232674223,27.572013206267947,25.099932759075728,2.0
2016-08-02 15:21:31.720,-0.84,-0.129,0.434,-21.304394575016858,30.99740069349143,29.075547044408772,2.0
2016-08-02 15:21:31.730,-0.852,-0.121,0.438,-23.427186796348252,33.63071847069607,33.58525101461565,2.0
2016-08-02 15:21:31.740,-0.852,-0.109,0.461,-24.818716559646457,36.76316955852003,37.704852137397104,2.0
2016-08-02 15:21:31.750,-0.863,-0.113,0.484,-26.353689799606983,39.94483289274881,40.75278521049703,2.0
2016-08-02 15:21:31.760,-0.887,-0.117,0.488,-28.240419911966345,42.342772187790416,43.58809380060471,2.0
2016-08-02 15:21:31.770,-0.91,-0.117,0.473,-30.48516614211332,44.51695417137247,46.373094712803,2.0
2016-08-02 15:21:31.780,-0.926,-0.109,0.465,-32.865096760760174,47.190317113730856,48.8636671923197,2.0
2016-08-02 15:21:31.790,-0.926,-0.09,0.461,-34.69729974865262,50.56476820638456,51.37623120598369,2.0
2016-08-02 15:21:31.800,-0.93,-0.074,0.434,-36.210108600212635,54.53805199571199,53.547581695606304,2.0
2016-08-02 15:21:31.810,-0.941,-0.07,0.418,-38.023543833768606,57.99836718898577,55.599921110867115,2.0
2016-08-02 15:21:31.820,-0.945,-0.066,0.414,-40.06093940249288,60.03008000734174,58.52153222496861,2.0
2016-08-02 15:21:31.830,-0.934,-0.059,0.422,-41.69407488534249,61.75843849967262,61.5869639449746,2.0
2016-08-02 15:21:31.840,-0.926,-0.055,0.422,-42.10943472610569,64.18972425639649,63.872011257551314,2.0
2016-08-02 15:21:31.850,-0.914,-0.055,0.41,-41.795692662547694,66.56796359238058,65.71127079918199,2.0
2016-08-02 15:21:31.860,-0.906,-0.043,0.395,-42.089766351931694,68.67441294603796,67.46279093369951,2.0
2016-08-02 15:21:31.870,-0.891,-0.016,0.383,-42.92964735805546,71.26054016521095,69.39688749351171,2.0
2016-08-02 15:21:31.880,-0.879,0.0,0.367,-43.67566877127817,74.16866084353128,71.29711274776763,2.0
2016-08-02 15:21:31.890,-0.875,0.0,0.352,-44.07103276863879,76.68328414440818,72.82514321880251,2.0
2016-08-02 15:21:31.900,-0.875,0.004,0.328,-43.783879203534745,78.99174942364819,74.39482266552002,2.0
2016-08-02 15:21:31.910,-0.871,0.012,0.293,-42.53186636789114,81.4795236191334,76.04017093852728,2.0
2016-08-02 15:21:31.920,-0.863,0.031,0.242,-40.19496035934598,83.7953777287988,77.47790566277101,2.0
2016-08-02 15:21:31.930,-0.859,0.035,0.211,-37.26680402107888,85.82846594545732,79.1365276541309,2.0
2016-08-02 15:21:31.940,-0.852,0.047,0.203,-34.11103689873539,87.8149877653783,81.32886124996242,2.0
2016-08-02 15:21:31.950,-0.844,0.055,0.211,-30.631964454926635,89.83427616308056,83.63916377246267,2.0
2016-08-02 15:21:31.960,-0.832,0.063,0.215,-27.36185902853964,91.8266724026962,85.89995368168317,2.0
2016-08-02 15:21:31.970,-0.828,0.059,0.223,-24.869228195296785,93.52740754175986,88.56909798119386,2.0
2016-08-02 15:21:31.980,-0.82,0.07,0.211,-23.31557031152783,95.10299072788065,91.6549532777997,2.0
2016-08-02 15:21:31.990,-0.816,0.09,0.18,-22.12711570382742,96.6357230367079,94.62271242642652,2.0
2016-08-02 15:21:32.000,-0.828,0.105,0.129,-20.119637427479685,97.79908919559975,97.48738924979165,2.0
2016-08-02 15:21:32.010,-0.816,0.141,0.078,-16.972760980590426,99.12528992418305,100.66695835920034,2.0
2016-08-02 15:21:32.020,-0.793,0.172,0.047,-12.965470647614417,101.13429438149677,103.44172861273127,2.0
2016-08-02 15:21:32.030,-0.766,0.219,0.027,-7.912431769650271,103.54157859359145,104.84526621830531,2.0
2016-08-02 15:21:32.040,-0.75,0.219,0.035,-1.8597635635096097,105.86413899036826,105.76490145673935,2.0
2016-08-02 15:21:32.050,-0.73,0.203,0.051,3.0716565320062568,107.48534855888275,106.94508636550172,2.0
2016-08-02 15:21:32.060,-0.723,0.227,0.047,4.083961897155903,107.85217177480195,108.12071659559629,2.0
2016-08-02 15:21:32.070,-0.715,0.227,0.035,1.08992225261562,107.26157123908919,109.84794330690588,2.0
2016-08-02 15:21:32.080,-0.715,0.234,-0.027,-2.720116062286693,108.13724471532612,112.79389068707087,2.0
2016-08-02 15:21:32.090,-0.707,0.285,-0.094,-3.852849831617382,111.31585835529894,116.2313301910771,2.0
2016-08-02 15:21:32.100,-0.695,0.336,-0.148,-2.732738766590163,113.97109084150878,118.23534925615347,2.0
2016-08-02 15:21:32.110,-0.684,0.387,-0.18,0.4557438171544155,115.50382386740468,118.62554021477868,2.0
2016-08-02 15:21:32.120,-0.66,0.375,-0.168,7.751928391666336,117.39918827721357,118.94601765258878,2.0
2016-08-02 15:21:32.130,-0.633,0.363,-0.164,15.220265327657165,119.73070553762079,119.18338551321696,2.0
2016-08-02 15:21:32.140,-0.609,0.371,-0.145,17.669008220011033,121.38066480555364,119.92600606745333,2.0
2016-08-02 15:21:32.150,-0.563,0.355,-0.082,15.732499844176647,122.31137807544881,122.67622649357196,2.0
2016-08-02 15:21:32.160,-0.477,0.375,-0.063,11.846123565077628,125.32148152227288,126.07897009685333,2.0
2016-08-02 15:21:32.170,-0.418,0.41,-0.066,8.914537063932936,129.15500011391893,128.48171971195364,2.0
2016-08-02 15:21:32.180,-0.391,0.395,-0.074,6.26684631616123,131.42683609644604,130.69555403581515,2.0
2016-08-02 15:21:32.190,-0.359,0.48,-0.156,5.251236586089869,135.5435393616201,132.63419741422197,2.0
2016-08-02 15:21:32.200,-0.355,0.559,-0.25,11.132904461294286,137.99614108453056,133.00789014414272,2.0
2016-08-02 15:21:32.210,-0.371,0.539,-0.309,14.750110563892783,135.4685585521297,133.19766453134412,2.0
2016-08-02 15:21:32.220,-0.371,0.609,-0.387,9.303977004681322,135.43640950299852,135.13102852641836,2.0
2016-08-02 15:21:32.230,-0.379,0.637,-0.391,4.2846683084330595,135.3939164882516,138.04629915020013,2.0
2016-08-02 15:21:32.240,-0.348,0.578,-0.332,-1.7115698496845155,132.4039117179323,141.8415859470868,2.0
2016-08-02 15:21:32.250,-0.289,0.613,-0.316,-9.131351035418735,134.6049612755781,146.74406773032743,2.0
2016-08-02 15:21:32.260,-0.254,0.617,-0.289,-10.467526514094331,138.16262891248346,150.563761095705,2.0
2016-08-02 15:21:32.270,-0.242,0.594,-0.285,-12.309596616337531,139.876685282684,152.69113958888013,2.0
2016-08-02 15:21:32.280,-0.246,0.672,-0.383,-11.713245126120409,143.35675589606677,154.5389765218524,2.0
2016-08-02 15:21:32.290,-0.27,0.664,-0.445,-2.9685707531094727,141.52986554536673,156.49976437693647,2.0
2016-08-02 15:21:32.300,-0.273,0.637,-0.477,-4.835346923634335,136.99231085233305,159.97908674270337,2.0
2016-08-02 15:21:32.310,-0.246,0.746,-0.547,-18.048350758652354,136.5465641525745,164.8249199799505,2.0
2016-08-02 15:21:32.320,-0.211,0.742,-0.555,-23.60673633986813,133.8375320086305,168.00855423549166,2.0
2016-08-02 15:21:32.330,-0.18,0.691,-0.574,-21.588026147794626,132.64308649848172,169.95357320356212,2.0
2016-08-02 15:21:32.340,-0.148,0.746,-0.609,-14.167780005133359,135.1405907994459,171.72354684084928,2.0
2016-08-02 15:21:32.350,-0.125,0.707,-0.609,-5.717956403425014,132.89488992764853,171.24182658646487,2.0
2016-08-02 15:21:32.360,-0.156,0.676,-0.641,-4.481616399083291,130.03675505617574,170.6233772132049,2.0
2016-08-02 15:21:32.370,-0.125,0.738,-0.625,-0.24029339076715717,126.03380097191528,173.87626540757105,2.0
2016-08-02 15:21:32.380,-0.008,0.801,-0.578,9.35516035781258,117.59929432904511,176.71547142420468,2.0
2016-08-02 15:21:32.390,0.113,0.887,-0.578,18.883036777604826,112.8633566682557,174.71373315887973,2.0
2016-08-02 15:21:32.400,0.211,0.883,-0.551,36.532129196445005,108.08587104798917,171.90007071605186,2.0
2016-08-02 15:21:32.410,0.289,0.848,-0.547,51.567724909835064,103.10848528929226,170.7939061654427,2.0
2016-08-02 15:21:32.420,0.293,0.879,-0.629,48.05457222879835,104.86069438779286,170.16633285839328,2.0
2016-08-02 15:21:32.430,0.242,0.859,-0.684,34.96733883205708,103.61931884305517,171.2879432237549,2.0
2016-08-02 15:21:32.440,0.215,0.875,-0.703,20.79563989073846,99.30071799653831,173.96863290518928,2.0
2016-08-02 15:21:32.450,0.242,0.902,-0.711,14.275733633251326,98.84212781978559,173.96111185522116,2.0
2016-08-02 15:21:32.460,0.336,0.883,-0.672,24.740990887849584,97.87366368884692,168.71311530280744,2.0
2016-08-02 15:21:32.470,0.422,0.922,-0.676,45.514447203135305,99.89672065376664,159.14008205621556,2.0
2016-08-02 15:21:32.480,0.457,0.98,-0.68,67.96049574008946,103.75099436251986,147.87125595535542,2.0
2016-08-02 15:21:32.490,0.453,0.973,-0.668,82.25999316336211,102.83312401632229,139.00329688765868,2.0
2016-08-02 15:21:32.500,0.418,0.992,-0.684,81.36498149510382,102.62065590437594,134.5358340099623,2.0
2016-08-02 15:21:32.510,0.41,0.98,-0.641,75.54067158608473,101.66693181172677,133.28214603599213,2.0
2016-08-02 15:21:32.520,0.402,0.918,-0.605,70.01397747916239,98.99752024209552,134.33708621114118,2.0
2016-08-02 15:21:32.530,0.387,0.844,-0.621,63.54652392004147,102.10794912837257,136.81681887910884,2.0
2016-08-02 15:21:32.540,0.402,0.816,-0.633,65.26922855780519,106.46900497290115,138.08872698251295,2.0
2016-08-02 15:21:32.550,0.461,0.871,-0.648,75.31322098791854,109.03752056209562,135.05094870234194,2.0
2016-08-02 15:21:32.560,0.523,0.957,-0.648,82.6486189407949,112.99755116313293,128.71420677808675,2.0
2016-08-02 15:21:32.570,0.582,0.957,-0.617,80.68535181473763,115.5924742831944,123.76560775968427,2.0
2016-08-02 15:21:32.580,0.625,0.949,-0.605,67.44796647081336,118.53907894403069,121.32713268289675,2.0
2016-08-02 15:21:32.590,0.656,0.949,-0.555,51.74288517635535,123.11225821444529,119.84283295240056,2.0
2016-08-02 15:21:32.600,0.688,0.895,-0.504,45.3219240327778,125.79241673483355,119.59124002214013,2.0
2016-08-02 15:21:32.610,0.719,0.801,-0.488,48.56595488762416,128.11065159947827,119.9751698612775,2.0
2016-08-02 15:21:32.620,0.742,0.688,-0.531,60.04310182175135,129.63875676868642,119.85835126904377,2.0
2016-08-02 15:21:32.630,0.738,0.559,-0.672,75.70721960497102,127.29145089615142,118.24051852185372,2.0
2016-08-02 15:21:32.640,0.75,0.555,-0.848,84.62192419835135,122.05308062054465,111.60197801509591,2.0
2016-08-02 15:21:32.650,0.777,0.633,-0.934,82.1185158218064,115.7990582642229,100.28176657417147,2.0
2016-08-02 15:21:32.660,0.816,0.711,-0.93,69.66190146005772,111.52067581219775,89.78331569329721,2.0
2016-08-02 15:21:32.670,0.848,0.758,-0.848,52.747557894672426,110.35856599878093,81.26810846424635,2.0
2016-08-02 15:21:32.680,0.867,0.758,-0.723,41.9077510930916,108.63039988169578,75.0900150739833,2.0
2016-08-02 15:21:32.690,0.852,0.676,-0.605,37.562571368695494,105.5083059113022,75.31157512734976,2.0
2016-08-02 15:21:32.700,0.852,0.598,-0.512,33.450604664932044,102.79673797502173,80.92761503217434,2.0
2016-08-02 15:21:32.710,0.875,0.57,-0.469,29.851833339473988,100.17950890049704,85.28406865690181,2.0
2016-08-02 15:21:32.720,0.898,0.508,-0.492,25.2221366494552,98.66783621067928,85.98107136263849,2.0
2016-08-02 15:21:32.730,0.914,0.457,-0.559,19.50327352067802,98.65304044206434,84.20691997442654,2.0
2016-08-02 15:21:32.740,0.918,0.484,-0.629,16.106477284236828,97.67480136952025,78.64043380173021,2.0
2016-08-02 15:21:32.750,0.898,0.559,-0.691,10.374828216599814,95.38757515703293,70.95538253555347,2.0
2016-08-02 15:21:32.760,0.871,0.594,-0.699,1.4656775378679143,91.96150235703831,65.9346449770351,2.0
2016-08-02 15:21:32.770,0.867,0.621,-0.645,-3.3074270363891447,86.39556941160603,63.0041667843107,2.0
2016-08-02 15:21:32.780,0.879,0.629,-0.578,-4.743994765713069,80.5004444481765,60.10369446834353,2.0
2016-08-02 15:21:32.790,0.898,0.617,-0.516,-6.002666783976373,76.4020817053444,57.882425677369895,2.0
2016-08-02 15:21:32.800,0.914,0.598,-0.484,-4.985189260883791,73.4795841273517,55.72772395531526,2.0
2016-08-02 15:21:32.810,0.918,0.582,-0.477,-3.531253627229346,71.07800087595919,52.68042615357665,2.0
2016-08-02 15:21:32.820,0.918,0.574,-0.48,-5.502328765912458,68.99279896358307,49.20662043071214,2.0
2016-08-02 15:21:32.830,0.918,0.563,-0.484,-9.75197463802477,66.603086001115,45.55769305007416,2.0
2016-08-02 15:21:32.840,0.91,0.555,-0.48,-13.617048740410997,63.44176963881034,41.65905946472172,2.0
2016-08-02 15:21:32.850,0.898,0.539,-0.484,-15.419547035602909,59.25023374937853,37.38982475405497,2.0
2016-08-02 15:21:32.860,0.91,0.539,-0.477,-15.115521947732546,54.371811347669976,33.29794365458649,2.0
2016-08-02 15:21:32.870,0.918,0.543,-0.465,-15.333699610110378,49.69448293537506,30.0052696991765,2.0
2016-08-02 15:21:32.880,0.91,0.543,-0.445,-16.547823845709903,45.446188406134084,26.99315459739423,2.0
2016-08-02 15:21:32.890,0.898,0.52,-0.43,-16.305917726230874,41.418486571679054,24.48048623464734,2.0
2016-08-02 15:21:32.900,0.898,0.512,-0.41,-15.693309565641165,37.98171337759206,22.879194755524146,2.0
2016-08-02 15:21:32.910,0.91,0.496,-0.391,-17.68715865359659,35.60027164119346,21.534260372305138,2.0
2016-08-02 15:21:32.920,0.922,0.477,-0.383,-21.027073215888617,34.18146304755092,20.277195086589064,2.0
2016-08-02 15:21:32.930,0.934,0.449,-0.406,-22.698459140804808,33.199002599729795,19.235480028592956,2.0
2016-08-02 15:21:32.940,0.926,0.43,-0.438,-23.366315438622095,31.88197727069594,18.9450889547418,2.0
2016-08-02 15:21:32.950,0.906,0.465,-0.473,-26.61890952627305,30.205553464808055,19.743551779274707,2.0
2016-08-02 15:21:32.960,0.891,0.5,-0.5,-31.51321137197253,28.512760257111026,20.166483919940557,2.0
2016-08-02 15:21:32.970,0.883,0.492,-0.516,-30.590774884862785,25.86962278178668,19.40983954956728,2.0
2016-08-02 15:21:32.980,0.891,0.512,-0.52,-24.085625741842193,22.401078565699116,17.710356487691048,2.0
2016-08-02 15:21:32.990,0.898,0.555,-0.523,-21.798412020260717,20.266026085574058,14.438789931677892,2.0
2016-08-02 15:21:33.000,0.867,0.594,-0.539,-21.55822154217126,18.929768132842433,10.109987829331176,2.0
2016-08-02 15:21:33.010,0.852,0.59,-0.543,-12.13864019860176,15.53055494623096,5.421141178783404,2.0
2016-08-02 15:21:33.020,0.828,0.574,-0.539,3.8541066239374375,10.390208314721649,4.782618761534074e-05,2.0
2016-08-02 15:21:33.030,0.828,0.551,-0.508,16.05555123366274,5.58845050831677,-4.608772914309533,2.0
2016-08-02 15:21:33.040,0.855,0.52,-0.469,21.821252518242154,1.3299960206117127,-7.572737852319557,2.0
2016-08-02 15:21:33.050,0.875,0.473,-0.434,22.761017290147652,-2.4901423068051054,-10.310952929933505,2.0
2016-08-02 15:21:33.060,0.895,0.441,-0.434,20.182060856065046,-6.075631469931805,-12.729727440436712,2.0
2016-08-02 15:21:33.070,0.91,0.445,-0.449,16.015895982816996,-10.087647755358933,-14.729170086548102,2.0
2016-08-02 15:21:33.080,0.91,0.438,-0.449,13.237136785922113,-14.31908576302605,-16.73493898590961,2.0
2016-08-02 15:21:33.090,0.91,0.418,-0.441,14.057453553575826,-18.53174916598717,-18.22730564666191,2.0
2016-08-02 15:21:33.100,0.902,0.422,-0.441,16.477657430352583,-22.691894880961026,-19.619052036807425,2.0
2016-08-02 15:21:33.110,0.895,0.441,-0.449,17.597387780574614,-26.68519555994408,-21.381925485040398,2.0
2016-08-02 15:21:33.120,0.891,0.461,-0.465,18.869799585522344,-31.504173767890805,-23.71180084576145,2.0
2016-08-02 15:21:33.130,0.879,0.461,-0.48,21.80647408565757,-38.35922951252503,-27.35442666636927,2.0
2016-08-02 15:21:33.140,0.879,0.453,-0.48,23.24975183492022,-46.528433641098374,-31.435725857759962,2.0
2016-08-02 15:21:33.150,0.898,0.434,-0.48,20.569862845131166,-53.65015994153307,-34.68291294046665,2.0
2016-08-02 15:21:33.160,0.91,0.434,-0.473,17.702817448025925,-58.262461011191974,-37.27848105128462,2.0
2016-08-02 15:21:33.170,0.91,0.473,-0.492,19.103135036858678,-61.426123604240246,-39.41311686247073,2.0
2016-08-02 15:21:33.180,0.887,0.523,-0.523,21.46372474174141,-64.48872789965195,-41.15366977732478,2.0
2016-08-02 15:21:33.190,0.863,0.574,-0.547,20.034454159711498,-67.20557832454006,-42.46307743066685,2.0
2016-08-02 15:21:33.200,0.848,0.602,-0.563,16.773924058338796,-69.78944843180741,-43.66186096152377,2.0
2016-08-02 15:21:33.210,0.844,0.613,-0.57,15.205401439456136,-73.11529432449223,-45.70950053385918,2.0
2016-08-02 15:21:33.220,0.859,0.613,-0.57,14.372366878141303,-76.8142609272406,-48.58593610959937,2.0
2016-08-02 15:21:33.230,0.867,0.605,-0.563,12.645752097269776,-80.53402732705446,-51.870850966673466,2.0
2016-08-02 15:21:33.240,0.871,0.586,-0.563,11.225245493219246,-84.72387077368924,-55.35726320290247,2.0
2016-08-02 15:21:33.250,0.879,0.578,-0.559,10.516607510122975,-88.76900056104037,-58.34690557442971,2.0
2016-08-02 15:21:33.260,0.891,0.59,-0.57,9.516882135244497,-92.35281609109224,-61.22880379648683,2.0
2016-08-02 15:21:33.270,0.895,0.602,-0.594,8.876943712429277,-96.58276609641982,-65.05381694014599,2.0
2016-08-02 15:21:33.280,0.895,0.605,-0.633,9.087186230902134,-101.68150922780487,-69.29018721683892,2.0
2016-08-02 15:21:33.290,0.898,0.621,-0.66,8.043985100001331,-107.36446583044362,-73.46535610156202,2.0
2016-08-02 15:21:33.300,0.91,0.656,-0.68,4.757235037002638,-113.28218526536779,-77.77185833067963,2.0
2016-08-02 15:21:33.310,0.91,0.688,-0.703,2.270330303250821,-118.65813649658824,-81.64543898009624,2.0
2016-08-02 15:21:33.320,0.895,0.691,-0.727,2.1837897414387912,-123.95045063655577,-85.00424703129057,2.0
2016-08-02 15:21:33.330,0.879,0.695,-0.742,1.9693661460803118,-129.77248069713485,-87.89970008696963,2.0
2016-08-02 15:21:33.340,0.867,0.707,-0.754,-0.2468293093467745,-135.248359329379,-90.21068119856014,2.0
2016-08-02 15:21:33.350,0.863,0.715,-0.766,-3.4057865274459918,-140.01833044600988,-93.18666021579789,2.0
2016-08-02 15:21:33.360,0.879,0.719,-0.762,-5.694289461401091,-144.72658859147825,-97.43873410693655,2.0
2016-08-02 15:21:33.370,0.883,0.73,-0.766,-7.974618909695199,-149.29879781143876,-102.14913750269105,2.0
2016-08-02 15:21:33.380,0.879,0.754,-0.762,-11.844774183188264,-153.33819721623897,-106.68862950501217,2.0
2016-08-02 15:21:33.390,0.867,0.766,-0.77,-16.09999443715745,-156.80736890101008,-110.4783923136622,2.0
2016-08-02 15:21:33.400,0.84,0.766,-0.785,-18.78457515813892,-160.10682118472312,-113.68011528265731,2.0
2016-08-02 15:21:33.410,0.813,0.781,-0.809,-18.97682148686154,-164.18116516793805,-116.85957886645818,2.0
2016-08-02 15:21:33.420,0.789,0.781,-0.824,-18.27345974892924,-168.73181791081794,-119.68741384281023,2.0
2016-08-02 15:21:33.430,0.766,0.801,-0.844,-19.609367761246276,-172.56260046248755,-122.02578488744079,2.0
2016-08-02 15:21:33.440,0.738,0.801,-0.852,-22.64966642485511,-175.4780192834705,-124.12405062737884,2.0
2016-08-02 15:21:33.450,0.707,0.789,-0.863,-25.42319878915954,-177.06383161574752,-126.16864808797808,2.0
2016-08-02 15:21:33.460,0.676,0.777,-0.863,-27.50549829085307,-177.32604165642277,-128.43064147727122,2.0
2016-08-02 15:21:33.470,0.625,0.758,-0.875,-29.511494073607654,-177.3056749389206,-130.3547714320548,2.0
2016-08-02 15:21:33.480,0.57,0.746,-0.871,-31.69473109776093,-177.25679315845287,-131.46700799713466,2.0
2016-08-02 15:21:33.490,0.527,0.758,-0.863,-32.47199501145181,-177.61598425782495,-132.46939695516176,2.0
2016-08-02 15:21:33.500,0.484,0.77,-0.855,-31.70661065615449,-179.07090889898967,-133.59992748050803,2.0
2016-08-02 15:21:33.510,0.469,0.758,-0.855,-32.16912359091116,-181.04309879751588,-134.53364929647125,2.0
2016-08-02 15:21:33.520,0.449,0.75,-0.844,-33.893450072993545,-182.59331201355812,-135.45909633118754,2.0
2016-08-02 15:21:33.530,0.422,0.742,-0.828,-35.395353338811816,-183.4500163453696,-136.10740081460105,2.0
2016-08-02 15:21:33.540,0.391,0.734,-0.813,-38.3367812641739,-183.59965120131315,-136.00950390252754,2.0
2016-08-02 15:21:33.550,0.363,0.746,-0.789,-41.89125767762092,-183.2197261002453,-135.84222228063214,2.0
2016-08-02 15:21:33.560,0.32,0.73,-0.777,-43.246668972427045,-183.00832219532805,-136.1814404119703,2.0
2016-08-02 15:21:33.570,0.273,0.719,-0.773,-44.928934669772275,-182.76264200728593,-136.65020703201407,2.0
2016-08-02 15:21:33.580,0.242,0.719,-0.754,-47.050764158296985,-181.38866666562615,-137.38530510288933,2.0
2016-08-02 15:21:33.590,0.199,0.711,-0.734,-45.923625308104576,-179.36838194980587,-138.47353210237554,2.0
2016-08-02 15:21:33.600,0.148,0.707,-0.711,-45.144708584680366,-178.1419122761179,-138.56612237177902,2.0
2016-08-02 15:21:33.610,0.117,0.699,-0.695,-48.246646728650816,-177.29458735841894,-137.61573309351377,2.0
2016-08-02 15:21:33.620,0.07,0.676,-0.672,-50.21649144068081,-175.7594068397004,-136.84364065263674,2.0
2016-08-02 15:21:33.630,0.027,0.66,-0.633,-48.25209137098436,-174.1997438610481,-136.13172117741408,2.0
2016-08-02 15:21:33.640,-0.004,0.641,-0.613,-44.456063130723756,-172.50494559008723,-136.04877339685376,2.0
2016-08-02 15:21:33.650,-0.035,0.605,-0.59,-37.91486548060282,-169.97949231570263,-136.60904534200975,2.0
2016-08-02 15:21:33.660,-0.07,0.582,-0.57,-30.179363592805082,-167.9361277196372,-136.47403010386122,2.0
2016-08-02 15:21:33.670,-0.113,0.594,-0.574,-28.789666522352437,-167.1871558654617,-135.35977832637676,2.0
2016-08-02 15:21:33.680,-0.145,0.602,-0.559,-36.09415055335928,-166.82552486778187,-132.5789359929939,2.0
2016-08-02 15:21:33.690,-0.195,0.598,-0.543,-45.266044417426166,-165.71522710774317,-128.97649207784607,2.0
2016-08-02 15:21:33.700,-0.219,0.559,-0.492,-48.963607361301804,-163.66463170360106,-126.44304789318934,2.0
2016-08-02 15:21:33.710,-0.242,0.527,-0.461,-45.80961085688512,-160.80088843360403,-125.38793298316955,2.0
2016-08-02 15:21:33.720,-0.273,0.488,-0.461,-35.81862919549579,-157.73773926414185,-126.18194550065867,2.0
2016-08-02 15:21:33.730,-0.328,0.453,-0.453,-21.540010415734987,-156.72243753376335,-126.67319933184729,2.0
2016-08-02 15:21:33.740,-0.363,0.48,-0.449,-14.348964082314268,-157.5480555224885,-125.18958670047024,2.0
2016-08-02 15:21:33.750,-0.395,0.508,-0.422,-20.25808247728048,-157.4331784415064,-122.85677817094455,2.0
2016-08-02 15:21:33.760,-0.438,0.48,-0.371,-30.031394895482805,-155.45335206644512,-119.42355236586037,2.0
2016-08-02 15:21:33.770,-0.465,0.445,-0.32,-34.30949970730938,-152.5365955978695,-115.88147204858397,2.0
2016-08-02 15:21:33.780,-0.488,0.426,-0.285,-34.679413263125724,-149.73426906533297,-113.75305060667073,2.0
2016-08-02 15:21:33.790,-0.5,0.418,-0.266,-34.7866796263298,-146.58587780852054,-112.37694514154467,2.0
2016-08-02 15:21:33.800,-0.512,0.418,-0.258,-30.64013023519201,-142.90123323821177,-112.52327195609733,2.0
2016-08-02 15:21:33.810,-0.523,0.414,-0.258,-20.75899906346869,-139.89416002381108,-114.22350669652037,2.0
2016-08-02 15:21:33.820,-0.547,0.402,-0.234,-13.614758833139245,-137.62416105911942,-114.75067707023068,2.0
2016-08-02 15:21:33.830,-0.574,0.398,-0.184,-14.05605709614306,-135.23222434997905,-113.65383947040748,2.0
2016-08-02 15:21:33.840,-0.598,0.379,-0.137,-17.627281654658972,-132.15720765753127,-111.88552981152448,2.0
2016-08-02 15:21:33.850,-0.637,0.344,-0.105,-20.309246758710316,-128.79232118975756,-109.27213627416056,2.0
2016-08-02 15:21:33.860,-0.664,0.328,-0.102,-20.697788377133577,-126.2862189380974,-106.69267825114395,2.0
2016-08-02 15:21:33.870,-0.688,0.32,-0.113,-18.668350082240973,-124.87284132283574,-104.72963156020019,2.0
2016-08-02 15:21:33.880,-0.703,0.32,-0.117,-17.41828395717387,-124.00069627987486,-102.85458628000254,2.0
2016-08-02 15:21:33.890,-0.707,0.332,-0.121,-18.61905479707696,-122.99546959986415,-101.14520904403622,2.0
2016-08-02 15:21:33.900,-0.707,0.316,-0.102,-21.13051602147159,-121.16622276917062,-99.41781948721913,2.0
2016-08-02 15:21:33.910,-0.707,0.305,-0.066,-24.735871976571993,-118.45496225771265,-97.53546043842618,2.0
2016-08-02 15:21:33.920,-0.711,0.266,0.004,-27.033222262340388,-115.37910875326533,-95.96696560324156,2.0
2016-08-02 15:21:33.930,-0.707,0.211,0.059,-25.87288779137357,-111.75425536954197,-94.78856738468602,2.0
2016-08-02 15:21:33.940,-0.711,0.18,0.094,-22.709063274383155,-107.22346591646871,-93.71584617827432,2.0
2016-08-02 15:21:33.950,-0.727,0.176,0.098,-18.37337521651037,-102.97505904669828,-92.46129489089093,2.0
2016-08-02 15:21:33.960,-0.738,0.195,0.078,-14.694593987759728,-100.01830952037393,-91.06055723163054,2.0
2016-08-02 15:21:33.970,-0.758,0.207,0.047,-15.11682938837852,-97.84318551796896,-89.80508232190623,2.0
2016-08-02 15:21:33.980,-0.777,0.227,0.027,-18.46196885838574,-95.83501537470669,-88.94099884267982,2.0
2016-08-02 15:21:33.990,-0.789,0.219,0.051,-19.94317478355194,-93.61820856131338,-88.37023734686562,2.0
2016-08-02 15:21:34.000,-0.797,0.172,0.094,-18.468734528098356,-91.25756205628056,-88.20919342671691,2.0
2016-08-02 15:21:34.010,-0.805,0.137,0.137,-15.47713899119173,-89.14765100740534,-88.51089355316284,2.0
2016-08-02 15:21:34.020,-0.824,0.105,0.176,-11.501922239578553,-87.25200990724889,-87.7611683966658,2.0
2016-08-02 15:21:34.030,-0.836,0.094,0.207,-8.781401771039103,-85.76058582743104,-85.85112157940087,2.0
2016-08-02 15:21:34.040,-0.848,0.078,0.211,-8.003154024527706,-84.93154667393254,-84.36121628864655,2.0
2016-08-02 15:21:34.050,-0.855,0.074,0.227,-6.696406097981204,-84.07114560658468,-82.63599684683265,2.0
2016-08-02 15:21:34.060,-0.852,0.074,0.242,-4.604416435591402,-82.52230537495967,-80.81501918967851,2.0
2016-08-02 15:21:34.070,-0.855,0.078,0.242,-2.4419296730701414,-80.59986045281707,-80.35488866437987,2.0
2016-08-02 15:21:34.080,-0.879,0.047,0.258,-0.222276133110545,-78.98076320406086,-80.21433504730498,2.0
2016-08-02 15:21:34.090,-0.891,0.027,0.281,1.7836593849933302,-77.6809262807451,-79.78302747448811,2.0
2016-08-02 15:21:34.100,-0.883,0.027,0.316,3.4876355533063883,-76.01196958847964,-79.30348708292746,2.0
2016-08-02 15:21:34.110,-0.887,0.008,0.355,3.283022963372264,-74.11118217839936,-77.83539180035615,2.0
2016-08-02 15:21:34.120,-0.879,0.0,0.383,0.5084472512267708,-72.53135269581806,-75.86202386761309,2.0
2016-08-02 15:21:34.130,-0.875,-0.027,0.41,-0.8609623262162651,-70.5110662009113,-74.37491822022838,2.0
2016-08-02 15:21:34.140,-0.871,-0.066,0.43,2.0244871702510494,-67.75359741389559,-73.45297261118765,2.0
2016-08-02 15:21:34.150,-0.871,-0.086,0.426,6.113267663222173,-65.30029145321002,-73.00747794668808,2.0
2016-08-02 15:21:34.160,-0.875,-0.074,0.41,6.686463043066991,-63.36411174988906,-71.70266771105095,2.0
2016-08-02 15:21:34.170,-0.875,-0.07,0.406,2.1013005403293454,-61.64390206853797,-68.99646284606328,2.0
2016-08-02 15:21:34.180,-0.855,-0.063,0.41,-4.959691643168592,-59.42206009072588,-65.86727462184777,2.0
2016-08-02 15:21:34.190,-0.832,-0.09,0.426,-10.363437049354976,-55.08542746818756,-61.955800604713886,2.0
2016-08-02 15:21:34.200,-0.813,-0.117,0.445,-13.4198902178725,-48.21158840878172,-56.82491162081433,2.0
2016-08-02 15:21:34.210,-0.785,-0.141,0.465,-14.968818533282883,-39.622890969812,-51.2203847010637,2.0
2016-08-02 15:21:34.220,-0.781,-0.176,0.473,-14.32391583810244,-30.260163046634922,-45.58631945762382,2.0
2016-08-02 15:21:34.230,-0.793,-0.203,0.461,-13.065470882542376,-21.85798423560364,-39.79065583794541,2.0
2016-08-02 15:21:34.240,-0.809,-0.207,0.457,-14.276022826037924,-15.690153751958519,-33.11271267985859,2.0
2016-08-02 15:21:34.250,-0.813,-0.199,0.465,-18.847782404472838,-11.059619798684963,-25.52173171855024,2.0
2016-08-02 15:21:34.260,-0.824,-0.195,0.465,-25.777260426727526,-7.179817811474657,-18.435704791133453,2.0
2016-08-02 15:21:34.270,-0.836,-0.23,0.48,-30.91326229137554,-3.644085160727185,-12.110644636816048,2.0
2016-08-02 15:21:34.280,-0.84,-0.27,0.504,-30.511811613529648,0.8252690009315884,-6.271411302810596,2.0
2016-08-02 15:21:34.290,-0.84,-0.277,0.512,-27.744116517894668,6.513197900976763,-1.6669562943727785,2.0
2016-08-02 15:21:34.300,-0.863,-0.277,0.508,-27.720796818278743,11.774654847696189,2.491002725254969,2.0
2016-08-02 15:21:34.310,-0.871,-0.273,0.512,-29.124284976571786,15.674950672760623,7.251800191518233,2.0
2016-08-02 15:21:34.320,-0.867,-0.262,0.508,-28.25402631834124,19.258829460114427,11.766309621351068,2.0
2016-08-02 15:21:34.330,-0.879,-0.254,0.48,-25.91770115209397,23.054800546553043,15.55338552032967,2.0
2016-08-02 15:21:34.340,-0.891,-0.25,0.477,-23.647749688555407,25.848135982702992,19.076534424733925,2.0
2016-08-02 15:21:34.350,-0.895,-0.246,0.469,-20.824841920526442,27.69777726979995,22.233597343320504,2.0
2016-08-02 15:21:34.360,-0.898,-0.242,0.453,-17.61824222620632,29.641018294574245,24.219123204463212,2.0
2016-08-02 15:21:34.370,-0.918,-0.246,0.445,-14.303028066957825,30.942102167172525,25.450379540617195,2.0
2016-08-02 15:21:34.380,-0.926,-0.238,0.438,-11.07012618280795,31.060224754158703,27.036527785883273,2.0
2016-08-02 15:21:34.390,-0.938,-0.238,0.414,-8.780522115974339,30.452560905258164,28.194060617514236,2.0
2016-08-02 15:21:34.400,-0.953,-0.246,0.387,-6.6337846381827825,28.96494762855889,28.6314029275053,2.0
2016-08-02 15:21:34.410,-0.961,-0.246,0.371,-3.700205891845649,27.246729602296725,29.976455556055896,2.0
2016-08-02 15:21:34.420,-0.957,-0.23,0.363,-1.5753592745179852,26.496675833475713,32.13837939596339,2.0
2016-08-02 15:21:34.430,-0.953,-0.223,0.355,-1.161150932157219,26.296295626509256,33.854874030560524,2.0
2016-08-02 15:21:34.440,-0.953,-0.223,0.367,-1.1814174457106743,26.244077716645688,35.600482077761484,2.0
2016-08-02 15:21:34.450,-0.945,-0.219,0.379,-0.8967763791311617,27.193609325067044,37.84076310333382,2.0
2016-08-02 15:21:34.460,-0.926,-0.199,0.379,-0.6718814937710252,29.520609919026526,39.82403447214554,2.0
2016-08-02 15:21:34.470,-0.914,-0.184,0.375,-0.8383559938575824,32.8147974510335,41.39802110161459,2.0
2016-08-02 15:21:34.480,-0.914,-0.156,0.363,-1.2018591143855608,36.43807172051629,43.02835758098461,2.0
2016-08-02 15:21:34.490,-0.906,-0.137,0.344,-1.5242596522561254,39.6684477825513,44.691608173748996,2.0
2016-08-02 15:21:34.500,-0.906,-0.113,0.328,-1.9364192075828384,42.505765712826,46.43232225492581,2.0
2016-08-02 15:21:34.510,-0.895,-0.102,0.32,-2.2860788282597673,45.337495953617925,48.38310999002216,2.0
2016-08-02 15:21:34.520,-0.887,-0.086,0.32,-2.4057590795141666,48.08819182326711,50.25476511189359,2.0
2016-08-02 15:21:34.530,-0.875,-0.074,0.328,-2.640208543872089,50.958269563147965,52.19483412441778,2.0
2016-08-02 15:21:34.540,-0.859,-0.063,0.332,-3.347423003071399,54.34843164553055,54.474612922148715,2.0
2016-08-02 15:21:34.550,-0.852,-0.055,0.328,-4.609953446341001,57.98594044412368,56.74431359490852,2.0
2016-08-02 15:21:34.560,-0.852,-0.039,0.328,-5.704071666360177,61.44447950279432,59.17454855616347,2.0
2016-08-02 15:21:34.570,-0.848,-0.031,0.324,-5.9820625935956135,64.60752651294936,62.17074080144526,2.0
2016-08-02 15:21:34.580,-0.844,-0.023,0.32,-6.190765464650458,67.47978078818291,65.11139501785564,2.0
2016-08-02 15:21:34.590,-0.844,-0.02,0.301,-6.613633211771351,69.97592373457019,67.54204674075021,2.0
2016-08-02 15:21:34.600,-0.855,-0.02,0.277,-6.625192378650005,72.07753441092592,69.98653058769644,2.0
2016-08-02 15:21:34.610,-0.863,-0.008,0.254,-6.231113876611562,74.16431538930306,72.6233896315234,2.0
2016-08-02 15:21:34.620,-0.859,0.008,0.234,-5.471415370411239,76.37684648902591,75.17496731180668,2.0
2016-08-02 15:21:34.630,-0.855,0.012,0.219,-4.557402442884985,78.64739793683437,77.76490400703852,2.0
2016-08-02 15:21:34.640,-0.855,0.023,0.207,-3.9579811325546714,81.30882771026243,80.66215440839981,2.0
2016-08-02 15:21:34.650,-0.848,0.039,0.203,-3.4879156245264324,84.44974954720335,83.79415594279757,2.0
2016-08-02 15:21:34.660,-0.844,0.039,0.195,-2.9026498151197657,87.61255269520902,86.7585642500678,2.0
2016-08-02 15:21:34.670,-0.84,0.043,0.188,-1.7219784737800858,90.45668995126465,89.50130266841776,2.0
2016-08-02 15:21:34.680,-0.832,0.063,0.164,0.26200767720592416,93.10785885599083,92.33260685555967,2.0
2016-08-02 15:21:34.690,-0.832,0.074,0.145,1.557426377989793,95.56411962849278,95.25321864298847,2.0
2016-08-02 15:21:34.700,-0.828,0.094,0.129,1.2170359561864423,97.61585943756207,98.36014194335905,2.0
2016-08-02 15:21:34.710,-0.816,0.109,0.109,0.4937689549816464,99.47573935756682,101.67332490669216,2.0
2016-08-02 15:21:34.720,-0.801,0.125,0.098,0.5118589491038457,101.40474133690687,104.87922395264849,2.0
2016-08-02 15:21:34.730,-0.781,0.137,0.086,1.2200902203504287,103.4622072662273,108.12877758066456,2.0
2016-08-02 15:21:34.740,-0.77,0.152,0.059,2.6127649749740636,105.60566983408633,111.43337899642623,2.0
2016-08-02 15:21:34.750,-0.758,0.172,0.047,5.015034549109702,107.49858883158204,114.51443011438016,2.0
2016-08-02 15:21:34.760,-0.734,0.18,0.035,7.997174760495685,109.27156955609772,117.7456837059573,2.0
2016-08-02 15:21:34.770,-0.707,0.227,0.012,10.363458325740256,111.55148196858396,120.99623155937928,2.0
2016-08-02 15:21:34.780,-0.68,0.266,-0.023,11.844451634121512,113.79060268660217,123.6078667697752,2.0
2016-08-02 15:21:34.790,-0.676,0.258,-0.059,12.235367558657805,115.2553647012146,125.94901045476612,2.0
2016-08-02 15:21:34.800,-0.676,0.266,-0.09,10.981176260755502,116.39019126843093,128.500554362641,2.0
2016-08-02 15:21:34.810,-0.664,0.277,-0.117,9.032913148624004,117.09573536418108,131.37474986653962,2.0
2016-08-02 15:21:34.820,-0.648,0.305,-0.121,7.321746331150575,117.62713476317737,134.69578805476124,2.0
2016-08-02 15:21:34.830,-0.629,0.328,-0.129,7.00356719631047,118.69413811398988,137.99891099997876,2.0
2016-08-02 15:21:34.840,-0.621,0.332,-0.148,8.876245096416426,118.75329083597703,140.82318265800117,2.0
2016-08-02 15:21:34.850,-0.609,0.344,-0.168,11.72280657126894,117.03857141165928,143.4248123097729,2.0
2016-08-02 15:21:34.860,-0.57,0.395,-0.195,16.797526360725897,115.33314145622673,145.78484531141805,2.0
2016-08-02 15:21:34.870,-0.508,0.449,-0.234,24.03219909439163,114.22205630452942,146.83951266345187,2.0
2016-08-02 15:21:34.880,-0.457,0.488,-0.273,28.041673429474677,113.70698407515407,146.49674880800993,2.0
2016-08-02 15:21:34.890,-0.418,0.516,-0.305,26.920296013050795,114.43569600066047,146.36541985872992,2.0
2016-08-02 15:21:34.900,-0.387,0.547,-0.352,23.777202498541968,116.02855387971316,146.5198995553913,2.0
2016-08-02 15:21:34.910,-0.359,0.57,-0.379,21.98515890823968,117.84023028023528,145.62276890340007,2.0
2016-08-02 15:21:34.920,-0.313,0.602,-0.402,24.70949021832603,120.78555023027133,143.04121373785443,2.0
2016-08-02 15:21:34.930,-0.27,0.637,-0.426,32.9149847776859,124.50327084373302,139.14794008318276,2.0
2016-08-02 15:21:34.940,-0.25,0.613,-0.457,40.22033655596414,125.7262795931492,135.3954065063536,2.0
2016-08-02 15:21:34.950,-0.273,0.668,-0.535,38.1102231367266,124.45782293264267,132.59594977603246,2.0
2016-08-02 15:21:34.960,-0.285,0.707,-0.539,28.86413757135421,122.19202267171525,131.60720424378235,2.0
2016-08-02 15:21:34.970,-0.25,0.719,-0.516,19.15130030192188,119.78543631675774,132.44077967742788,2.0
2016-08-02 15:21:34.980,-0.207,0.73,-0.516,13.582386846996538,120.45403786122841,131.86651272456777,2.0
2016-08-02 15:21:34.990,-0.195,0.703,-0.496,17.05051675733207,122.47465185757903,129.3883119653733,2.0
2016-08-02 15:21:35.000,-0.207,0.68,-0.5,25.29409799441041,123.300278651344,128.2713850281017,2.0
2016-08-02 15:21:35.010,-0.203,0.684,-0.516,30.77751256962042,124.69848101941722,129.0643398858468,2.0
2016-08-02 15:21:35.020,-0.195,0.715,-0.516,31.02084365303825,125.31150656837374,130.92511487017683,2.0
2016-08-02 15:21:35.030,-0.184,0.758,-0.531,23.32003548204027,125.35651404892751,133.7896987526549,2.0
2016-08-02 15:21:35.040,-0.172,0.805,-0.559,12.33599097435475,126.03298222257766,136.6708433694273,2.0
2016-08-02 15:21:35.050,-0.164,0.773,-0.555,6.312120010499134,126.0226451496116,138.9107076028955,2.0
2016-08-02 15:21:35.060,-0.148,0.773,-0.59,7.977730651983227,126.68758418344564,139.82067056360847,2.0
2016-08-02 15:21:35.070,-0.113,0.77,-0.578,17.89465149060068,127.15771635335415,139.19886281927887,2.0
2016-08-02 15:21:35.080,-0.074,0.734,-0.566,25.43443525947464,127.59229563968135,139.45828455297962,2.0
2016-08-02 15:21:35.090,-0.055,0.77,-0.602,21.020006333377783,130.72920504941843,141.01446377595374,2.0
2016-08-02 15:21:35.100,-0.02,0.789,-0.547,13.72325529311636,131.66058882890235,142.82535172196557,2.0
2016-08-02 15:21:35.110,0.066,0.773,-0.512,7.0906638754860785,132.1193581413214,144.6253153268323,2.0
2016-08-02 15:21:35.120,0.133,0.848,-0.574,2.356449462666045,137.4497532427732,143.7412344585143,2.0
2016-08-02 15:21:35.130,0.164,0.809,-0.543,7.649294820073363,138.54502824974472,141.77052039374976,2.0
2016-08-02 15:21:35.140,0.195,0.785,-0.551,11.011182418090813,136.99416275775692,142.7810839275595,2.0
2016-08-02 15:21:35.150,0.211,0.836,-0.605,5.981180860198419,140.17267456412856,143.76372652575935,2.0
2016-08-02 15:21:35.160,0.234,0.82,-0.598,8.26279652658377,139.7023806770901,143.6680915048248,2.0
2016-08-02 15:21:35.170,0.273,0.832,-0.664,14.729212271594012,137.81061060524837,144.8982200484984,2.0
2016-08-02 15:21:35.180,0.309,0.879,-0.703,16.09869759496671,138.7159147114524,145.42672532902552,2.0
2016-08-02 15:21:35.190,0.352,0.859,-0.688,15.870273741540657,135.79311653755644,144.9153722536297,2.0
2016-08-02 15:21:35.200,0.387,0.871,-0.723,13.57966544324968,133.77590260890463,144.72459916101644,2.0
2016-08-02 15:21:35.210,0.414,0.855,-0.715,14.900078288694466,133.03178458967102,143.69617615366508,2.0
2016-08-02 15:21:35.220,0.477,0.805,-0.672,23.52090353574603,128.82449196837206,141.67718949756932,2.0
2016-08-02 15:21:35.230,0.535,0.84,-0.68,28.67274559420735,128.03266034433577,138.33996873902507,2.0
2016-08-02 15:21:35.240,0.582,0.871,-0.676,29.24182761886114,128.23151303404381,134.53214704661548,2.0
2016-08-02 15:21:35.250,0.602,0.84,-0.688,28.224527546478345,124.83799126781688,132.73040837582326,2.0
2016-08-02 15:21:35.260,0.602,0.848,-0.727,24.24591526947458,123.74241737835726,131.36199483929724,2.0
2016-08-02 15:21:35.270,0.605,0.855,-0.715,25.12225226224693,122.44343334002619,128.91478647944788,2.0
2016-08-02 15:21:35.280,0.621,0.836,-0.699,30.665866902900724,119.50805682623329,126.77392535704942,2.0
2016-08-02 15:21:35.290,0.613,0.793,-0.719,33.55498470170397,119.84008852051787,125.0812906737165,2.0
2016-08-02 15:21:35.300,0.605,0.754,-0.703,39.34097635972492,119.22030218186447,123.5735998526784,2.0
2016-08-02 15:21:35.310,0.621,0.797,-0.707,46.66179071158021,115.81092944829464,121.55776250204212,2.0
2016-08-02 15:21:35.320,0.645,0.801,-0.699,45.37802633177252,113.98331260922475,118.80451253742038,2.0
2016-08-02 15:21:35.330,0.684,0.742,-0.672,38.79804023591472,113.32456939523672,117.17902550490126,2.0
2016-08-02 15:21:35.340,0.73,0.738,-0.648,34.19111640125954,114.10260591567379,116.0310431490777,2.0
2016-08-02 15:21:35.350,0.754,0.766,-0.621,33.1575328402077,116.14371977796097,113.79653855398385,2.0
2016-08-02 15:21:35.360,0.77,0.758,-0.59,34.10872316698912,116.20327569657937,112.67338924344202,2.0
2016-08-02 15:21:35.370,0.793,0.746,-0.594,31.623444753280822,115.41510381278223,112.9749507803493,2.0
2016-08-02 15:21:35.380,0.816,0.75,-0.594,26.036905000656347,115.47844149894166,112.31351513377923,2.0
2016-08-02 15:21:35.390,0.84,0.734,-0.594,22.738304724915487,115.47717720811845,110.85781479044222,2.0
2016-08-02 15:21:35.400,0.859,0.715,-0.617,21.181661147302762,115.92691242856704,108.8336864067445,2.0
2016-08-02 15:21:35.410,0.867,0.695,-0.629,21.19825053936574,115.9408425546434,105.67771308271786,2.0
2016-08-02 15:21:35.420,0.879,0.691,-0.605,23.012928543329735,113.97946331986388,102.30533420410518,2.0
2016-08-02 15:21:35.430,0.902,0.691,-0.57,20.32370088086994,111.47853831936123,99.23699538088044,2.0
2016-08-02 15:21:35.440,0.922,0.684,-0.531,12.0717638909887,109.20983779088678,96.13857691020331,2.0
2016-08-02 15:21:35.450,0.945,0.66,-0.496,5.2739812334381835,106.05266143666003,92.75614962618961,2.0
2016-08-02 15:21:35.460,0.969,0.641,-0.477,1.5845540417081603,101.68318558523023,88.48337873340137,2.0
2016-08-02 15:21:35.470,0.977,0.625,-0.477,-1.5841067010228556,96.46363060094174,83.0039502094963,2.0
2016-08-02 15:21:35.480,0.969,0.594,-0.477,-4.319337892977211,90.65506462606581,77.45074686046173,2.0
2016-08-02 15:21:35.490,0.957,0.551,-0.473,-6.8893828223397735,84.93888051629715,73.63573637584129,2.0
2016-08-02 15:21:35.500,0.949,0.555,-0.461,-10.290156128688624,80.23226579368723,71.1154579030175,2.0
2016-08-02 15:21:35.510,0.941,0.555,-0.441,-12.56093575324946,76.60990801360578,67.66623220864884,2.0
2016-08-02 15:21:35.520,0.941,0.523,-0.434,-10.532593112418315,73.22464470224976,63.658558738805226,2.0
2016-08-02 15:21:35.530,0.945,0.516,-0.414,-6.2548845505289625,69.31929695929955,60.24721517438052,2.0
2016-08-02 15:21:35.540,0.945,0.527,-0.406,-5.661445618870543,65.10757578449854,56.593271949472076,2.0
2016-08-02 15:21:35.550,0.949,0.543,-0.414,-10.506207569395979,61.220977089030406,53.422024331197456,2.0
2016-08-02 15:21:35.560,0.938,0.535,-0.418,-16.858548613213994,57.700633616981975,51.82523901579704,2.0
2016-08-02 15:21:35.570,0.941,0.512,-0.406,-19.82390268859342,54.43745335342356,50.406144343685526,2.0
2016-08-02 15:21:35.580,0.957,0.496,-0.398,-18.344776902027622,51.51387009915179,48.047585551522985,2.0
2016-08-02 15:21:35.590,0.957,0.473,-0.383,-15.237355796779603,48.53534827952046,45.079217422700516,2.0
2016-08-02 15:21:35.600,0.953,0.457,-0.371,-12.569558988774551,44.738041164480684,42.278993999306124,2.0
2016-08-02 15:21:35.610,0.953,0.453,-0.344,-11.346066201864318,40.21301885305334,39.627262401318276,2.0
2016-08-02 15:21:35.620,0.953,0.438,-0.34,-10.908921810395366,35.438554569993265,36.356913278402615,2.0
2016-08-02 15:21:35.630,0.953,0.43,-0.352,-7.8267458976419375,30.165999365612073,32.438416864556345,2.0
2016-08-02 15:21:35.640,0.949,0.469,-0.375,-3.2454188178146754,25.215231322206805,27.434892582131795,2.0
2016-08-02 15:21:35.650,0.918,0.527,-0.398,0.8053374232280452,21.226366670031204,20.358746728334744,2.0
2016-08-02 15:21:35.660,0.887,0.594,-0.434,9.733444335680076,16.249133476853284,12.298298688342769,2.0
2016-08-02 15:21:35.670,0.859,0.68,-0.449,25.123690528593222,9.966204134593065,4.732726339593302,2.0
2016-08-02 15:21:35.680,0.848,0.758,-0.441,42.12226413175688,4.839866610396745,-3.0664071009599323,2.0
2016-08-02 15:21:35.690,0.859,0.75,-0.426,58.065638263430166,2.388881615430445,-10.058242276455985,2.0
2016-08-02 15:21:35.700,0.871,0.688,-0.398,69.89404209589608,2.113161532603074,-13.61235139922787,2.0
2016-08-02 15:21:35.710,0.891,0.609,-0.391,74.3741692822702,2.297287015327572,-15.131295131305567,2.0
2016-08-02 15:21:35.720,0.918,0.543,-0.387,71.38842022248585,2.290356417753505,-16.687270625128683,2.0
2016-08-02 15:21:35.730,0.945,0.484,-0.375,63.38415042398258,1.79833860646092,-17.902024428650382,2.0
2016-08-02 15:21:35.740,0.965,0.414,-0.375,54.68707808275157,-0.4300698352907625,-19.373909097909177,2.0
2016-08-02 15:21:35.750,0.973,0.352,-0.359,48.141686637555246,-3.928509944433626,-20.93034853407945,2.0
2016-08-02 15:21:35.760,0.969,0.309,-0.316,43.311224719669084,-7.405807005294859,-21.02858823473583,2.0
2016-08-02 15:21:35.770,0.965,0.273,-0.281,38.61897844830804,-10.55301862520424,-19.898819834185364,2.0
2016-08-02 15:21:35.780,0.957,0.258,-0.273,33.79371902924893,-12.640746310938475,-18.042439791431363,2.0
2016-08-02 15:21:35.790,0.941,0.27,-0.277,29.805022844721258,-13.179929161016618,-15.57594268338197,2.0
2016-08-02 15:21:35.800,0.926,0.273,-0.305,26.40777516171292,-12.587354386537573,-13.178925892176988,2.0
2016-08-02 15:21:35.810,0.914,0.285,-0.34,22.581377081141188,-11.646273269590672,-11.123359360638165,2.0
2016-08-02 15:21:35.820,0.898,0.328,-0.371,17.640581889425594,-10.921487534227118,-9.449444021108416,2.0
2016-08-02 15:21:35.830,0.883,0.363,-0.387,10.696696184499874,-10.060078609533242,-7.711622180478745,2.0
2016-08-02 15:21:35.840,0.883,0.379,-0.363,2.935551531192886,-8.988930110230433,-5.366196155356518,2.0
2016-08-02 15:21:35.850,0.895,0.363,-0.336,-2.4484811294646027,-8.225546448984197,-3.1731846336111036,2.0
2016-08-02 15:21:35.860,0.91,0.355,-0.313,-5.685577575961056,-7.7331527422090005,-1.5177653687617239,2.0
2016-08-02 15:21:35.870,0.914,0.355,-0.285,-10.205692120650745,-7.240632188316405,0.05343031805462803,2.0
2016-08-02 15:21:35.880,0.914,0.352,-0.262,-15.950478990373277,-6.841068053131181,1.17582105942568,2.0
2016-08-02 15:21:35.890,0.918,0.336,-0.238,-19.373328849410207,-6.813363612558424,1.4829582948189404,2.0
2016-08-02 15:21:35.900,0.926,0.313,-0.234,-19.00964363595279,-7.188790398990223,1.2871967609750248,2.0
2016-08-02 15:21:35.910,0.938,0.32,-0.234,-16.609189529744672,-7.756563978960883,0.841999837542583,2.0
2016-08-02 15:21:35.920,0.941,0.34,-0.234,-15.435456570565592,-8.144508526320173,0.39666871187760255,2.0
2016-08-02 15:21:35.930,0.941,0.359,-0.25,-17.1126457396467,-8.1945944587641,0.2560692379053359,2.0
2016-08-02 15:21:35.940,0.938,0.367,-0.262,-19.721622900934637,-8.342838020239345,0.3005342941531316,2.0
2016-08-02 15:21:35.950,0.926,0.379,-0.27,-21.464765528577118,-8.722696174379774,0.18902254471134702,2.0
2016-08-02 15:21:35.960,0.922,0.379,-0.27,-21.60196560825971,-8.908647412910433,-0.246125836754797,2.0
2016-08-02 15:21:35.970,0.914,0.371,-0.262,-18.796740121158876,-8.745657254938624,-0.910619881243247,2.0
2016-08-02 15:21:35.980,0.906,0.371,-0.262,-14.083217966559591,-8.417825593653902,-1.3290065370208857,2.0
2016-08-02 15:21:35.990,0.902,0.383,-0.258,-10.290250040214156,-8.097000817352727,-1.4037096145712824,2.0
2016-08-02 15:21:36.000,0.898,0.398,-0.262,-8.092228362698844,-7.621333369555334,-1.3894399632833325,2.0
2016-08-02 15:21:36.010,0.895,0.402,-0.266,-7.314148325613122,-6.7130755604723475,-1.1977355179411138,2.0
2016-08-02 15:21:36.020,0.895,0.414,-0.27,-7.4175516028814075,-5.68224916702322,-1.2303956353162624,2.0
2016-08-02 15:21:36.030,0.895,0.414,-0.266,-6.642897243627466,-4.86503858685624,-1.9291639042729827,2.0
2016-08-02 15:21:36.040,0.898,0.41,-0.262,-4.909919532380768,-4.006013413024982,-2.6323359071677697,2.0
2016-08-02 15:21:36.050,0.91,0.41,-0.242,-3.6530150286426086,-2.965257825639286,-2.8544099525698092,2.0
2016-08-02 15:21:36.060,0.918,0.406,-0.234,-2.993764862488679,-1.967375141486483,-2.982324439767969,2.0
2016-08-02 15:21:36.070,0.918,0.406,-0.23,-2.5301065330872605,-1.2052004449100373,-3.079277944525451,2.0
2016-08-02 15:21:36.080,0.918,0.395,-0.23,-2.1168770836196025,-0.6473145336216105,-3.056566930168058,2.0
2016-08-02 15:21:36.090,0.918,0.379,-0.23,-1.4862307171552953,-0.1334168080401936,-3.209061487448703,2.0
2016-08-02 15:21:36.100,0.914,0.363,-0.238,-0.7066348258094608,0.4577802728744047,-3.4629500866939846,2.0
2016-08-02 15:21:36.110,0.918,0.359,-0.234,0.2230085110794086,1.0838069891711102,-3.6970181629753487,2.0
2016-08-02 15:21:36.120,0.918,0.352,-0.234,1.718183675158204,1.643837111785059,-3.992459208143405,2.0
2016-08-02 15:21:36.130,0.918,0.352,-0.242,3.793356590202919,2.128127400259657,-4.087098194570017,2.0
2016-08-02 15:21:36.140,0.914,0.348,-0.254,5.88368785631985,2.4229663247645963,-3.899556809180769,2.0
2016-08-02 15:21:36.150,0.914,0.352,-0.266,7.429279731744261,2.4688534876997257,-3.626632695803778,2.0
2016-08-02 15:21:36.160,0.914,0.355,-0.27,8.058107798319014,2.36539346207454,-3.3351831287726044,2.0
2016-08-02 15:21:36.170,0.918,0.359,-0.273,7.929088537785951,2.2896102244310965,-3.0143429206130197,2.0
2016-08-02 15:21:36.180,0.918,0.352,-0.27,8.035341591693054,2.512711258286863,-2.674861007237586,2.0
2016-08-02 15:21:36.190,0.918,0.348,-0.266,9.02271571240031,2.9107998640275206,-2.4848643815496256,2.0
2016-08-02 15:21:36.200,0.922,0.344,-0.266,10.578688894278134,3.171907233602907,-2.3180729733832237,2.0
2016-08-02 15:21:36.210,0.918,0.34,-0.266,12.263640156790732,3.4125030156050773,-1.8681847024071774,2.0
2016-08-02 15:21:36.220,0.922,0.344,-0.262,13.635010106324572,3.634837329232237,-1.4260819193022114,2.0
2016-08-02 15:21:36.230,0.918,0.344,-0.266,14.134426892981194,3.5952172489885523,-1.1757647670200773,2.0
2016-08-02 15:21:36.240,0.918,0.348,-0.266,13.792689209718889,3.40548188307429,-0.9346101478581048,2.0
2016-08-02 15:21:36.250,0.922,0.348,-0.266,13.723291214897102,3.241322239048776,-0.9565190472939833,2.0
2016-08-02 15:21:36.260,0.918,0.348,-0.281,14.71185037290249,3.1046222190095576,-1.216575847450517,2.0
2016-08-02 15:21:36.270,0.91,0.352,-0.277,15.728813178974397,3.052090987649154,-1.1850835107606599,2.0
2016-08-02 15:21:36.280,0.906,0.359,-0.273,15.182938561843127,3.117170902918886,-0.7760904972283138,2.0
2016-08-02 15:21:36.290,0.906,0.363,-0.285,13.126281866038601,3.4632835443457255,-0.0029212827278776166,2.0
2016-08-02 15:21:36.300,0.902,0.375,-0.285,11.239745640911215,4.066096769293331,1.1066104063248394,2.0
2016-08-02 15:21:36.310,0.902,0.379,-0.285,10.322454719790457,4.5331196102867874,2.0941262715151456,2.0
2016-08-02 15:21:36.320,0.902,0.375,-0.281,9.7608978624563,4.841701370658917,2.6726343580808005,2.0
2016-08-02 15:21:36.330,0.898,0.375,-0.273,9.857649395623849,4.98949710258182,2.765765411657436,2.0
2016-08-02 15:21:36.340,0.91,0.379,-0.273,11.026937537700817,4.8984827307073004,2.344064358998453,2.0
2016-08-02 15:21:36.350,0.902,0.379,-0.273,12.065149413791364,4.835916517975219,1.8260113667524374,2.0
2016-08-02 15:21:36.360,0.902,0.383,-0.277,11.897646718090963,4.6525857036592,1.5081650133829074,2.0
2016-08-02 15:21:36.370,0.906,0.395,-0.277,10.262556558299236,4.229439755135161,1.2851929138693108,2.0
2016-08-02 15:21:36.380,0.906,0.398,-0.273,7.711569148261505,3.9547368334157,1.1303736023588697,2.0
2016-08-02 15:21:36.390,0.914,0.395,-0.273,6.25776736499302,3.7083022826397007,0.8932038505304243,2.0
2016-08-02 15:21:36.400,0.914,0.387,-0.273,6.985191313785554,3.286248802165596,0.36824965918091784,2.0
2016-08-02 15:21:36.410,0.918,0.375,-0.285,8.82229195406428,2.9494351189971786,-0.32916909764592606,2.0
2016-08-02 15:21:36.420,0.914,0.379,-0.293,10.32900591765996,2.7618280563805215,-0.8246272796214038,2.0
2016-08-02 15:21:36.430,0.91,0.387,-0.293,10.050993360346878,2.650288383129967,-1.0026090992974561,2.0
2016-08-02 15:21:36.440,0.906,0.391,-0.297,7.939662232169981,2.5540615936864297,-1.158912524182052,2.0
2016-08-02 15:21:36.450,0.906,0.391,-0.289,6.016511496571546,2.2747935758122435,-1.2169597609680982,2.0
2016-08-02 15:21:36.460,0.914,0.387,-0.281,5.025772722291346,1.778166321511761,-1.071410568970839,2.0
2016-08-02 15:21:36.470,0.91,0.387,-0.285,4.228900964829391,1.2379996806438012,-1.0862297441576125,2.0
2016-08-02 15:21:36.480,0.914,0.379,-0.281,3.566851867310001,0.7947746895810683,-1.2254039721307688,2.0
2016-08-02 15:21:36.490,0.918,0.375,-0.281,2.887510062526947,0.5085679680423508,-1.3061712883299395,2.0
2016-08-02 15:21:36.500,0.91,0.375,-0.285,2.049675280288426,0.2427804135071218,-1.3082919446099863,2.0
2016-08-02 15:21:36.510,0.91,0.375,-0.285,1.3522861650834421,-0.1981498979694246,-1.0493386907082711,2.0
2016-08-02 15:21:36.520,0.906,0.387,-0.293,0.44971180931810406,-0.759298234106156,-0.7143591601201889,2.0
2016-08-02 15:21:36.530,0.906,0.387,-0.293,-0.8032384583085528,-1.31672489662069,-0.5381498260038594,2.0
2016-08-02 15:21:36.540,0.914,0.383,-0.293,-1.6868049882638572,-1.693790178432498,-0.49333486230403917,2.0
2016-08-02 15:21:36.550,0.918,0.371,-0.289,-1.7743215546615787,-1.6316769319470916,-0.5502365427397209,2.0
2016-08-02 15:21:36.560,0.914,0.371,-0.297,-1.3469800224236066,-1.2548407838991553,-0.3935871085627037,2.0
2016-08-02 15:21:36.570,0.914,0.383,-0.313,-1.6014942629826932,-0.8266158617243183,0.019826269935361338,2.0
2016-08-02 15:21:36.580,0.906,0.395,-0.309,-3.385438435378955,-0.45145323472544385,0.37161945343174496,2.0
2016-08-02 15:21:36.590,0.906,0.398,-0.305,-5.754726612415139,-0.36210005235245,0.6995331358377168,2.0
2016-08-02 15:21:36.600,0.906,0.391,-0.309,-7.618730746353593,-0.5111144843007329,1.0533310958727575,2.0
2016-08-02 15:21:36.610,0.914,0.387,-0.297,-8.535024600947953,-0.6726816002590431,1.2391268560322255,2.0
2016-08-02 15:21:36.620,0.918,0.379,-0.285,-8.444055231202128,-0.8722776646872441,1.0500312555889795,2.0
2016-08-02 15:21:36.630,0.918,0.371,-0.273,-7.9987936046352015,-0.9429462956238612,0.6446579327675626,2.0
2016-08-02 15:21:36.640,0.91,0.359,-0.273,-7.656649819435445,-0.773511041548705,0.4977758615746146,2.0
2016-08-02 15:21:36.650,0.906,0.359,-0.289,-7.509058388632705,-0.655541341670829,0.5497252354232018,2.0
2016-08-02 15:21:36.660,0.906,0.363,-0.297,-7.710691146151577,-0.7385356280314228,0.4460341058962617,2.0
2016-08-02 15:21:36.670,0.898,0.363,-0.297,-8.08455821583564,-0.8689952709256845,0.2580140861596319,2.0
2016-08-02 15:21:36.680,0.902,0.371,-0.293,-8.396819833271952,-1.1830348741930596,0.10004142737102846,2.0
2016-08-02 15:21:36.690,0.898,0.379,-0.285,-8.77195017721503,-1.9378885084373534,-0.1054030458483225,2.0
2016-08-02 15:21:36.700,0.902,0.375,-0.277,-8.798366918797248,-2.753409546656135,-0.35639725504308306,2.0
2016-08-02 15:21:36.710,0.906,0.367,-0.27,-7.49345649278639,-3.3399135566117617,-0.66834279616125,2.0
2016-08-02 15:21:36.720,0.906,0.355,-0.281,-5.672543833462942,-3.8130584992770977,-1.0410991167340584,2.0
2016-08-02 15:21:36.730,0.898,0.355,-0.281,-4.927406855413676,-4.0041776758897125,-1.2317361635842348,2.0
2016-08-02 15:21:36.740,0.898,0.359,-0.289,-4.629437541721649,-3.998181682936681,-1.2111787172099526,2.0
2016-08-02 15:21:36.750,0.898,0.371,-0.289,-4.625546581599614,-3.994217550061016,-1.165766868507521,2.0
2016-08-02 15:21:36.760,0.898,0.375,-0.285,-5.713164358639204,-3.9803197241924515,-0.9912677241270306,2.0
2016-08-02 15:21:36.770,0.902,0.379,-0.273,-6.7327327157745,-4.28131151326939,-0.6966949706293892,2.0
2016-08-02 15:21:36.780,0.906,0.379,-0.27,-7.315700845764427,-4.803713579335241,-0.49771490641057636,2.0
2016-08-02 15:21:36.790,0.906,0.375,-0.266,-7.834203601895128,-5.085689727520843,-0.43344741825417477,2.0
2016-08-02 15:21:36.800,0.91,0.371,-0.266,-7.06115134802238,-5.226970418965164,-0.5239356333223137,2.0
2016-08-02 15:21:36.810,0.906,0.363,-0.266,-5.539053655025183,-5.293967015565048,-0.6835050656358423,2.0
2016-08-02 15:21:36.820,0.902,0.363,-0.27,-5.0393774950647705,-5.134718498449967,-0.615930935543728,2.0
2016-08-02 15:21:36.830,0.902,0.371,-0.273,-5.360624451651041,-4.82279027361101,-0.2946557404027815,2.0
2016-08-02 15:21:36.840,0.898,0.371,-0.27,-6.188886365266921,-4.463969333136596,-0.011128469133622067,2.0
2016-08-02 15:21:36.850,0.895,0.375,-0.27,-7.6941040968531915,-4.1021754899547505,0.2731059886600883,2.0
2016-08-02 15:21:36.860,0.902,0.379,-0.266,-9.316868203266091,-3.812015570440013,0.8339979831989541,2.0
2016-08-02 15:21:36.870,0.906,0.383,-0.27,-10.575135822836213,-3.5483621933361604,1.3955363948387212,2.0
2016-08-02 15:21:36.880,0.91,0.371,-0.27,-10.830288526611259,-3.0894793799106117,1.57206556274265,2.0
2016-08-02 15:21:36.890,0.906,0.367,-0.273,-9.30217981582928,-2.3814124340526903,1.7644533576282404,2.0
2016-08-02 15:21:36.900,0.902,0.371,-0.277,-7.31492582513255,-1.7070567873865976,2.30080672106673,2.0
2016-08-02 15:21:36.910,0.898,0.379,-0.273,-6.954442744451594,-1.1716450074705094,2.7826059821536004,2.0
2016-08-02 15:21:36.920,0.898,0.379,-0.266,-7.784130601296166,-0.6619039463038854,3.1514931054737163,2.0
2016-08-02 15:21:36.930,0.902,0.383,-0.266,-8.642062771757153,-0.30708587274114435,3.532221222914364,2.0
2016-08-02 15:21:36.940,0.91,0.383,-0.262,-9.35289075037279,-0.1610839326067511,3.618356156142866,2.0
2016-08-02 15:21:36.950,0.91,0.375,-0.266,-9.339695557641967,-0.12209932143879748,3.538471476005798,2.0
2016-08-02 15:21:36.960,0.91,0.371,-0.266,-8.680886171512602,-0.16003122047323598,3.526422153938241,2.0
2016-08-02 15:21:36.970,0.91,0.371,-0.266,-8.63340660020015,-0.1134730737660048,3.49246247068121,2.0
2016-08-02 15:21:36.980,0.91,0.375,-0.266,-9.113955722181222,0.05031792900983242,3.5764862790100507,2.0
2016-08-02 15:21:36.990,0.914,0.367,-0.266,-8.84086179215987,0.1525518191300648,3.5502082040294045,2.0
2016-08-02 15:21:37.000,0.91,0.363,-0.273,-7.670908600367093,0.20046447266569184,3.2999429520390127,2.0
2016-08-02 15:22:10.000,0.941,0.227,0.27,1.7260367820117741,1.520083841665007,-0.3534161398936312,3.0
2016-08-02 15:22:10.010,0.949,0.227,0.273,1.6983386041845434,1.60287987318025,-0.4936242000774552,3.0
2016-08-02 15:22:10.020,0.953,0.223,0.273,1.7201792946699834,1.7852202820503156,-0.7227598314188541,3.0
2016-08-02 15:22:10.030,0.953,0.223,0.277,1.601273913040248,1.8648288022634336,-0.9036075353615223,3.0
2016-08-02 15:22:10.040,0.953,0.223,0.281,1.3802234067443329,1.634509159607385,-0.9566687436560855,3.0
2016-08-02 15:22:10.050,0.953,0.219,0.289,1.383082044113933,1.5478696384283617,-1.0925086272072217,3.0
2016-08-02 15:22:10.060,0.953,0.219,0.289,1.582022632694053,1.8412211383970798,-1.3452135220148727,3.0
2016-08-02 15:22:10.070,0.949,0.223,0.285,1.4997671545513915,1.983190046891107,-1.5256688103296814,3.0
2016-08-02 15:22:10.080,0.949,0.219,0.281,1.3233888870134705,1.9330442392081917,-1.6233390247472177,3.0
2016-08-02 15:22:10.090,0.945,0.219,0.273,1.1884666363048175,1.9977750428237768,-1.644921570363488,3.0
2016-08-02 15:22:10.100,0.945,0.223,0.266,0.6414313481174728,1.9193954652795862,-1.3461506296719286,3.0
2016-08-02 15:22:10.110,0.941,0.23,0.262,0.13374968259696368,1.6371864903058495,-0.802203069501513,3.0
2016-08-02 15:22:10.120,0.949,0.227,0.277,0.17791382591182772,1.4972284481986002,-0.4395069996526943,3.0
2016-08-02 15:22:10.130,0.945,0.23,0.285,0.17412582008557023,1.53850656050438,-0.19866274885487445,3.0
2016-08-02 15:22:10.140,0.949,0.234,0.289,0.07514544046662533,1.6772218169173325,0.018991805478443886,3.0
2016-08-02 15:22:10.150,0.953,0.227,0.289,0.37037599718692393,1.9498954106472,-0.1075398572182856,3.0
2016-08-02 15:22:10.160,0.953,0.219,0.285,0.6366328934049316,2.142286134819538,-0.498878812393156,3.0
2016-08-02 15:22:10.170,0.953,0.223,0.277,0.3608154362799273,2.0775763543989316,-0.8048632794874586,3.0
2016-08-02 15:22:10.180,0.953,0.23,0.273,-0.26949694570493166,2.1441344212962368,-1.0243728757549628,3.0
2016-08-02 15:22:10.190,0.953,0.23,0.285,-1.0292378359555747,2.3443826073338117,-1.2836326260281035,3.0
2016-08-02 15:22:10.200,0.953,0.23,0.281,-1.8100896146121443,2.079366014838022,-1.544706164384766,3.0
2016-08-02 15:22:10.210,0.953,0.227,0.281,-2.1628552443091955,1.6916915393600263,-1.7333784096596097,3.0
2016-08-02 15:22:10.220,0.953,0.223,0.285,-1.9281776633666758,1.8977053862082163,-1.9367204225128618,3.0
2016-08-02 15:22:10.230,0.953,0.223,0.289,-1.7972128358236341,2.2322504928468394,-2.104614288723361,3.0
2016-08-02 15:22:10.240,0.953,0.23,0.281,-1.9709988626052728,2.257227729172514,-2.0586279579694033,3.0
2016-08-02 15:22:10.250,0.953,0.227,0.281,-2.1704734933674557,2.3093454592109675,-1.9550904056943335,3.0
2016-08-02 15:22:10.260,0.953,0.238,0.285,-2.5405413480476273,2.2700345248891973,-1.928234969445052,3.0
2016-08-02 15:22:10.270,0.953,0.246,0.289,-2.7738041144517753,2.126836522989523,-1.8261973110958198,3.0
2016-08-02 15:22:10.280,0.961,0.246,0.293,-2.6996713723630616,2.257041597560937,-1.8390137300087597,3.0
2016-08-02 15:22:10.290,0.953,0.23,0.289,-2.727512214005588,2.2166843201252675,-2.1212346053202764,3.0
2016-08-02 15:22:10.300,0.949,0.23,0.289,-2.670784136105877,1.9678023631480865,-2.3015064563954515,3.0
2016-08-02 15:22:10.310,0.945,0.23,0.289,-2.473533602233796,2.223486921265053,-2.3323654568494607,3.0
2016-08-02 15:22:10.320,0.945,0.23,0.289,-2.4780035358400623,2.535692846463074,-2.370129167134157,3.0
2016-08-02 15:22:10.330,0.945,0.234,0.289,-2.4453791544687125,2.313561789923634,-2.313921280434171,3.0
2016-08-02 15:22:10.340,0.945,0.242,0.293,-2.1873444163333073,2.2096814032773935,-2.2076645407729516,3.0
2016-08-02 15:22:10.350,0.949,0.242,0.293,-2.1427458061490876,2.4350226818808736,-2.1902467808462998,3.0
2016-08-02 15:22:10.360,0.945,0.242,0.289,-2.4229195742546725,2.36470963557079,-2.259822671101497,3.0
2016-08-02 15:22:10.370,0.949,0.238,0.289,-2.5707418288231296,2.2213067805359907,-2.3630122509745544,3.0
2016-08-02 15:22:10.380,0.949,0.234,0.289,-2.577200249961176,2.40133823609773,-2.5658024403278143,3.0
2016-08-02 15:22:10.390,0.949,0.238,0.293,-2.7336620101685085,2.452912323101565,-2.7221113191045085,3.0
2016-08-02 15:22:10.400,0.945,0.238,0.293,-2.8238194233945815,2.317951750808159,-2.633352343760023,3.0
2016-08-02 15:22:10.410,0.949,0.23,0.301,-2.585928774905943,2.4046340131197117,-2.601733806998227,3.0
2016-08-02 15:22:10.420,0.949,0.234,0.297,-2.3815956977337005,2.5196345210915307,-2.740680664314408,3.0
2016-08-02 15:22:10.430,0.945,0.242,0.301,-2.4796650922844883,2.373959838893395,-2.7956153040664233,3.0
2016-08-02 15:22:10.440,0.949,0.23,0.293,-2.3248546547697604,2.373895749439504,-2.755901574500232,3.0
2016-08-02 15:22:10.450,0.949,0.223,0.293,-1.820341021236771,2.665608334773336,-2.767344995787197,3.0
2016-08-02 15:22:10.460,0.941,0.234,0.289,-1.685528228045642,2.740064619550219,-2.8468852260490385,3.0
2016-08-02 15:22:10.470,0.941,0.242,0.293,-1.7846356838230668,2.80007373396965,-2.756049353412476,3.0
2016-08-02 15:22:10.480,0.945,0.246,0.293,-1.7041428728257966,3.259621407689079,-2.4080905994312696,3.0
2016-08-02 15:22:10.490,0.941,0.242,0.301,-1.8246820226975258,3.394889076681687,-2.1400701787805425,3.0
2016-08-02 15:22:10.500,0.93,0.246,0.301,-1.9692878417408215,2.8136661925806505,-2.118226257880803,3.0
2016-08-02 15:22:10.510,0.93,0.234,0.301,-1.5694472931479444,2.4021455663204128,-2.148787448442935,3.0
2016-08-02 15:22:10.520,0.938,0.234,0.301,-0.9856652097818001,2.5630095380413733,-2.167332757988524,3.0
2016-08-02 15:22:10.530,0.945,0.234,0.301,-0.4505374404618508,2.904850730346087,-2.331947330606509,3.0
2016-08-02 15:22:10.540,0.949,0.227,0.293,0.18556760715517054,3.3982366956759975,-2.5913671550978865,3.0
2016-08-02 15:22:10.550,0.949,0.238,0.285,0.4264760892089009,4.00669862132632,-2.7023132752501624,3.0
2016-08-02 15:22:10.560,0.957,0.242,0.285,0.37868032816436803,4.479670527975863,-2.8220268311921077,3.0
2016-08-02 15:22:10.570,0.957,0.234,0.289,0.7220702490235174,4.796945492195835,-3.2116020661584095,3.0
2016-08-02 15:22:10.580,0.953,0.234,0.289,0.7846293559357295,4.707823945574794,-3.600717923193678,3.0
2016-08-02 15:22:10.590,0.945,0.242,0.293,0.11867060328942082,4.15077805649814,-3.8382911532175283,3.0
2016-08-02 15:22:10.600,0.945,0.238,0.305,-0.15384032678590878,3.8064459823286754,-4.250282356434201,3.0
2016-08-02 15:22:10.610,0.941,0.238,0.309,0.20984263848432555,3.8160131339442676,-4.880725413498176,3.0
2016-08-02 15:22:10.620,0.941,0.234,0.316,0.2201102733790518,3.57549510787774,-5.203973636795867,3.0
2016-08-02 15:22:10.630,0.93,0.238,0.313,-0.19485278937047196,2.889499174522647,-4.918403287877458,3.0
2016-08-02 15:22:10.640,0.93,0.238,0.313,-0.0310855124907575,2.3620593108611607,-4.634551528229216,3.0
2016-08-02 15:22:10.650,0.945,0.246,0.305,0.9648269392741484,2.7355436810953506,-4.7692918745635975,3.0
2016-08-02 15:22:10.660,0.945,0.254,0.305,1.3084985172425432,3.4750371754380263,-4.94943207906609,3.0
2016-08-02 15:22:10.670,0.949,0.262,0.297,0.32480191180707124,3.708400476099655,-5.090979144984312,3.0
2016-08-02 15:22:10.680,0.949,0.258,0.293,-0.39167767896205713,4.0061205301760285,-5.284470201267056,3.0
2016-08-02 15:22:10.690,0.949,0.254,0.293,-0.1703916574945502,4.73693655001284,-5.509400321298367,3.0
2016-08-02 15:22:10.700,0.945,0.254,0.297,-0.02774336770908968,5.309434744523641,-5.869271953227555,3.0
2016-08-02 15:22:10.710,0.941,0.262,0.313,-0.2633026016924121,5.770391927139725,-6.240674540869365,3.0
2016-08-02 15:22:10.720,0.941,0.266,0.324,-0.48095053901282603,6.376958479846774,-6.486698040753232,3.0
2016-08-02 15:22:10.730,0.941,0.273,0.328,-0.7146996504653778,6.806353339885306,-6.91438556438735,3.0
2016-08-02 15:22:10.740,0.945,0.27,0.328,-1.143441986709992,7.192612636103043,-7.873251331817409,3.0
2016-08-02 15:22:10.750,0.945,0.262,0.328,-1.7632029148811252,7.827389866623485,-9.154059407126592,3.0
2016-08-02 15:22:10.760,0.949,0.273,0.328,-2.8532213750523816,8.151216994426953,-10.181860105502917,3.0
2016-08-02 15:22:10.770,0.953,0.277,0.32,-4.243811164849532,8.126015487960943,-10.773873557452916,3.0
2016-08-02 15:22:10.780,0.957,0.285,0.32,-5.2115745835616805,8.30651803952159,-11.033489422013634,3.0
2016-08-02 15:22:10.790,0.957,0.285,0.324,-6.066292821168033,8.438319597639767,-10.771225357348122,3.0
2016-08-02 15:22:10.800,0.953,0.285,0.332,-6.683214897931675,8.50972685725732,-10.268297757303005,3.0
2016-08-02 15:22:10.810,0.953,0.281,0.34,-5.881642941005291,9.21977861403896,-10.34765923866722,3.0
2016-08-02 15:22:10.820,0.949,0.27,0.352,-4.504106052884154,10.524750906629318,-10.904591260744676,3.0
2016-08-02 15:22:10.830,0.945,0.266,0.355,-3.6781710969345203,11.441744950718014,-11.318617769800808,3.0
2016-08-02 15:22:10.840,0.945,0.27,0.34,-2.333309182344216,11.853941668151005,-11.706108731143868,3.0
2016-08-02 15:22:10.850,0.945,0.285,0.352,-1.3019143918931768,12.6622108984138,-12.07547755365232,3.0
2016-08-02 15:22:10.860,0.941,0.305,0.355,-3.024142650250556,13.19796403121633,-11.985262393736555,3.0
2016-08-02 15:22:10.870,0.945,0.309,0.359,-5.543487648761292,12.787456285830052,-11.974431464969594,3.0
2016-08-02 15:22:10.880,0.957,0.293,0.371,-5.236986441210857,13.233501106157117,-12.839424896990156,3.0
2016-08-02 15:22:10.890,0.965,0.285,0.383,-3.3122617722180947,14.466992709828133,-14.351284091748138,3.0
2016-08-02 15:22:10.900,0.973,0.281,0.371,-2.197146280359283,14.64045082911409,-16.483480404157874,3.0
2016-08-02 15:22:10.910,0.984,0.297,0.371,-1.8045490259247023,15.366630575634336,-19.226920419746023,3.0
2016-08-02 15:22:10.920,1.008,0.328,0.387,-2.8660992675534844,17.744050919172828,-21.822642036471212,3.0
2016-08-02 15:22:10.930,1.031,0.328,0.391,-5.177110767057746,19.798272624824563,-24.22686273494442,3.0
2016-08-02 15:22:10.940,1.031,0.301,0.395,-5.612744882953673,21.344283765095078,-27.213948683774483,3.0
2016-08-02 15:22:10.950,1.031,0.273,0.398,-3.8329400299548952,23.359541774438764,-31.252764453900838,3.0
2016-08-02 15:22:10.960,1.047,0.289,0.434,-2.0982615505165767,26.039739477283568,-35.63960701225875,3.0
2016-08-02 15:22:10.970,1.078,0.328,0.473,0.27047954759047466,29.516421126097924,-39.16491989059069,3.0
2016-08-02 15:22:10.980,1.102,0.34,0.488,3.8469677099771253,33.84896895323016,-42.86044745599517,3.0
2016-08-02 15:22:10.990,1.105,0.355,0.484,4.705521118672097,38.3549075058923,-47.15573463252918,3.0
2016-08-02 15:22:11.000,1.086,0.398,0.484,0.22182325012841897,40.97626373137964,-49.607007918854855,3.0
2016-08-02 15:22:11.010,1.074,0.402,0.48,-5.578907014001887,41.74228810655995,-50.99518062890566,3.0
2016-08-02 15:22:11.020,1.07,0.406,0.488,-8.685337530599625,43.55829222099041,-53.76502323769445,3.0
2016-08-02 15:22:11.030,1.066,0.418,0.496,-10.67385154608706,46.70601335283348,-56.41745585658455,3.0
2016-08-02 15:22:11.040,1.059,0.402,0.492,-12.724981950248022,49.3648861359761,-58.634757329544485,3.0
2016-08-02 15:22:11.050,1.047,0.406,0.508,-13.694455474256753,51.465082290579076,-61.87013272068292,3.0
2016-08-02 15:22:11.060,1.039,0.422,0.512,-13.970106945502742,53.18122877273195,-64.95473376157265,3.0
2016-08-02 15:22:11.070,1.031,0.438,0.516,-13.559272294532304,54.533000067678095,-68.07128179541775,3.0
2016-08-02 15:22:11.080,1.02,0.473,0.527,-14.134649793444737,55.775487587028195,-71.7777216405571,3.0
2016-08-02 15:22:11.090,1.0,0.504,0.527,-19.078201405219637,55.899433036806315,-74.37802625920698,3.0
2016-08-02 15:22:11.100,0.992,0.516,0.566,-24.391724396903342,55.70448278383013,-76.31157422247752,3.0
2016-08-02 15:22:11.110,0.992,0.508,0.602,-24.437899134040432,57.43380542282232,-78.26335061372507,3.0
2016-08-02 15:22:11.120,0.977,0.496,0.617,-21.35172144207008,59.33390829444255,-80.23353053637364,3.0
2016-08-02 15:22:11.130,0.961,0.504,0.621,-19.456981188299544,60.2805940807486,-82.50839089358628,3.0
2016-08-02 15:22:11.140,0.949,0.551,0.605,-21.773152704423254,61.88461826783653,-83.75174424523206,3.0
2016-08-02 15:22:11.150,0.941,0.586,0.582,-25.7928384047786,62.737184505888436,-85.25785294243957,3.0
2016-08-02 15:22:11.160,0.926,0.578,0.586,-26.033282957885174,62.69916590624548,-88.40906889122884,3.0
2016-08-02 15:22:11.170,0.91,0.594,0.598,-26.862840759882786,63.57901865249647,-89.90815081772797,3.0
2016-08-02 15:22:11.180,0.895,0.609,0.609,-32.055808866580946,63.87906438926354,-89.97183147643011,3.0
2016-08-02 15:22:11.190,0.895,0.625,0.645,-34.10269872612541,64.1384923477287,-91.89924272096103,3.0
2016-08-02 15:22:11.200,0.895,0.617,0.676,-31.072138627954224,66.35425630737461,-94.12864296636901,3.0
2016-08-02 15:22:11.210,0.871,0.578,0.645,-29.68342166959564,67.92900274200332,-95.68920285597062,3.0
2016-08-02 15:22:11.220,0.836,0.613,0.629,-31.19942456404891,67.8770103419106,-97.40723186781382,3.0
2016-08-02 15:22:11.230,0.816,0.641,0.645,-31.650059326019253,68.68945629147922,-97.52653000501162,3.0
2016-08-02 15:22:11.240,0.789,0.633,0.691,-28.163939490449884,69.50680847818487,-97.75190718596511,3.0
2016-08-02 15:22:11.250,0.777,0.621,0.711,-21.94578769931248,69.29416302862613,-99.79112567561431,3.0
2016-08-02 15:22:11.260,0.766,0.625,0.688,-17.921365863425677,69.55748739331588,-101.20594589111651,3.0
2016-08-02 15:22:11.270,0.734,0.617,0.668,-18.74914671275742,69.51210883878781,-102.77002495404794,3.0
2016-08-02 15:22:11.280,0.707,0.66,0.668,-22.717082311800887,68.51494240649224,-103.6396674316011,3.0
2016-08-02 15:22:11.290,0.668,0.656,0.656,-26.51025639029224,67.13612288026371,-101.60657198737044,3.0
2016-08-02 15:22:11.300,0.629,0.637,0.641,-26.357628902216952,64.28843485739169,-100.23584120038089,3.0
2016-08-02 15:22:11.310,0.613,0.598,0.641,-20.27783251818282,61.592229214600565,-100.45749801350303,3.0
2016-08-02 15:22:11.320,0.594,0.574,0.672,-12.095969530498053,60.80605142386672,-100.62483849854769,3.0
2016-08-02 15:22:11.330,0.578,0.59,0.672,-9.758154768018418,60.358183258860564,-100.94863100618946,3.0
2016-08-02 15:22:11.340,0.57,0.633,0.723,-16.585827944507038,59.670705015157225,-94.72692485741109,3.0
2016-08-02 15:22:11.350,0.695,0.48,0.766,-22.29930325232118,58.73082679964136,-86.08396390262226,3.0
2016-08-02 15:22:11.360,0.797,0.566,0.738,-14.879083011031465,61.69681804743702,-93.37068262471406,3.0
2016-08-02 15:22:11.370,0.523,0.727,0.637,-11.575718450983905,64.9928527479216,-99.08529764829558,3.0
2016-08-02 15:22:11.380,0.348,0.785,0.59,-28.135032113114093,55.16255836483609,-86.53581575513901,3.0
2016-08-02 15:22:11.390,0.414,0.676,0.672,-33.406819848211256,43.49698105993325,-83.77788331476792,3.0
2016-08-02 15:22:11.400,0.461,0.563,0.734,-17.096720368908215,43.53656730722834,-89.56480897534112,3.0
2016-08-02 15:22:11.410,0.414,0.594,0.723,-17.05386886052551,40.92893470922756,-86.32710820883304,3.0
2016-08-02 15:22:11.420,0.355,0.688,0.68,-35.6239906873334,34.27768342087253,-84.50642717380254,3.0
2016-08-02 15:22:11.430,0.34,0.688,0.695,-43.04581413862482,32.89900965383113,-82.38037798423338,3.0
2016-08-02 15:22:11.440,0.355,0.617,0.746,-33.27294225067658,30.436172330282506,-78.17534384720409,3.0
2016-08-02 15:22:11.450,0.367,0.578,0.762,-17.13303981739336,25.867032120840914,-78.29831364623782,3.0
2016-08-02 15:22:11.460,0.352,0.586,0.75,-5.775792817194409,23.339221128038886,-76.77076509412919,3.0
2016-08-02 15:22:11.470,0.328,0.609,0.777,-3.149350846603147,20.113376560944463,-72.78993813623747,3.0
2016-08-02 15:22:11.480,0.313,0.629,0.793,-5.07579422915938,16.818884542774473,-69.58476327526111,3.0
2016-08-02 15:22:11.490,0.289,0.613,0.781,-6.500821497209131,14.803737690620405,-64.67587106436319,3.0
2016-08-02 15:22:11.500,0.258,0.539,0.754,-4.497936189835957,11.385860665071993,-59.84228187604518,3.0
2016-08-02 15:22:11.510,0.234,0.52,0.711,-1.9657924071917665,7.230099707235911,-57.177503679672085,3.0
2016-08-02 15:22:11.520,0.215,0.527,0.66,-3.5584837819752035,4.432989898510449,-54.07990915531582,3.0
2016-08-02 15:22:11.530,0.203,0.551,0.613,-10.427287667433669,1.6474814184848057,-50.316767551376515,3.0
2016-08-02 15:22:11.540,0.211,0.586,0.555,-23.059828901370444,-1.6854065604598134,-47.145019055131584,3.0
2016-08-02 15:22:11.550,0.215,0.625,0.512,-40.05797883720903,-4.11981394617555,-43.83706951634281,3.0
2016-08-02 15:22:11.560,0.223,0.641,0.52,-55.644836014593736,-5.779154653598736,-40.226324331988344,3.0
2016-08-02 15:22:11.570,0.223,0.602,0.574,-63.03778939363549,-7.11687976341681,-36.2221939501325,3.0
2016-08-02 15:22:11.580,0.199,0.523,0.637,-61.39796153184027,-7.887628797394968,-31.108142665400052,3.0
2016-08-02 15:22:11.590,0.164,0.48,0.711,-55.61489775064953,-8.049534871282182,-25.420619386414955,3.0
2016-08-02 15:22:11.600,0.117,0.473,0.723,-50.45434931961829,-7.14711759107564,-19.355023337145575,3.0
2016-08-02 15:22:11.610,0.094,0.477,0.695,-48.93629721015733,-5.966131024133702,-12.576771485628223,3.0
2016-08-02 15:22:11.620,0.098,0.484,0.629,-51.23094495696406,-6.716683161818054,-6.535190362213418,3.0
2016-08-02 15:22:11.630,0.105,0.5,0.547,-57.29513961487371,-9.705012265908385,-1.5316755452261732,3.0
2016-08-02 15:22:11.640,0.105,0.516,0.492,-68.39781897100369,-13.201371197606731,4.2388624991599455,3.0
2016-08-02 15:22:11.650,0.105,0.527,0.461,-81.532284968982,-15.963620716374505,10.54925212158433,3.0
2016-08-02 15:22:11.660,0.102,0.48,0.457,-90.24468351387763,-17.865021763940486,16.4833337461676,3.0
2016-08-02 15:22:11.670,0.082,0.422,0.508,-91.26914889498839,-19.25112965334485,22.397093792416978,3.0
2016-08-02 15:22:11.680,0.074,0.355,0.563,-87.44218535873273,-20.289544000967773,27.729584348609034,3.0
2016-08-02 15:22:11.690,0.074,0.34,0.594,-83.59574082176732,-20.902988825350043,31.58686817374667,3.0
2016-08-02 15:22:11.700,0.082,0.324,0.602,-80.53185571294546,-21.446451109200403,34.18704489632451,3.0
2016-08-02 15:22:11.710,0.09,0.313,0.602,-77.38426828759398,-21.9418641484907,36.1354720577906,3.0
2016-08-02 15:22:11.720,0.094,0.309,0.605,-74.77438849477154,-21.792140789221968,37.60359904840753,3.0
2016-08-02 15:22:11.730,0.082,0.305,0.598,-72.59578527288755,-21.287031779713697,38.605090111740175,3.0
2016-08-02 15:22:11.740,0.074,0.305,0.605,-69.15258500987532,-21.216598395976334,39.24551389477959,3.0
2016-08-02 15:22:11.750,0.078,0.285,0.629,-62.772650775599985,-22.090357634652133,38.7081812716534,3.0
2016-08-02 15:22:11.760,0.109,0.277,0.637,-55.34127773322451,-23.63605167567931,36.55795203776039,3.0
2016-08-02 15:22:11.770,0.129,0.285,0.645,-49.39869130661959,-24.318766435689305,34.299671477450275,3.0
2016-08-02 15:22:11.780,0.137,0.273,0.684,-41.725742043961525,-23.950059458348242,33.21915882015605,3.0
2016-08-02 15:22:11.790,0.121,0.254,0.727,-31.737851912241986,-23.448035325405943,33.09660531307864,3.0
2016-08-02 15:22:11.800,0.125,0.27,0.754,-25.640387712514656,-21.804009764170218,31.941194508241548,3.0
2016-08-02 15:22:11.810,0.141,0.27,0.758,-22.35581189200073,-19.134814244783314,27.597733677618546,3.0
2016-08-02 15:22:11.820,0.164,0.258,0.75,-15.499895256951785,-17.44127530347918,21.44326614321859,3.0
2016-08-02 15:22:11.830,0.184,0.27,0.719,-7.745794134460858,-16.153874142565932,15.953318471948304,3.0
2016-08-02 15:22:11.840,0.203,0.277,0.703,-2.651469567086231,-14.52589104725602,10.764233028225572,3.0
2016-08-02 15:22:11.850,0.223,0.277,0.707,2.613601736286525,-13.949027273031382,4.870884474138289,3.0
2016-08-02 15:22:11.860,0.238,0.297,0.723,7.001430455911959,-14.47358479299784,-1.3246709369627778,3.0
2016-08-02 15:22:11.870,0.25,0.301,0.758,8.978218992969465,-15.474090796900501,-6.67984466041178,3.0
2016-08-02 15:22:11.880,0.254,0.309,0.805,11.374370481509981,-16.20916084075076,-10.3480756315077,3.0
2016-08-02 15:22:11.890,0.27,0.328,0.859,13.808996299015913,-14.644240016926858,-12.780228811234613,3.0
2016-08-02 15:22:11.900,0.273,0.332,0.891,15.605464449698754,-10.966355957706622,-15.016309673803594,3.0
2016-08-02 15:22:11.910,0.262,0.352,0.871,17.192516860297534,-7.715795407851654,-17.295052104877055,3.0
2016-08-02 15:22:11.920,0.27,0.383,0.828,15.803892239909633,-5.926040028719132,-19.492427898052803,3.0
2016-08-02 15:22:11.930,0.281,0.398,0.793,10.68511156383107,-5.13507075933227,-21.76741685579836,3.0
2016-08-02 15:22:11.940,0.297,0.438,0.777,2.913912849194766,-4.698846892535141,-23.665581508078397,3.0
2016-08-02 15:22:11.950,0.305,0.457,0.793,-6.91563164588487,-4.565778530956132,-24.15953199589941,3.0
2016-08-02 15:22:11.960,0.297,0.453,0.824,-14.937281383137265,-4.405073302551768,-23.59295812491897,3.0
2016-08-02 15:22:11.970,0.281,0.449,0.859,-19.703808459234214,-2.610901904408712,-23.146417989302627,3.0
2016-08-02 15:22:11.980,0.273,0.41,0.898,-22.838954425153577,0.5725482078684907,-23.29556304283857,3.0
2016-08-02 15:22:11.990,0.27,0.375,0.918,-24.04409664537478,3.2153041750391163,-24.271208541833726,3.0
2016-08-02 15:22:12.000,0.254,0.383,0.914,-27.7219120969786,4.9148759323292435,-25.481054526396385,3.0
2016-08-02 15:22:12.010,0.266,0.395,0.895,-35.841299744157155,5.2142706036191715,-26.013332659755193,3.0
2016-08-02 15:22:12.020,0.277,0.383,0.887,-41.31205890763175,4.213635819524053,-25.621232082445843,3.0
2016-08-02 15:22:12.030,0.285,0.379,0.887,-44.242591794827106,4.092702972055356,-24.057115801055392,3.0
2016-08-02 15:22:12.040,0.297,0.375,0.902,-49.04073583048124,5.385368039175786,-22.2089249646876,3.0
2016-08-02 15:22:12.050,0.301,0.363,0.91,-52.165980173120374,6.425774257317799,-21.322013494216243,3.0
2016-08-02 15:22:12.060,0.301,0.34,0.926,-52.1774866677015,6.404446757136319,-20.632058150655453,3.0
2016-08-02 15:22:12.070,0.289,0.328,0.938,-51.82812933987876,5.72094908808073,-19.137790014004928,3.0
2016-08-02 15:22:12.080,0.281,0.309,0.945,-49.843822495130325,5.092782221172657,-17.21958883648291,3.0
2016-08-02 15:22:12.090,0.27,0.277,0.957,-44.55524653975802,4.713712356199344,-15.580538695257207,3.0
2016-08-02 15:22:12.100,0.27,0.258,0.941,-38.06088174717983,4.173679225408732,-14.233580235524082,3.0
2016-08-02 15:22:12.110,0.262,0.266,0.906,-33.233031030961115,3.5082746931899007,-12.540192149109673,3.0
2016-08-02 15:22:12.120,0.254,0.266,0.879,-30.228078859352436,2.8008126931351724,-10.495074108067477,3.0
2016-08-02 15:22:12.130,0.25,0.262,0.859,-27.3401982270525,1.8235873050837637,-8.911644277622642,3.0
2016-08-02 15:22:12.140,0.254,0.254,0.855,-24.05182965654677,0.9932048972188436,-8.088330765008877,3.0
2016-08-02 15:22:12.150,0.258,0.238,0.867,-19.86322952258911,0.5079786552993751,-7.679549319581796,3.0
2016-08-02 15:22:12.160,0.262,0.223,0.879,-14.024821672567452,0.11648931204119192,-7.453707551750016,3.0
2016-08-02 15:22:12.170,0.262,0.211,0.883,-7.790551758228429,0.07871754212548296,-7.319584444297265,3.0
2016-08-02 15:22:12.180,0.27,0.203,0.887,-2.0426581385434406,0.2633454731602365,-7.238552463700474,3.0
2016-08-02 15:22:12.190,0.27,0.203,0.883,3.8023214661272027,0.19777004492858577,-7.290813111027772,3.0
2016-08-02 15:22:12.200,0.266,0.207,0.879,8.604295530561942,-0.07154595060696495,-7.360666901302842,3.0
2016-08-02 15:22:12.210,0.262,0.227,0.863,10.620747291262006,-0.12219685895683317,-7.200156374432616,3.0
2016-08-02 15:22:12.220,0.258,0.227,0.852,10.851680637695091,0.5539237111466435,-6.906917414711346,3.0
2016-08-02 15:22:12.230,0.25,0.227,0.84,11.398628344572982,1.8606862871927496,-6.912383306265415,3.0
2016-08-02 15:22:12.240,0.242,0.215,0.836,12.449335941531562,3.0759402548747876,-7.3839081751645885,3.0
2016-08-02 15:22:12.250,0.242,0.219,0.82,12.761021132207464,3.816458205180518,-7.748894032941552,3.0
2016-08-02 15:22:12.260,0.242,0.219,0.824,12.296084322337782,4.1674432996665285,-7.417618317769579,3.0
2016-08-02 15:22:12.270,0.23,0.207,0.82,13.20425156764977,4.034204637734378,-6.840010318740743,3.0
2016-08-02 15:22:12.280,0.223,0.195,0.816,16.611535997710654,3.529321876505765,-6.763433302716056,3.0
2016-08-02 15:22:12.290,0.219,0.188,0.813,20.793111580065748,2.9545348016472097,-6.996709207823225,3.0
2016-08-02 15:22:12.300,0.207,0.199,0.809,23.494951892461216,2.118387414252838,-6.965853577444658,3.0
2016-08-02 15:22:12.310,0.203,0.219,0.797,24.385384924521386,1.0574188483146556,-6.814655463610507,3.0
2016-08-02 15:22:12.320,0.191,0.215,0.801,25.878827712171653,-0.26350967119327406,-6.984291970797551,3.0
2016-08-02 15:22:12.330,0.184,0.211,0.801,28.502825585054264,-2.0182242251783937,-7.076035896545976,3.0
2016-08-02 15:22:12.340,0.18,0.211,0.785,29.30343873795558,-3.337309835491734,-6.690303371479915,3.0
2016-08-02 15:22:12.350,0.18,0.215,0.785,29.034690710483975,-3.736372920501578,-6.30150095188174,3.0
2016-08-02 15:22:12.360,0.188,0.223,0.801,30.597477787814306,-3.7207105734466612,-6.203681704688594,3.0
2016-08-02 15:22:12.370,0.199,0.234,0.797,32.21847946119123,-3.4889864454265744,-6.377532132138686,3.0
2016-08-02 15:22:12.380,0.203,0.254,0.785,31.6484217835889,-3.24284901250609,-6.783223925486179,3.0
2016-08-02 15:22:12.390,0.215,0.273,0.777,30.21000389252417,-2.9439888343101748,-7.329351287014632,3.0
2016-08-02 15:22:12.400,0.215,0.281,0.785,29.434086410774356,-2.4623247611066317,-8.012304005566207,3.0
2016-08-02 15:22:12.410,0.203,0.285,0.785,29.109995891103825,-2.3752445720495747,-8.538057358374889,3.0
2016-08-02 15:22:12.420,0.207,0.293,0.781,27.617132653400304,-2.6175403738397054,-8.831918448889603,3.0
2016-08-02 15:22:12.430,0.211,0.316,0.773,24.254109434967127,-2.419303107262611,-9.294101057622626,3.0
2016-08-02 15:22:12.440,0.219,0.32,0.793,21.87246828175794,-1.508638503303737,-9.769429348463849,3.0
2016-08-02 15:22:12.450,0.23,0.32,0.801,22.497556132576314,0.24747342892895985,-10.133708026877308,3.0
2016-08-02 15:22:12.460,0.242,0.336,0.805,23.859349007434428,2.722266020999756,-10.642173763408314,3.0
2016-08-02 15:22:12.470,0.246,0.344,0.805,24.8212124699269,5.519421603096998,-11.029861362468555,3.0
2016-08-02 15:22:12.480,0.238,0.348,0.801,26.495229689786186,8.262036141011299,-11.408843444777606,3.0
2016-08-02 15:22:12.490,0.223,0.352,0.797,28.050903657541348,10.165680044835241,-12.062278760955216,3.0
2016-08-02 15:22:12.500,0.207,0.367,0.785,27.81127092927748,10.959355079333166,-12.32652671905038,3.0
2016-08-02 15:22:12.510,0.215,0.391,0.766,24.512085778865938,11.744120614906004,-11.806254448065735,3.0
2016-08-02 15:22:12.520,0.23,0.426,0.742,18.796397166620807,13.512020167002326,-10.713685348875268,3.0
2016-08-02 15:22:12.530,0.242,0.422,0.746,15.538257220937162,15.828242703674771,-9.469300104789435,3.0
2016-08-02 15:22:12.540,0.246,0.414,0.762,17.744885164053024,18.135360056103828,-8.997879208427491,3.0
2016-08-02 15:22:12.550,0.25,0.41,0.773,22.060969134148955,20.77785409704192,-9.322526016109055,3.0
2016-08-02 15:22:12.560,0.246,0.402,0.797,25.727783627631432,23.354831261672395,-9.360451441070001,3.0
2016-08-02 15:22:12.570,0.227,0.391,0.82,28.92332456104557,24.796259932421798,-8.957797564979924,3.0
2016-08-02 15:22:12.580,0.199,0.422,0.824,29.458500450879946,25.269989883249043,-8.126045607882414,3.0
2016-08-02 15:22:12.590,0.203,0.457,0.824,26.555120085970014,25.910843144331555,-5.9356152312866515,3.0
2016-08-02 15:22:12.600,0.203,0.453,0.828,26.083092372225956,26.969258231288908,-2.6271059556541227,3.0
2016-08-02 15:22:12.610,0.199,0.438,0.844,32.49627742218723,27.142495567227332,0.1784974664033977,3.0
2016-08-02 15:22:12.620,0.203,0.434,0.84,40.78241896928592,26.216000589648186,2.345988562074633,3.0
2016-08-02 15:22:12.630,0.199,0.469,0.816,42.480216992279004,25.44280152111424,4.7218904154665795,3.0
2016-08-02 15:22:12.640,0.195,0.508,0.801,36.61242727754253,24.362767780152943,6.919218989298685,3.0
2016-08-02 15:22:12.650,0.195,0.516,0.793,29.358794713584615,22.185635031841873,8.621246407751126,3.0
2016-08-02 15:22:12.660,0.184,0.512,0.805,25.583846507565635,19.8798012115523,10.402437566607082,3.0
2016-08-02 15:22:12.670,0.176,0.516,0.816,26.180480038086575,18.673728594331756,12.744934148201429,3.0
2016-08-02 15:22:12.680,0.18,0.508,0.848,31.26287142665425,19.098736778658438,15.417530652450761,3.0
2016-08-02 15:22:12.690,0.184,0.477,0.879,41.10645719164147,20.05912902883699,17.409849757573166,3.0
2016-08-02 15:22:12.700,0.176,0.469,0.875,51.3713210063064,19.844540668293817,18.62839276822144,3.0
2016-08-02 15:22:12.710,0.164,0.504,0.844,53.42055289421736,18.57350632317158,19.928513775408156,3.0
2016-08-02 15:22:12.720,0.156,0.543,0.824,45.90512712470728,16.78196980520328,21.013528589676294,3.0
2016-08-02 15:22:12.730,0.164,0.555,0.816,36.27602116816192,14.523555657692288,21.733535290314983,3.0
2016-08-02 15:22:12.740,0.16,0.555,0.805,28.86766919012984,12.532142085577863,23.11886672085722,3.0
2016-08-02 15:22:12.750,0.156,0.547,0.797,24.716933374709143,11.167286789339018,24.712169991833832,3.0
2016-08-02 15:22:12.760,0.16,0.543,0.813,26.271695173505506,10.626421577571714,25.491477993758398,3.0
2016-08-02 15:22:12.770,0.184,0.527,0.832,30.791209938762904,11.596732626274388,26.770789963585102,3.0
2016-08-02 15:22:12.780,0.188,0.535,0.824,31.127246257362607,12.853324463974209,28.975486247572206,3.0
2016-08-02 15:22:12.790,0.184,0.566,0.793,25.204398901101097,12.311182771334199,30.425767513550102,3.0
2016-08-02 15:22:12.800,0.184,0.582,0.781,16.489048984918664,10.64333964277844,31.16225252806313,3.0
2016-08-02 15:22:12.810,0.188,0.586,0.809,10.529624781903571,9.22026509324536,31.64657774134666,3.0
2016-08-02 15:22:12.820,0.191,0.566,0.836,9.256281354063242,7.899606156704138,31.378966860415453,3.0
2016-08-02 15:22:12.830,0.211,0.543,0.84,9.158448318480563,7.141243356592513,30.66371830534039,3.0
2016-08-02 15:22:12.840,0.215,0.543,0.836,8.301187259320427,7.47127360036167,30.509603425631425,3.0
2016-08-02 15:22:12.850,0.211,0.547,0.816,5.665681260353028,7.71037395483015,31.992071813124937,3.0
2016-08-02 15:22:12.860,0.195,0.559,0.793,0.7547709797532383,7.331454203064686,34.497169228008616,3.0
2016-08-02 15:22:12.870,0.188,0.586,0.805,-3.280881997475074,7.183229123384288,36.56743537644053,3.0
2016-08-02 15:22:12.880,0.191,0.57,0.809,-5.844221849941048,6.648935339416766,38.155531503837366,3.0
2016-08-02 15:22:12.890,0.203,0.527,0.805,-7.908876822743035,4.98471683318248,38.83849571039599,3.0
2016-08-02 15:22:12.900,0.219,0.52,0.828,-8.481174403674434,3.135742276320578,38.86659074117819,3.0
2016-08-02 15:22:12.910,0.234,0.5,0.832,-8.778708286827513,1.3386018143550436,39.59615857472873,3.0
2016-08-02 15:22:12.920,0.234,0.531,0.82,-8.050165718383585,-0.3326611146879253,40.11443571045254,3.0
2016-08-02 15:22:12.930,0.199,0.574,0.816,-6.783246481503527,-0.9154362518775321,40.94339161981951,3.0
2016-08-02 15:22:12.940,0.172,0.566,0.813,-9.901047357106439,-1.1770770400345572,43.718331028125405,3.0
2016-08-02 15:22:12.950,0.184,0.539,0.82,-12.195879727760573,-2.3037983629023664,45.77947701448038,3.0
2016-08-02 15:22:12.960,0.227,0.508,0.816,-8.612541049641944,-3.287458419399801,46.765094128188494,3.0
2016-08-02 15:22:12.970,0.254,0.5,0.773,-7.646229714746969,-4.1182585307702695,48.05594954244282,3.0
2016-08-02 15:22:12.980,0.246,0.547,0.75,-12.402296579957987,-5.75027728033821,47.91541963448819,3.0
2016-08-02 15:22:12.990,0.23,0.57,0.746,-19.998158779164207,-7.482318838350164,49.08248541637942,3.0
2016-08-02 15:22:13.000,0.219,0.523,0.75,-27.807399692278906,-9.918844910994327,52.763344615498866,3.0
2016-08-02 15:22:13.010,0.238,0.48,0.789,-26.502434840762543,-14.039732598873588,53.70076476995786,3.0
2016-08-02 15:22:13.020,0.262,0.488,0.801,-16.11163895978279,-17.718038785854695,52.492310828907584,3.0
2016-08-02 15:22:13.030,0.262,0.5,0.773,-10.031162541166044,-19.54347453442115,51.77619942896539,3.0
2016-08-02 15:22:13.040,0.242,0.547,0.789,-10.800270592943477,-21.41852475617707,50.42981040315762,3.0
2016-08-02 15:22:13.050,0.254,0.551,0.82,-11.202133010368028,-24.051501412621803,50.87858940816352,3.0
2016-08-02 15:22:13.060,0.277,0.477,0.832,-9.746608213227953,-26.076434276633258,53.876776830345406,3.0
2016-08-02 15:22:13.070,0.301,0.426,0.801,-9.189872801809218,-28.32423648358924,55.623239414228244,3.0
2016-08-02 15:22:13.080,0.328,0.422,0.742,-12.23912539318503,-31.282336968855468,56.993208854554204,3.0
2016-08-02 15:22:13.090,0.348,0.422,0.715,-16.61818308054947,-33.54815447659047,59.21303080718545,3.0
2016-08-02 15:22:13.100,0.352,0.422,0.738,-15.225533249419367,-36.4209258489647,59.32640779589954,3.0
2016-08-02 15:22:13.110,0.332,0.422,0.758,-7.735954718167868,-40.610799078167446,57.57084018725803,3.0
2016-08-02 15:22:13.120,0.332,0.457,0.832,0.1755511631381541,-43.56726182307279,56.532425032422765,3.0
2016-08-02 15:22:13.130,0.363,0.477,0.859,4.8028525522955405,-44.50530054527872,57.219970960154015,3.0
2016-08-02 15:22:13.140,0.383,0.438,0.832,4.453437861956464,-45.08116605677741,59.163934301619776,3.0
2016-08-02 15:22:13.150,0.395,0.414,0.789,-0.1597054235879669,-46.96105015953128,61.13237150593889,3.0
2016-08-02 15:22:13.160,0.422,0.379,0.695,-8.828981230327313,-49.335405237623945,63.796465582166846,3.0
2016-08-02 15:22:13.170,0.434,0.359,0.66,-17.821364206355682,-51.280045491585234,66.63075291067405,3.0
2016-08-02 15:22:13.180,0.438,0.387,0.691,-15.174439846899865,-55.30383455751907,66.43775035527231,3.0
2016-08-02 15:22:13.190,0.438,0.402,0.715,-0.5021765797388951,-58.97818782794172,63.63484909778943,3.0
2016-08-02 15:22:13.200,0.426,0.426,0.77,11.329740658568692,-58.147669015602176,61.51252689094463,3.0
2016-08-02 15:22:13.210,0.441,0.453,0.828,14.468742489949765,-56.987690738774546,61.574406513681126,3.0
2016-08-02 15:22:13.220,0.477,0.402,0.824,12.957322049219336,-56.65600723525629,63.53974705898202,3.0
2016-08-02 15:22:13.230,0.5,0.398,0.805,9.957323929124057,-55.063910955984625,65.91940981574686,3.0
2016-08-02 15:22:13.240,0.535,0.375,0.758,6.509093453706646,-54.47718355304107,68.31292200611904,3.0
2016-08-02 15:22:13.250,0.547,0.324,0.688,2.7288277812547235,-55.00576120574099,70.93359572251546,3.0
2016-08-02 15:22:13.260,0.527,0.332,0.648,2.9662698848263593,-57.55288932677722,71.92639722641013,3.0
2016-08-02 15:22:13.270,0.516,0.398,0.629,8.33949999196127,-62.495969312890445,71.70152997479158,3.0
2016-08-02 15:22:13.280,0.504,0.473,0.707,13.560204990718436,-66.06558052516829,72.26131021528128,3.0
2016-08-02 15:22:13.290,0.535,0.469,0.82,19.810516207834787,-67.18551485075503,72.21559386319483,3.0
2016-08-02 15:22:13.300,0.617,0.398,0.867,26.63538733367953,-64.47084039140641,71.05187502474269,3.0
2016-08-02 15:22:13.310,0.668,0.398,0.844,26.47252059753652,-60.509618562040245,69.94365619239065,3.0
2016-08-02 15:22:13.320,0.703,0.406,0.758,18.88343857532962,-62.08320379185247,68.67651674452333,3.0
2016-08-02 15:22:13.330,0.676,0.348,0.645,8.147603514359167,-66.09641517643729,68.41118925192352,3.0
2016-08-02 15:22:13.340,0.633,0.32,0.59,0.6941901452042332,-69.96478243314125,69.82580393741429,3.0
2016-08-02 15:22:13.350,0.641,0.363,0.633,5.256747570544019,-76.2127177220251,69.88493174726635,3.0
2016-08-02 15:22:13.360,0.691,0.422,0.742,18.673243120529982,-79.2549957436111,67.80921653925314,3.0
2016-08-02 15:22:13.370,0.754,0.418,0.828,30.134798820328747,-75.92663819579317,66.19323220500186,3.0
2016-08-02 15:22:13.380,0.816,0.367,0.832,34.19355732000032,-70.77436756955578,62.92145335055834,3.0
2016-08-02 15:22:13.390,0.84,0.461,0.824,27.633851266975654,-66.99067990695046,57.270447591928004,3.0
2016-08-02 15:22:13.400,0.859,0.516,0.785,14.735948046430376,-67.65595202848104,56.449740207904185,3.0
2016-08-02 15:22:13.410,0.859,0.414,0.691,7.437164125216804,-69.74930813255133,58.98975863835485,3.0
2016-08-02 15:22:13.420,0.82,0.313,0.609,8.11366111926792,-68.17489095677107,57.95865483457787,3.0
2016-08-02 15:22:13.430,0.773,0.289,0.57,9.846328711077527,-67.48921963683316,58.056885567213726,3.0
2016-08-02 15:22:13.440,0.781,0.324,0.598,10.511780511087201,-69.39195482904975,60.67239937839204,3.0
2016-08-02 15:22:13.450,0.84,0.379,0.699,13.872750145149181,-69.24329995591327,60.326130712290606,3.0
2016-08-02 15:22:13.460,0.91,0.391,0.75,20.11797744912315,-65.51813299360137,58.05199707273685,3.0
2016-08-02 15:22:13.470,0.957,0.406,0.762,23.252819327247476,-59.40887291559093,54.38598060790544,3.0
2016-08-02 15:22:13.480,0.957,0.438,0.75,20.703675870370432,-55.24129279954943,50.11925428736035,3.0
2016-08-02 15:22:13.490,0.949,0.375,0.684,17.040069028565007,-55.173372073182996,49.226632907603204,3.0
2016-08-02 15:22:13.500,0.906,0.273,0.594,14.92294591725586,-55.821128896156,49.54802385250735,3.0
2016-08-02 15:22:13.510,0.848,0.227,0.535,12.250900748632422,-56.80329404069019,49.149319189427636,3.0
2016-08-02 15:22:13.520,0.816,0.266,0.52,9.601831150077647,-59.37417527969678,50.39193309213112,3.0
2016-08-02 15:22:13.530,0.848,0.305,0.555,10.389562019487425,-60.60022016598644,52.15619814342033,3.0
2016-08-02 15:22:13.540,0.898,0.297,0.605,13.936935410048612,-58.75335458317509,52.55824940511857,3.0
2016-08-02 15:22:13.550,0.93,0.262,0.605,17.52202990791945,-56.60105300758683,50.92027088480543,3.0
2016-08-02 15:22:13.560,0.918,0.262,0.566,20.38296356810129,-56.352860123836116,47.441287970952445,3.0
2016-08-02 15:22:13.570,0.902,0.281,0.527,19.506847122232,-57.16269309831694,45.57076645896832,3.0
2016-08-02 15:22:13.580,0.902,0.289,0.512,13.259565384213092,-58.382622095923935,46.699149603050344,3.0
2016-08-02 15:22:13.590,0.902,0.27,0.5,8.458974323787661,-60.307138885775274,48.148266514571546,3.0
2016-08-02 15:22:13.600,0.898,0.211,0.48,10.389218691332339,-61.457339550657494,48.999968221515616,3.0
2016-08-02 15:22:13.610,0.906,0.188,0.488,15.414742204011361,-60.37613772957914,48.78866836374392,3.0
2016-08-02 15:22:13.620,0.938,0.23,0.539,19.460694353867865,-57.49722024074097,46.25433102326534,3.0
2016-08-02 15:22:13.630,1.008,0.293,0.582,21.54175794844779,-52.87668264890744,43.492183633552514,3.0
2016-08-02 15:22:13.640,1.059,0.289,0.535,21.10455151050451,-47.70031518380742,41.21593066671165,3.0
2016-08-02 15:22:13.650,1.051,0.262,0.461,18.272975238226646,-45.12960160495897,37.219267432907316,3.0
2016-08-02 15:22:13.660,1.023,0.223,0.41,14.262090332737953,-45.30045104396875,33.96132197059378,3.0
2016-08-02 15:22:13.670,1.004,0.215,0.414,11.265560789729538,-45.37149355096257,33.318521459831004,3.0
2016-08-02 15:22:13.680,1.02,0.25,0.445,11.431674187642514,-44.31148191377755,32.23877684812086,3.0
2016-08-02 15:22:13.690,1.063,0.246,0.473,15.084249896636761,-41.89700682784495,29.98034714291566,3.0
2016-08-02 15:22:13.700,1.07,0.211,0.469,20.172560937050488,-38.15142494779339,26.773224537242918,3.0
2016-08-02 15:22:13.710,1.051,0.215,0.465,22.66489527966855,-34.84595948531597,22.722399661118146,3.0
2016-08-02 15:22:13.720,1.039,0.242,0.457,19.74049324382863,-32.0288608751282,20.264431796922775,3.0
2016-08-02 15:22:13.730,1.035,0.262,0.438,14.19132197097827,-29.1693285190249,18.830161383196277,3.0
2016-08-02 15:22:13.740,1.031,0.25,0.445,10.786340657873044,-27.457167922217995,16.4562938967287,3.0
2016-08-02 15:22:13.750,1.023,0.23,0.461,9.780570201859359,-25.96291887193717,14.45256308112829,3.0
2016-08-02 15:22:13.760,1.012,0.207,0.453,9.772334316882977,-23.755655013699283,12.818696757218184,3.0
2016-08-02 15:22:13.770,0.996,0.188,0.441,11.089650036140384,-21.921629970796953,10.593035107647243,3.0
2016-08-02 15:22:13.780,0.98,0.184,0.438,12.820683757832548,-20.083539711012296,8.649983595977659,3.0
2016-08-02 15:22:13.790,0.969,0.207,0.438,13.091612240429274,-17.785119623524373,7.247713764568239,3.0
2016-08-02 15:22:13.800,0.969,0.211,0.422,12.426065744905237,-15.634450968905883,6.289406016610906,3.0
2016-08-02 15:22:13.810,0.969,0.195,0.402,12.153125269741832,-13.425858434344342,5.7013565201547785,3.0
2016-08-02 15:22:13.820,0.961,0.184,0.375,11.772371088560742,-11.511149815396584,4.959591362413297,3.0
2016-08-02 15:22:13.830,0.941,0.184,0.363,10.549168101224168,-10.987787758385771,4.604766531036371,3.0
2016-08-02 15:22:13.840,0.938,0.188,0.371,8.91942233095857,-11.468262371596259,5.322989153476726,3.0
2016-08-02 15:22:13.850,0.945,0.184,0.395,8.369473829000093,-11.821526907356514,6.026807499223985,3.0
2016-08-02 15:22:13.860,0.953,0.176,0.422,10.504732745534582,-11.053274386914211,5.292779629337131,3.0
2016-08-02 15:22:13.870,0.965,0.16,0.43,13.946772220803386,-8.540032825127186,3.747552565331608,3.0
2016-08-02 15:22:13.880,0.973,0.156,0.402,15.15107506675832,-5.627392432509106,2.3778999933486578,3.0
2016-08-02 15:22:13.890,0.977,0.172,0.379,13.474400425506804,-3.86833264328638,1.0360560573956525,3.0
2016-08-02 15:22:13.900,0.98,0.176,0.355,10.925719058554792,-2.780117981214038,0.181232004282229,3.0
2016-08-02 15:22:13.910,0.977,0.164,0.328,8.640049966377344,-1.9139440446118714,-0.23637640069946855,3.0
2016-08-02 15:22:13.920,0.969,0.16,0.328,6.652996650911476,-1.5843090162696059,-1.080951385974506,3.0
2016-08-02 15:22:13.930,0.969,0.168,0.34,5.058147028471154,-1.4474157916369255,-1.9667201883379737,3.0
2016-08-02 15:22:13.940,0.98,0.164,0.355,4.305021267177073,-0.6858578913056634,-2.6265313794209093,3.0
2016-08-02 15:22:13.950,0.988,0.156,0.371,4.607652644508477,0.794104025684659,-3.549608413803374,3.0
2016-08-02 15:22:13.960,0.996,0.156,0.371,5.63042852843059,2.3996299120597397,-4.614387574113668,3.0
2016-08-02 15:22:13.970,0.992,0.148,0.363,7.015863137701054,3.881213186825428,-5.613755805214193,3.0
2016-08-02 15:22:13.980,0.984,0.145,0.344,7.91773381635067,4.951240101556193,-6.643307233094161,3.0
2016-08-02 15:22:13.990,0.984,0.156,0.336,7.123774263077929,5.180413248408362,-7.569767302463104,3.0
2016-08-02 15:22:14.000,0.977,0.172,0.328,4.487559963490156,4.800845355460751,-8.169830788486468,3.0
2016-08-02 15:22:14.010,0.969,0.164,0.336,1.1299282099402863,4.036307833920949,-8.429361225644755,3.0
2016-08-02 15:22:14.020,0.965,0.156,0.352,-0.6601061976802949,3.292857472347767,-8.729494169286065,3.0
2016-08-02 15:22:14.030,0.965,0.152,0.367,0.3751366560752044,3.8874177629363347,-9.263638247667163,3.0
2016-08-02 15:22:14.040,0.961,0.152,0.367,1.952369851467579,5.662944085053846,-9.366605498868509,3.0
2016-08-02 15:22:14.050,0.961,0.152,0.355,2.1355374510686334,6.703469669566037,-8.963539863172576,3.0
2016-08-02 15:22:14.060,0.953,0.16,0.344,1.9587361507610912,7.1286674796554514,-8.746499590210155,3.0
2016-08-02 15:22:14.070,0.949,0.18,0.344,1.4119825512426345,8.077720094848868,-8.603183105887457,3.0
2016-08-02 15:22:14.080,0.961,0.199,0.352,-0.2174478919587844,8.818025475683205,-8.552871821517645,3.0
2016-08-02 15:22:14.090,0.98,0.203,0.359,-1.1591728073877974,9.420693802186078,-9.28674236129657,3.0
2016-08-02 15:22:14.100,1.012,0.211,0.383,-0.36603570270849994,11.088982115022937,-10.99080442244955,3.0
2016-08-02 15:22:14.110,1.035,0.211,0.387,0.8072897285563514,13.102444125277275,-13.46546540572139,3.0
2016-08-02 15:22:14.120,1.051,0.18,0.379,1.8112264466299126,14.272078340541675,-16.8036191555539,3.0
2016-08-02 15:22:14.130,1.051,0.168,0.363,2.1236709136651792,14.963543617671977,-20.870359546176655,3.0
2016-08-02 15:22:14.140,1.055,0.176,0.348,0.2614925273758152,16.124469398193327,-24.816152771294963,3.0
2016-08-02 15:22:14.150,1.07,0.207,0.371,-2.6296667808884546,17.89357319226639,-28.402794877209125,3.0
2016-08-02 15:22:14.160,1.086,0.23,0.395,-3.9265198406339037,19.951178961023736,-31.969615879188837,3.0
2016-08-02 15:22:14.170,1.109,0.246,0.418,-4.215760395302716,23.144052305157857,-35.154658431340835,3.0
2016-08-02 15:22:14.180,1.129,0.27,0.43,-5.103545888972724,27.671556759248507,-37.98783662500863,3.0
2016-08-02 15:22:14.190,1.137,0.289,0.441,-6.106038851743262,31.847691610635984,-40.77128864687816,3.0
2016-08-02 15:22:14.200,1.133,0.285,0.457,-6.455067796843066,35.14172791842861,-43.091425946299275,3.0
2016-08-02 15:22:14.210,1.117,0.262,0.457,-5.588105300308447,38.309096381948706,-45.46076412919035,3.0
2016-08-02 15:22:14.220,1.113,0.25,0.438,-3.5472837633862153,41.82689675092109,-48.747754067220974,3.0
2016-08-02 15:22:14.230,1.102,0.262,0.422,-2.8386287321673738,45.72941127401801,-52.08710527472461,3.0
2016-08-02 15:22:14.240,1.09,0.301,0.43,-5.754661017108495,48.843806326251155,-54.67261667521968,3.0
2016-08-02 15:22:14.250,1.074,0.336,0.453,-11.085017799143953,50.426971455190774,-56.53168073551786,3.0
2016-08-02 15:22:14.260,1.051,0.324,0.484,-15.647589714901997,51.34077963843677,-57.42252736654672,3.0
2016-08-02 15:22:14.270,1.035,0.316,0.516,-16.058580328488887,52.266287205840584,-58.2135885312111,3.0
2016-08-02 15:22:14.280,1.027,0.328,0.543,-12.117584157733798,54.19027206000178,-59.54501559360938,3.0
2016-08-02 15:22:14.290,1.016,0.332,0.559,-8.81183220087094,57.19114544502631,-60.30968361030358,3.0
2016-08-02 15:22:14.300,0.992,0.348,0.566,-8.280022964101018,58.71819009227231,-60.70799752584209,3.0
2016-08-02 15:22:14.310,0.973,0.355,0.586,-7.191432881052349,58.852394766450345,-61.343572273718124,3.0
2016-08-02 15:22:14.320,0.961,0.336,0.578,-5.227665564325273,60.2036940319569,-61.83656771698611,3.0
2016-08-02 15:22:14.330,0.953,0.336,0.566,-4.275789682845012,61.68244876845476,-63.31195969826106,3.0
2016-08-02 15:22:14.340,0.953,0.375,0.566,-4.203930465035985,62.2963626639052,-65.94499209138803,3.0
2016-08-02 15:22:14.350,0.945,0.422,0.586,-5.388513941244064,63.63921321738778,-67.62551348765216,3.0
2016-08-02 15:22:14.360,0.945,0.445,0.586,-6.617640136868943,65.18950354495865,-68.47351589248169,3.0
2016-08-02 15:22:14.370,0.93,0.449,0.609,-4.30909383953957,66.29684691759027,-70.04843754489548,3.0
2016-08-02 15:22:14.380,0.922,0.445,0.629,0.6904173462096199,68.38847440528485,-71.44629206403127,3.0
2016-08-02 15:22:14.390,0.914,0.441,0.625,3.624510777262638,71.09161391452851,-72.26736081475215,3.0
2016-08-02 15:22:14.400,0.898,0.496,0.625,3.4825441749052617,71.89529766865057,-73.99863541595205,3.0
2016-08-02 15:22:14.410,0.883,0.516,0.629,2.6769617115767,71.44982134917845,-75.5205293505499,3.0
2016-08-02 15:22:14.420,0.871,0.52,0.641,3.110974180924816,71.70622846532954,-76.09961523859941,3.0
2016-08-02 15:22:14.430,0.855,0.492,0.652,5.874126812683423,71.17568477577188,-78.21432600586536,3.0
2016-08-02 15:22:14.440,0.852,0.5,0.664,8.358393352150374,70.97902093018592,-81.60646595827441,3.0
2016-08-02 15:22:14.450,0.863,0.543,0.652,6.22994132071623,73.3536404049459,-84.0278067278498,3.0
2016-08-02 15:22:14.460,0.867,0.59,0.645,0.7286126382197515,75.13902574727277,-86.54627556331005,3.0
2016-08-02 15:22:14.470,0.852,0.605,0.66,-3.2999785392966468,75.0059278599832,-89.9358845779577,3.0
2016-08-02 15:22:14.480,0.828,0.602,0.688,-3.6883580761400463,75.51718142743836,-91.31555585373317,3.0
2016-08-02 15:22:14.490,0.805,0.578,0.691,-2.0885848197895043,76.47745851703147,-91.1699985742392,3.0
2016-08-02 15:22:14.500,0.77,0.578,0.695,-0.2723357719200553,75.97712965019224,-92.9990738145751,3.0
2016-08-02 15:22:14.510,0.758,0.566,0.703,2.0537935438155994,75.08186337166185,-95.18518875673959,3.0
2016-08-02 15:22:14.520,0.758,0.59,0.691,3.3737984566163157,75.57968376457514,-96.14188257599275,3.0
2016-08-02 15:22:14.530,0.75,0.602,0.656,-0.28106751379992034,75.72248391443367,-97.26283557337192,3.0
2016-08-02 15:22:14.540,0.719,0.605,0.609,-9.223769849627692,73.80529762555184,-98.0090882547877,3.0
2016-08-02 15:22:14.550,0.684,0.617,0.605,-18.919659906291557,71.06498177947141,-97.48366302061135,3.0
2016-08-02 15:22:14.560,0.656,0.605,0.629,-23.882746569069326,68.76399002699303,-95.9509046495657,3.0
2016-08-02 15:22:14.570,0.625,0.57,0.676,-21.400068801836216,67.17559936013114,-95.1688769225374,3.0
2016-08-02 15:22:14.580,0.594,0.543,0.688,-17.035782455100865,66.16122405287868,-95.44000445032802,3.0
2016-08-02 15:22:14.590,0.57,0.563,0.672,-18.904106863225817,64.63197312174523,-95.02926137938222,3.0
2016-08-02 15:22:14.600,0.535,0.613,0.684,-25.50512921085523,61.421987748981266,-94.21029665936638,3.0
2016-08-02 15:22:14.610,0.5,0.59,0.668,-32.02006269746994,57.57853759775412,-92.28404346574649,3.0
2016-08-02 15:22:14.620,0.484,0.598,0.652,-38.0278407807332,54.4571727783563,-89.70720077975253,3.0
2016-08-02 15:22:14.630,0.469,0.609,0.652,-43.25026297966515,51.577519332016195,-88.38537449840905,3.0
2016-08-02 15:22:14.640,0.453,0.598,0.648,-47.125913712333926,48.89112378339121,-86.75901038574742,3.0
2016-08-02 15:22:14.650,0.422,0.586,0.672,-48.722446327024606,46.13188830046133,-85.11551190963962,3.0
2016-08-02 15:22:14.660,0.395,0.563,0.695,-47.78147783128688,42.53049502014809,-83.90056896894356,3.0
2016-08-02 15:22:14.670,0.375,0.547,0.703,-47.048540649957644,38.45065972020592,-81.34673497502044,3.0
2016-08-02 15:22:14.680,0.355,0.539,0.719,-47.64197166562541,34.166188071545804,-78.74976790632417,3.0
2016-08-02 15:22:14.690,0.348,0.563,0.73,-49.20627219432272,30.083805589621694,-76.41098434067386,3.0
2016-08-02 15:22:14.700,0.328,0.566,0.699,-52.202047776020564,26.291457925861266,-72.74073954636098,3.0
2016-08-02 15:22:14.710,0.305,0.543,0.684,-53.708997160797836,21.719715967840205,-69.25719169023586,3.0
2016-08-02 15:22:14.720,0.297,0.516,0.695,-51.5929334688554,16.72615917056127,-66.58642948228395,3.0
2016-08-02 15:22:14.730,0.293,0.508,0.715,-49.87684359659772,12.997994697955539,-62.942358532484974,3.0
2016-08-02 15:22:14.740,0.281,0.531,0.719,-50.53060136731418,10.260600489590129,-58.96049241631788,3.0
2016-08-02 15:22:14.750,0.266,0.516,0.707,-51.00627134427511,7.37368920397039,-55.31731963751173,3.0
2016-08-02 15:22:14.760,0.262,0.508,0.719,-50.06484741556342,4.877297759392006,-51.86503213988425,3.0
2016-08-02 15:22:14.770,0.254,0.523,0.738,-47.97693352951412,2.928519004060722,-48.82646354846905,3.0
2016-08-02 15:22:14.780,0.246,0.508,0.762,-45.0322484522556,0.47585498665992587,-45.15980771878203,3.0
2016-08-02 15:22:14.790,0.25,0.492,0.789,-39.930594253632556,-2.482073953796197,-42.270538352224925,3.0
2016-08-02 15:22:14.800,0.262,0.477,0.77,-34.03860001011412,-4.349224264026,-40.62941503642665,3.0
2016-08-02 15:22:14.810,0.254,0.488,0.746,-32.75926469691536,-4.7963065777078615,-37.58683542427937,3.0
2016-08-02 15:22:14.820,0.246,0.512,0.734,-36.32277714797887,-5.404657204360712,-34.000554407985305,3.0
2016-08-02 15:22:14.830,0.23,0.527,0.715,-40.930147822182754,-5.741321669605145,-30.509268921615785,3.0
2016-08-02 15:22:14.840,0.223,0.512,0.723,-42.808351921424325,-5.170407579312216,-26.952617924501997,3.0
2016-08-02 15:22:14.850,0.227,0.461,0.746,-39.24495967726425,-5.342383068516514,-25.32772697918457,3.0
2016-08-02 15:22:14.860,0.227,0.438,0.734,-35.21810928450708,-5.876910845506946,-24.44617238182469,3.0
2016-08-02 15:22:14.870,0.219,0.457,0.727,-36.30388832402924,-5.354782876975562,-22.428583700092062,3.0
2016-08-02 15:22:14.880,0.195,0.473,0.715,-39.7719814961533,-5.150499661889375,-20.366471155446,3.0
2016-08-02 15:22:14.890,0.176,0.473,0.711,-42.94577864181344,-5.747638840408182,-18.20669696300783,3.0
2016-08-02 15:22:14.900,0.18,0.457,0.723,-44.90060157583818,-5.669297214999197,-15.590861739484492,3.0
2016-08-02 15:22:14.910,0.18,0.449,0.719,-44.407659920499576,-5.455114416237611,-13.251536942351162,3.0
2016-08-02 15:22:14.920,0.203,0.41,0.707,-43.94592092548006,-5.600900116440747,-11.29534707139193,3.0
2016-08-02 15:22:14.930,0.203,0.445,0.723,-45.03562559223173,-5.116514830059509,-9.907483044069062,3.0
2016-08-02 15:22:14.940,0.191,0.438,0.719,-46.423810628872474,-4.590634641655213,-8.585706934517841,3.0
2016-08-02 15:22:14.950,0.199,0.445,0.727,-48.57820886193941,-4.1309772768153685,-7.018586306702688,3.0
2016-08-02 15:22:14.960,0.199,0.434,0.719,-50.52955569809325,-2.637341464158488,-6.288453795141622,3.0
2016-08-02 15:22:14.970,0.199,0.422,0.715,-50.93761602048687,-1.1877868006766763,-5.9440236594532685,3.0
2016-08-02 15:22:14.980,0.195,0.402,0.715,-51.465890859034275,-0.7909481269174916,-5.0654273074469005,3.0
2016-08-02 15:22:14.990,0.191,0.383,0.738,-51.14122022351548,-1.1640791325267448,-4.298221593981654,3.0
2016-08-02 15:22:15.000,0.191,0.355,0.758,-47.436975619259684,-2.572702920046568,-4.307972842386366,3.0
2016-08-02 15:22:15.010,0.199,0.355,0.75,-43.127244770343836,-4.087208090658114,-4.748183064199531,3.0
2016-08-02 15:22:15.020,0.191,0.375,0.723,-42.71836919898809,-4.804431892462999,-4.415782533586426,3.0
2016-08-02 15:22:15.030,0.184,0.402,0.691,-46.20567270758676,-5.439600140278121,-3.2532886192388055,3.0
2016-08-02 15:22:15.040,0.199,0.387,0.691,-49.67224499100938,-5.846528101441738,-2.834655404110257,3.0
2016-08-02 15:22:15.050,0.199,0.355,0.707,-50.44270871991509,-5.8507612714331465,-3.47188273414867,3.0
2016-08-02 15:22:15.060,0.18,0.352,0.73,-50.380915582363166,-6.223444846766704,-3.6104495811671926,3.0
2016-08-02 15:22:15.070,0.168,0.324,0.77,-49.012660860575366,-7.001017702362862,-2.75368539527866,3.0
2016-08-02 15:22:15.080,0.176,0.285,0.824,-40.9707634783196,-7.860184461448775,-2.3008212014439957,3.0
2016-08-02 15:22:15.090,0.168,0.25,0.836,-28.723087112471966,-8.632955182856506,-2.1569428670657267,3.0
2016-08-02 15:22:15.100,0.152,0.27,0.797,-22.623729551408527,-8.960966890100053,-0.5409677004067153,3.0
2016-08-02 15:22:15.110,0.148,0.305,0.75,-25.198359754746527,-9.001856302908555,1.6641889468418678,3.0
2016-08-02 15:22:15.120,0.152,0.305,0.727,-28.589113300443564,-10.130235865853841,2.272122663669559,3.0
2016-08-02 15:22:15.130,0.152,0.277,0.727,-27.313859857681685,-12.879117797787707,1.8964137597252622,3.0
2016-08-02 15:22:15.140,0.152,0.277,0.746,-24.931645040204963,-15.281328584286776,1.6626931677505827,3.0
2016-08-02 15:22:15.150,0.152,0.254,0.793,-23.45138259373523,-16.109778049158418,1.3236499512370927,3.0
2016-08-02 15:22:15.160,0.152,0.227,0.828,-19.609311858401917,-16.126356458500464,1.0291499670356044,3.0
2016-08-02 15:22:15.170,0.148,0.23,0.824,-16.679137529646024,-15.80530138673958,1.023749972270001,3.0
2016-08-02 15:22:15.180,0.141,0.25,0.809,-19.599835573312717,-15.485464517705807,1.0688340040378532,3.0
2016-08-02 15:22:15.190,0.152,0.25,0.793,-23.532100112058046,-15.58648670202055,0.6859263510073293,3.0
2016-08-02 15:22:15.200,0.168,0.234,0.801,-24.185340176573394,-16.174995518903753,-0.510248772402166,3.0
2016-08-02 15:22:15.210,0.184,0.227,0.813,-23.928024449283164,-16.948699836713814,-1.9469881931679107,3.0
2016-08-02 15:22:15.220,0.203,0.227,0.813,-24.34683149095662,-16.65620022414236,-2.958559497497631,3.0
2016-08-02 15:22:15.230,0.207,0.242,0.805,-26.931391821910093,-14.810416955309568,-3.467328841649103,3.0
2016-08-02 15:22:15.240,0.219,0.254,0.801,-32.768129797555744,-12.82127216178057,-3.230031138277158,3.0
2016-08-02 15:22:15.250,0.238,0.246,0.801,-38.93223024405778,-11.036338672584519,-2.5223052916763278,3.0
2016-08-02 15:22:15.260,0.242,0.238,0.816,-43.11532931677148,-8.753740820818699,-2.0663786556184895,3.0
2016-08-02 15:22:15.270,0.246,0.227,0.836,-45.46097047234257,-6.642063700879098,-1.7945733083833963,3.0
2016-08-02 15:22:15.280,0.266,0.191,0.883,-44.35738657502553,-5.296290164788365,-1.7014475915733933,3.0
2016-08-02 15:22:15.290,0.277,0.16,0.93,-38.95495908355413,-4.184064747244298,-1.8472235817042488,3.0
2016-08-02 15:22:15.300,0.266,0.156,0.941,-33.288193840453026,-2.6749885525040753,-1.5336755664750954,3.0
2016-08-02 15:22:15.310,0.258,0.16,0.938,-30.674690938148387,-0.3675439961964745,-0.3762380316183107,3.0
2016-08-02 15:22:15.320,0.262,0.156,0.91,-29.529243705419667,2.334974266407592,1.1510426486092098,3.0
2016-08-02 15:22:15.330,0.254,0.148,0.879,-27.833444045336805,4.316862858404026,2.3632611325137827,3.0
2016-08-02 15:22:15.340,0.254,0.137,0.848,-25.384986227335666,5.030224304835622,3.0370247577992067,3.0
2016-08-02 15:22:15.350,0.25,0.137,0.832,-23.20436230269423,5.007117166363162,3.2187390660857096,3.0
2016-08-02 15:22:15.360,0.254,0.133,0.84,-22.20545108068174,5.1527599877696,2.950466290467404,3.0
2016-08-02 15:22:15.370,0.254,0.113,0.859,-20.609154971967094,5.852170871529868,2.452265190884946,3.0
2016-08-02 15:22:15.380,0.25,0.098,0.875,-16.791063590385242,6.9454947768876245,1.7228809212871679,3.0
2016-08-02 15:22:15.390,0.25,0.086,0.891,-12.327942415779788,8.217898264541878,0.7958610325043746,3.0
2016-08-02 15:22:15.400,0.246,0.082,0.895,-8.095413194782,9.434082962177463,-0.05262178912765242,3.0
2016-08-02 15:22:15.410,0.242,0.082,0.895,-2.7389423728784728,10.1930595158627,-0.9454048255963514,3.0
2016-08-02 15:22:15.420,0.227,0.098,0.887,3.5225711328546394,10.448294295643027,-1.9907894637157075,3.0
2016-08-02 15:22:15.430,0.215,0.105,0.863,8.773490681457092,10.578522143226085,-2.8974822961591684,3.0
2016-08-02 15:22:15.440,0.215,0.117,0.848,12.467629858498205,10.411795902564334,-3.576502547771195,3.0
2016-08-02 15:22:15.450,0.219,0.137,0.836,14.715274820383291,9.468729250230057,-3.989854951815156,3.0
2016-08-02 15:22:15.460,0.219,0.148,0.832,15.606163962335794,7.93641710676972,-4.006506307379289,3.0
2016-08-02 15:22:15.470,0.219,0.152,0.852,16.698071146933366,6.271040174711032,-3.8955668786743036,3.0
2016-08-02 15:22:15.480,0.223,0.152,0.883,19.40233831401225,4.754653999239337,-3.931055844994285,3.0
2016-08-02 15:22:15.490,0.23,0.148,0.902,23.901417585407135,3.619478853968387,-4.111756766790348,3.0
2016-08-02 15:22:15.500,0.223,0.145,0.91,29.717226133236736,3.0152639339260823,-4.339481519892798,3.0
2016-08-02 15:22:15.510,0.219,0.152,0.914,34.783600963967324,2.8780076889843738,-4.415016373409965,3.0
2016-08-02 15:22:15.520,0.223,0.156,0.91,37.8506812831622,2.7646873007650887,-4.419968329398416,3.0
2016-08-02 15:22:15.530,0.223,0.16,0.891,40.06999779568663,2.2697898905178455,-4.54476677651941,3.0
2016-08-02 15:22:15.540,0.215,0.168,0.863,41.76051508804159,1.4381577581801535,-4.776012291093613,3.0
2016-08-02 15:22:15.550,0.207,0.172,0.84,42.97603801989989,0.3141606331698775,-5.321348982491509,3.0
2016-08-02 15:22:15.560,0.188,0.18,0.816,44.35956633542938,-1.3014703430001806,-6.243999446690777,3.0
2016-08-02 15:22:15.570,0.172,0.18,0.777,44.640878681791676,-3.160034966155476,-6.986877129296669,3.0
2016-08-02 15:22:15.580,0.168,0.188,0.754,42.641187258940555,-4.414217792290361,-7.404125315413328,3.0
2016-08-02 15:22:15.590,0.16,0.188,0.738,39.58326152185332,-4.971372031066254,-8.019159474318062,3.0
2016-08-02 15:22:15.600,0.16,0.191,0.742,37.28102747256331,-5.255390199733419,-8.89815979709178,3.0
2016-08-02 15:22:15.610,0.176,0.18,0.742,36.8687819985752,-4.778348466945511,-9.718820966679349,3.0
2016-08-02 15:22:15.620,0.191,0.184,0.746,38.06900770242751,-3.4045232457974217,-10.341052198468814,3.0
2016-08-02 15:22:15.630,0.195,0.184,0.758,39.68881507619179,-1.9392802333612325,-10.634842569054337,3.0
2016-08-02 15:22:15.640,0.195,0.188,0.762,41.09937191461402,-0.4868412136894469,-10.663468764965254,3.0
2016-08-02 15:22:15.650,0.191,0.203,0.758,41.899320249824825,1.1667609784408377,-10.569014089566062,3.0
2016-08-02 15:22:15.660,0.184,0.227,0.742,41.61541040002998,2.4081743439863743,-10.07085705547092,3.0
2016-08-02 15:22:15.670,0.18,0.242,0.711,39.477689061075615,2.6611073599408828,-9.189168356451432,3.0
2016-08-02 15:22:15.680,0.188,0.262,0.699,35.05344361083353,2.222900687902154,-8.32787838513179,3.0
2016-08-02 15:22:15.690,0.207,0.273,0.715,31.222358150852003,1.9283103443397782,-7.590808949958921,3.0
2016-08-02 15:22:15.700,0.215,0.277,0.746,32.00444451107115,2.4974647747327117,-7.23581536794371,3.0
2016-08-02 15:22:15.710,0.219,0.27,0.777,36.94384460083991,4.290491369534037,-6.982190413387793,3.0
2016-08-02 15:22:15.720,0.207,0.258,0.785,42.51902534724581,7.5647022744980745,-6.020268063978556,3.0
2016-08-02 15:22:15.730,0.195,0.273,0.766,45.93419861775328,11.615729290118743,-4.871830029789558,3.0
2016-08-02 15:22:15.740,0.191,0.297,0.734,45.79969166693469,15.008594527860648,-3.782569916487409,3.0
2016-08-02 15:22:15.750,0.188,0.324,0.715,42.30927306607672,16.860118019882833,-1.9633640340532639,3.0
2016-08-02 15:22:15.760,0.188,0.355,0.715,36.553576218974925,16.72536848603149,0.08635587951758511,3.0
2016-08-02 15:22:15.770,0.195,0.371,0.715,29.980375031963824,15.83364901702689,1.8155662738224776,3.0
2016-08-02 15:22:15.780,0.184,0.379,0.73,25.50955595036004,15.796614819250143,3.2873094151908724,3.0
2016-08-02 15:22:15.790,0.184,0.363,0.77,26.117319182788968,16.765165943762867,4.3291103280994605,3.0
2016-08-02 15:22:15.800,0.184,0.332,0.793,31.866229416012665,19.448601715365168,5.217850234005555,3.0
2016-08-02 15:22:15.810,0.148,0.324,0.805,40.19451753918083,23.061409885779643,6.372141130306128,3.0
2016-08-02 15:22:15.820,0.113,0.34,0.801,46.522769499451144,25.231792207878478,9.01181210949854,3.0
2016-08-02 15:22:15.830,0.105,0.371,0.789,47.73979828876364,25.977580121030215,13.709728010807938,3.0
2016-08-02 15:22:15.840,0.113,0.387,0.77,45.79043545596513,25.51289644608657,18.67728209346005,3.0
2016-08-02 15:22:15.850,0.137,0.422,0.738,42.57383325533532,24.082341529467016,23.08361438235788,3.0
2016-08-02 15:22:15.860,0.16,0.43,0.711,37.94555768851923,23.839897172869403,26.765843252256246,3.0
2016-08-02 15:22:15.870,0.164,0.434,0.691,33.05600866057498,24.398265350810405,28.500391567083046,3.0
2016-08-02 15:22:15.880,0.164,0.441,0.699,27.584890278541337,23.903457139878522,29.375165336113188,3.0
2016-08-02 15:22:15.890,0.164,0.438,0.719,20.98047081391472,23.320571953221723,31.250637254915212,3.0
2016-08-02 15:22:15.900,0.148,0.457,0.75,17.60244783099592,22.614738852538803,33.246553933984934,3.0
2016-08-02 15:22:15.910,0.109,0.48,0.797,17.712979015819645,21.016108182960593,37.233007417498385,3.0
2016-08-02 15:22:15.920,0.098,0.484,0.801,14.017000414737847,19.418284110747013,46.07689008632258,3.0
2016-08-02 15:22:15.930,0.117,0.484,0.797,7.968376263977747,17.107997498011372,55.209155442841706,3.0
2016-08-02 15:22:15.940,0.145,0.457,0.793,8.836847349453375,14.205708309479288,60.181781477841575,3.0
2016-08-02 15:22:15.950,0.176,0.449,0.809,17.273207344592425,13.175944043510563,61.7036222024973,3.0
2016-08-02 15:22:15.960,0.191,0.457,0.828,25.62799779567362,14.138448812526093,60.24508130324587,3.0
2016-08-02 15:22:15.970,0.199,0.465,0.824,25.370589748831282,15.438379694846175,58.784045180247126,3.0
2016-08-02 15:22:15.980,0.195,0.492,0.809,16.511829929450798,15.192108508964846,60.78069112115835,3.0
2016-08-02 15:22:15.990,0.188,0.543,0.82,8.058658226071381,12.087216911150435,66.10057229701229,3.0
2016-08-02 15:22:16.000,0.176,0.543,0.836,1.8137011872858753,6.992611344560865,73.87026372747397,3.0
2016-08-02 15:22:16.010,0.195,0.531,0.84,-1.559662027318727,0.5840347012157785,79.39291275223687,3.0
2016-08-02 15:22:16.020,0.215,0.52,0.844,4.2193576462738935,-5.603899139832112,79.02505027244797,3.0
2016-08-02 15:22:16.030,0.238,0.477,0.844,11.756569517099663,-8.591362879295414,76.81070931591299,3.0
2016-08-02 15:22:16.040,0.254,0.504,0.848,10.089744832336622,-9.777673528637104,74.36350031959888,3.0
2016-08-02 15:22:16.050,0.289,0.563,0.859,3.542581435326979,-12.149660719970226,71.4087006200497,3.0
2016-08-02 15:22:16.060,0.289,0.543,0.883,-2.1940035273838556,-15.482155111249032,71.64779566601086,3.0
2016-08-02 15:22:16.070,0.277,0.496,0.895,-2.973740397899011,-20.541093478820116,73.84056160895379,3.0
2016-08-02 15:22:16.080,0.277,0.473,0.879,3.353251593146579,-26.824182028242497,75.22310460003676,3.0
2016-08-02 15:22:16.090,0.297,0.461,0.844,7.590716714765881,-31.116556657808623,77.65966187569754,3.0
2016-08-02 15:22:16.100,0.32,0.48,0.848,7.010475185127575,-34.870618269086194,78.31841714407425,3.0
2016-08-02 15:22:16.110,0.352,0.5,0.875,7.8990534265371934,-39.30132729021515,75.52429912206449,3.0
2016-08-02 15:22:16.120,0.375,0.453,0.836,5.8016975245638,-41.20136019561195,73.43247701561594,3.0
2016-08-02 15:22:16.130,0.379,0.535,0.855,-1.779219767505834,-42.3047279272317,70.44743322220583,3.0
2016-08-02 15:22:16.140,0.391,0.594,0.891,-9.23610201353521,-45.90279019055895,67.59200622604614,3.0
2016-08-02 15:22:16.150,0.391,0.559,0.879,-13.870314508714829,-50.36245691747596,68.82283861515798,3.0
2016-08-02 15:22:16.160,0.387,0.492,0.875,-11.100727470365767,-54.88309747239917,69.36408501644031,3.0
2016-08-02 15:22:16.170,0.41,0.426,0.871,-2.0036691168803342,-59.04474328026318,69.91627754487084,3.0
2016-08-02 15:22:16.180,0.473,0.383,0.863,5.162669758666842,-61.33669350820635,71.89675503572415,3.0
2016-08-02 15:22:16.190,0.52,0.426,0.855,9.20346097239323,-62.08631285142174,68.86933671560794,3.0
2016-08-02 15:22:16.200,0.535,0.434,0.805,6.648179057510237,-61.743895908664854,65.6615244832656,3.0
2016-08-02 15:22:16.210,0.516,0.473,0.797,-5.835888886907866,-62.40274327478669,66.53292312761491,3.0
2016-08-02 15:22:16.220,0.52,0.586,0.859,-14.169287352874452,-66.5622403688464,65.69712349740502,3.0
2016-08-02 15:22:16.230,0.543,0.531,0.859,-7.1564893658257995,-69.01460434616968,65.04349662091289,3.0
2016-08-02 15:22:16.240,0.559,0.438,0.891,7.343129966728435,-65.58239022417821,64.15117378547208,3.0
2016-08-02 15:22:16.250,0.578,0.379,0.895,18.521612672612815,-61.94633467899932,60.33695807492637,3.0
2016-08-02 15:22:16.260,0.59,0.332,0.82,17.68253694468421,-60.561428159125974,60.01195083409517,3.0
2016-08-02 15:22:16.270,0.582,0.402,0.754,2.6459955270758235,-61.57151367199438,62.087628681155834,3.0
2016-08-02 15:22:16.280,0.574,0.477,0.746,-13.616687142039924,-67.60737980237184,62.68788182303269,3.0
2016-08-02 15:22:16.290,0.59,0.43,0.777,-16.931103014777012,-72.47994160844654,63.764832719926396,3.0
2016-08-02 15:22:16.300,0.633,0.438,0.871,-5.183851236901484,-71.15096110972742,61.722419829543476,3.0
2016-08-02 15:22:16.310,0.699,0.434,0.898,13.7082079395662,-68.02248115116826,57.694338669928484,3.0
2016-08-02 15:22:16.320,0.73,0.375,0.84,26.868225603189572,-64.36372399930127,55.82072011935121,3.0
2016-08-02 15:22:16.330,0.723,0.383,0.793,28.405781020728472,-62.40400587594164,52.31886241276352,3.0
2016-08-02 15:22:16.340,0.715,0.41,0.754,21.582027393162797,-65.1927463921634,49.858898944280575,3.0
2016-08-02 15:22:16.350,0.707,0.387,0.699,7.208626212945804,-68.03024226789003,52.36020857265268,3.0
2016-08-02 15:22:16.360,0.699,0.402,0.664,-10.363805030392399,-70.96108684486649,54.73717452096309,3.0
2016-08-02 15:22:16.370,0.719,0.383,0.684,-17.776558936948494,-76.39734018996917,54.600868331196985,3.0
2016-08-02 15:22:16.380,0.762,0.371,0.805,-9.25210933527016,-77.27692050775931,51.71679712795772,3.0
2016-08-02 15:22:16.390,0.832,0.383,0.891,8.073524932527507,-71.88063284064908,47.00906129471469,3.0
2016-08-02 15:22:16.400,0.871,0.336,0.832,23.014304932297883,-66.37440424752003,42.887478240843436,3.0
2016-08-02 15:22:16.410,0.84,0.352,0.762,27.072574158837767,-63.80089630491679,37.39089013655976,3.0
2016-08-02 15:22:16.420,0.789,0.387,0.727,20.553535022225994,-65.07464500249414,34.19694627662528,3.0
2016-08-02 15:22:16.430,0.738,0.367,0.688,9.593124681582777,-67.80500976457077,38.39266161587534,3.0
2016-08-02 15:22:16.440,0.711,0.316,0.648,0.6999981139856946,-69.96318129005205,43.09066404873293,3.0
2016-08-02 15:22:16.450,0.699,0.301,0.645,-1.4349668846602552,-71.86519919552917,44.34587135268792,3.0
2016-08-02 15:22:16.460,0.727,0.332,0.723,3.3339009060295433,-71.69854225118367,45.317523677863335,3.0
2016-08-02 15:22:16.470,0.797,0.359,0.785,14.45280009363701,-68.83527590917079,44.957409641242926,3.0
2016-08-02 15:22:16.480,0.859,0.328,0.754,27.56804648716561,-62.809666475551026,42.30888537069862,3.0
2016-08-02 15:22:16.490,0.863,0.34,0.707,31.337838707710176,-55.806294653369704,39.922986895953734,3.0
2016-08-02 15:22:16.500,0.832,0.363,0.664,24.99295338437328,-54.52502863573446,39.853201330194366,3.0
2016-08-02 15:22:16.510,0.797,0.32,0.625,19.5186414132573,-57.49637973251551,42.87101920689538,3.0
2016-08-02 15:22:16.520,0.758,0.242,0.559,18.57415488222552,-59.29113789779181,48.0505945351133,3.0
2016-08-02 15:22:16.530,0.738,0.215,0.52,20.95109337883949,-61.24980593114758,51.74773208635511,3.0
2016-08-02 15:22:16.540,0.746,0.246,0.551,27.49228090979668,-63.62013751290068,52.35141134474701,3.0
2016-08-02 15:22:16.550,0.813,0.289,0.617,36.10857947571709,-63.39724865406565,52.10112224388548,3.0
2016-08-02 15:22:16.560,0.918,0.309,0.637,41.32748072365677,-59.738965179512405,50.05964705237584,3.0
2016-08-02 15:22:16.570,0.992,0.348,0.629,38.7611241144031,-55.30941570401453,44.521717646175134,3.0
2016-08-02 15:22:16.580,1.0,0.359,0.574,31.276935439870925,-54.42016443216004,39.08795678001333,3.0
2016-08-02 15:22:16.590,0.98,0.32,0.512,25.737754926009007,-56.75067524126008,36.63093399359124,3.0
2016-08-02 15:22:16.600,0.949,0.27,0.477,23.127321992946005,-58.80129010831415,36.407610859737375,3.0
2016-08-02 15:22:16.610,0.945,0.227,0.461,22.71564739609198,-60.35255726381499,37.06317135592475,3.0
2016-08-02 15:22:16.620,0.961,0.227,0.473,25.86071038465596,-60.87941667503387,36.81332760234777,3.0
2016-08-02 15:22:16.630,1.004,0.254,0.516,30.31124126211006,-58.28072869121487,35.521763845371034,3.0
2016-08-02 15:22:16.640,1.051,0.27,0.543,32.48409183049084,-53.52007231170942,33.769162895720584,3.0
2016-08-02 15:22:16.650,1.07,0.266,0.543,30.542868159816067,-48.85923315885921,30.759651849402072,3.0
2016-08-02 15:22:16.660,1.066,0.289,0.516,23.700569487130696,-45.6011169707218,27.876726942572613,3.0
2016-08-02 15:22:16.670,1.051,0.277,0.484,15.946778097741298,-44.44171057183474,26.247179410173793,3.0
2016-08-02 15:22:16.680,1.031,0.25,0.477,12.512239217673395,-43.60866111101825,24.459817321449886,3.0
2016-08-02 15:22:16.690,1.027,0.219,0.477,12.07893365007261,-41.151395217481344,23.255434291061828,3.0
2016-08-02 15:22:16.700,1.031,0.207,0.469,11.180640011725389,-38.49467384671701,22.703633757303102,3.0
2016-08-02 15:22:16.710,1.02,0.207,0.465,10.069831582237498,-36.71154284613223,21.087130237545207,3.0
2016-08-02 15:22:16.720,1.0,0.211,0.469,9.464580649230603,-34.7241521133558,19.552333193158837,3.0
2016-08-02 15:22:16.730,0.992,0.215,0.473,8.248996652455638,-32.36526327121598,18.61788095179386,3.0
2016-08-02 15:22:16.740,0.996,0.23,0.473,5.148781446094418,-30.257450038355195,17.186492365221206,3.0
2016-08-02 15:22:16.750,0.984,0.242,0.469,-0.09008725236407988,-28.900390951709483,16.483628328180465,3.0
2016-08-02 15:22:16.760,0.961,0.207,0.469,-4.806066255016519,-28.475307865911294,16.889881887786466,3.0
2016-08-02 15:22:16.770,0.938,0.172,0.461,-6.168181520546167,-27.670520491207135,16.820413350024403,3.0
2016-08-02 15:22:16.780,0.93,0.172,0.449,-6.216259519229112,-25.806330758237067,16.82720173541123,3.0
2016-08-02 15:22:16.790,0.922,0.191,0.43,-7.182818553335946,-24.556120006048715,17.820945167105133,3.0
2016-08-02 15:22:16.800,0.922,0.191,0.41,-7.290842390909626,-24.041359850806046,18.910371000955294,3.0
2016-08-02 15:22:16.810,0.934,0.188,0.41,-5.693928391402647,-22.248228835518454,19.396748725752325,3.0
2016-08-02 15:22:16.820,0.953,0.199,0.402,-4.532655075305616,-19.34105162319443,18.694503495748087,3.0
2016-08-02 15:22:16.830,0.973,0.203,0.41,-5.03988639494879,-16.939985607550998,16.993306770461405,3.0
2016-08-02 15:22:16.840,0.996,0.191,0.426,-5.380533039816956,-14.753449439952075,15.299934603075927,3.0
2016-08-02 15:22:16.850,1.016,0.168,0.414,-3.756492870441673,-11.59950341478293,13.153698776602962,3.0
2016-08-02 15:22:16.860,1.027,0.152,0.391,-2.0001447502131775,-7.93390472826965,10.232316379194303,3.0
2016-08-02 15:22:16.870,1.023,0.176,0.359,-3.0121719503035775,-5.541396448259002,7.665338644961498,3.0
2016-08-02 15:22:16.880,1.016,0.199,0.34,-6.878285455426137,-5.011392089693525,6.270470720023923,3.0
2016-08-02 15:22:16.890,1.004,0.203,0.352,-11.232040233570515,-5.566029224627283,5.800082391846214,3.0
2016-08-02 15:22:16.900,0.996,0.184,0.363,-13.109483797681996,-6.355488116108731,5.228663917643594,3.0
2016-08-02 15:22:16.910,0.996,0.168,0.379,-11.415523890885199,-5.822232122111673,4.084059475698892,3.0
2016-08-02 15:22:16.920,0.992,0.164,0.383,-7.982902729827288,-3.6256704526235817,2.8261724745487347,3.0
2016-08-02 15:22:16.930,0.977,0.172,0.387,-4.9132206604869975,-1.7498137186656304,1.867498350468367,3.0
2016-08-02 15:22:16.940,0.969,0.176,0.371,-2.283486136570336,-0.5347619777612843,1.3394738587073247,3.0
2016-08-02 15:22:16.950,0.961,0.172,0.355,0.2512884670779097,1.05251584993372,0.9614802979336066,3.0
2016-08-02 15:22:16.960,0.953,0.18,0.352,1.4889119264552422,2.0862987490398495,0.5027227039248774,3.0
2016-08-02 15:22:16.970,0.945,0.188,0.355,0.6540473288613609,1.6064800221142141,0.3531643122931072,3.0
2016-08-02 15:22:16.980,0.945,0.188,0.375,-0.5207359326428772,0.8017795377928415,0.6233080804668547,3.0
2016-08-02 15:22:16.990,0.949,0.18,0.395,0.33571334295226574,1.0304260460454437,0.5063998652740876,3.0
2016-08-02 15:22:17.000,0.941,0.164,0.402,3.6402956176068733,2.423037477017521,-0.5389877792433283,3.0
2016-08-02 15:22:17.010,0.957,0.16,0.41,7.891996125222295,4.640491057207503,-2.162384429888578,3.0
2016-08-02 15:22:17.020,0.98,0.16,0.41,11.567975641194456,7.384268752767371,-4.295009089293503,3.0
2016-08-02 15:22:17.030,1.012,0.18,0.41,14.187598568415542,10.313154438466261,-7.319487569321983,3.0
2016-08-02 15:22:17.040,1.035,0.188,0.402,15.747939912781632,12.817117208330933,-10.565428363092247,3.0
2016-08-02 15:22:17.050,1.043,0.176,0.387,15.382164343292747,14.509904318116774,-12.842084940615454,3.0
2016-08-02 15:22:17.060,1.047,0.188,0.371,12.064124872598127,15.41777236737802,-14.694082904324784,3.0
2016-08-02 15:22:17.070,1.051,0.191,0.391,8.633117618741732,16.26326818019911,-16.946180761695178,3.0
2016-08-02 15:22:17.080,1.078,0.188,0.418,9.184219823506186,19.322486253008098,-19.44664289435111,3.0
2016-08-02 15:22:17.090,1.109,0.203,0.426,11.355197390806696,24.906892404237148,-23.00725338339055,3.0
2016-08-02 15:22:17.100,1.121,0.23,0.434,11.931352261703232,29.86028610406827,-27.736288473176373,3.0
2016-08-02 15:22:17.110,1.129,0.238,0.441,12.95847866545319,33.583492507705344,-31.85049945705497,3.0
2016-08-02 15:22:17.120,1.121,0.238,0.449,13.769811700378785,37.575789548178605,-34.73920851614125,3.0
2016-08-02 15:22:17.130,1.105,0.242,0.461,12.018517580552288,40.62590678000965,-37.454237292184246,3.0
2016-08-02 15:22:17.140,1.098,0.258,0.477,10.603632133625272,42.245664893003394,-40.81885110326123,3.0
2016-08-02 15:22:17.150,1.102,0.277,0.508,11.192665649849063,44.503270165542936,-44.44563860969542,3.0
2016-08-02 15:22:17.160,1.102,0.273,0.516,10.959488364028054,47.683479417279095,-47.88371497621668,3.0
2016-08-02 15:22:17.170,1.094,0.277,0.512,9.17420343037747,50.39125175467985,-51.95725744718668,3.0
2016-08-02 15:22:17.180,1.074,0.309,0.52,7.441396525851237,52.86750386203558,-55.937587533218085,3.0
2016-08-02 15:22:17.190,1.063,0.34,0.543,5.8848987120089635,56.06661575089285,-57.74499461177864,3.0
2016-08-02 15:22:17.200,1.063,0.352,0.563,4.580551230451066,59.576213829059014,-58.41964529365117,3.0
2016-08-02 15:22:17.210,1.047,0.336,0.543,4.042532289451946,62.429438855677176,-59.321573820631684,3.0
2016-08-02 15:22:17.220,1.02,0.324,0.516,3.890399573284683,63.954296769660836,-60.101882665319856,3.0
2016-08-02 15:22:17.230,0.992,0.344,0.52,4.809598389896432,64.1962639376098,-62.069082039817374,3.0
2016-08-02 15:22:17.240,0.992,0.387,0.566,6.979558506342672,64.52494990499827,-65.07738066168326,3.0
2016-08-02 15:22:17.250,1.004,0.395,0.609,7.9435982309108955,65.43365466977554,-67.2476556285261,3.0
2016-08-02 15:22:17.260,1.016,0.395,0.625,7.0942460214235155,65.21984838789994,-70.28590609257678,3.0
2016-08-02 15:22:17.270,1.016,0.402,0.621,5.808191290290692,64.06751079638852,-74.92319774366354,3.0
2016-08-02 15:22:17.280,0.988,0.391,0.586,3.3200077191598596,64.45752774460944,-78.15147675502824,3.0
2016-08-02 15:22:17.290,0.953,0.414,0.574,0.12858615431854056,65.50059965808452,-80.18752039409631,3.0
2016-08-02 15:22:17.300,0.934,0.457,0.598,0.29451327852680254,65.57009725654734,-82.46376257745486,3.0
2016-08-02 15:22:17.310,0.945,0.484,0.617,3.54234124061914,67.66021821941273,-83.23362702178439,3.0
2016-08-02 15:22:17.320,0.949,0.488,0.625,3.9833894186030885,71.83981596340922,-82.79726521784542,3.0
2016-08-02 15:22:17.330,0.938,0.5,0.613,0.7226276423052922,73.49052116712866,-83.5624834057329,3.0
2016-08-02 15:22:17.340,0.91,0.5,0.602,-1.9196893356139788,73.20604334839834,-85.39682760887155,3.0
2016-08-02 15:22:17.350,0.879,0.512,0.598,-2.6953224692170283,73.76744538048533,-86.8534042670736,3.0
2016-08-02 15:22:17.360,0.855,0.523,0.633,-1.5028857945693597,74.43357922156238,-87.68807273242287,3.0
2016-08-02 15:22:17.370,0.848,0.512,0.656,2.2689690039921095,75.47381703258822,-88.49771081919653,3.0
2016-08-02 15:22:17.380,0.84,0.512,0.664,6.546580336137094,77.53105072224177,-89.63634238111943,3.0
2016-08-02 15:22:17.390,0.828,0.512,0.656,9.09006487549275,79.63451315558311,-91.34311669965209,3.0
2016-08-02 15:22:17.400,0.789,0.531,0.633,7.067543436581013,81.27153016543869,-92.5539694379401,3.0
2016-08-02 15:22:17.410,0.734,0.574,0.621,-1.126081266171976,80.97651380948727,-91.54338142297192,3.0
2016-08-02 15:22:17.420,0.699,0.602,0.641,-8.114769521502001,78.32721603559624,-89.99990441774138,3.0
2016-08-02 15:22:17.430,0.688,0.566,0.672,-6.830252671771197,77.4393109647286,-89.93690540798524,3.0
2016-08-02 15:22:17.440,0.688,0.523,0.688,-0.3145146106210188,79.64260294500204,-90.56970917277619,3.0
2016-08-02 15:22:17.450,0.68,0.527,0.707,6.936400088592774,80.82308356239298,-92.01068690716373,3.0
2016-08-02 15:22:17.460,0.664,0.516,0.703,10.043378683390646,80.7914372638605,-93.2071136173084,3.0
2016-08-02 15:22:17.470,0.641,0.566,0.684,4.814251213289465,80.95801495177875,-92.61760254733652,3.0
2016-08-02 15:22:17.480,0.621,0.637,0.684,-4.326004834561099,79.40873052004281,-91.42224898986689,3.0
2016-08-02 15:22:17.490,0.609,0.656,0.672,-11.364248038444206,77.50343223191096,-89.51260186935028,3.0
2016-08-02 15:22:17.500,0.586,0.625,0.66,-12.814475585149724,77.2496913084636,-88.54897117954286,3.0
2016-08-02 15:22:17.510,0.582,0.594,0.68,-8.399014618907536,77.52163627098122,-90.80241393808802,3.0
2016-08-02 15:22:17.520,0.578,0.59,0.691,-5.2925062038204045,77.61873864684752,-92.90455070435814,3.0
2016-08-02 15:22:17.530,0.555,0.648,0.711,-7.55486987568859,75.67283446637606,-93.57760209851247,3.0
2016-08-02 15:22:17.540,0.52,0.656,0.707,-14.1451650174211,71.2305440793153,-93.37646115990226,3.0
2016-08-02 15:22:17.550,0.48,0.664,0.695,-24.536742905826035,66.4168144640974,-90.97139571442551,3.0
2016-08-02 15:22:17.560,0.461,0.672,0.676,-34.605748247767565,61.81829654456425,-88.33263974760385,3.0
2016-08-02 15:22:17.570,0.449,0.66,0.664,-41.96203129502476,58.064966374149506,-86.10984115328243,3.0
2016-08-02 15:22:17.580,0.438,0.641,0.672,-45.26285961801986,54.91224959761908,-84.11139516112567,3.0
2016-08-02 15:22:17.590,0.422,0.605,0.703,-40.92836191445643,51.797107341279606,-84.20074144249688,3.0
2016-08-02 15:22:17.600,0.395,0.57,0.727,-33.831678382485805,49.296895605911466,-84.52549424747643,3.0
2016-08-02 15:22:17.610,0.375,0.57,0.73,-32.39339604592253,45.47815683388761,-83.47563605568865,3.0
2016-08-02 15:22:17.620,0.34,0.59,0.699,-38.08923593124098,39.402003559287046,-81.42347061985083,3.0
2016-08-02 15:22:17.630,0.297,0.613,0.668,-49.28767943437595,32.62077007736163,-77.29866637754074,3.0
2016-08-02 15:22:17.640,0.266,0.633,0.668,-60.184135209637375,25.30801699426839,-72.5221838714642,3.0
2016-08-02 15:22:17.650,0.254,0.617,0.727,-61.522805766011466,18.62038297721556,-69.78433814887009,3.0
2016-08-02 15:22:17.660,0.25,0.551,0.777,-51.32839135050253,13.453799508342716,-68.78245606674412,3.0
2016-08-02 15:22:17.670,0.246,0.512,0.797,-36.97323554476303,8.219597037028501,-68.22262721162811,3.0
2016-08-02 15:22:17.680,0.234,0.504,0.77,-29.08445646314535,2.80532940146608,-66.69080546176016,3.0
2016-08-02 15:22:17.690,0.211,0.551,0.73,-34.12767212110295,-2.3015172071260124,-63.225748444088836,3.0
2016-08-02 15:22:17.700,0.195,0.621,0.695,-48.10292819849205,-7.677349058397317,-58.411814806243854,3.0
2016-08-02 15:22:17.710,0.18,0.633,0.645,-61.48546876870992,-12.022806329143746,-52.904005612104925,3.0
2016-08-02 15:22:17.720,0.164,0.602,0.664,-65.63265827198063,-14.483697598727339,-48.77959682178961,3.0
2016-08-02 15:22:17.730,0.164,0.539,0.711,-58.14311375604721,-17.06041144117855,-47.177492806227875,3.0
2016-08-02 15:22:17.740,0.176,0.496,0.727,-48.29228973058235,-20.01807079732307,-45.18025555886684,3.0
2016-08-02 15:22:17.750,0.184,0.492,0.773,-43.00469425428694,-21.741879895877847,-41.95236447311112,3.0
2016-08-02 15:22:17.760,0.172,0.492,0.789,-39.83642973373446,-22.937263427197983,-38.42187289411409,3.0
2016-08-02 15:22:17.770,0.145,0.504,0.777,-38.07216820164314,-24.712485334434273,-34.498200221280214,3.0
2016-08-02 15:22:17.780,0.141,0.5,0.75,-37.824471200503986,-26.567702296485642,-30.573661037432515,3.0
2016-08-02 15:22:17.790,0.145,0.492,0.711,-39.997772209465026,-28.37830948488684,-25.761822844747392,3.0
2016-08-02 15:22:17.800,0.145,0.496,0.688,-44.26690558008688,-30.151656384786925,-21.162797634751264,3.0
2016-08-02 15:22:17.810,0.16,0.484,0.664,-47.29920132109804,-31.6885314588934,-18.047386455971566,3.0
2016-08-02 15:22:17.820,0.152,0.488,0.656,-49.97623592654875,-32.869740050785055,-14.60960743530252,3.0
2016-08-02 15:22:17.830,0.133,0.484,0.66,-52.4797445647007,-33.43650105817639,-11.246159504739095,3.0
2016-08-02 15:22:17.840,0.125,0.473,0.656,-54.299277710270104,-33.82466042603619,-8.181950811960926,3.0
2016-08-02 15:22:17.850,0.141,0.445,0.684,-56.25176930902704,-33.92088737380655,-4.81463709244243,3.0
2016-08-02 15:22:17.860,0.145,0.426,0.703,-55.97010673336081,-33.19585405494157,-2.2697981927590782,3.0
2016-08-02 15:22:17.870,0.145,0.426,0.715,-55.118992727433685,-31.727960129876955,-0.19907464903542332,3.0
2016-08-02 15:22:17.880,0.172,0.41,0.723,-57.360996854928366,-28.746200618730718,2.0452544256886336,3.0
2016-08-02 15:22:17.890,0.199,0.375,0.715,-60.27586890447108,-24.483324070720325,3.6858835598453883,3.0
2016-08-02 15:22:17.900,0.207,0.371,0.715,-61.79478750656162,-19.996740072544636,4.445924067974286,3.0
2016-08-02 15:22:17.910,0.195,0.375,0.711,-63.52886207845326,-14.90681263345871,5.058432916760751,3.0
2016-08-02 15:22:17.920,0.184,0.367,0.707,-66.66523348801746,-9.600382534379847,6.431007458866028,3.0
2016-08-02 15:22:17.930,0.184,0.336,0.719,-69.79900607469561,-4.920357238651774,8.430612012461879,3.0
2016-08-02 15:22:17.940,0.184,0.305,0.715,-71.20064627896149,-1.3381882580094304,9.908904376675988,3.0
2016-08-02 15:22:17.950,0.199,0.293,0.711,-72.69693089380534,1.1029878495074985,10.343064511717866,3.0
2016-08-02 15:22:17.960,0.195,0.305,0.703,-76.66963187546045,4.3001508845092715,10.198787136356463,3.0
2016-08-02 15:22:17.970,0.18,0.305,0.711,-81.90970259292106,8.849410956868097,10.028489449377103,3.0
2016-08-02 15:22:17.980,0.176,0.273,0.75,-84.33921075823159,13.216682319431158,9.938488090022252,3.0
2016-08-02 15:22:17.990,0.164,0.238,0.781,-81.43327698043085,17.092855507920845,9.57742160446876,3.0
2016-08-02 15:22:18.000,0.16,0.215,0.816,-76.13991767422218,20.77234465525022,9.075181266185457,3.0
2016-08-02 15:22:18.010,0.164,0.207,0.836,-70.86605997009582,24.145165419237298,8.901782601607286,3.0
2016-08-02 15:22:18.020,0.164,0.195,0.828,-65.35410957922866,26.468230073317308,8.819819207535467,3.0
2016-08-02 15:22:18.030,0.168,0.207,0.805,-62.477030594867216,27.584926730483755,8.53278891117742,3.0
2016-08-02 15:22:18.040,0.16,0.227,0.781,-63.70450603261476,28.50140579366858,8.100905682787484,3.0
2016-08-02 15:22:18.050,0.145,0.223,0.781,-65.27447055571994,28.962165951961392,7.332291847894415,3.0
2016-08-02 15:22:18.060,0.137,0.207,0.813,-64.40166876648382,28.805818032073837,6.008022278035137,3.0
2016-08-02 15:22:18.070,0.145,0.18,0.852,-61.29304300279136,28.59014614554165,4.407505113238068,3.0
2016-08-02 15:22:18.080,0.152,0.129,0.883,-54.78490018592271,27.507268097624543,2.627678947428354,3.0
2016-08-02 15:22:18.090,0.148,0.105,0.875,-44.96673921011361,25.522804564811217,0.5159018800922915,3.0
2016-08-02 15:22:18.100,0.137,0.125,0.859,-37.81627974409089,23.86683242703357,-1.308472296099736,3.0
2016-08-02 15:22:18.110,0.125,0.137,0.84,-35.69293888056893,22.328316066312265,-2.397249639477801,3.0
2016-08-02 15:22:18.120,0.109,0.137,0.801,-34.001886146546106,19.966303451053978,-3.1691818917148655,3.0
2016-08-02 15:22:18.130,0.113,0.137,0.781,-31.979070086323617,16.976266673140564,-3.8435800556106234,3.0
2016-08-02 15:22:18.140,0.117,0.121,0.77,-30.750236249793584,13.638059568814013,-4.747526748159376,3.0
2016-08-02 15:22:18.150,0.121,0.117,0.777,-28.777677617815733,9.650684347740984,-6.061994873041999,3.0
2016-08-02 15:22:18.160,0.117,0.113,0.781,-27.39059552580723,5.829678200711676,-6.829741944943521,3.0
2016-08-02 15:22:18.170,0.105,0.113,0.789,-28.363041790740652,2.859241803755106,-6.6183178768970965,3.0
2016-08-02 15:22:18.180,0.102,0.113,0.785,-30.44450629217602,-0.3095685342867571,-6.139493216580352,3.0
2016-08-02 15:22:18.190,0.117,0.109,0.789,-33.04442222413346,-3.9635878172345533,-5.966250945042282,3.0
2016-08-02 15:22:18.200,0.121,0.105,0.801,-35.32092962133515,-7.901397267976151,-6.0189054907128545,3.0
2016-08-02 15:22:18.210,0.137,0.105,0.836,-35.85285805985936,-12.222592563171315,-5.514336787245494,3.0
2016-08-02 15:22:18.220,0.168,0.082,0.891,-33.26747935765619,-15.464039442632318,-4.796628081904553,3.0
2016-08-02 15:22:18.230,0.172,0.055,0.914,-26.875979659179574,-16.762278236342485,-4.672337944234423,3.0
2016-08-02 15:22:18.240,0.172,0.074,0.914,-22.213656526215466,-16.85253707690582,-4.006257187719891,3.0
2016-08-02 15:22:18.250,0.176,0.098,0.898,-23.720945997028007,-15.912136441190526,-2.5543321352772392,3.0
2016-08-02 15:22:18.260,0.164,0.09,0.887,-26.02199291371781,-14.952294265284202,-1.6133252860513112,3.0
2016-08-02 15:22:18.270,0.16,0.082,0.871,-26.341001898817257,-15.583435404660559,-0.9551558276545802,3.0
2016-08-02 15:22:18.280,0.168,0.074,0.871,-27.40477297509957,-17.49245759977444,-0.2786191361151304,3.0
2016-08-02 15:22:18.290,0.195,0.055,0.895,-27.24126027252242,-19.10091512941922,-0.29283608683722206,3.0
2016-08-02 15:22:18.300,0.207,0.039,0.922,-23.508262334416003,-19.00062929665877,-0.8348248266256271,3.0
2016-08-02 15:22:18.310,0.203,0.023,0.945,-18.045864410213138,-17.041254593248713,-1.3183920910467726,3.0
2016-08-02 15:22:18.320,0.207,0.012,0.957,-12.842706428994294,-14.160938700736317,-1.7109525955816123,3.0
2016-08-02 15:22:18.330,0.207,0.008,0.949,-9.294312488989881,-11.292628850153893,-2.1303346501720783,3.0
2016-08-02 15:22:18.340,0.207,0.004,0.941,-7.42275852168863,-9.367047553662113,-2.695819977765632,3.0
2016-08-02 15:22:18.350,0.211,0.004,0.93,-5.066159634267689,-8.601072454481248,-3.5000536332041534,3.0
2016-08-02 15:22:18.360,0.211,-0.004,0.922,-0.39327946242513767,-8.405931018194018,-4.51018303422144,3.0
2016-08-02 15:22:18.370,0.215,-0.012,0.934,6.79477382301428,-7.9494820210659585,-5.407953097031021,3.0
2016-08-02 15:22:18.380,0.219,-0.008,0.941,14.703687044579436,-6.575296582291366,-5.756547762207551,3.0
2016-08-02 15:22:18.390,0.223,0.016,0.949,20.441559888078995,-4.912979162554187,-5.5136947149876026,3.0
2016-08-02 15:22:18.400,0.234,0.031,0.957,23.895652630977622,-3.4944423352364655,-4.972166911985961,3.0
2016-08-02 15:22:18.410,0.238,0.039,0.957,27.230870650079588,-1.7854478923153925,-4.567118627649842,3.0
2016-08-02 15:22:18.420,0.234,0.043,0.957,30.863685521448662,0.15722738514002893,-4.455362650469487,3.0
2016-08-02 15:22:18.430,0.223,0.043,0.953,34.64561558014683,1.8956095191323232,-4.318918668173381,3.0
2016-08-02 15:22:18.440,0.215,0.035,0.93,38.902662065173516,3.1984058208658888,-4.240821373257786,3.0
2016-08-02 15:22:18.450,0.203,0.031,0.906,42.77747958551484,4.016155022672963,-4.488034346703059,3.0
2016-08-02 15:22:18.460,0.195,0.043,0.883,45.694271684031406,4.669095066969724,-4.761529658070071,3.0
2016-08-02 15:22:18.470,0.188,0.039,0.859,48.17632579556223,5.098167915352073,-5.039885853512384,3.0
2016-08-02 15:22:18.480,0.172,0.043,0.84,50.10657887212135,5.029201485586737,-5.720211373151376,3.0
2016-08-02 15:22:18.490,0.164,0.059,0.836,50.90854186405933,4.783115198626794,-6.599679671825895,3.0
2016-08-02 15:22:18.500,0.148,0.055,0.82,51.29277234759434,4.697368776254736,-7.321695451145494,3.0
2016-08-02 15:22:18.510,0.137,0.043,0.801,52.980048271016386,4.625542568514922,-8.094008035217133,3.0
2016-08-02 15:22:18.520,0.125,0.047,0.777,55.77647860881705,4.720029295942079,-8.760229426534544,3.0
2016-08-02 15:22:18.530,0.121,0.051,0.754,57.89467007291281,5.227853646841414,-8.951217490581442,3.0
2016-08-02 15:22:18.540,0.125,0.078,0.762,59.315893736897536,5.242089210803887,-9.036502385516714,3.0
2016-08-02 15:22:18.550,0.133,0.098,0.75,59.90857256204511,4.380360399044325,-8.848912726485015,3.0
2016-08-02 15:22:18.560,0.133,0.102,0.715,58.17828551818437,3.8989476716460825,-8.118178258742894,3.0
2016-08-02 15:22:18.570,0.125,0.117,0.688,54.919079330354506,4.279758942282482,-7.8353998426029925,3.0
2016-08-02 15:22:18.580,0.109,0.137,0.676,51.410177268118815,5.199656409854393,-8.136097277907588,3.0
2016-08-02 15:22:18.590,0.098,0.152,0.684,47.565816486900786,6.089625819583554,-8.258383152711513,3.0
2016-08-02 15:22:18.600,0.102,0.164,0.723,45.55163141723884,5.707376667618254,-7.959480009341392,3.0
2016-08-02 15:22:18.610,0.133,0.16,0.746,46.47253639156281,4.445636914609498,-6.770364389756215,3.0
2016-08-02 15:22:18.620,0.141,0.16,0.738,46.817147261553295,3.6230335983633104,-5.070611431464487,3.0
2016-08-02 15:22:18.630,0.129,0.195,0.734,44.772919190737554,2.7081754442983113,-3.643241337466823,3.0
2016-08-02 15:22:18.640,0.137,0.238,0.746,41.619653383079516,1.7833241621749072,-2.1967970365528835,3.0
2016-08-02 15:22:18.650,0.148,0.246,0.754,37.847551925566236,2.006025702996033,-1.353193848997227,3.0
2016-08-02 15:22:18.660,0.148,0.246,0.781,34.93984328146513,2.8880212670288925,-1.528184057120046,3.0
2016-08-02 15:22:18.670,0.137,0.25,0.816,34.671196613883595,3.6697037967953854,-1.1553475016751176,3.0
2016-08-02 15:22:18.680,0.133,0.25,0.832,35.77628126249052,4.204580305205848,0.45137553206765413,3.0
2016-08-02 15:22:18.690,0.148,0.254,0.82,36.11309357669581,4.411139700531907,2.7513767535219893,3.0
2016-08-02 15:22:18.700,0.16,0.273,0.777,34.27404700502972,4.925365948013566,5.478866718303664,3.0
2016-08-02 15:22:18.710,0.164,0.309,0.746,29.611316333869155,6.107591622888382,7.692221809637934,3.0
2016-08-02 15:22:18.720,0.16,0.34,0.727,23.483066270107763,7.639921471208318,8.813274385987478,3.0
2016-08-02 15:22:18.730,0.152,0.34,0.727,18.134257999920596,8.940682943299748,9.591367584280862,3.0
2016-08-02 15:22:18.740,0.137,0.348,0.766,15.3174552227804,8.802883449126202,9.811481766412754,3.0
2016-08-02 15:22:18.750,0.121,0.348,0.801,14.473128646687604,7.4690211534140465,9.526614731032904,3.0
2016-08-02 15:22:18.760,0.105,0.336,0.781,11.876721310033092,6.77373754552292,10.104971623711663,3.0
2016-08-02 15:22:18.770,0.109,0.352,0.75,5.909994110215045,7.567981366609872,11.81481309102303,3.0
2016-08-02 15:22:18.780,0.117,0.387,0.758,-1.124197670384246,10.940452742864103,15.371575544486156,3.0
2016-08-02 15:22:18.790,0.121,0.379,0.801,-6.342461841192248,16.180953677462682,20.760786808409083,3.0
2016-08-02 15:22:18.800,0.137,0.348,0.844,-5.720611950094272,19.471860019051576,25.160554870713575,3.0
2016-08-02 15:22:18.810,0.141,0.297,0.891,3.266629789653792,20.431754722487028,28.182404294470068,3.0
2016-08-02 15:22:18.820,0.129,0.289,0.902,16.40306781327446,20.47035067965501,31.063614155167606,3.0
2016-08-02 15:22:18.830,0.125,0.316,0.871,24.497362964913194,19.225845439242633,33.06915812104463,3.0
2016-08-02 15:22:18.840,0.133,0.352,0.844,21.289489297013358,18.21315176446935,34.833815591612776,3.0
2016-08-02 15:22:18.850,0.133,0.363,0.848,13.055417561733817,18.122085060970008,36.821240762626964,3.0
2016-08-02 15:22:18.860,0.121,0.367,0.879,12.313579808829786,17.837037899561672,38.427746518401406,3.0
2016-08-02 15:22:18.870,0.105,0.359,0.891,19.993896897091858,17.33885178670489,42.33035030805186,3.0
2016-08-02 15:22:18.880,0.094,0.375,0.898,30.51031691821628,15.193681445006353,49.5793743819727,3.0
2016-08-02 15:22:18.890,0.102,0.387,0.918,42.923201229756835,11.190165512836423,56.83011452539113,3.0
2016-08-02 15:22:18.900,0.125,0.383,0.898,52.35997099115039,7.650783798050792,62.77739324662165,3.0
2016-08-02 15:22:18.910,0.148,0.375,0.863,52.134683590771026,3.6589902308498,66.41836015623853,3.0
2016-08-02 15:22:18.920,0.18,0.402,0.859,43.302331211675025,-1.239514927871237,67.22102013436432,3.0
2016-08-02 15:22:18.930,0.203,0.418,0.848,28.37552692108276,-4.438774980046159,69.14532000575106,3.0
2016-08-02 15:22:18.940,0.211,0.406,0.855,15.89308889535349,-7.201091167036148,71.62380104912975,3.0
2016-08-02 15:22:18.950,0.203,0.406,0.906,20.40449526002528,-11.385312630578474,71.01526217161057,3.0
2016-08-02 15:22:18.960,0.207,0.375,0.922,36.91080724579679,-14.832887224548138,71.73273513209978,3.0
2016-08-02 15:22:18.970,0.215,0.391,0.938,50.13981984104127,-18.905978537284145,74.25434957099736,3.0
2016-08-02 15:22:18.980,0.227,0.449,0.934,58.6646718240923,-25.777411782728052,73.38501181649316,3.0
2016-08-02 15:22:18.990,0.242,0.445,0.836,56.42248120461179,-31.52074978688971,74.27502723770903,3.0
2016-08-02 15:22:19.000,0.238,0.453,0.766,38.6128467927756,-36.46310509157503,78.76170087969496,3.0
2016-08-02 15:22:19.010,0.262,0.48,0.762,22.900996342227483,-44.06074865505173,79.9708810166842,3.0
2016-08-02 15:22:19.020,0.301,0.406,0.762,18.047423101021057,-48.47368481527752,80.48964616618869,3.0
2016-08-02 15:22:19.030,0.332,0.418,0.836,15.426606204546033,-46.73786889463274,81.89248748151077,3.0
2016-08-02 15:22:19.040,0.375,0.48,0.887,13.790023636866271,-45.77880714659905,81.19314157537708,3.0
2016-08-02 15:22:19.050,0.383,0.414,0.891,11.703146842494085,-47.47179291227641,82.61272748363491,3.0
2016-08-02 15:22:19.060,0.379,0.441,0.969,13.46269590188582,-50.74357777723605,84.32185319841406,3.0
2016-08-02 15:22:19.070,0.414,0.461,0.953,27.39849240869966,-54.49856632939673,83.37042369808134,3.0
2016-08-02 15:22:19.080,0.426,0.406,0.855,35.469506584383616,-54.22099753173259,85.1430203799919,3.0
2016-08-02 15:22:19.090,0.41,0.457,0.855,26.782808384453794,-55.6503264327784,86.23423553983488,3.0
2016-08-02 15:22:19.100,0.449,0.43,0.848,18.571126229347303,-62.735651341582724,84.54003756651724,3.0
2016-08-02 15:22:19.110,0.484,0.383,0.836,10.478567902844519,-63.87191070747488,85.15695900371534,3.0
2016-08-02 15:22:19.120,0.504,0.496,0.887,-2.1474701039281383,-61.489136233031076,85.6015833639751,3.0
2016-08-02 15:22:19.130,0.52,0.453,0.891,-8.490722743320102,-65.08179852435111,87.02239672498962,3.0
2016-08-02 15:22:19.140,0.527,0.363,0.941,-8.353913172169648,-67.6423764392548,89.11401650988292,3.0
2016-08-02 15:22:19.150,0.559,0.414,0.988,0.18713158492750548,-68.32608249866547,84.99847776965689,3.0
2016-08-02 15:22:19.160,0.59,0.406,0.914,17.32864040238584,-69.25216368916179,80.42278934807703,3.0
2016-08-02 15:22:19.170,0.563,0.395,0.852,22.342993166079026,-66.285713897142,79.58327833687784,3.0
2016-08-02 15:22:19.180,0.547,0.418,0.82,11.181763770175703,-67.6564736520906,78.35224451552384,3.0
2016-08-02 15:22:19.190,0.582,0.395,0.797,-0.07234214181031584,-74.13273007017908,78.86026256697019,3.0
2016-08-02 15:22:19.200,0.641,0.453,0.848,-8.827933559753777,-73.63257529502994,79.95105348995787,3.0
2016-08-02 15:22:19.210,0.703,0.457,0.863,-12.007188489585591,-71.11482892550612,79.37659019065715,3.0
2016-08-02 15:22:19.220,0.715,0.336,0.836,-2.4705699508519343,-72.9526176636952,77.72642112233659,3.0
2016-08-02 15:22:19.230,0.699,0.293,0.879,14.972296443246782,-74.20372467416182,71.91049949995238,3.0
2016-08-02 15:22:19.240,0.727,0.34,0.883,29.547956439375646,-74.04369679160328,66.16423891038971,3.0
2016-08-02 15:22:19.250,0.738,0.406,0.844,27.955691747975138,-72.82437425947427,64.42134681222495,3.0
2016-08-02 15:22:19.260,0.711,0.504,0.848,8.873271732661191,-74.98732112787552,62.13437557274189,3.0
2016-08-02 15:22:19.270,0.703,0.465,0.816,-8.769677868418984,-83.11328037704209,61.87988166945169,3.0
2016-08-02 15:22:19.280,0.723,0.375,0.805,-14.5505827759153,-85.96409511734964,63.78935752667742,3.0
2016-08-02 15:22:19.290,0.77,0.379,0.801,-12.651144306905756,-82.33713040286966,61.918917235192794,3.0
2016-08-02 15:22:19.300,0.801,0.34,0.727,-3.7227079426601533,-81.85864227161255,59.23839179425108,3.0
2016-08-02 15:22:19.310,0.77,0.301,0.656,9.9322440919773,-82.69825148904702,56.99400956449831,3.0
2016-08-02 15:22:19.320,0.73,0.297,0.652,21.283572913353566,-83.31125756089398,54.10821665144812,3.0
2016-08-02 15:22:19.330,0.734,0.305,0.691,25.476767501285277,-84.66021404206454,53.74899194689573,3.0
2016-08-02 15:22:19.340,0.77,0.387,0.777,20.43237094633958,-84.01194895727903,53.5199147102163,3.0
2016-08-02 15:22:19.350,0.816,0.43,0.797,11.18779468576457,-84.46120934442627,52.54481348513746,3.0
2016-08-02 15:22:19.360,0.832,0.348,0.742,5.710178833817758,-85.64751748250768,53.18209386521262,3.0
2016-08-02 15:22:19.370,0.816,0.289,0.691,3.7367230014332993,-83.4395031696185,52.723004552588556,3.0
2016-08-02 15:22:19.380,0.824,0.25,0.605,3.0524261230759206,-82.7712239552238,51.97775906948674,3.0
2016-08-02 15:22:19.390,0.828,0.223,0.523,5.463525448414089,-85.03659361265582,52.3058087720664,3.0
2016-08-02 15:22:19.400,0.836,0.277,0.527,10.411982076802222,-86.25243341530154,51.654368422463065,3.0
2016-08-02 15:22:19.410,0.879,0.316,0.566,15.428201397937523,-85.77796103069055,53.12558274223414,3.0
2016-08-02 15:22:19.420,0.922,0.301,0.602,19.655712844610647,-81.80765203081751,56.28444272755808,3.0
2016-08-02 15:22:19.430,0.922,0.285,0.621,23.133349462176998,-78.03569466474138,56.343923900490736,3.0
2016-08-02 15:22:19.440,0.918,0.25,0.609,26.568133871625705,-79.44482505317916,56.516926274740555,3.0
2016-08-02 15:22:19.450,0.906,0.219,0.586,30.2269605095206,-81.26285910541628,58.96491598017014,3.0
2016-08-02 15:22:19.460,0.906,0.215,0.582,33.59170610241455,-82.01791911176795,60.1944778322259,3.0
2016-08-02 15:22:19.470,0.938,0.234,0.602,36.57160501765805,-83.36257681363159,59.977850771348514,3.0
2016-08-02 15:22:19.480,1.008,0.254,0.621,39.871012310178145,-81.3841567481668,58.592812878476124,3.0
2016-08-02 15:22:19.490,1.07,0.238,0.586,43.43625109962868,-75.58118174513504,55.051006457283094,3.0
2016-08-02 15:22:19.500,1.09,0.211,0.52,43.91423397528301,-69.88399068364501,50.2375204262336,3.0
2016-08-02 15:22:19.510,1.082,0.227,0.469,38.37057059879572,-67.72410159462419,45.855920213164744,3.0
2016-08-02 15:22:19.520,1.082,0.234,0.457,30.838559035742993,-68.87219079136665,44.10676038380923,3.0
2016-08-02 15:22:19.530,1.102,0.168,0.461,28.05472840671733,-67.76482748730548,44.67270602883682,3.0
2016-08-02 15:22:19.540,1.109,0.133,0.449,31.5043784908366,-63.703455098125396,43.19250609730319,3.0
2016-08-02 15:22:19.550,1.121,0.133,0.426,37.44088254392861,-59.92385637879644,38.98333060671169,3.0
2016-08-02 15:22:19.560,1.121,0.156,0.402,40.5337640598765,-55.55322448706716,35.573786718073535,3.0
2016-08-02 15:22:19.570,1.129,0.176,0.422,38.89953320486228,-51.48820872852852,32.11135492117518,3.0
2016-08-02 15:22:19.580,1.145,0.184,0.453,34.21399187711717,-47.415960571935855,27.559233020343264,3.0
2016-08-02 15:22:19.590,1.141,0.184,0.453,26.69502541481097,-41.498631194120534,24.051692907815866,3.0
2016-08-02 15:22:19.600,1.109,0.184,0.453,18.3583971685309,-37.54453979351373,20.29207525986178,3.0
2016-08-02 15:22:19.610,1.078,0.184,0.457,14.47229046589603,-35.36269238053307,16.178146578206167,3.0
2016-08-02 15:22:19.620,1.059,0.168,0.441,15.641862491183671,-31.225131811399766,13.830384990022086,3.0
2016-08-02 15:22:19.630,1.023,0.141,0.41,18.9021195650655,-27.659249973596314,11.893096699669872,3.0
2016-08-02 15:22:19.640,0.984,0.129,0.387,23.095241508857608,-25.926196509725997,10.089964464141957,3.0
2016-08-02 15:22:19.650,0.965,0.156,0.406,25.730739560508532,-23.68409031351264,9.211873003903852,3.0
2016-08-02 15:22:19.660,0.977,0.176,0.441,24.08915681839355,-20.548771274299177,8.444172899343204,3.0
2016-08-02 15:22:19.670,1.0,0.188,0.465,19.966612297736713,-16.769079746824975,7.504409443651316,3.0
2016-08-02 15:22:19.680,1.02,0.199,0.461,16.129766675635967,-13.045538828751916,5.849094663447545,3.0
2016-08-02 15:22:19.690,1.02,0.176,0.426,14.15693561489405,-9.838047166214018,3.597539265993232,3.0
2016-08-02 15:22:19.700,1.016,0.133,0.395,15.412642696966648,-6.330441009695109,1.5217938367069148,3.0
2016-08-02 15:22:19.710,1.016,0.125,0.379,17.911429437892256,-2.842663585910645,-1.088156010209169,3.0
2016-08-02 15:22:19.720,1.035,0.148,0.367,18.20583450339072,0.5981070009494442,-4.2361940921946735,3.0
2016-08-02 15:22:19.730,1.059,0.168,0.363,16.11525795094004,4.889240431842084,-7.2591133323477415,3.0
2016-08-02 15:22:19.740,1.074,0.168,0.379,12.65686991195999,8.580870496292315,-11.009213105957285,3.0
2016-08-02 15:22:19.750,1.082,0.164,0.398,7.831064124037499,10.405277959094143,-15.475973502505699,3.0
2016-08-02 15:22:19.760,1.074,0.16,0.418,2.3204358706038026,11.332703660045397,-19.1364192154045,3.0
2016-08-02 15:22:19.770,1.07,0.168,0.426,-2.0644445871855597,11.687107729785827,-22.066568389544653,3.0
2016-08-02 15:22:19.780,1.078,0.168,0.438,-4.57664704652985,12.665560445358263,-25.038139230032748,3.0
2016-08-02 15:22:19.790,1.082,0.16,0.426,-6.0876873800130955,16.039356754585135,-27.800180538077555,3.0
2016-08-02 15:22:19.800,1.082,0.18,0.406,-7.968094870990213,20.277972470766436,-30.446750752290612,3.0
2016-08-02 15:22:19.810,1.07,0.199,0.391,-11.420785299470225,23.37439363830918,-33.00598056172513,3.0
2016-08-02 15:22:19.820,1.066,0.23,0.402,-15.216816880934719,25.63408948578578,-35.191561475969436,3.0
2016-08-02 15:22:19.830,1.07,0.258,0.422,-15.978776200171028,27.794001113284608,-37.2394986110189,3.0
2016-08-02 15:22:19.840,1.066,0.234,0.445,-13.503317399708937,30.539075014774472,-38.85463684625138,3.0
2016-08-02 15:22:19.850,1.063,0.199,0.465,-10.635547428275887,33.70766671542795,-39.99978361256888,3.0
2016-08-02 15:22:19.860,1.051,0.172,0.457,-8.678802650267688,36.58541122816665,-41.75697941622941,3.0
2016-08-02 15:22:19.870,1.047,0.184,0.445,-8.683869070676785,39.96111016975934,-43.79292614436751,3.0
2016-08-02 15:22:19.880,1.047,0.223,0.438,-11.388141188394698,43.6342534642086,-45.42575479490795,3.0
2016-08-02 15:22:19.890,1.055,0.258,0.438,-14.285584281644145,45.96070195230411,-47.966318959981216,3.0
2016-08-02 15:22:19.900,1.074,0.289,0.453,-15.022337329400637,47.92081719781951,-51.46474196016304,3.0
2016-08-02 15:22:19.910,1.09,0.305,0.465,-14.305385289722443,50.59683666408012,-54.50905396628997,3.0
2016-08-02 15:22:19.920,1.086,0.297,0.496,-13.587900705137798,52.186556315757805,-57.30804589957308,3.0
2016-08-02 15:22:19.930,1.07,0.277,0.52,-13.656307721149865,52.310756224141706,-59.798766060445374,3.0
2016-08-02 15:22:19.940,1.066,0.273,0.539,-14.587170940759759,52.844690913035485,-61.45166750169261,3.0
2016-08-02 15:22:19.950,1.07,0.301,0.551,-15.793650272831604,54.269397658275665,-63.10105162799364,3.0
2016-08-02 15:22:19.960,1.078,0.316,0.531,-16.599384261585925,56.04452008148654,-65.0345486551605,3.0
2016-08-02 15:22:19.970,1.074,0.316,0.516,-16.028516781575952,57.79448980279476,-67.191031974358,3.0
2016-08-02 15:22:19.980,1.063,0.324,0.516,-13.594480085282171,59.17854764102151,-69.80991581127505,3.0
2016-08-02 15:22:19.990,1.043,0.367,0.531,-11.191055012264579,60.444214522331976,-71.73471202447638,3.0
2016-08-02 15:22:20.000,1.02,0.391,0.559,-11.527838767705786,61.65884224970824,-71.65979943506348,3.0
2016-08-02 15:22:20.010,1.016,0.379,0.563,-14.63176312460719,62.476933482073775,-70.56200569269154,3.0
2016-08-02 15:22:20.020,1.016,0.383,0.555,-17.55269837207038,63.54697506823486,-70.91341230996389,3.0
2016-08-02 15:22:20.030,1.004,0.395,0.555,-18.557462448470737,66.22338671300561,-72.54247256409272,3.0
2016-08-02 15:22:20.040,0.992,0.414,0.566,-17.574227972636702,69.7986257365413,-73.63711990342972,3.0
2016-08-02 15:22:20.050,0.988,0.453,0.609,-12.655109261994431,71.80497704571839,-75.48563601053547,3.0
2016-08-02 15:22:20.060,0.984,0.477,0.668,-4.804348399590439,72.65023328376655,-78.18708403522086,3.0
2016-08-02 15:22:20.070,0.965,0.477,0.715,0.02864019692588312,74.17364657764179,-79.40454753997432,3.0
2016-08-02 15:22:20.080,0.957,0.488,0.723,0.020831693559492492,75.20773770072269,-80.39691863712501,3.0
2016-08-02 15:22:20.090,0.949,0.492,0.707,-2.0392200112626138,75.34790594328481,-82.50957346947212,3.0
2016-08-02 15:22:20.100,0.941,0.48,0.684,-4.826497951361178,76.4019315127916,-84.50993862915415,3.0
2016-08-02 15:22:20.110,0.922,0.5,0.652,-6.0026083053870325,77.44735161909111,-87.17750458996923,3.0
2016-08-02 15:22:20.120,0.906,0.523,0.66,-1.8878117030565014,77.7268118484757,-91.27270154421961,3.0
2016-08-02 15:22:20.130,0.902,0.543,0.719,6.122062968402066,79.36665728132435,-95.05114167172015,3.0
2016-08-02 15:22:20.140,0.902,0.563,0.734,11.299249820633623,82.06790484556501,-97.42661158305587,3.0
2016-08-02 15:22:20.150,0.887,0.59,0.727,8.395704203300797,83.7390688822716,-99.31359036108022,3.0
2016-08-02 15:22:20.160,0.859,0.652,0.738,-0.7839367896909506,83.8966323379795,-101.01155691868942,3.0
2016-08-02 15:22:20.170,0.84,0.66,0.723,-10.056100403825226,83.64768847598617,-100.80313552734168,3.0
2016-08-02 15:22:20.180,0.805,0.605,0.719,-13.703637248632258,84.65457342020001,-100.30686340829548,3.0
2016-08-02 15:22:20.190,0.777,0.574,0.742,-7.987279453076282,86.39794627775976,-103.12580345204395,3.0
2016-08-02 15:22:20.200,0.754,0.555,0.77,2.51160373593438,88.21651695289597,-106.61587846215288,3.0
2016-08-02 15:22:20.210,0.73,0.598,0.793,7.748521024953735,89.92987058912463,-108.2848420941545,3.0
2016-08-02 15:22:20.220,0.707,0.633,0.785,4.686852876023291,89.41099755897466,-109.65077623227319,3.0
2016-08-02 15:22:20.230,0.672,0.656,0.746,-5.144087164597991,86.85839784484673,-109.4220660460116,3.0
2016-08-02 15:22:20.240,0.633,0.672,0.742,-17.05808408085116,83.87001698449028,-107.6704589482029,3.0
2016-08-02 15:22:20.250,0.609,0.656,0.777,-21.873700212025902,80.81173849704844,-106.52849464887458,3.0
2016-08-02 15:22:20.260,0.594,0.594,0.785,-18.089087338210895,79.54072878711187,-105.45270743417392,3.0
2016-08-02 15:22:20.270,0.566,0.559,0.777,-11.470165297220909,78.62460739485574,-105.95147087396799,3.0
2016-08-02 15:22:20.280,0.535,0.582,0.773,-6.978006996279639,75.05603907711922,-107.88272638909196,3.0
2016-08-02 15:22:20.290,0.5,0.617,0.754,-12.00699098582205,71.4988649728887,-106.50277434449023,3.0
2016-08-02 15:22:20.300,0.453,0.668,0.703,-28.54729597310532,68.19194800566076,-102.19721757053964,3.0
2016-08-02 15:22:20.310,0.406,0.648,0.668,-47.35109443980745,62.65909506464041,-97.44059073262444,3.0
2016-08-02 15:22:20.320,0.375,0.652,0.703,-58.94348479477539,57.355757159388695,-92.68517996916896,3.0
2016-08-02 15:22:20.330,0.363,0.625,0.762,-59.728095506677846,53.26625629003562,-88.64302718674335,3.0
2016-08-02 15:22:20.340,0.348,0.508,0.766,-51.225317457294864,49.76837581215635,-84.55942197609923,3.0
2016-08-02 15:22:20.350,0.316,0.48,0.848,-32.541304401424675,46.40656448731228,-83.51431911877128,3.0
2016-08-02 15:22:20.360,0.297,0.418,0.887,-9.35298114359336,41.80711422728592,-83.77578555901547,3.0
2016-08-02 15:22:20.370,0.258,0.418,0.809,-2.369701797459087,37.926209611245234,-77.67175705848612,3.0
2016-08-02 15:22:20.380,0.191,0.523,0.699,-14.97670249605322,32.48514033238044,-69.78842950739762,3.0
2016-08-02 15:22:20.390,0.145,0.574,0.633,-34.54449395821825,23.837977419914267,-61.56627522719056,3.0
2016-08-02 15:22:20.400,0.137,0.566,0.645,-53.264344444291595,18.465607651174018,-50.321437569695206,3.0
2016-08-02 15:22:20.410,0.145,0.516,0.668,-56.51940091061805,14.909716539140776,-44.392248413718605,3.0
2016-08-02 15:22:20.420,0.152,0.461,0.656,-45.733112252532536,9.425000579313862,-41.53272657410568,3.0
2016-08-02 15:22:20.430,0.148,0.469,0.625,-41.40486856992186,4.90709859916144,-35.23543421573228,3.0
2016-08-02 15:22:20.440,0.133,0.5,0.617,-46.5690210935548,0.5717273989355938,-29.723875381849794,3.0
2016-08-02 15:22:20.450,0.129,0.531,0.648,-56.101501019269534,-4.285933082860592,-23.94197304286005,3.0
2016-08-02 15:22:20.460,0.113,0.543,0.695,-64.40900331298946,-8.709487987754146,-17.315894356236278,3.0
2016-08-02 15:22:20.470,0.102,0.5,0.723,-62.212640784495335,-13.848526147855004,-12.762805787066014,3.0
2016-08-02 15:22:20.480,0.098,0.434,0.73,-52.79359944260178,-19.304893611131856,-7.968121477612762,3.0
2016-08-02 15:22:20.490,0.094,0.434,0.699,-45.481368349017586,-24.17631869040256,-3.1198750468298306,3.0
2016-08-02 15:22:20.500,0.09,0.48,0.66,-45.17059313284178,-28.23944855608458,0.880693170264544,3.0
2016-08-02 15:22:20.510,0.082,0.523,0.605,-54.992605082434835,-31.03364086915377,5.647139085113713,3.0
2016-08-02 15:22:20.520,0.063,0.559,0.547,-71.38911934079657,-32.50490091925107,9.827559257267087,3.0
2016-08-02 15:22:20.530,0.063,0.57,0.516,-88.23230116225366,-32.47716322032295,13.366062939819905,3.0
2016-08-02 15:22:20.540,0.074,0.527,0.52,-102.81689007664215,-31.636812076610035,17.59732540712727,3.0
2016-08-02 15:22:20.550,0.09,0.461,0.531,-111.4964969301474,-31.679660985278847,20.221712562608612,3.0
2016-08-02 15:22:20.560,0.105,0.414,0.535,-114.56781437309536,-31.711550269574552,20.134672129040304,3.0
2016-08-02 15:22:20.570,0.105,0.406,0.551,-118.24580791638766,-29.780279276251058,19.42883532106809,3.0
2016-08-02 15:22:20.580,0.098,0.402,0.559,-124.18147201084184,-26.764180889455993,19.20592785967042,3.0
2016-08-02 15:22:20.590,0.098,0.375,0.582,-128.99804511663314,-23.556986554887338,19.458053695204914,3.0
2016-08-02 15:22:20.600,0.121,0.328,0.609,-130.06875939915304,-20.043774430920298,19.644571571240174,3.0
2016-08-02 15:22:20.610,0.141,0.293,0.613,-127.66076408244797,-16.971813959665784,19.174998961493195,3.0
2016-08-02 15:22:20.620,0.16,0.273,0.617,-125.02167963567439,-14.831524281594868,18.4262720520676,3.0
2016-08-02 15:22:20.630,0.176,0.238,0.625,-122.66138414649586,-13.652132578813656,17.18339219381845,3.0
2016-08-02 15:22:20.640,0.184,0.207,0.637,-117.85886816566058,-13.249426904726029,14.722660916910275,3.0
2016-08-02 15:22:20.650,0.184,0.188,0.656,-110.59247316288396,-12.454647579714196,11.594407039558456,3.0
2016-08-02 15:22:20.660,0.184,0.172,0.664,-102.86412812448388,-10.05917076473087,8.807093361173047,3.0
2016-08-02 15:22:20.670,0.168,0.16,0.668,-95.79539026987621,-6.580367870102684,6.694494337796649,3.0
2016-08-02 15:22:20.680,0.172,0.141,0.664,-89.23942965007055,-3.4117331070374948,4.78111518514919,3.0
2016-08-02 15:22:20.690,0.195,0.121,0.66,-82.99482129608782,-0.5311428619818993,2.2859326058770706,3.0
2016-08-02 15:22:20.700,0.215,0.109,0.695,-76.61720536862674,2.4498521482344113,-0.6757818846601027,3.0
2016-08-02 15:22:20.710,0.219,0.059,0.723,-66.97901560579443,4.413943430885816,-3.857123303650519,3.0
2016-08-02 15:22:20.720,0.223,0.039,0.754,-53.54856729781756,5.1355732481438725,-7.529600257533486,3.0
2016-08-02 15:22:20.730,0.223,0.043,0.809,-41.549079035832435,6.372457859179528,-10.872101904334137,3.0
2016-08-02 15:22:20.740,0.219,0.027,0.852,-31.64500916066067,8.079963354987596,-13.308775105747774,3.0
2016-08-02 15:22:20.750,0.227,0.02,0.863,-21.231858038397252,8.868759342013934,-15.754108476067596,3.0
2016-08-02 15:22:20.760,0.246,0.027,0.875,-12.693064851179411,9.487741574572638,-18.15257508675223,3.0
2016-08-02 15:22:20.770,0.258,0.023,0.898,-5.879937852166972,10.70654957936436,-19.799971724590318,3.0
2016-08-02 15:22:20.780,0.242,0.043,0.906,1.7279099451968125,11.861323030532217,-20.986419221493108,3.0
2016-08-02 15:22:20.790,0.23,0.051,0.895,8.233245125609931,12.285243222615021,-22.02776977128422,3.0
2016-08-02 15:22:20.800,0.234,0.043,0.867,12.451002599051947,11.761441515240373,-22.705854943760215,3.0
2016-08-02 15:22:20.810,0.242,0.063,0.828,12.62249991455858,10.853098516226183,-22.654975010195518,3.0
2016-08-02 15:22:20.820,0.23,0.125,0.777,2.989902737473445,9.628608102329718,-21.090155952352482,3.0
2016-08-02 15:22:20.830,0.227,0.152,0.777,-15.26825239855191,8.00637174161014,-17.9431376754059,3.0
2016-08-02 15:22:20.840,0.227,0.141,0.832,-30.521500251534274,6.762789456456841,-15.070935550844519,3.0
2016-08-02 15:22:20.850,0.234,0.086,0.906,-35.122530497612836,5.631192960147662,-13.313597018222389,3.0
2016-08-02 15:22:20.860,0.227,0.031,0.945,-31.119730969011016,4.444104470939865,-11.59744124128024,3.0
2016-08-02 15:22:20.870,0.223,-0.008,0.988,-23.126462465405194,4.577896105954618,-9.474557441240481,3.0
2016-08-02 15:22:20.880,0.223,-0.016,1.008,-16.717929556683142,6.272813833477478,-6.838965115143776,3.0
2016-08-02 15:22:20.890,0.215,0.012,0.984,-17.20121126640679,7.799881284178408,-3.640610182311531,3.0
2016-08-02 15:22:20.900,0.203,0.035,0.941,-24.003224140461434,7.5686931043096894,-0.13992006185661676,3.0
2016-08-02 15:22:20.910,0.199,0.051,0.891,-32.169119640765395,5.3711134052688205,3.3848471034811514,3.0
2016-08-02 15:22:20.920,0.199,0.039,0.863,-38.037235755206055,2.2302903038971,6.308949077063673,3.0
2016-08-02 15:22:20.930,0.207,-0.008,0.887,-38.70839634441499,-0.695945340526293,8.493828150093439,3.0
2016-08-02 15:22:20.940,0.207,-0.047,0.895,-34.16726534253201,-3.31682405636474,10.284952886776683,3.0
2016-08-02 15:22:20.950,0.195,-0.035,0.879,-31.245584494699287,-5.529495513445772,11.875714125174529,3.0
2016-08-02 15:22:20.960,0.191,-0.02,0.875,-33.642825717935054,-6.7035702940972,13.527372544044772,3.0
2016-08-02 15:22:20.970,0.199,-0.035,0.898,-34.644281551886074,-7.33595558354323,14.543833556846444,3.0
2016-08-02 15:22:20.980,0.211,-0.078,0.926,-28.850014936534016,-8.078715863008382,14.253801096090909,3.0
2016-08-02 15:22:20.990,0.211,-0.102,0.938,-19.44445856809578,-8.444492642973096,13.752118345983954,3.0
2016-08-02 15:22:21.000,0.188,-0.098,0.93,-10.613356913071499,-8.375900032594169,13.787404147506658,3.0
2016-08-02 15:22:21.010,0.203,-0.102,0.914,-2.194629309101971,-8.331872016809534,13.644920899181333,3.0
2016-08-02 15:22:21.020,0.211,-0.086,0.898,6.867037457788241,-7.8512940944127285,12.659940827975129,3.0
2016-08-02 15:22:21.030,0.207,-0.063,0.879,14.170609304354281,-7.020141588364504,11.064471196976513,3.0
2016-08-02 15:22:21.040,0.211,-0.035,0.852,17.32114669853206,-6.998210395945003,9.496803262184196,3.0
2016-08-02 15:22:21.050,0.219,-0.008,0.84,18.029802565931817,-7.438104309923771,8.094094219721768,3.0
2016-08-02 15:22:21.060,0.234,0.004,0.84,18.587553030632115,-7.433031457823997,6.521450174695218,3.0
2016-08-02 15:22:21.070,0.242,-0.004,0.863,20.709372111093458,-6.953818245367573,4.298663038232205,3.0
2016-08-02 15:22:21.080,0.242,-0.012,0.879,25.395140278930217,-5.770011028309169,1.5001870766514487,3.0
2016-08-02 15:22:21.090,0.242,-0.012,0.895,30.336444354385783,-4.023626332923174,-1.1088987537482835,3.0
2016-08-02 15:22:21.100,0.238,-0.004,0.898,33.751007741224115,-2.0201270219844947,-3.407033381076914,3.0
2016-08-02 15:22:21.110,0.23,0.004,0.891,36.56486319173407,0.08147259075305513,-5.837711088758197,3.0
2016-08-02 15:22:21.120,0.234,0.012,0.875,38.538044111269365,1.7950817046698595,-8.370293059468569,3.0
2016-08-02 15:22:21.130,0.234,0.02,0.855,39.04806454199436,3.2707121565814825,-10.839687119949165,3.0
2016-08-02 15:22:21.140,0.234,0.02,0.84,39.402009045177266,4.707383675745229,-13.506768526161364,3.0
2016-08-02 15:22:21.150,0.227,0.035,0.836,40.40415185066931,5.96644851377014,-16.388839952989386,3.0
2016-08-02 15:22:21.160,0.211,0.059,0.82,40.70468825070057,7.4300063105912475,-18.703962316860256,3.0
2016-08-02 15:22:21.170,0.203,0.059,0.836,40.59315389850893,9.02089999770077,-20.23305928044524,3.0
2016-08-02 15:22:21.180,0.207,0.055,0.848,42.59573104151401,10.071874495805634,-21.717824184527014,3.0
2016-08-02 15:22:21.190,0.207,0.063,0.836,45.06977381673068,10.680568705392755,-23.137901795549084,3.0
2016-08-02 15:22:21.200,0.195,0.082,0.809,44.09074921438348,11.721169293503788,-24.064234806787645,3.0
2016-08-02 15:22:21.210,0.191,0.109,0.801,40.8383341075338,13.336576529593684,-24.736324689596167,3.0
2016-08-02 15:22:21.220,0.188,0.117,0.797,38.81721899714726,14.711908816782422,-25.144235961646835,3.0
2016-08-02 15:22:21.230,0.188,0.098,0.816,40.39097593048439,15.572316957737886,-25.291497308878377,3.0
2016-08-02 15:22:21.240,0.176,0.078,0.84,46.28302479807175,15.454407141306081,-25.6734551077626,3.0
2016-08-02 15:22:21.250,0.164,0.094,0.84,51.56332568408051,13.551000880855904,-25.897717669267152,3.0
2016-08-02 15:22:21.260,0.156,0.129,0.816,50.29255565203731,11.125966104860609,-25.30889778432578,3.0
2016-08-02 15:22:21.270,0.137,0.148,0.789,45.16722899474401,10.024689831279673,-24.54095264176634,3.0
2016-08-02 15:22:21.280,0.129,0.168,0.781,41.97969697140115,9.995936716472492,-23.99010663177925,3.0
2016-08-02 15:22:21.290,0.152,0.176,0.77,40.87698145011234,10.748434956014103,-22.925823832193437,3.0
2016-08-02 15:22:21.300,0.172,0.16,0.789,41.65622527184991,12.876736812084184,-21.34612792379578,3.0
2016-08-02 15:22:21.310,0.176,0.156,0.824,46.63140837368488,15.345927322328912,-20.147484495768325,3.0
2016-08-02 15:22:21.320,0.18,0.156,0.824,53.1083510454023,16.69518907926002,-19.24007271345863,3.0
2016-08-02 15:22:21.330,0.184,0.176,0.801,55.14100449168101,17.43205821334265,-17.778885054598074,3.0
2016-08-02 15:22:21.340,0.184,0.211,0.762,52.49692087202171,18.070358229457305,-16.04857120754377,3.0
2016-08-02 15:22:21.350,0.16,0.246,0.754,48.72429117233176,19.08531658841968,-14.655221952246647,3.0
2016-08-02 15:22:21.360,0.141,0.254,0.77,46.99548477418168,21.058700965609326,-12.885007497772843,3.0
2016-08-02 15:22:21.370,0.137,0.223,0.789,50.13509259277579,22.872332648664404,-10.037315820042021,3.0
2016-08-02 15:22:21.380,0.145,0.223,0.793,56.46542623582649,23.993182027285062,-6.311595569275288,3.0
2016-08-02 15:22:21.390,0.145,0.258,0.785,59.933042317522236,24.65205149740445,-1.9827858771881426,3.0
2016-08-02 15:22:21.400,0.156,0.277,0.762,58.42082302506253,24.285338144678438,2.1656929274378562,3.0
2016-08-02 15:22:21.410,0.156,0.309,0.734,54.730788861410346,23.23876570750633,4.849956588488242,3.0
2016-08-02 15:22:21.420,0.148,0.332,0.738,50.86219301277741,22.255939221124656,6.2922042535666804,3.0
2016-08-02 15:22:21.430,0.145,0.328,0.734,48.24462756057146,21.78217573836102,7.895907302589716,3.0
2016-08-02 15:22:21.440,0.105,0.328,0.73,48.24953234547279,21.843731192194184,9.855605284465936,3.0
2016-08-02 15:22:21.450,0.07,0.34,0.75,49.735207083093385,21.528822481879615,12.805713655472225,3.0
2016-08-02 15:22:21.460,0.055,0.332,0.781,51.74902416264573,20.753134347176385,17.83079362187266,3.0
2016-08-02 15:22:21.470,0.055,0.309,0.773,54.99082550665382,19.790533876476857,23.208990441193407,3.0
2016-08-02 15:22:21.480,0.066,0.313,0.75,57.8064023904699,18.20343785321846,27.753399537419135,3.0
2016-08-02 15:22:21.490,0.082,0.328,0.734,58.09548227591386,16.406375954487263,32.12658744117074,3.0
2016-08-02 15:22:21.500,0.074,0.344,0.723,57.066527860055515,14.869526326631783,35.23375819791788,3.0
2016-08-02 15:22:21.510,0.074,0.348,0.715,55.4924394910679,13.25647642512244,36.8901013932469,3.0
2016-08-02 15:22:21.520,0.063,0.375,0.711,52.87080218231555,11.630883693341273,38.48462900648348,3.0
2016-08-02 15:22:21.530,0.059,0.402,0.715,49.21811304563877,10.718156927201589,40.56880936306368,3.0
2016-08-02 15:22:21.540,0.059,0.414,0.73,44.38029735118576,11.374993594272855,44.510373928246054,3.0
2016-08-02 15:22:21.550,0.059,0.406,0.73,40.729506325420175,12.787954404327014,50.69911379607295,3.0
2016-08-02 15:22:21.560,0.078,0.383,0.738,40.11289379924759,12.751410618969917,57.71640498780551,3.0
2016-08-02 15:22:21.570,0.105,0.348,0.75,39.82057128794263,10.539251883667214,65.04176600317993,3.0
2016-08-02 15:22:21.580,0.117,0.367,0.758,39.70681823149562,5.895373967401086,70.77304948858998,3.0
2016-08-02 15:22:21.590,0.121,0.418,0.766,40.23005894809628,-0.9403116404416063,73.2344815982084,3.0
2016-08-02 15:22:21.600,0.113,0.43,0.75,35.304241274445914,-7.178313575153936,74.61681847304374,3.0
2016-08-02 15:22:21.610,0.102,0.473,0.77,24.194118352078714,-12.013968399719271,76.66283124899626,3.0
2016-08-02 15:22:21.620,0.094,0.465,0.781,15.590001539917107,-16.936712153173197,80.81574703798222,3.0
2016-08-02 15:22:21.630,0.113,0.445,0.813,11.328146848273338,-20.524224476965276,88.46050806134346,3.0
2016-08-02 15:22:21.640,0.164,0.512,0.855,9.43789791938579,-23.00648835108474,96.9402645826914,3.0
2016-08-02 15:22:21.650,0.227,0.504,0.852,12.771306761065032,-26.57171593742338,103.57587829843912,3.0
2016-08-02 15:22:21.660,0.266,0.484,0.855,18.51766042497172,-29.376829874894725,105.65172754968147,3.0
2016-08-02 15:22:21.670,0.281,0.453,0.805,16.702251872665517,-31.185658366628214,103.0213211831154,3.0
2016-08-02 15:22:21.680,0.301,0.488,0.789,3.4568649847705837,-35.97921328151826,101.51779565651131,3.0
2016-08-02 15:22:21.690,0.324,0.543,0.84,-10.369940755392845,-44.55098166999163,99.68839719035324,3.0
2016-08-02 15:22:21.700,0.328,0.523,0.863,-16.705528221286027,-52.512469501071266,95.50926726268324,3.0
2016-08-02 15:22:21.710,0.305,0.492,0.852,-21.445317518662563,-58.0333466804892,94.84514131728228,3.0
2016-08-02 15:22:21.720,0.305,0.547,0.883,-24.23490324544051,-64.61175073494294,95.22685282803641,3.0
2016-08-02 15:22:21.730,0.359,0.574,0.91,-24.545407101744775,-71.47373186274903,95.58755374245405,3.0
2016-08-02 15:22:21.740,0.414,0.488,0.91,-26.209632928801668,-76.42533858678081,99.12466054221406,3.0
2016-08-02 15:22:21.750,0.473,0.434,1.0,-16.747218856303057,-81.30195321188107,95.53068320318006,3.0
2016-08-02 15:22:21.760,0.543,0.402,1.047,6.969735578768468,-81.28703379338731,84.91047324301232,3.0
2016-08-02 15:22:21.770,0.57,0.391,1.008,20.63027065653077,-73.27780384971246,80.12498648478297,3.0
2016-08-02 15:22:21.780,0.563,0.566,1.023,13.871581581958923,-68.77932475488754,75.71254806798456,3.0
2016-08-02 15:22:21.790,0.543,0.617,0.992,0.02772515924823926,-73.15587389736166,71.42079625182055,3.0
2016-08-02 15:22:21.800,0.492,0.461,0.898,-13.049805693056785,-77.29732201561082,75.99002718020756,3.0
2016-08-02 15:22:21.810,0.473,0.348,0.832,-22.814763237496916,-79.36365889156868,79.1445532324233,3.0
2016-08-02 15:22:21.820,0.516,0.352,0.828,-23.56774762065156,-82.90990792266126,78.05595532154052,3.0
2016-08-02 15:22:21.830,0.566,0.422,0.898,-16.39064336788354,-84.85517536307668,79.06626797205544,3.0
2016-08-02 15:22:21.840,0.59,0.41,0.93,-7.963536908512341,-84.36512740727733,78.06791233970876,3.0
2016-08-02 15:22:21.850,0.609,0.313,0.902,-2.14630647461279,-82.20686630463018,76.9865458463579,3.0
2016-08-02 15:22:21.860,0.645,0.344,0.898,-1.0931094849205738,-78.16717399877665,76.05532943519822,3.0
2016-08-02 15:22:21.870,0.664,0.355,0.855,-4.206345233339016,-76.2420259901334,73.67242557600143,3.0
2016-08-02 15:22:21.880,0.621,0.262,0.762,-11.298627075568575,-77.02898408435502,76.37823425373082,3.0
2016-08-02 15:22:21.890,0.574,0.254,0.75,-22.59323852857651,-80.0339862883559,80.69471919505652,3.0
2016-08-02 15:22:21.900,0.594,0.277,0.77,-28.67355704883549,-87.38560636778456,82.31364627973525,3.0
2016-08-02 15:22:21.910,0.648,0.277,0.828,-22.17476720022156,-93.07103108363889,82.76805609672023,3.0
2016-08-02 15:22:21.920,0.711,0.383,0.891,-8.778977051996964,-94.6818399947974,78.61677613248646,3.0
2016-08-02 15:22:21.930,0.789,0.332,0.859,4.934582393140128,-96.08731776940655,73.99601250461603,3.0
2016-08-02 15:22:21.940,0.82,0.301,0.836,11.3999617360067,-93.35242652258216,71.17636197555905,3.0
2016-08-02 15:22:21.950,0.828,0.367,0.805,7.7668284172785125,-92.47248014236044,65.0344610617523,3.0
2016-08-02 15:22:21.960,0.836,0.309,0.711,5.075381153293052,-99.6829037611173,62.642802388331276,3.0
2016-08-02 15:22:21.970,0.805,0.211,0.629,8.095536095695454,-103.55940035648891,65.46191399007344,3.0
2016-08-02 15:22:21.980,0.789,0.219,0.617,11.516031510672592,-105.73538577594786,63.44296677193715,3.0
2016-08-02 15:22:21.990,0.844,0.277,0.691,14.429133259713648,-111.17774735400484,59.14710980860585,3.0
2016-08-02 15:22:22.000,0.953,0.383,0.785,15.781676488706498,-110.67434841363017,57.75415488472909,3.0
2016-08-02 15:22:22.010,1.055,0.391,0.773,13.904469451572945,-106.85447106198656,56.43494030958762,3.0
2016-08-02 15:22:22.020,1.082,0.32,0.688,9.454608255971353,-105.4989852053432,53.86117519960097,3.0
2016-08-02 15:22:22.030,1.027,0.254,0.629,2.2932878796272274,-104.81545859129241,50.98945488059363,3.0
2016-08-02 15:22:22.040,0.988,0.215,0.602,-3.528676634243884,-106.61536101403786,50.366109017612985,3.0
2016-08-02 15:22:22.050,0.977,0.203,0.563,-1.1573444424116472,-108.58372858509092,52.53963015612767,3.0
2016-08-02 15:22:22.060,1.004,0.211,0.563,8.420944766092564,-106.60636479131662,53.86205286135025,3.0
2016-08-02 15:22:22.070,1.098,0.242,0.582,16.329465826936087,-101.10263589834149,53.65194078588369,3.0
2016-08-02 15:22:22.080,1.184,0.281,0.578,17.310969553830162,-93.22443897488378,52.34866001623456,3.0
2016-08-02 15:22:22.090,1.215,0.262,0.57,16.19158169109023,-86.57943726473354,48.96547127735554,3.0
2016-08-02 15:22:22.100,1.203,0.207,0.531,18.137828302733077,-81.97654321936932,45.755127748440785,3.0
2016-08-02 15:22:22.110,1.168,0.145,0.449,21.88630046472837,-77.30728362098891,43.20262080231793,3.0
2016-08-02 15:22:22.120,1.137,0.098,0.41,26.188476638733082,-73.68800324821578,38.85681533364448,3.0
2016-08-02 15:22:22.130,1.129,0.121,0.422,30.619972725046146,-70.76649272807805,34.15899991818617,3.0
2016-08-02 15:22:22.140,1.148,0.16,0.465,32.581609137992864,-66.61436446319561,30.708965398407337,3.0
2016-08-02 15:22:22.150,1.148,0.16,0.5,31.06021054106928,-61.84127306325277,27.74369298704316,3.0
2016-08-02 15:22:22.160,1.133,0.141,0.52,28.20372047039249,-57.93438439132767,25.052389052976125,3.0
2016-08-02 15:22:22.170,1.113,0.129,0.512,24.903808402684668,-54.45613530655605,22.348619021089657,3.0
2016-08-02 15:22:22.180,1.078,0.117,0.477,21.39045442778567,-50.56935131618873,20.228982418111862,3.0
2016-08-02 15:22:22.190,1.047,0.063,0.426,21.16931491787538,-47.3968595039892,19.307612270054896,3.0
2016-08-02 15:22:22.200,1.031,0.047,0.387,25.645941636756206,-44.560452454971625,18.400483765545445,3.0
2016-08-02 15:22:22.210,1.031,0.09,0.371,29.911797716379013,-41.00505877076665,17.089300221361572,3.0
2016-08-02 15:22:22.220,1.043,0.148,0.402,30.53493577405178,-37.63345156462524,16.07210195122894,3.0
2016-08-02 15:22:22.230,1.063,0.16,0.457,28.95605069089252,-33.866272741562476,15.39707201471926,3.0
2016-08-02 15:22:22.240,1.074,0.121,0.496,27.056453346121675,-29.12754011669839,14.172429178978465,3.0
2016-08-02 15:22:22.250,1.074,0.074,0.508,26.972107863793624,-24.434941058456033,11.077517441440696,3.0
2016-08-02 15:22:22.260,1.066,0.055,0.48,29.707134947997112,-19.775661369663254,6.809898191724841,3.0
2016-08-02 15:22:22.270,1.055,0.027,0.418,33.16640991907482,-15.690882554280373,3.412482184719267,3.0
2016-08-02 15:22:22.280,1.043,0.023,0.359,35.441213096381674,-12.730275179976132,0.604777850377404,3.0
2016-08-02 15:22:22.290,1.047,0.07,0.332,34.172867476448616,-9.369820695732072,-1.948349354695946,3.0
2016-08-02 15:22:22.300,1.055,0.121,0.34,27.24358730501528,-5.79656308049523,-3.094378985848074,3.0
2016-08-02 15:22:22.310,1.07,0.133,0.371,18.81101385098889,-3.605476750774521,-3.7648414429139048,3.0
2016-08-02 15:22:22.320,1.086,0.141,0.414,15.009363045532947,-0.934485194067688,-5.4138796840625805,3.0
2016-08-02 15:22:22.330,1.094,0.141,0.449,15.891626610235738,4.310229428958092,-7.304481331298513,3.0
2016-08-02 15:22:22.340,1.086,0.148,0.461,18.421050087959667,9.655926415005624,-9.081723405961306,3.0
2016-08-02 15:22:22.350,1.066,0.145,0.453,21.22027490386885,12.475028496270005,-11.266028997860152,3.0
2016-08-02 15:22:22.360,1.031,0.129,0.438,23.377949882593555,14.033944413615092,-13.369262948867574,3.0
2016-08-02 15:22:22.370,0.992,0.117,0.434,23.111023649471157,15.120191229654473,-14.696814048803187,3.0
2016-08-02 15:22:22.380,0.965,0.137,0.426,19.699833806483184,14.561356674693664,-15.627667037368749,3.0
2016-08-02 15:22:22.390,0.957,0.164,0.434,14.641189170668133,13.688523667813156,-16.397371221641084,3.0
2016-08-02 15:22:22.400,0.965,0.191,0.453,10.37740368277819,14.757292320362785,-16.49262894433376,3.0
2016-08-02 15:22:22.410,0.984,0.195,0.449,8.994114954721438,17.57410907056733,-16.557356578340773,3.0
2016-08-02 15:22:22.420,0.984,0.195,0.434,10.507334214334207,21.296355572712763,-17.5546003066681,3.0
2016-08-02 15:22:22.430,0.961,0.191,0.422,12.228694626860694,24.804052734072442,-18.574802633656574,3.0
2016-08-02 15:22:22.440,0.949,0.188,0.43,11.817646885440322,26.767953249263847,-18.73817866015215,3.0
2016-08-02 15:22:22.450,0.953,0.191,0.445,10.093626681863821,27.529763855461415,-18.692606574097375,3.0
2016-08-02 15:22:22.460,0.973,0.195,0.469,9.16553858508236,28.350904126700996,-18.826086505769865,3.0
2016-08-02 15:22:22.470,1.0,0.203,0.484,9.797119996434937,29.94760239303642,-19.156501790142244,3.0
2016-08-02 15:22:22.480,1.035,0.215,0.469,11.10775705305593,32.49712299417653,-20.37649375895664,3.0
2016-08-02 15:22:22.490,1.066,0.223,0.445,11.43034832486838,35.41431903541881,-22.970490510531334,3.0
2016-08-02 15:22:22.500,1.086,0.25,0.426,10.445503692421969,37.973950032253086,-27.239544488290896,3.0
2016-08-02 15:22:22.510,1.098,0.262,0.434,8.611453595340588,40.42483147017538,-32.59655459677717,3.0
2016-08-02 15:22:22.520,1.109,0.273,0.453,5.66697669862708,42.84846488070934,-37.14037493026106,3.0
2016-08-02 15:22:22.530,1.121,0.262,0.469,2.795344939230417,44.47253796674484,-40.64050782706526,3.0
2016-08-02 15:22:22.540,1.113,0.23,0.477,1.3165258950311705,45.5674036411695,-43.70807339205646,3.0
2016-08-02 15:22:22.550,1.102,0.234,0.477,0.09325240190949563,47.1731498424797,-46.088325558542806,3.0
2016-08-02 15:22:22.560,1.098,0.281,0.488,-1.829854158830154,49.42768737548897,-48.24662618258981,3.0
2016-08-02 15:22:22.570,1.105,0.305,0.492,-4.013162516595131,52.077180727448074,-50.33915832999133,3.0
2016-08-02 15:22:22.580,1.105,0.293,0.492,-5.7302054385469265,54.71905047197586,-52.562028767286094,3.0
2016-08-02 15:22:22.590,1.102,0.316,0.504,-6.435381395144061,57.15465308816593,-55.81578033894453,3.0
2016-08-02 15:22:22.600,1.098,0.34,0.523,-6.6067046136177785,60.01934609884088,-59.13180529809813,3.0
2016-08-02 15:22:22.610,1.09,0.359,0.547,-7.146416868061571,63.16973701758417,-61.44758258252682,3.0
2016-08-02 15:22:22.620,1.082,0.367,0.559,-7.877223647287808,65.25651329215488,-63.43424547491993,3.0
2016-08-02 15:22:22.630,1.051,0.336,0.563,-8.509913080272886,66.35577607882635,-65.0877756459724,3.0
2016-08-02 15:22:22.640,1.016,0.332,0.57,-9.68840740908781,67.317009577159,-66.38220928306237,3.0
2016-08-02 15:22:22.650,0.996,0.348,0.586,-10.720308708189684,67.59217538209076,-67.87575275975844,3.0
2016-08-02 15:22:22.660,0.992,0.352,0.582,-10.125648585075325,67.57897551552253,-69.73475064785458,3.0
2016-08-02 15:22:22.670,0.973,0.367,0.59,-8.78792153010195,68.21220453025161,-72.59574321706653,3.0
2016-08-02 15:22:22.680,0.969,0.426,0.617,-8.468864972870602,69.02846332242237,-75.65089408935103,3.0
2016-08-02 15:22:22.690,0.977,0.469,0.637,-10.515943326900299,70.53841054796328,-76.51053493315177,3.0
2016-08-02 15:22:22.700,0.977,0.48,0.648,-15.041425642591287,72.38430303709978,-76.34212853760805,3.0
2016-08-02 15:22:22.710,0.957,0.48,0.652,-18.72515311665114,72.64621324909025,-77.59432599548803,3.0
2016-08-02 15:22:22.720,0.93,0.461,0.664,-17.84942231153816,72.9865400819012,-78.68994951172245,3.0
2016-08-02 15:22:22.730,0.902,0.438,0.664,-12.261566342173042,75.37849807321437,-79.42251293723655,3.0
2016-08-02 15:22:22.740,0.887,0.457,0.688,-4.458622422878602,77.4427616801029,-82.53404822948292,3.0
2016-08-02 15:22:22.750,0.891,0.473,0.703,1.752130008272353,78.3109424635078,-86.4251764912486,3.0
2016-08-02 15:22:22.760,0.879,0.516,0.719,2.6542906061789355,79.41664617399726,-88.48089855676861,3.0
2016-08-02 15:22:22.770,0.852,0.543,0.715,-1.3761304007156374,79.12238742901518,-90.10626087132457,3.0
2016-08-02 15:22:22.780,0.824,0.566,0.711,-5.549624562111495,76.68846583305519,-91.73557557356122,3.0
2016-08-02 15:22:22.790,0.797,0.555,0.711,-6.077624847596779,75.03960750022802,-92.83781229850709,3.0
2016-08-02 15:22:22.800,0.785,0.547,0.719,-3.8236850889294045,75.29516873221412,-94.53951383329975,3.0
2016-08-02 15:22:22.810,0.777,0.578,0.754,-1.570541997470894,75.67707868487673,-97.12930471482557,3.0
2016-08-02 15:22:22.820,0.77,0.566,0.75,-0.8375891969238228,75.38249285647179,-99.63024155684583,3.0
2016-08-02 15:22:22.830,0.746,0.59,0.727,-3.2247576672311427,74.98996645162671,-101.4423616027612,3.0
2016-08-02 15:22:22.840,0.719,0.598,0.723,-7.3894530919131896,73.76050830014307,-102.15820265851465,3.0
2016-08-02 15:22:22.850,0.684,0.59,0.75,-9.055556400472383,71.91817547223059,-101.97002618128118,3.0
2016-08-02 15:22:22.860,0.645,0.59,0.785,-7.523277871740664,70.40623268974633,-101.96503022514227,3.0
2016-08-02 15:22:22.870,0.625,0.57,0.773,-5.672214586239511,68.30937014757001,-101.71127234981441,3.0
2016-08-02 15:22:22.880,0.613,0.57,0.773,-6.047334711797193,66.38105962171781,-102.23680413666261,3.0
2016-08-02 15:22:22.890,0.594,0.598,0.758,-8.401156400823211,64.60231521975672,-105.13075381603518,3.0
2016-08-02 15:22:22.900,0.566,0.605,0.73,-14.65316640451875,62.22841004251747,-105.92248799465848,3.0
2016-08-02 15:22:22.910,0.52,0.633,0.719,-26.098893766097568,60.023361515645504,-103.8453755285507,3.0
2016-08-02 15:22:22.920,0.484,0.629,0.73,-34.26457489950471,56.142615343382076,-102.47015470651814,3.0
2016-08-02 15:22:22.930,0.457,0.57,0.766,-32.15941756586937,51.89548769424651,-99.71606691514883,3.0
2016-08-02 15:22:22.940,0.441,0.516,0.805,-20.927886898676253,49.93819455022367,-97.93278117217606,3.0
2016-08-02 15:22:22.950,0.426,0.5,0.793,-6.653299783429324,46.86146860140576,-99.82614665217068,3.0
2016-08-02 15:22:22.960,0.41,0.574,0.75,-1.921283345214773,42.288138924103706,-99.37296544520675,3.0
2016-08-02 15:22:22.970,0.391,0.672,0.723,-12.20035021400953,38.142415367765835,-96.30568683862003,3.0
2016-08-02 15:22:22.980,0.379,0.711,0.699,-29.902200145724485,33.534428688188086,-93.45575716902763,3.0
2016-08-02 15:22:22.990,0.371,0.688,0.699,-45.910519718863654,30.23656478929896,-89.00919985519108,3.0
2016-08-02 15:22:23.000,0.355,0.629,0.707,-52.62486651116361,28.40363848340788,-85.26245785942834,3.0
2016-08-02 15:22:23.010,0.352,0.582,0.707,-50.6623461376101,25.496698220255777,-83.37099299214168,3.0
2016-08-02 15:22:23.020,0.336,0.559,0.746,-46.750345466828236,22.968172225742723,-80.39691737600475,3.0
2016-08-02 15:22:23.030,0.309,0.547,0.801,-40.553220144372474,21.481796421150293,-77.49718561556682,3.0
2016-08-02 15:22:23.040,0.266,0.512,0.789,-33.911984134125795,18.57051910581769,-74.47261343679428,3.0
2016-08-02 15:22:23.050,0.227,0.52,0.727,-34.539408203070536,13.995001949475512,-69.1250578025433,3.0
2016-08-02 15:22:23.060,0.223,0.555,0.691,-41.69480553814394,9.013640473941996,-63.22704791301902,3.0
2016-08-02 15:22:23.070,0.223,0.547,0.664,-49.45074567691533,4.8650672655782365,-57.496521143327215,3.0
2016-08-02 15:22:23.080,0.203,0.527,0.66,-54.95548471887501,1.6984260366812598,-51.675739825728485,3.0
2016-08-02 15:22:23.090,0.191,0.488,0.652,-56.82384111884247,-2.320312311088421,-47.26891029692986,3.0
2016-08-02 15:22:23.100,0.188,0.48,0.648,-57.15662217732438,-6.625965135396415,-43.877816108526936,3.0
2016-08-02 15:22:23.110,0.172,0.48,0.641,-59.667134214114796,-9.664250230514916,-40.27917454084907,3.0
2016-08-02 15:22:23.120,0.16,0.473,0.645,-63.843053788034965,-12.139789491535678,-36.192616419434984,3.0
2016-08-02 15:22:23.130,0.156,0.453,0.652,-67.10943435947193,-13.633896340005895,-31.56229364242499,3.0
2016-08-02 15:22:23.140,0.152,0.41,0.645,-68.79227368424475,-14.247348272796971,-27.305168807091412,3.0
2016-08-02 15:22:23.150,0.152,0.383,0.645,-69.43447211072075,-15.10805098294107,-24.265075315303605,3.0
2016-08-02 15:22:23.160,0.148,0.379,0.656,-68.81668564994516,-15.036849016043911,-22.264920474373177,3.0
2016-08-02 15:22:23.170,0.125,0.371,0.645,-68.97943150162106,-14.110412953242852,-19.982431534154053,3.0
2016-08-02 15:22:23.180,0.113,0.363,0.633,-72.7539685539859,-14.116609509057783,-16.165169680870687,3.0
2016-08-02 15:22:23.190,0.113,0.363,0.633,-77.82921428468975,-14.551544531894272,-11.596857012209613,3.0
2016-08-02 15:22:23.200,0.121,0.363,0.617,-83.0494597018661,-14.5669612041986,-7.0966534740735865,3.0
2016-08-02 15:22:23.210,0.133,0.352,0.617,-89.43181775556704,-13.837003421857176,-2.8509026399192807,3.0
2016-08-02 15:22:23.220,0.129,0.332,0.621,-94.61356557307633,-12.180592625827707,0.6104995845816263,3.0
2016-08-02 15:22:23.230,0.137,0.316,0.645,-97.96137846834603,-11.06644246834819,3.45232320476531,3.0
2016-08-02 15:22:23.240,0.148,0.281,0.672,-98.84302496182427,-10.339352717680727,5.5048035693782005,3.0
2016-08-02 15:22:23.250,0.141,0.281,0.688,-96.05825357665921,-8.347604123854873,6.960759119469884,3.0
2016-08-02 15:22:23.260,0.137,0.289,0.691,-94.56708668589658,-6.059115093133581,9.610831341983237,3.0
2016-08-02 15:22:23.270,0.152,0.285,0.691,-96.6018689131847,-4.5283874255035705,12.937771140536958,3.0
2016-08-02 15:22:23.280,0.172,0.281,0.68,-98.47308349961585,-3.525755610086442,15.036225650620345,3.0
2016-08-02 15:22:23.290,0.176,0.281,0.684,-100.53017067224903,-3.3711123976790356,16.726135979328042,3.0
2016-08-02 15:22:23.300,0.18,0.273,0.707,-102.22716267945685,-3.472224929872592,18.407172037312133,3.0
2016-08-02 15:22:23.310,0.172,0.242,0.758,-98.46541718225501,-2.5496979004116853,19.401756850548768,3.0
2016-08-02 15:22:23.320,0.16,0.188,0.805,-89.11727665592994,-0.9445494687982103,20.41556977657408,3.0
2016-08-02 15:22:23.330,0.168,0.176,0.828,-79.79697110225845,0.7238718277257997,21.268048411127996,3.0
2016-08-02 15:22:23.340,0.176,0.18,0.816,-74.85153639487632,2.6436012225233547,21.573101072928253,3.0
2016-08-02 15:22:23.350,0.172,0.184,0.813,-73.09841726764199,3.8137816753551634,21.7931199518235,3.0
2016-08-02 15:22:23.360,0.168,0.164,0.797,-69.33323795349182,2.984185104809954,21.022147366519086,3.0
2016-08-02 15:22:23.370,0.168,0.137,0.77,-63.05541895370589,0.9975972971896423,19.08353464135464,3.0
2016-08-02 15:22:23.380,0.164,0.137,0.766,-58.48541490569656,-0.49645890831306516,17.400685897383205,3.0
2016-08-02 15:22:23.390,0.172,0.121,0.805,-54.37995551595333,-0.9010765575493591,15.863320942022046,3.0
2016-08-02 15:22:23.400,0.172,0.098,0.824,-48.23261160372519,-0.6290440559733107,13.67271658681195,3.0
2016-08-02 15:22:23.410,0.172,0.105,0.836,-44.13068547353642,-0.15249682990464633,12.018497087022125,3.0
2016-08-02 15:22:23.420,0.176,0.082,0.848,-43.03327023652909,-0.08072888178024085,11.475571382445157,3.0
2016-08-02 15:22:23.430,0.18,0.055,0.844,-39.764584691746094,-1.2552737355586276,10.002099918444914,3.0
2016-08-02 15:22:23.440,0.176,0.051,0.824,-34.58225788743873,-3.31758470550493,7.572258544430019,3.0
2016-08-02 15:22:23.450,0.172,0.051,0.805,-31.630424606607093,-5.0226948594327965,5.806479647256886,3.0
2016-08-02 15:22:23.460,0.18,0.039,0.809,-29.381082958148248,-5.55536515339967,3.8442628350153267,3.0
2016-08-02 15:22:23.470,0.184,0.023,0.82,-25.015356033465732,-4.699621412933645,1.4069415812824053,3.0
2016-08-02 15:22:23.480,0.18,0.023,0.805,-21.7221983468285,-2.918435144508867,-0.215259325680931,3.0
2016-08-02 15:22:23.490,0.18,0.02,0.785,-22.968496631217114,-0.8887993013480953,-0.9204088993172757,3.0
2016-08-02 15:22:23.500,0.172,0.02,0.77,-26.57372894661212,0.2539267765305609,-1.338878910334024,3.0
2016-08-02 15:22:23.510,0.184,0.023,0.766,-29.90724927391109,-0.4349363823536384,-2.021389357518437,3.0
2016-08-02 15:22:23.520,0.199,0.004,0.785,-31.9918509529836,-1.795227532060765,-2.841887821833608,3.0
2016-08-02 15:22:23.530,0.211,-0.02,0.824,-30.558830987883624,-2.2789399234187178,-3.7042492935425058,3.0
2016-08-02 15:22:23.540,0.215,-0.016,0.855,-26.915830093382613,-1.8236433587513852,-4.857567833369353,3.0
2016-08-02 15:22:23.550,0.219,-0.008,0.879,-26.090396133887797,-0.9076135297950004,-5.497655221633389,3.0
2016-08-02 15:22:23.560,0.234,-0.02,0.898,-27.17306032367618,0.06699728601129215,-5.869382880117373,3.0
2016-08-02 15:22:23.570,0.23,-0.031,0.918,-25.592401786236646,1.0169358534700534,-7.089046953093417,3.0
2016-08-02 15:22:23.580,0.23,-0.047,0.918,-21.655670242573933,1.7202120032410744,-8.201462595841992,3.0
2016-08-02 15:22:23.590,0.238,-0.051,0.918,-17.339973425960395,2.1232495597061027,-8.821911536850015,3.0
2016-08-02 15:22:23.600,0.238,-0.055,0.914,-12.726604153040547,2.7819983348342574,-9.591639246020641,3.0
2016-08-02 15:22:23.610,0.238,-0.051,0.902,-9.013118379575472,3.425861656416382,-9.901345559593917,3.0
2016-08-02 15:22:23.620,0.238,-0.035,0.898,-7.3356623954405515,3.527706519028377,-9.82964660886742,3.0
2016-08-02 15:22:23.630,0.234,-0.035,0.902,-5.839756339196378,3.2220419669174554,-9.91710699777881,3.0
2016-08-02 15:22:23.640,0.223,-0.031,0.906,-3.0823301102748903,2.470422939622644,-9.78021492563855,3.0
2016-08-02 15:22:23.650,0.215,-0.035,0.918,0.2747838104266713,1.3703660858711761,-9.239171072442968,3.0
2016-08-02 15:22:23.660,0.215,-0.047,0.922,4.6019491657348635,0.0953598512402975,-8.495125119896656,3.0
2016-08-02 15:22:23.670,0.227,-0.039,0.918,9.254215975250828,-1.3060043874649123,-7.774230160311545,3.0
2016-08-02 15:22:23.680,0.23,-0.027,0.918,12.124926202723934,-2.318342038886536,-7.085361115615278,3.0
2016-08-02 15:22:23.690,0.234,-0.02,0.918,15.064437800538851,-2.626913199396226,-6.647515705099936,3.0
2016-08-02 15:22:23.700,0.234,-0.008,0.922,19.81941655068696,-2.663728406851416,-6.854697351364399,3.0
2016-08-02 15:22:23.710,0.242,-0.004,0.926,23.969924632909787,-2.438821564367929,-7.207523231867661,3.0
2016-08-02 15:22:23.720,0.242,-0.008,0.934,27.646345456057404,-1.459419647191409,-7.359761348611503,3.0
2016-08-02 15:22:23.730,0.238,0.0,0.922,32.00411202094299,-0.21723889338994914,-7.578594295736776,3.0
2016-08-02 15:22:23.740,0.242,0.008,0.906,34.73994866074225,0.6286071623514753,-7.593680978693321,3.0
2016-08-02 15:22:23.750,0.238,0.012,0.887,35.7816898212992,1.3426103913895764,-7.526411574794819,3.0
2016-08-02 15:22:23.760,0.246,0.023,0.867,37.29173487932235,1.8111928740275598,-7.932260327799964,3.0
2016-08-02 15:22:23.770,0.25,0.023,0.852,39.24650937738941,2.0135434164498625,-8.617485249293825,3.0
2016-08-02 15:22:23.780,0.246,0.031,0.852,40.98419759045065,2.553623987416155,-9.374904092724387,3.0
2016-08-02 15:22:23.790,0.246,0.047,0.852,41.67490672755789,3.149540651284928,-10.07844495979838,3.0
2016-08-02 15:22:23.800,0.246,0.047,0.859,41.5813524014054,3.6267718548661136,-10.653552920716011,3.0
2016-08-02 15:22:23.810,0.234,0.043,0.863,43.1344314753688,4.4624773979810595,-11.560489870242385,3.0
2016-08-02 15:22:23.820,0.227,0.055,0.855,46.0295726579254,5.270908022956745,-12.651858109005905,3.0
2016-08-02 15:22:23.830,0.211,0.059,0.844,47.86593319137151,5.919852323390817,-13.348777270980783,3.0
2016-08-02 15:22:23.840,0.195,0.055,0.828,49.99100636175514,6.941591731294109,-13.757816213571758,3.0
2016-08-02 15:22:23.850,0.188,0.055,0.805,53.88508182698899,8.02110152184324,-13.98207934783038,3.0
2016-08-02 15:22:23.860,0.184,0.07,0.781,56.37142978700738,8.479201192010555,-13.914494477158478,3.0
2016-08-02 15:22:23.870,0.188,0.109,0.777,54.88645546626926,8.41029705823221,-13.634602648946077,3.0
2016-08-02 15:22:23.880,0.195,0.133,0.781,51.71284303609376,8.594116322216127,-13.398589150088226,3.0
2016-08-02 15:22:23.890,0.199,0.117,0.797,51.18954810698676,9.33311345506029,-13.738470911338203,3.0
2016-08-02 15:22:23.900,0.191,0.098,0.824,55.799441290927476,10.306777516033888,-14.806395953729808,3.0
2016-08-02 15:22:23.910,0.164,0.09,0.836,64.04019862808181,11.499876009102572,-15.890823385548595,3.0
2016-08-02 15:22:23.920,0.141,0.09,0.836,72.18937058054429,12.534098979319033,-16.326671063066833,3.0
2016-08-02 15:22:23.930,0.121,0.117,0.832,77.9699391064368,12.642294687943952,-15.900988041376369,3.0
2016-08-02 15:22:23.940,0.121,0.152,0.789,80.360462560188,12.148354018926664,-14.499099729151087,3.0
2016-08-02 15:22:23.950,0.129,0.203,0.746,78.29003328731989,11.723453262442325,-12.596111617674207,3.0
2016-08-02 15:22:23.960,0.145,0.25,0.723,73.27232095271539,11.443928208954546,-11.141251698070977,3.0
2016-08-02 15:22:23.970,0.156,0.266,0.715,68.94856129285544,11.697761463518763,-10.496582485027455,3.0
2016-08-02 15:22:23.980,0.168,0.258,0.723,67.2595801678354,12.571563845635762,-10.543976853276902,3.0
2016-08-02 15:22:23.990,0.164,0.25,0.754,68.95522409356755,13.7833443123318,-10.864086632424648,3.0
2016-08-02 15:22:24.000,0.125,0.25,0.766,72.87360005852042,15.337223561429736,-10.673636026578718,3.0
2016-08-02 15:22:24.010,0.086,0.262,0.785,75.52178505110274,15.783505185448156,-9.682812768307036,3.0
2016-08-02 15:22:24.020,0.098,0.297,0.785,75.28732498588843,14.346462276823965,-7.84342016039894,3.0
2016-08-02 15:22:24.030,0.117,0.332,0.738,71.91436264939415,13.709600886116876,-4.768277001202001,3.0
2016-08-02 15:22:24.040,0.125,0.367,0.688,64.95211988905466,14.77941600761869,-1.3101520150498425,3.0
2016-08-02 15:22:24.050,0.145,0.379,0.68,57.40664591461354,16.338910401744386,0.910194086624432,3.0
2016-08-02 15:22:24.060,0.16,0.367,0.699,53.649533378162666,19.616735983068747,2.14070100757763,3.0
2016-08-02 15:22:24.070,0.145,0.359,0.723,53.94364823118367,23.525013002748935,3.5185062780846943,3.0
2016-08-02 15:22:24.080,0.113,0.375,0.742,55.63513188586874,25.1784194646771,5.523074750449734,3.0
2016-08-02 15:22:24.090,0.066,0.398,0.773,55.7718071363613,25.58915185856641,8.257257457719454,3.0
2016-08-02 15:22:24.100,0.055,0.402,0.77,53.3752051713281,24.743272101602294,11.21869467857807,3.0
2016-08-02 15:22:24.110,0.082,0.402,0.734,49.58366150141142,22.146034598336268,14.17465606342925,3.0
2016-08-02 15:22:24.120,0.094,0.426,0.723,45.03607687831045,20.876812447914578,17.591215498582372,3.0
2016-08-02 15:22:24.130,0.094,0.438,0.746,41.539664723672075,21.535360287980385,21.20159324138651,3.0
2016-08-02 15:22:24.140,0.086,0.434,0.766,42.0919268366434,22.53504407211837,23.9390101008272,3.0
2016-08-02 15:22:24.150,0.07,0.434,0.77,46.15930749853744,24.266165795833402,26.417505815738693,3.0
2016-08-02 15:22:24.160,0.059,0.445,0.762,49.19317015411116,25.782286371035465,31.04363430747233,3.0
2016-08-02 15:22:24.170,0.07,0.465,0.73,47.862765141712465,25.567189895120592,36.649630052736136,3.0
2016-08-02 15:22:24.180,0.09,0.488,0.699,42.5063422194025,24.68681910932695,40.102371553923504,3.0
2016-08-02 15:22:24.190,0.098,0.492,0.711,34.09295470778894,24.199860052207956,42.78334966238893,3.0
2016-08-02 15:22:24.200,0.105,0.504,0.746,25.26849896872922,23.42029895411501,45.75894867301297,3.0
2016-08-02 15:22:24.210,0.098,0.508,0.781,19.657722857141742,22.161648908671882,48.61097779182127,3.0
2016-08-02 15:22:24.220,0.086,0.48,0.801,17.81755576497465,21.165903195065177,54.189350085572634,3.0
2016-08-02 15:22:24.230,0.086,0.457,0.816,22.34126010543777,19.82459979139723,61.83008483572968,3.0
2016-08-02 15:22:24.240,0.098,0.453,0.82,33.93528648901332,17.65060138934323,67.44807735981699,3.0
2016-08-02 15:22:24.250,0.121,0.477,0.801,42.64371343244625,15.554087632654088,71.32559690995413,3.0
2016-08-02 15:22:24.260,0.133,0.512,0.777,42.486101669167155,12.746787015785703,72.85483615471891,3.0
2016-08-02 15:22:24.270,0.129,0.523,0.75,36.67463176120918,8.175865792660607,71.49940036960987,3.0
2016-08-02 15:22:24.280,0.133,0.535,0.719,25.737662496958123,2.667605854334163,72.5311592317405,3.0
2016-08-02 15:22:24.290,0.137,0.52,0.711,15.64858078800636,-3.571376867754232,77.13412915755822,3.0
2016-08-02 15:22:24.300,0.148,0.535,0.777,16.601071515808016,-10.038336058118354,81.24949288324639,3.0
2016-08-02 15:22:24.310,0.191,0.535,0.828,22.503570572310096,-14.425010071400365,86.37072093495296,3.0
2016-08-02 15:22:24.320,0.238,0.527,0.867,21.639728517651367,-16.75645369733953,93.58145263632002,3.0
2016-08-02 15:22:24.330,0.273,0.535,0.91,19.674262765196403,-20.95349100575145,96.02371961386751,3.0
2016-08-02 15:22:24.340,0.297,0.492,0.871,22.91455644191632,-26.87502084955045,92.88743220592565,3.0
2016-08-02 15:22:24.350,0.301,0.52,0.797,22.95783544429536,-30.207497110583788,90.66285173283848,3.0
2016-08-02 15:22:24.360,0.293,0.637,0.777,17.706791843574308,-33.09561699466188,88.45665161926291,3.0
2016-08-02 15:22:24.370,0.305,0.598,0.785,12.77828466791775,-38.40152592926245,86.98114224648599,3.0
2016-08-02 15:22:24.380,0.309,0.531,0.859,10.407506709549653,-43.38196241331098,88.4197604606328,3.0
2016-08-02 15:22:24.390,0.371,0.516,0.902,13.224839909899101,-46.99194756138183,87.78485218049221,3.0
2016-08-02 15:22:24.400,0.426,0.539,0.855,10.224816268813413,-48.46824085101881,88.51884419148092,3.0
2016-08-02 15:22:24.410,0.414,0.645,0.789,-9.289267634148406,-51.46999123785267,92.7858966931483,3.0
2016-08-02 15:22:24.420,0.395,0.648,0.754,-27.103659983348425,-61.000227870062744,92.7765387720138,3.0
2016-08-02 15:22:24.430,0.395,0.492,0.773,-32.9578764577811,-68.86696649472668,95.10970452234338,3.0
2016-08-02 15:22:24.440,0.48,0.313,0.91,-30.13929008794034,-73.16508377683613,104.37959337248749,3.0
2016-08-02 15:22:24.450,0.672,0.32,1.02,-4.508669352506116,-76.24574974925926,102.83094665795568,3.0
2016-08-02 15:22:24.460,0.676,0.434,0.996,28.47436593365437,-64.09468197332038,87.98852285595336,3.0
2016-08-02 15:22:24.470,0.547,0.648,0.895,24.77672045660025,-46.99691768910017,81.84302536215402,3.0
2016-08-02 15:22:24.480,0.438,0.605,0.754,-8.638515204735338,-54.546489935418705,88.44997124193436,3.0
2016-08-02 15:22:24.490,0.406,0.406,0.691,-33.99380602992533,-75.11098551485972,93.42315066081669,3.0
2016-08-02 15:22:24.500,0.449,0.328,0.734,-37.196610102288716,-84.15005756865983,94.3208839492982,3.0
2016-08-02 15:22:24.510,0.527,0.359,0.84,-19.160255417732404,-85.32639890392821,93.93781907330816,3.0
2016-08-02 15:22:24.520,0.59,0.426,0.988,8.612830350960227,-85.29880640560535,89.50679456790566,3.0
2016-08-02 15:22:24.530,0.656,0.43,0.992,29.674801339930784,-82.06492353945706,84.77661790934708,3.0
2016-08-02 15:22:24.540,0.711,0.453,0.91,33.450102454143895,-75.46427824535816,84.25743549430771,3.0
2016-08-02 15:22:24.550,0.73,0.578,0.84,16.992293154246056,-72.22845144881613,82.25493642483377,3.0
2016-08-02 15:22:24.560,0.734,0.543,0.734,-7.345175530491169,-78.3892235727493,79.6471562125104,3.0
2016-08-02 15:22:24.570,0.715,0.398,0.637,-24.31869241467679,-85.48081715195103,82.15154501618372,3.0
2016-08-02 15:22:24.580,0.691,0.355,0.625,-28.896529481411076,-87.36609041819379,83.6137757017975,3.0
2016-08-02 15:22:24.590,0.73,0.355,0.711,-20.481165681957137,-89.85173136597945,81.00112144010308,3.0
2016-08-02 15:22:24.600,0.797,0.398,0.836,-5.290869624410597,-90.48116110159641,78.40851460978718,3.0
2016-08-02 15:22:24.610,0.848,0.395,0.855,6.562878080603898,-86.63343619935597,76.0715371477921,3.0
2016-08-02 15:22:24.620,0.852,0.379,0.809,9.086850679796203,-83.80132723260209,74.33544069245202,3.0
2016-08-02 15:22:24.630,0.832,0.41,0.746,3.015319511574944,-83.40052898140917,72.5717744637941,3.0
2016-08-02 15:22:24.640,0.801,0.355,0.648,-4.427456073427062,-85.91162058086455,71.52287682518437,3.0
2016-08-02 15:22:24.650,0.766,0.285,0.598,-9.275685811544946,-90.49867724216483,73.61480019913324,3.0
2016-08-02 15:22:24.660,0.758,0.258,0.602,-10.229825735458673,-94.37009586891682,75.15891947616396,3.0
2016-08-02 15:22:24.670,0.785,0.289,0.648,-4.16078482738763,-97.17224203618468,73.81785715337045,3.0
2016-08-02 15:22:24.680,0.84,0.363,0.738,5.233837176297144,-97.13649440641586,72.16344435292834,3.0
2016-08-02 15:22:24.690,0.898,0.379,0.73,11.676536519264303,-94.45272970341512,71.68174874703476,3.0
2016-08-02 15:22:24.700,0.902,0.32,0.664,13.23387554894776,-92.05120264476528,71.71857291706628,3.0
2016-08-02 15:22:24.710,0.875,0.301,0.617,8.012363478213503,-91.43492292898833,70.6236858591066,3.0
2016-08-02 15:22:24.720,0.852,0.293,0.566,-0.9577287800694461,-93.8103549683696,70.50385176383975,3.0
2016-08-02 15:22:24.730,0.852,0.258,0.508,-5.8133074242642016,-97.42817390466348,73.21701065946498,3.0
2016-08-02 15:22:24.740,0.875,0.258,0.504,-4.456532950062823,-99.90604226340982,75.18395715239296,3.0
2016-08-02 15:22:24.750,0.926,0.266,0.535,0.6514608888217535,-101.57559295998243,75.2642193400703,3.0
2016-08-02 15:22:24.760,0.984,0.266,0.555,7.584340990310109,-100.91960146135881,75.03896683066293,3.0
2016-08-02 15:22:24.770,1.02,0.258,0.551,13.71350368789978,-97.67171791555216,73.91226072314322,3.0
2016-08-02 15:22:24.780,1.047,0.246,0.52,16.167119684727275,-95.39999515754342,72.16609174866736,3.0
2016-08-02 15:22:24.790,1.066,0.242,0.492,14.666590036085426,-94.27418599530061,70.80038773897991,3.0
2016-08-02 15:22:24.800,1.09,0.254,0.469,11.79112385382168,-92.22555811530623,69.81838524996527,3.0
2016-08-02 15:22:24.810,1.125,0.242,0.453,10.564152005432028,-89.77135077098077,69.5629010645949,3.0
2016-08-02 15:22:24.820,1.16,0.207,0.438,13.504993565321808,-86.51819230877857,68.6157745610149,3.0
2016-08-02 15:22:24.830,1.184,0.195,0.434,20.61615791588065,-81.7490225572562,64.63783805275006,3.0
2016-08-02 15:22:24.840,1.223,0.207,0.445,26.88445993243375,-76.52810396729534,58.994909040472145,3.0
2016-08-02 15:22:24.850,1.254,0.18,0.461,27.68455514983595,-70.28356974750088,53.77516920327022,3.0
2016-08-02 15:22:24.860,1.262,0.145,0.449,23.80712452776279,-63.06769076693295,47.736539819373974,3.0
2016-08-02 15:22:24.870,1.242,0.105,0.402,19.14496730234174,-57.437162443949994,40.11955587175611,3.0
2016-08-02 15:22:24.880,1.223,0.07,0.375,17.284314347165875,-52.330258547063245,32.87146719512751,3.0
2016-08-02 15:22:24.890,1.219,0.066,0.348,18.55712634304979,-45.09537915055768,26.581368298702113,3.0
2016-08-02 15:22:24.900,1.219,0.086,0.32,20.813195281137446,-37.671915821360315,20.23587599184495,3.0
2016-08-02 15:22:24.910,1.195,0.09,0.313,22.383226000005028,-31.640701720580132,14.49557944546933,3.0
2016-08-02 15:22:24.920,1.184,0.105,0.348,22.011407525944108,-26.100211956138835,9.602288552148767,3.0
2016-08-02 15:22:24.930,1.18,0.105,0.395,19.268247641386722,-20.989816612701873,4.678748579610214,3.0
2016-08-02 15:22:24.940,1.176,0.098,0.434,15.805661441454033,-15.632595506444193,0.13112128312558846,3.0
2016-08-02 15:22:24.950,1.133,0.098,0.441,13.288215066208902,-10.258048223089236,-3.743669841597943,3.0
2016-08-02 15:22:24.960,1.082,0.09,0.426,12.055607470589718,-6.711252332120616,-6.7670532806952854,3.0
2016-08-02 15:22:24.970,1.031,0.063,0.391,12.886039391592508,-4.269326197377727,-8.669095660755538,3.0
2016-08-02 15:22:24.980,0.988,0.07,0.383,15.259525220022873,-1.3180878532907865,-10.377126683388044,3.0
2016-08-02 15:22:24.990,0.988,0.113,0.398,15.800468479127554,1.6643017064308876,-11.829678869469594,3.0
2016-08-02 15:22:25.000,0.984,0.145,0.418,12.94296035158933,4.118261091609651,-12.219208966837886,3.0
2016-08-02 15:22:25.010,0.98,0.148,0.449,9.341311370722817,6.039922299872344,-12.077029641879172,3.0
2016-08-02 15:22:25.020,0.977,0.148,0.48,8.130398282737891,7.703069478666631,-11.726095220325963,3.0
2016-08-02 15:22:25.030,0.984,0.148,0.504,9.917732635659238,10.150066659796126,-11.486802406365621,3.0
2016-08-02 15:22:25.040,0.992,0.137,0.504,12.920901812075577,13.439633388742688,-11.96280772053872,3.0
2016-08-02 15:22:25.050,1.0,0.125,0.488,15.560551047817263,16.30334407713716,-12.945294250282798,3.0
2016-08-02 15:22:25.060,1.004,0.125,0.461,18.325620999971527,18.82127144120841,-14.93860902403904,3.0
2016-08-02 15:22:25.070,1.008,0.141,0.43,20.086162004946438,21.991193372325306,-17.95757374256992,3.0
2016-08-02 15:22:25.080,1.016,0.16,0.41,17.447400188649183,24.787633950993243,-20.348501961039574,3.0
2016-08-02 15:22:25.090,1.043,0.168,0.41,11.551715822616867,25.908284118824003,-22.3598012880081,3.0
2016-08-02 15:22:25.100,1.082,0.16,0.426,7.78220588957125,27.107517984660213,-25.58117824936324,3.0
2016-08-02 15:22:25.110,1.121,0.152,0.441,8.044500780183458,30.502669914642805,-29.949157116742803,3.0
2016-08-02 15:22:25.120,1.152,0.148,0.438,9.749001773576742,35.425422241770065,-34.97008684261734,3.0
2016-08-02 15:22:25.130,1.176,0.152,0.441,10.340847298843535,40.247062859937444,-40.122833530054606,3.0
2016-08-02 15:22:25.140,1.188,0.168,0.453,9.38086615307229,44.02463237633494,-44.41172481846125,3.0
2016-08-02 15:22:25.150,1.203,0.199,0.465,8.111108693195993,46.76397407341383,-48.14061533803155,3.0
2016-08-02 15:22:25.160,1.227,0.219,0.492,8.240355991113994,49.72538557975631,-52.49333819743057,3.0
2016-08-02 15:22:25.170,1.246,0.234,0.512,10.446844597205923,53.63797551623102,-57.695165861306236,3.0
2016-08-02 15:22:25.180,1.258,0.234,0.508,12.73300744953965,58.02021645250096,-63.340596889643145,3.0
2016-08-02 15:22:25.190,1.258,0.246,0.473,11.23720691798558,62.64202668769646,-68.87988605034053,3.0
2016-08-02 15:22:25.200,1.254,0.285,0.457,5.069410267148873,66.38238579388265,-74.13268689416175,3.0
2016-08-02 15:22:25.210,1.246,0.324,0.48,-2.144898352290965,67.8419986943529,-79.13647587960287,3.0
2016-08-02 15:22:25.220,1.242,0.328,0.527,-6.233890702331474,67.88833701441443,-83.25019580424379,3.0
2016-08-02 15:22:25.230,1.234,0.297,0.555,-5.461163420426945,67.3701622243587,-86.51979265895041,3.0
2016-08-02 15:22:25.240,1.184,0.238,0.52,-2.8732430443838606,65.97286505825662,-89.93859058070007,3.0
2016-08-02 15:22:25.250,1.125,0.242,0.5,-5.174052016658489,64.62651056136025,-93.50691157927821,3.0
2016-08-02 15:22:25.260,1.094,0.34,0.539,-14.304713355273151,64.41694719932023,-96.67294840803591,3.0
2016-08-02 15:22:25.270,1.098,0.418,0.605,-25.222488253453697,64.82642667694782,-98.33890658528246,3.0
2016-08-02 15:22:25.280,1.109,0.422,0.66,-31.55311908953992,65.15892130615103,-98.11679687674764,3.0
2016-08-02 15:22:25.290,1.109,0.414,0.723,-27.998669611723226,66.41977286558382,-98.14907199912957,3.0
2016-08-02 15:22:25.300,1.09,0.383,0.723,-16.394159109009745,70.96060841744382,-98.54378719744032,3.0
2016-08-02 15:22:25.310,1.043,0.379,0.695,-7.517165628672348,77.32606740869629,-98.46856208284466,3.0
2016-08-02 15:22:25.320,0.984,0.41,0.656,-7.443775387410586,79.87968216298205,-99.21074438415373,3.0
2016-08-02 15:22:25.330,0.941,0.445,0.629,-12.755666819975232,78.9186801249292,-98.9561133139563,3.0
2016-08-02 15:22:25.340,0.926,0.504,0.637,-19.3238406826891,80.22958261915312,-97.00358007625758,3.0
2016-08-02 15:22:25.350,0.934,0.566,0.68,-23.974397342723393,83.72636284964393,-96.99827231054412,3.0
2016-08-02 15:22:25.360,0.93,0.582,0.719,-23.86308815540206,86.07919493233305,-98.65634278929733,3.0
2016-08-02 15:22:25.370,0.914,0.566,0.734,-20.906939610363168,88.69185924786888,-99.22659341479562,3.0
2016-08-02 15:22:25.380,0.895,0.582,0.73,-20.181215861271852,92.55260082743433,-98.61988990097167,3.0
2016-08-02 15:22:25.390,0.863,0.598,0.707,-22.303489530473406,94.72802133899813,-98.21056555794134,3.0
2016-08-02 15:22:25.400,0.824,0.586,0.684,-25.068662518311612,94.85990528761327,-99.03980686031436,3.0
2016-08-02 15:22:25.410,0.797,0.586,0.691,-27.84127208654095,94.63300552293663,-99.80450650526288,3.0
2016-08-02 15:22:25.420,0.781,0.598,0.727,-28.114911696597723,93.75890573124106,-99.95881526220421,3.0
2016-08-02 15:22:25.430,0.773,0.613,0.762,-25.420873049847863,93.42634283685746,-101.07692289383021,3.0
2016-08-02 15:22:25.440,0.766,0.645,0.75,-25.51305451941883,94.6255577952426,-101.66595206532321,3.0
2016-08-02 15:22:25.450,0.742,0.652,0.707,-31.116991049379692,95.22098947437128,-100.64411357394629,3.0
2016-08-02 15:22:25.460,0.703,0.648,0.66,-39.53658737179262,94.66487750325513,-99.90184769573914,3.0
2016-08-02 15:22:25.470,0.668,0.617,0.602,-48.47498805563791,94.03818223592228,-98.97466680216911,3.0
2016-08-02 15:22:25.480,0.629,0.621,0.598,-55.62158667515154,93.3851642243741,-98.12947786921436,3.0
2016-08-02 15:22:25.490,0.59,0.613,0.637,-59.673502613671374,92.22340638661748,-98.35370024257374,3.0
2016-08-02 15:22:25.500,0.547,0.602,0.676,-62.807023545262766,89.69632027777838,-97.29925838185041,3.0
2016-08-02 15:22:25.510,0.527,0.602,0.707,-65.03143789403369,86.03010337185037,-94.8794793492655,3.0
2016-08-02 15:22:25.520,0.5,0.555,0.699,-64.69943664169949,83.06663747818502,-92.8697592900904,3.0
2016-08-02 15:22:25.530,0.477,0.543,0.672,-66.322479924028,81.10236703834087,-91.23488658195433,3.0
2016-08-02 15:22:25.540,0.449,0.543,0.637,-72.54657004502248,77.69817312197578,-90.27248525997787,3.0
2016-08-02 15:22:25.550,0.426,0.527,0.629,-77.67121214995997,72.30382696565917,-89.11011710486515,3.0
2016-08-02 15:22:25.560,0.402,0.5,0.656,-75.68212468613712,67.60224147710288,-87.09028119981159,3.0
2016-08-02 15:22:25.570,0.379,0.453,0.676,-66.33963982613734,64.82148912249421,-85.3596183852244,3.0
2016-08-02 15:22:25.580,0.34,0.445,0.668,-56.60400362092035,62.4250120453118,-84.02849183135163,3.0
2016-08-02 15:22:25.590,0.289,0.457,0.656,-52.024225554886215,58.18611854110516,-82.4678559791541,3.0
2016-08-02 15:22:25.600,0.242,0.434,0.664,-50.87893503155121,51.90428445963637,-79.17035712518714,3.0
2016-08-02 15:22:25.610,0.207,0.43,0.68,-49.70938847340757,44.679155639610734,-74.32385763089556,3.0
2016-08-02 15:22:25.620,0.191,0.402,0.676,-46.80588543691953,36.0672400163744,-69.95330093185603,3.0
2016-08-02 15:22:25.630,0.184,0.383,0.684,-42.34726258440194,26.839388454623336,-65.92185130826627,3.0
2016-08-02 15:22:25.640,0.18,0.379,0.688,-36.27476584232646,18.489352499851243,-62.62521809319706,3.0
2016-08-02 15:22:25.650,0.176,0.375,0.664,-31.41016511710761,10.071603880314415,-59.831637665683736,3.0
2016-08-02 15:22:25.660,0.18,0.395,0.664,-31.862505684428648,2.103491721636521,-56.06835602638398,3.0
2016-08-02 15:22:25.670,0.172,0.43,0.652,-35.192366245220185,-3.651948395003969,-51.87986053467405,3.0
2016-08-02 15:22:25.680,0.152,0.426,0.648,-39.736113349573806,-7.976169871349674,-46.35468139028094,3.0
2016-08-02 15:22:25.690,0.148,0.418,0.68,-44.45714611413799,-11.834151525675505,-39.53186009695943,3.0
2016-08-02 15:22:25.700,0.16,0.371,0.68,-43.80407514902829,-15.489808355798488,-33.85731753997258,3.0
2016-08-02 15:22:25.710,0.172,0.34,0.668,-39.1767749460053,-19.406933363049056,-29.017281195675174,3.0
2016-08-02 15:22:25.720,0.176,0.336,0.668,-35.347572093977405,-23.170242204541946,-25.259051497252994,3.0
2016-08-02 15:22:25.730,0.168,0.344,0.656,-32.86456502958857,-25.98332066570998,-22.701095222666332,3.0
2016-08-02 15:22:25.740,0.164,0.355,0.648,-34.442110383672706,-27.19654028287181,-19.025684253408045,3.0
2016-08-02 15:22:25.750,0.156,0.363,0.637,-40.079570059103105,-27.01144150512714,-14.7847016437767,3.0
2016-08-02 15:22:25.760,0.145,0.352,0.633,-45.753578205887095,-26.94597563671537,-11.336180607804529,3.0
2016-08-02 15:22:25.770,0.148,0.336,0.633,-50.39187893053669,-27.407405813574883,-8.117049147785426,3.0
2016-08-02 15:22:25.780,0.141,0.332,0.621,-54.41804280713631,-27.68804840117395,-4.8104657688343355,3.0
2016-08-02 15:22:25.790,0.137,0.332,0.609,-59.81126382529106,-28.30147693174534,-1.4448854729975438,3.0
2016-08-02 15:22:25.800,0.164,0.324,0.637,-67.04381802611559,-28.745195526233267,1.1483562879730622,3.0
2016-08-02 15:22:25.810,0.168,0.293,0.656,-70.92722250173557,-27.296497637090244,2.080704625811971,3.0
2016-08-02 15:22:25.820,0.16,0.27,0.68,-69.57745333302319,-25.30819808502457,1.8813210760336454,3.0
2016-08-02 15:22:25.830,0.16,0.246,0.715,-66.57759194625766,-23.982167532855165,1.728210341987734,3.0
2016-08-02 15:22:25.840,0.152,0.238,0.723,-63.04728819543067,-21.687547636473482,2.2965869365651543,3.0
2016-08-02 15:22:25.850,0.137,0.258,0.695,-61.49642607937696,-19.14679998306709,3.894194637558181,3.0
2016-08-02 15:22:25.860,0.152,0.254,0.676,-66.02405707263128,-18.082906431716093,6.448198476898571,3.0
2016-08-02 15:22:25.870,0.188,0.227,0.676,-72.61420096689118,-18.004365525482548,8.355845375023959,3.0
2016-08-02 15:22:25.880,0.219,0.203,0.684,-74.77354299357802,-18.43616834863869,8.04253979531787,3.0
2016-08-02 15:22:25.890,0.223,0.188,0.711,-73.4243819296594,-18.264626556931887,6.288743892335045,3.0
2016-08-02 15:22:25.900,0.219,0.16,0.746,-71.01637624076916,-16.169175378651335,4.45760591505828,3.0
2016-08-02 15:22:25.910,0.219,0.137,0.801,-66.91883199544573,-12.684311126521123,3.0881783769674573,3.0
2016-08-02 15:22:25.920,0.234,0.109,0.859,-60.33974197494919,-8.659323695333498,2.5140748054241824,3.0
2016-08-02 15:22:25.930,0.242,0.074,0.902,-49.81796990821628,-5.391948088435224,2.2328248009102536,3.0
2016-08-02 15:22:25.940,0.25,0.059,0.891,-36.15488747982651,-4.124430097830183,1.3016046228461498,3.0
2016-08-02 15:22:25.950,0.262,0.098,0.852,-25.833980092010094,-3.588856780512268,0.10960342899952599,3.0
2016-08-02 15:22:25.960,0.266,0.148,0.82,-22.960035668297905,-2.3216986898601712,-0.5841341600789876,3.0
2016-08-02 15:22:25.970,0.258,0.172,0.816,-24.20569325236321,-0.8652426273666735,-1.04852787961583,3.0
2016-08-02 15:22:25.980,0.266,0.172,0.84,-25.21535736015475,0.7417750705970002,-1.0720835630008103,3.0
2016-08-02 15:22:25.990,0.273,0.156,0.887,-24.06808675200182,3.7743659677246013,-0.06625879361042206,3.0
2016-08-02 15:22:26.000,0.273,0.133,0.941,-19.22167495420661,7.826056071403983,1.166731957907243,3.0
2016-08-02 15:22:26.010,0.285,0.102,0.957,-10.818004435749854,10.960240960988894,1.6923738116426794,3.0
2016-08-02 15:22:26.020,0.289,0.109,0.945,-3.0406088422211255,12.911307561695182,1.800818133076151,3.0
2016-08-02 15:22:26.030,0.273,0.141,0.91,-1.2947337136433694,14.077754286987846,2.437762218772071,3.0
2016-08-02 15:22:26.040,0.273,0.164,0.902,-6.243898689128359,14.133075447391969,3.707422608292112,3.0
2016-08-02 15:22:26.050,0.281,0.145,0.906,-11.174900691647078,13.845399685449294,4.489838674488994,3.0
2016-08-02 15:22:26.060,0.258,0.148,0.879,-12.508574629089917,14.26934592597357,5.0229133736556655,3.0
2016-08-02 15:22:26.070,0.238,0.148,0.848,-16.030501848901554,14.947509815441844,6.440857404325323,3.0
2016-08-02 15:22:26.080,0.242,0.133,0.832,-21.884443453619266,15.77982183829036,8.168580970780111,3.0
2016-08-02 15:22:26.090,0.246,0.113,0.82,-25.197245437247567,17.240090121510804,9.296288984147168,3.0
2016-08-02 15:22:26.100,0.242,0.117,0.813,-29.311546516747285,17.9621818903038,10.023550613586709,3.0
2016-08-02 15:22:26.110,0.219,0.133,0.816,-36.51612665418428,16.74633919578393,10.750885336063615,3.0
2016-08-02 15:22:26.120,0.211,0.137,0.828,-43.87430577616991,14.408704773637478,11.566759622294507,3.0
2016-08-02 15:22:26.130,0.23,0.086,0.852,-48.16582234273486,12.159890646834102,11.760369795780404,3.0
2016-08-02 15:22:26.140,0.242,0.023,0.883,-44.424745784992155,12.079885312402045,10.20956462904458,3.0
2016-08-02 15:22:26.150,0.242,0.012,0.895,-36.25749585155019,14.819873815101802,7.8793481695552,3.0
2016-08-02 15:22:26.160,0.238,0.031,0.887,-34.12034384501806,17.55144321826396,6.704274447570792,3.0
2016-08-02 15:22:26.170,0.227,0.031,0.887,-36.503587987055184,18.54977779931869,6.190154987053692,3.0
2016-08-02 15:22:26.180,0.195,0.035,0.895,-36.33282752367088,17.572380508105695,5.221537286216192,3.0
2016-08-02 15:22:26.190,0.191,0.004,0.895,-33.10040902021079,14.150168251938315,3.97638263244073,3.0
2016-08-02 15:22:26.200,0.203,-0.023,0.887,-27.26644672638395,10.329714675915701,2.1940055484579783,3.0
2016-08-02 15:22:26.210,0.203,-0.008,0.883,-20.398327603924184,8.669642775704729,0.02960489162412891,3.0
2016-08-02 15:22:26.220,0.199,-0.004,0.875,-15.763113863627524,8.485514418281339,-1.5046762422985882,3.0
2016-08-02 15:22:26.230,0.191,-0.008,0.863,-12.165437329398436,8.19605261309486,-3.108589285471756,3.0
2016-08-02 15:22:26.240,0.172,0.008,0.859,-8.453825664303327,7.1398793514227465,-5.029663993538316,3.0
2016-08-02 15:22:26.250,0.184,0.02,0.875,-5.906363276076585,5.0128465012286005,-6.001191964928491,3.0
2016-08-02 15:22:26.260,0.188,-0.004,0.91,-0.9697122306548767,2.6936365603192325,-6.880092240612015,3.0
2016-08-02 15:22:26.270,0.184,-0.004,0.918,8.649507118233885,1.0936661401455157,-8.553332029031212,3.0
2016-08-02 15:22:26.280,0.199,0.012,0.918,17.80270290999777,0.2623288368008925,-9.936533390160417,3.0
2016-08-02 15:22:26.290,0.211,0.02,0.914,23.856658534492738,0.67502691897608,-11.064071374222943,3.0
2016-08-02 15:22:26.300,0.215,0.035,0.902,28.652109094843787,1.5348424941027943,-12.518117361096795,3.0
2016-08-02 15:22:26.310,0.215,0.063,0.887,31.665029800453112,1.5947926734137035,-13.697413476918708,3.0
2016-08-02 15:22:26.320,0.215,0.07,0.883,32.19763423250254,1.7129387894639612,-14.4660863940189,3.0
2016-08-02 15:22:26.330,0.211,0.066,0.883,32.68476490086662,2.2132974487776202,-15.469429248159202,3.0
2016-08-02 15:22:26.340,0.199,0.055,0.871,34.94596511174761,2.543871955181178,-16.75306383228859,3.0
2016-08-02 15:22:26.350,0.188,0.043,0.859,37.800040093339696,2.7030868686703675,-18.20622855919594,3.0
2016-08-02 15:22:26.360,0.18,0.039,0.836,39.82272537624611,2.4523886628476523,-19.911396816952212,3.0
2016-08-02 15:22:26.370,0.18,0.059,0.816,40.44620171828677,2.276631965645946,-21.170296679605542,3.0
2016-08-02 15:22:26.380,0.191,0.074,0.809,39.34967522386418,2.8709803700985996,-21.47795620705113,3.0
2016-08-02 15:22:26.390,0.203,0.082,0.805,37.58299616681456,3.7335820361312306,-21.59567266084435,3.0
2016-08-02 15:22:26.400,0.215,0.09,0.805,36.341075256067015,4.364187603042224,-21.94279165008015,3.0
2016-08-02 15:22:26.410,0.207,0.094,0.805,35.2292263706113,4.722229784857882,-22.112012935938516,3.0
2016-08-02 15:22:26.420,0.203,0.09,0.809,34.97695931949662,5.1113231543296855,-22.096268543836054,3.0
2016-08-02 15:22:26.430,0.191,0.082,0.809,37.376325844181245,5.9080887351545615,-22.333173523646327,3.0
2016-08-02 15:22:26.440,0.176,0.074,0.809,41.70757768621471,7.032049677378806,-22.76372555007878,3.0
2016-08-02 15:22:26.450,0.16,0.066,0.805,46.92879576502111,8.57352941720599,-22.77190421640125,3.0
2016-08-02 15:22:26.460,0.148,0.074,0.809,52.939247579103494,10.304580338752299,-22.213953911132613,3.0
2016-08-02 15:22:26.470,0.16,0.109,0.813,57.28626475233573,11.805843414204091,-21.17212388824547,3.0
2016-08-02 15:22:26.480,0.16,0.137,0.777,57.583886055026916,13.484734895406174,-19.38155866972777,3.0
2016-08-02 15:22:26.490,0.16,0.145,0.742,55.70884736270932,14.97010727442483,-17.21941371651485,3.0
2016-08-02 15:22:26.500,0.16,0.16,0.723,54.466135562318186,15.452969320224401,-15.730351276563486,3.0
2016-08-02 15:22:26.510,0.152,0.176,0.723,53.07261752461402,15.721735739010457,-14.881517767480728,3.0
2016-08-02 15:22:26.520,0.129,0.199,0.75,51.8315407425883,16.32413834398253,-14.019472190572246,3.0
2016-08-02 15:22:26.530,0.105,0.168,0.789,55.075840430164625,16.31876267087597,-13.274072497975551,3.0
2016-08-02 15:22:26.540,0.105,0.152,0.836,63.61328476984238,15.257308650008572,-12.152218816926126,3.0
2016-08-02 15:22:26.550,0.133,0.191,0.848,72.5109316944289,14.030063351226772,-9.614900845041323,3.0
2016-08-02 15:22:26.560,0.148,0.227,0.824,76.81505307411597,14.090965551133998,-5.942912983091877,3.0
2016-08-02 15:22:26.570,0.148,0.246,0.789,76.99968305448884,15.907297835095441,-2.9052217274896233,3.0
2016-08-02 15:22:26.580,0.141,0.266,0.77,77.31967773835476,18.460235193992297,-1.9577163756099838,3.0
2016-08-02 15:22:26.590,0.129,0.281,0.766,77.61777258550134,20.972943611391425,-1.7113943671572092,3.0
2016-08-02 15:22:26.600,0.109,0.309,0.754,76.44172775675287,22.786977864175466,-0.04878275030485518,3.0
2016-08-02 15:22:26.610,0.086,0.328,0.754,75.73888128290491,22.619799824113507,3.0595619382227532,3.0
2016-08-02 15:22:26.620,0.07,0.336,0.758,74.5935207860908,20.215662335535207,7.296583126136983,3.0
2016-08-02 15:22:26.630,0.082,0.352,0.77,71.29667124235797,16.477468251051192,11.974268774095387,3.0
2016-08-02 15:22:26.640,0.113,0.348,0.762,67.45552818447663,12.783630498651297,15.846802147874548,3.0
2016-08-02 15:22:26.650,0.129,0.363,0.746,63.054957413410676,10.796546543415912,18.38632164073564,3.0
2016-08-02 15:22:26.660,0.129,0.383,0.75,57.7730483903563,11.02450205758204,19.678812014117455,3.0
2016-08-02 15:22:26.670,0.121,0.402,0.766,53.83970756582726,13.039702701814116,20.98573209332428,3.0
2016-08-02 15:22:26.680,0.098,0.402,0.777,52.570454771522215,15.635890300393152,23.30704333707979,3.0
2016-08-02 15:22:26.690,0.066,0.418,0.797,53.78427971840646,16.845811784363534,26.95830190188078,3.0
2016-08-02 15:22:26.700,0.059,0.406,0.797,55.60323697156072,16.254986088313984,33.08086567076371,3.0
2016-08-02 15:22:26.710,0.07,0.395,0.777,54.66802057081832,14.497230029806335,40.445825995841005,3.0
2016-08-02 15:22:26.720,0.102,0.402,0.762,49.912721165176805,12.033104063088247,46.54125505698198,3.0
2016-08-02 15:22:26.730,0.137,0.438,0.758,41.63041408141015,10.085329191048473,51.78071009581423,3.0
2016-08-02 15:22:26.740,0.152,0.488,0.75,32.47408549230751,9.165547185141369,54.5541587030649,3.0
2016-08-02 15:22:26.750,0.133,0.523,0.73,29.215741099700267,9.261508653957403,52.491136120638885,3.0
2016-08-02 15:22:26.760,0.078,0.52,0.715,29.492195089616743,11.079167048713735,51.49354843478667,3.0
2016-08-02 15:22:26.770,0.059,0.52,0.703,22.395533562668245,12.108677396576264,57.395107435005926,3.0
2016-08-02 15:22:26.780,0.098,0.504,0.691,9.139218483322537,10.0123754530091,66.45982603639287,3.0
2016-08-02 15:22:26.790,0.152,0.477,0.68,-2.7663785928417397,8.497823082924603,74.8214804052671,3.0
2016-08-02 15:22:26.800,0.18,0.469,0.715,-11.550667512139938,8.761102721134602,81.43501557842445,3.0
2016-08-02 15:22:26.810,0.18,0.461,0.781,-11.882495020072083,7.333556384056868,83.53070178333253,3.0
2016-08-02 15:22:26.820,0.164,0.438,0.801,-1.7669710188297492,5.073138698265867,81.61957478024503,3.0
2016-08-02 15:22:26.830,0.133,0.484,0.805,7.987419648835161,4.060814203478969,80.03990677093964,3.0
2016-08-02 15:22:26.840,0.113,0.5,0.777,7.424304916133577,1.7754602749251895,81.84244530622854,3.0
2016-08-02 15:22:26.850,0.113,0.473,0.738,-7.092592756866124,-3.773005859940313,87.97889867091698,3.0
2016-08-02 15:22:26.860,0.152,0.461,0.715,-29.39972554088164,-11.805024467577546,96.08335543645035,3.0
2016-08-02 15:22:26.870,0.211,0.414,0.734,-42.78748425503295,-20.666387699746387,102.52872964305321,3.0
2016-08-02 15:22:26.880,0.25,0.383,0.785,-39.26836158354846,-27.111429298200093,104.52675044793475,3.0
2016-08-02 15:22:26.890,0.266,0.43,0.785,-23.756469036132977,-30.38683386986373,100.8097339328335,3.0
2016-08-02 15:22:26.900,0.266,0.43,0.75,-9.002106729371466,-32.507672451091,97.04698450711811,3.0
2016-08-02 15:22:26.910,0.254,0.469,0.789,-7.744857003037891,-34.885004331884595,97.79994423922,3.0
2016-08-02 15:22:26.920,0.277,0.5,0.824,-13.813813310272089,-40.74102431745428,98.74545966375052,3.0
2016-08-02 15:22:26.930,0.316,0.492,0.887,-18.83864015529949,-48.70149822971632,98.77586977351045,3.0
2016-08-02 15:22:26.940,0.371,0.566,0.949,-26.23740723690879,-53.573367987240815,99.47797311393674,3.0
2016-08-02 15:22:26.950,0.41,0.473,0.855,-31.840214895801992,-58.85604673641122,100.30907944198101,3.0
2016-08-02 15:22:26.960,0.391,0.316,0.758,-30.67728078899867,-68.33427197211981,101.0304934264463,3.0
2016-08-02 15:22:26.970,0.406,0.324,0.824,-19.843160058842653,-78.70908740195003,96.88124721003675,3.0
2016-08-02 15:22:26.980,0.488,0.336,0.852,-0.8041576455005162,-84.22624717287931,90.10266957735209,3.0
2016-08-02 15:22:26.990,0.523,0.387,0.84,4.3412956591011085,-81.74201038462786,88.70022728486285,3.0
2016-08-02 15:22:27.000,0.508,0.523,0.844,-12.148133862072632,-82.3552721471763,86.5604083658157,3.0
2016-08-02 15:22:27.010,0.535,0.504,0.883,-30.769270779788187,-92.81456705644658,81.96242192090209,3.0
2016-08-02 15:22:27.020,0.586,0.496,0.938,-42.22812965127499,-99.94066038833846,81.56013432185506,3.0
2016-08-02 15:22:27.030,0.645,0.43,0.898,-41.34723838156434,-101.82607402238025,80.35853226554869,3.0
2016-08-02 15:22:27.040,0.645,0.258,0.797,-24.594505809139996,-105.59015472808409,77.50051640407949,3.0
2016-08-02 15:22:27.050,0.633,0.172,0.766,-3.0659531760096606,-108.15402146134144,76.01480408993885,3.0
2016-08-02 15:22:27.060,0.656,0.164,0.766,15.156988692830058,-109.6032345547356,71.89849879520376,3.0
2016-08-02 15:22:27.070,0.695,0.309,0.852,22.505540546116478,-109.20047825519408,67.1597472040032,3.0
2016-08-02 15:22:27.080,0.738,0.523,0.953,11.971306705233896,-107.95165374497842,64.8539680075644,3.0
2016-08-02 15:22:27.090,0.762,0.441,0.914,-2.8589095244662124,-113.52995959566279,64.86000888164727,3.0
2016-08-02 15:22:27.100,0.742,0.297,0.863,-7.3390854538749535,-119.29024149611587,64.76960805792066,3.0
2016-08-02 15:22:27.110,0.746,0.285,0.824,-2.259480485429446,-119.22926635898375,60.1454030488173,3.0
2016-08-02 15:22:27.120,0.777,0.227,0.719,8.087691089276234,-119.60736141958827,56.73528221382409,3.0
2016-08-02 15:22:27.130,0.762,0.23,0.672,16.950175971614044,-119.84316658856646,56.719501022198216,3.0
2016-08-02 15:22:27.140,0.785,0.316,0.715,22.07377198890064,-121.53971667538015,53.591409547854894,3.0
2016-08-02 15:22:27.150,0.859,0.348,0.758,25.900143093903033,-123.84256144527203,51.50120324078376,3.0
2016-08-02 15:22:27.160,0.922,0.438,0.816,24.865410798472595,-120.44048432947244,51.69545793034237,3.0
2016-08-02 15:22:27.170,0.965,0.438,0.809,20.116380252308325,-119.26576787399318,48.69790944779112,3.0
2016-08-02 15:22:27.180,0.973,0.348,0.73,16.48027471319176,-120.30560281740237,48.003746983800895,3.0
2016-08-02 15:22:27.190,0.938,0.262,0.625,11.950690880053974,-115.20544934392248,51.45304130272431,3.0
2016-08-02 15:22:27.200,0.891,0.203,0.535,7.674664725344173,-112.8995839353021,52.4101617774048,3.0
2016-08-02 15:22:27.210,0.867,0.262,0.531,8.221051379800697,-116.20777679998798,52.669488853836995,3.0
2016-08-02 15:22:27.220,0.898,0.344,0.59,14.801281652055152,-117.57240858677812,55.071494051981375,3.0
2016-08-02 15:22:27.230,0.98,0.328,0.66,24.82935251246058,-115.75759402277319,57.806580633594976,3.0
2016-08-02 15:22:27.240,1.055,0.32,0.703,30.11548622898669,-109.42209256046158,59.51107693775841,3.0
2016-08-02 15:22:27.250,1.074,0.348,0.695,25.746432625111535,-102.9379539628168,58.33135677408125,3.0
2016-08-02 15:22:27.260,1.051,0.301,0.629,17.39567083734758,-101.88958575912585,57.10695505530116,3.0
2016-08-02 15:22:27.270,1.012,0.18,0.516,13.931108620947828,-101.41521304476277,59.65184059529906,3.0
2016-08-02 15:22:27.280,1.0,0.117,0.457,17.550241947929205,-98.93474662713443,62.39919135565056,3.0
2016-08-02 15:22:27.290,1.023,0.195,0.461,22.631004664493673,-96.93987704494944,62.5143764468759,3.0
2016-08-02 15:22:27.300,1.121,0.266,0.492,26.907483465008458,-94.43544167962573,61.992810251686706,3.0
2016-08-02 15:22:27.310,1.23,0.227,0.52,32.25888030745864,-86.93782425943469,62.19923012611471,3.0
2016-08-02 15:22:27.320,1.301,0.219,0.512,34.658193931498744,-74.771039206567,60.35892134428443,3.0
2016-08-02 15:22:27.330,1.305,0.215,0.492,29.976648772713695,-65.95930003899933,53.47976127858314,3.0
2016-08-02 15:22:27.340,1.277,0.18,0.48,22.944908646747965,-62.20872266618757,46.633525679149535,3.0
2016-08-02 15:22:27.350,1.27,0.113,0.445,21.39458738474095,-58.269318532146734,43.9053033512096,3.0
2016-08-02 15:22:27.360,1.27,0.086,0.418,25.789774398453424,-53.00293519890312,39.93772323598544,3.0
2016-08-02 15:22:27.370,1.246,0.102,0.406,30.847767638043457,-47.269970468782965,33.40125118920599,3.0
2016-08-02 15:22:27.380,1.238,0.121,0.426,35.277145380741445,-41.76874159075371,28.263711120528832,3.0
2016-08-02 15:22:27.390,1.238,0.125,0.445,39.172866940558634,-36.34907876594043,23.56822704692124,3.0
2016-08-02 15:22:27.400,1.219,0.121,0.457,39.0259269381846,-30.042779861531546,18.052245792232085,3.0
2016-08-02 15:22:27.410,1.176,0.109,0.441,34.42901044251119,-24.830435740477675,12.963883347736084,3.0
2016-08-02 15:22:27.420,1.125,0.086,0.418,29.541708659803433,-22.235102074058595,8.484624534117593,3.0
2016-08-02 15:22:27.430,1.078,0.063,0.406,26.11229086495881,-20.05466467672684,5.304556699039934,3.0
2016-08-02 15:22:27.440,1.047,0.07,0.406,24.000710746941706,-17.170631315857634,3.4491626152786963,3.0
2016-08-02 15:22:27.450,1.031,0.094,0.406,23.93647774111838,-14.099578509409948,1.6470259754216057,3.0
2016-08-02 15:22:27.460,1.023,0.102,0.418,25.251260629710735,-10.625849066121805,0.5559981137721882,3.0
2016-08-02 15:22:27.470,1.02,0.102,0.418,27.61203238656941,-6.987465896672401,0.1787923458124837,3.0
2016-08-02 15:22:27.480,1.0,0.098,0.398,31.816266250618717,-3.1896860075297364,-1.042061248134395,3.0
2016-08-02 15:22:27.490,0.973,0.102,0.395,35.3042028936563,0.49316122219900405,-2.1803238939017064,3.0
2016-08-02 15:22:27.500,0.953,0.113,0.41,34.499465009304984,2.6811269695228592,-1.9483962787391267,3.0
2016-08-02 15:22:27.510,0.957,0.105,0.426,30.828956168744195,3.6593768420151767,-1.4844367386267736,3.0
2016-08-02 15:22:27.520,0.969,0.109,0.438,28.28062103976757,4.453407494849196,-1.3769975751235237,3.0
2016-08-02 15:22:27.530,0.977,0.113,0.438,27.977758192932363,5.274454635982652,-1.1545734855091605,3.0
2016-08-02 15:22:27.540,0.984,0.121,0.41,28.618090446800824,6.668575643797551,-1.2277487466181756,3.0
2016-08-02 15:22:27.550,0.988,0.125,0.387,29.12632584915997,8.066137960783859,-1.7192962982456073,3.0
2016-08-02 15:22:27.560,0.988,0.129,0.367,29.028953228089414,8.627366110531177,-2.1802691517778747,3.0
2016-08-02 15:22:27.570,0.984,0.117,0.363,27.9606851885172,9.22614145577722,-3.0801707282616766,3.0
2016-08-02 15:22:27.580,0.996,0.109,0.371,26.27363964626668,10.182302020528642,-4.852824871246487,3.0
2016-08-02 15:22:27.590,1.016,0.113,0.383,24.98218601896478,11.522536707624461,-7.3675208604583435,3.0
2016-08-02 15:22:27.600,1.031,0.133,0.395,23.366673049393018,13.866461998274518,-10.402302577269113,3.0
2016-08-02 15:22:27.610,1.031,0.152,0.395,19.321905154000376,16.23761876273765,-13.083472679724059,3.0
2016-08-02 15:22:27.620,1.023,0.164,0.391,13.141272975984595,17.32456005219,-14.927998923686406,3.0
2016-08-02 15:22:27.630,1.023,0.168,0.398,7.438430504027732,17.675942460947834,-16.194991534566846,3.0
2016-08-02 15:22:27.640,1.031,0.168,0.414,4.121171182519736,18.6633217937168,-17.147213254889742,3.0
2016-08-02 15:22:27.650,1.051,0.156,0.426,3.4672553171967326,20.916239892617632,-18.67003457201335,3.0
2016-08-02 15:22:27.660,1.063,0.168,0.426,4.226575081207325,23.68231386148183,-21.151274933844714,3.0
2016-08-02 15:22:27.670,1.078,0.188,0.43,4.4976843284595525,26.29764281813118,-23.96622819480799,3.0
2016-08-02 15:22:27.680,1.105,0.199,0.441,3.487951904677683,29.396940914492394,-27.118706528669016,3.0
2016-08-02 15:22:27.690,1.145,0.223,0.453,2.2077172661384297,33.331730991123884,-31.02661384784168,3.0
2016-08-02 15:22:27.700,1.176,0.211,0.461,2.3584988755335763,37.5226948033214,-35.73892777281904,3.0
2016-08-02 15:22:27.710,1.195,0.188,0.453,4.441784655005258,41.53553948722377,-41.22932086122718,3.0
2016-08-02 15:22:27.720,1.195,0.168,0.422,6.381714995045671,45.34549965736177,-47.004978348185496,3.0
2016-08-02 15:22:27.730,1.168,0.203,0.395,3.559976515994798,48.387264207059246,-51.531686037713996,3.0
2016-08-02 15:22:27.740,1.145,0.27,0.402,-5.892523925977044,48.96021148979463,-54.29273682387573,3.0
2016-08-02 15:22:27.750,1.156,0.332,0.449,-16.165985940431707,48.215056846456406,-56.96937659627874,3.0
2016-08-02 15:22:27.760,1.215,0.344,0.5,-20.44280262026786,50.65605515685569,-60.361604170978865,3.0
2016-08-02 15:22:27.770,1.258,0.316,0.504,-19.159831343887646,56.52618393035639,-64.32698173232835,3.0
2016-08-02 15:22:27.780,1.266,0.336,0.492,-17.216925899429942,62.481045784419166,-69.44534114986244,3.0
2016-08-02 15:22:27.790,1.246,0.371,0.496,-17.251466910462096,67.22604080437225,-74.25365395128294,3.0
2016-08-02 15:22:27.800,1.211,0.383,0.516,-18.525563659099486,70.4806534989186,-76.85501872203105,3.0
2016-08-02 15:22:27.810,1.168,0.355,0.52,-19.435899128682966,72.07206151692625,-78.86602535024828,3.0
2016-08-02 15:22:27.820,1.133,0.328,0.551,-18.34464492928324,72.16664447365038,-82.0425224617768,3.0
2016-08-02 15:22:27.830,1.117,0.375,0.582,-14.579127833639783,71.73135699703604,-85.78920757735392,3.0
2016-08-02 15:22:27.840,1.105,0.422,0.598,-10.739414777470138,72.40166823675185,-88.41476426683381,3.0
2016-08-02 15:22:27.850,1.086,0.445,0.59,-11.105450688956982,74.10738888656138,-88.9652926837679,3.0
2016-08-02 15:22:27.860,1.063,0.484,0.594,-14.461305093447882,75.60175657030386,-89.6370880079126,3.0
2016-08-02 15:22:27.870,1.043,0.52,0.617,-14.771141623369003,77.54520731939361,-91.93702973456307,3.0
2016-08-02 15:22:27.880,1.031,0.516,0.629,-11.766437554497958,81.67791378816071,-93.38927504655483,3.0
2016-08-02 15:22:27.890,0.996,0.492,0.613,-8.737757628405008,85.975288020385,-94.04393650641669,3.0
2016-08-02 15:22:27.900,0.941,0.465,0.598,-4.41448033132416,87.01999154432002,-96.1000566368458,3.0
2016-08-02 15:22:27.910,0.906,0.461,0.602,0.6806571261872437,86.95944228634103,-97.62912096263011,3.0
2016-08-02 15:22:27.920,0.891,0.523,0.652,1.5050155687891298,88.28424713938344,-98.27928037682197,3.0
2016-08-02 15:22:27.930,0.895,0.594,0.699,-2.007679440813331,88.55733776033733,-100.36389270963988,3.0
2016-08-02 15:22:27.940,0.891,0.602,0.699,-4.711005098218571,87.98520470116736,-102.22195044808429,3.0
2016-08-02 15:22:27.950,0.875,0.625,0.723,-2.773553747405461,89.78090564638589,-103.1559360795183,3.0
2016-08-02 15:22:27.960,0.855,0.582,0.746,4.7846659721496865,92.9207428226364,-105.18538580040999,3.0
2016-08-02 15:22:27.970,0.832,0.57,0.75,13.36953025333655,95.26834188154666,-107.71593480751119,3.0
2016-08-02 15:22:27.980,0.801,0.551,0.676,17.300735922289167,96.39908736084664,-109.88865733977232,3.0
2016-08-02 15:22:27.990,0.746,0.559,0.621,16.06854847050872,95.40055826598615,-112.34755112839579,3.0
2016-08-02 15:22:28.000,0.699,0.621,0.652,10.069893126356119,92.51926221370127,-115.17649045196768,3.0
2016-08-02 15:22:28.010,0.672,0.684,0.691,0.16394413450834833,89.21983890675844,-116.20263312800382,3.0
2016-08-02 15:22:28.020,0.633,0.688,0.707,-10.286456915240855,85.96763927777066,-113.89560873947525,3.0
2016-08-02 15:22:28.030,0.594,0.625,0.699,-16.162461742583268,82.76964078449905,-110.98733077894929,3.0
2016-08-02 15:22:28.040,0.566,0.559,0.672,-15.429304084361236,81.4532787128408,-109.02677953275864,3.0
2016-08-02 15:22:28.050,0.547,0.578,0.707,-11.555408058597926,82.09757068873189,-108.13047136535525,3.0
2016-08-02 15:22:28.060,0.531,0.547,0.711,-9.26661488003978,81.65376193762502,-108.46286861454726,3.0
2016-08-02 15:22:28.070,0.496,0.563,0.676,-14.29752766644038,80.25851313578502,-107.06163499061252,3.0
2016-08-02 15:22:28.080,0.449,0.586,0.637,-25.41973655127421,77.45839800775309,-103.90803798526414,3.0
2016-08-02 15:22:28.090,0.422,0.582,0.629,-34.45836317066077,72.15212623894098,-100.3851711574417,3.0
2016-08-02 15:22:28.100,0.402,0.559,0.664,-39.181901856024425,68.32655721446837,-95.61606649085792,3.0
2016-08-02 15:22:28.110,0.395,0.555,0.699,-39.00573872313346,66.19283960262285,-92.32290828770442,3.0
2016-08-02 15:22:28.120,0.391,0.5,0.695,-35.73008686430974,63.187858907069106,-90.09331421927298,3.0
2016-08-02 15:22:28.130,0.363,0.52,0.695,-35.16352659291991,60.34593561458909,-85.64859791518344,3.0
2016-08-02 15:22:28.140,0.324,0.5,0.691,-37.88951461002649,55.84684819200342,-81.15930641292077,3.0
2016-08-02 15:22:28.150,0.285,0.535,0.727,-44.23558558244376,48.84104260467393,-76.92081106198185,3.0
2016-08-02 15:22:28.160,0.25,0.52,0.766,-51.1353202794787,42.02324397816784,-71.55544987273896,3.0
2016-08-02 15:22:28.170,0.238,0.473,0.801,-49.401618208246475,35.50251531276029,-66.1828071557355,3.0
2016-08-02 15:22:28.180,0.242,0.469,0.781,-39.73847989735266,28.657813938535114,-62.37629293651533,3.0
2016-08-02 15:22:28.190,0.242,0.523,0.688,-34.27038783829166,20.698074366357293,-60.512644056795125,3.0
2016-08-02 15:22:28.200,0.238,0.613,0.617,-44.35301312308619,12.491900326317129,-56.6985094084167,3.0
2016-08-02 15:22:28.210,0.242,0.668,0.613,-64.83303629372718,7.0698765919057305,-50.4920813454517,3.0
2016-08-02 15:22:28.220,0.25,0.625,0.656,-77.02004615331626,4.239977198211649,-45.637452986162344,3.0
2016-08-02 15:22:28.230,0.262,0.547,0.703,-73.93704045043822,2.5484819081952206,-42.020895593663596,3.0
2016-08-02 15:22:28.240,0.262,0.492,0.723,-62.831473425517075,0.9886742673270543,-39.97667075932286,3.0
2016-08-02 15:22:28.250,0.238,0.516,0.711,-55.4927138662364,-1.8824082304051493,-38.85783195286006,3.0
2016-08-02 15:22:28.260,0.207,0.582,0.672,-62.165180072659204,-5.846923682354767,-35.40962916942399,3.0
2016-08-02 15:22:28.270,0.191,0.625,0.664,-79.84161332068203,-8.95917155257873,-30.422781500640205,3.0
2016-08-02 15:22:28.280,0.191,0.578,0.668,-95.10715055627723,-10.028268640698673,-26.153906325957934,3.0
2016-08-02 15:22:28.290,0.184,0.508,0.68,-98.89768765272449,-10.426560675581376,-23.055258500897686,3.0
2016-08-02 15:22:28.300,0.172,0.465,0.691,-92.52411652000828,-11.132712656716693,-21.168438003979578,3.0
2016-08-02 15:22:28.310,0.16,0.441,0.668,-85.29177878022308,-11.06364287846836,-18.815519682049903,3.0
2016-08-02 15:22:28.320,0.152,0.461,0.633,-85.69323920807633,-10.24908545056037,-15.581894800519972,3.0
2016-08-02 15:22:28.330,0.156,0.469,0.602,-93.90993414567882,-9.714260384149421,-13.179032921514601,3.0
2016-08-02 15:22:28.340,0.172,0.43,0.594,-104.67203656731294,-9.639722467021524,-11.4512499178813,3.0
2016-08-02 15:22:28.350,0.188,0.375,0.641,-109.93833842036668,-9.578101926576748,-11.024265339063403,3.0
2016-08-02 15:22:28.360,0.195,0.324,0.672,-104.36990919744852,-9.183355980182812,-12.014392322127613,3.0
2016-08-02 15:22:28.370,0.184,0.301,0.676,-95.36325526075902,-9.269521403707458,-11.166895593274896,3.0
2016-08-02 15:22:28.380,0.18,0.297,0.695,-91.52101862939024,-10.547393771663714,-7.992761628408298,3.0
2016-08-02 15:22:28.390,0.168,0.285,0.695,-89.77286539974301,-12.307989088181799,-5.055174111269178,3.0
2016-08-02 15:22:28.400,0.145,0.285,0.676,-87.59872496357113,-13.852123376715957,-2.571253586716882,3.0
2016-08-02 15:22:28.410,0.125,0.27,0.656,-86.41051221288488,-14.35522004992322,0.6011484852287367,3.0
2016-08-02 15:22:28.420,0.117,0.246,0.641,-84.92754687817504,-13.469293121527544,3.998429577704716,3.0
2016-08-02 15:22:28.430,0.133,0.199,0.652,-81.4862724242142,-11.739718947243931,6.284437384409115,3.0
2016-08-02 15:22:28.440,0.148,0.168,0.668,-74.69704699954747,-8.836820458436346,6.855302229388709,3.0
2016-08-02 15:22:28.450,0.129,0.172,0.645,-67.7800595813799,-5.351945308971738,6.635398058917136,3.0
2016-08-02 15:22:28.460,0.125,0.195,0.645,-68.87738493276775,-2.6069326251037177,7.575902839564947,3.0
2016-08-02 15:22:28.470,0.129,0.188,0.668,-76.70442424862131,-0.9155583570081589,9.206661313093278,3.0
2016-08-02 15:22:28.480,0.141,0.152,0.672,-81.25347836361993,-0.7793146065041063,9.139960869551436,3.0
2016-08-02 15:22:28.490,0.137,0.137,0.707,-79.3842632415267,-0.9806255591238181,7.969594462572504,3.0
2016-08-02 15:22:28.500,0.133,0.102,0.762,-72.97798317934539,-0.15214151751347854,7.53493132250064,3.0
2016-08-02 15:22:28.510,0.117,0.055,0.797,-61.52640209864022,0.6595354226737462,6.64316045780963,3.0
2016-08-02 15:22:28.520,0.098,0.047,0.816,-46.87156824212856,1.810786542449403,4.513729635549368,3.0
2016-08-02 15:22:28.530,0.094,0.047,0.789,-35.8804209713846,3.8261829874956295,3.495657460899926,3.0
2016-08-02 15:22:28.540,0.109,0.078,0.754,-34.702323505270776,4.670240976939419,3.3673749556796224,3.0
2016-08-02 15:22:28.550,0.125,0.109,0.707,-41.24690704846611,2.8271225604424086,1.68042687673415,3.0
2016-08-02 15:22:28.560,0.121,0.094,0.699,-46.57821318654999,-1.209944614065458,-0.8356612548973728,3.0
2016-08-02 15:22:28.570,0.121,0.051,0.711,-45.36924686436108,-5.386306854444759,-3.0985977194274956,3.0
2016-08-02 15:22:28.580,0.129,0.027,0.727,-40.2779720793157,-7.390076073894485,-5.274939735848218,3.0
2016-08-02 15:22:28.590,0.121,0.043,0.762,-37.371185985150845,-7.426969894256024,-6.952731991612104,3.0
2016-08-02 15:22:28.600,0.125,0.051,0.801,-38.97782564808524,-7.458069212318911,-7.515739758839411,3.0
2016-08-02 15:22:28.610,0.156,0.055,0.832,-42.40165799378778,-8.409884806819434,-7.299096913782025,3.0
2016-08-02 15:22:28.620,0.184,0.051,0.855,-45.5966162184283,-10.588016698947357,-7.522703330645273,3.0
2016-08-02 15:22:28.630,0.219,-0.008,0.926,-44.732341045722706,-13.466288962590692,-8.49298975896058,3.0
2016-08-02 15:22:28.640,0.223,-0.023,0.965,-34.23199716033062,-14.932998943466988,-10.51147700401168,3.0
2016-08-02 15:22:28.650,0.203,0.004,0.977,-20.34620848116393,-14.436785222452466,-12.601606989458615,3.0
2016-08-02 15:22:28.660,0.191,-0.012,0.984,-13.192992950054958,-13.633960199046491,-12.325783637530256,3.0
2016-08-02 15:22:28.670,0.211,-0.008,0.965,-9.301187988880063,-12.9000980715818,-11.579337662663098,3.0
2016-08-02 15:22:28.680,0.223,0.035,0.918,-7.605633355852478,-12.313955429042977,-12.239708792667441,3.0
2016-08-02 15:22:28.690,0.223,0.074,0.875,-15.099526040494805,-12.983508811224421,-11.641700223031936,3.0
2016-08-02 15:22:28.700,0.238,0.063,0.883,-25.27206582643619,-13.953697109728388,-10.221513822278101,3.0
2016-08-02 15:22:28.710,0.258,0.004,0.926,-25.297274174276026,-12.958084348499074,-10.312438233682986,3.0
2016-08-02 15:22:28.720,0.266,-0.043,0.977,-16.00884360308832,-9.877696496875366,-10.825397152955185,3.0
2016-08-02 15:22:28.730,0.25,-0.043,0.996,-6.540099740792664,-6.033819874800622,-11.040809696778974,3.0
2016-08-02 15:22:28.740,0.242,-0.023,0.988,-3.4066144561891525,-2.37171419980945,-11.003283183744994,3.0
2016-08-02 15:22:28.750,0.254,-0.016,0.965,-6.025807171467736,0.8879184585642939,-10.380735416999208,3.0
2016-08-02 15:22:28.760,0.27,-0.02,0.938,-8.716323761759426,4.045716201208567,-10.086127922296686,3.0
2016-08-02 15:22:28.770,0.277,-0.02,0.91,-9.491415342334344,6.931736319718944,-10.151171105162366,3.0
2016-08-02 15:22:28.780,0.289,-0.031,0.898,-9.561153989135345,9.070376911211202,-9.838331869560616,3.0
2016-08-02 15:22:28.790,0.289,-0.039,0.898,-7.682874700760407,10.909863017846284,-9.898872859084282,3.0
2016-08-02 15:22:28.800,0.262,-0.023,0.895,-4.499880770055629,12.916696575511281,-10.143372663346007,3.0
2016-08-02 15:22:28.810,0.246,-0.016,0.902,-2.9931830252038454,14.651820024479857,-9.341280909721796,3.0
2016-08-02 15:22:28.820,0.246,-0.02,0.91,-2.1208715187566325,15.827051786187429,-8.283131444600127,3.0
2016-08-02 15:22:28.830,0.25,-0.012,0.918,-0.08795873779434421,16.757833766085287,-7.735127095494627,3.0
2016-08-02 15:22:28.840,0.234,-0.004,0.914,1.6105469784915738,17.611208761207664,-6.650850920012474,3.0
2016-08-02 15:22:28.850,0.234,-0.004,0.91,3.040902805164141,17.92914186992285,-5.339803837865177,3.0
2016-08-02 15:22:28.860,0.242,0.0,0.906,6.149865748383831,17.649948780165932,-4.925397318509061,3.0
2016-08-02 15:22:28.870,0.238,0.02,0.891,10.417143788080883,17.46749130645899,-4.890631749673872,3.0
2016-08-02 15:22:28.880,0.215,0.035,0.875,13.501868551194017,17.218736436823924,-4.930802264261203,3.0
2016-08-02 15:22:28.890,0.215,0.047,0.871,14.660530274159026,16.406632229600334,-5.195893916121677,3.0
2016-08-02 15:22:28.900,0.219,0.039,0.879,16.15009536440276,15.62106715247485,-5.432355235642687,3.0
2016-08-02 15:22:28.910,0.211,0.043,0.879,19.540387728741507,15.234606595749648,-5.949984672537067,3.0
2016-08-02 15:22:28.920,0.207,0.043,0.887,23.589364764978622,14.768057168062153,-6.922900645857382,3.0
2016-08-02 15:22:28.930,0.203,0.047,0.887,27.595039151110704,14.16677471216714,-8.062835830469805,3.0
2016-08-02 15:22:28.940,0.207,0.047,0.883,31.429066722579655,13.902418125422214,-9.301530651340734,3.0
2016-08-02 15:22:28.950,0.199,0.059,0.871,34.51883059195923,14.079270535395116,-10.417601933230587,3.0
2016-08-02 15:22:28.960,0.188,0.07,0.855,36.94993910753459,14.213423030925217,-11.299756970664225,3.0
2016-08-02 15:22:28.970,0.176,0.074,0.844,38.81208438658085,13.614828112603927,-12.140811332958796,3.0
2016-08-02 15:22:28.980,0.172,0.074,0.844,40.44494597273924,12.233782598635148,-12.959613641052421,3.0
2016-08-02 15:22:28.990,0.168,0.07,0.844,42.63168279287823,10.91883725011908,-13.837153441947923,3.0
2016-08-02 15:22:29.000,0.148,0.066,0.844,45.491431403807525,10.066326584656965,-14.890288734302521,3.0
2016-08-02 15:22:29.010,0.137,0.07,0.844,48.439970868184936,9.056674301706078,-15.808372190062915,3.0
2016-08-02 15:22:29.020,0.141,0.098,0.836,50.206981761875625,7.966849003855197,-16.116255448714085,3.0
2016-08-02 15:22:29.030,0.152,0.113,0.836,49.868340046452765,7.697163147159815,-15.851385812892378,3.0
2016-08-02 15:22:29.040,0.164,0.129,0.82,48.13049279544961,7.879624722929208,-15.669016248978746,3.0
2016-08-02 15:22:29.050,0.168,0.137,0.82,46.4959793303659,7.718264920977687,-15.90608654657634,3.0
2016-08-02 15:22:29.060,0.16,0.148,0.836,46.01392001229506,7.414675366159725,-16.25789617680493,3.0
2016-08-02 15:22:29.070,0.145,0.141,0.859,47.00037229056648,6.80230676746203,-16.671410119545445,3.0
2016-08-02 15:22:29.080,0.129,0.125,0.887,50.04975346850446,5.576339414738251,-17.102873348868837,3.0
2016-08-02 15:22:29.090,0.125,0.125,0.891,55.11906560656785,4.189194421105103,-17.020510002638808,3.0
2016-08-02 15:22:29.100,0.121,0.148,0.887,59.233739722104076,2.9896948092149813,-16.06978056079177,3.0
2016-08-02 15:22:29.110,0.129,0.18,0.883,59.96623698177787,2.0218748118439693,-14.569675979370782,3.0
2016-08-02 15:22:29.120,0.145,0.195,0.859,58.695845982478296,1.7187646793016733,-13.388022456611532,3.0
2016-08-02 15:22:29.130,0.148,0.195,0.848,57.69644256559389,2.8889483280260135,-13.001334696827897,3.0
2016-08-02 15:22:29.140,0.141,0.191,0.836,58.890100367065585,5.3097073475198835,-12.889239257097337,3.0
2016-08-02 15:22:29.150,0.133,0.191,0.832,62.934805646153244,7.6828040061555285,-12.412959921655752,3.0
2016-08-02 15:22:29.160,0.121,0.219,0.816,66.68537419341503,9.36812150316738,-11.379154135958327,3.0
2016-08-02 15:22:29.170,0.109,0.262,0.797,66.27890523895157,10.148300131055695,-9.357001024732833,3.0
2016-08-02 15:22:29.180,0.117,0.293,0.781,61.1921793316062,9.877116349367926,-6.2739762860907895,3.0
2016-08-02 15:22:29.190,0.129,0.313,0.77,53.403141636959816,9.268744286827772,-3.2720593887666256,3.0
2016-08-02 15:22:29.200,0.137,0.316,0.762,46.046749175823166,9.10555535542115,-0.7565314099023566,3.0
2016-08-02 15:22:29.210,0.133,0.313,0.758,41.20105024652876,9.587823509747532,1.6504568919680291,3.0
2016-08-02 15:22:29.220,0.125,0.301,0.766,38.367553327562014,10.631548965389326,3.4956218314576937,3.0
2016-08-02 15:22:29.230,0.121,0.293,0.785,36.950736943243236,11.763820913164777,5.376194532866692,3.0
2016-08-02 15:22:29.240,0.125,0.305,0.805,36.73828503305809,12.366649666067483,8.64624666163117,3.0
2016-08-02 15:22:29.250,0.133,0.313,0.82,36.43534898365131,12.341407035638756,12.692717658570386,3.0
2016-08-02 15:22:29.260,0.137,0.324,0.824,35.88220454518706,12.496956950940767,16.210555180473328,3.0
2016-08-02 15:22:29.270,0.129,0.324,0.828,36.69257499785975,13.537153028568884,19.077290202980834,3.0
2016-08-02 15:22:29.280,0.117,0.32,0.809,39.16299193146358,14.96624183529731,21.57874353357502,3.0
2016-08-02 15:22:29.290,0.098,0.313,0.797,42.27331182070723,16.246987919481832,23.680923437421708,3.0
2016-08-02 15:22:29.300,0.086,0.313,0.801,44.76317556719869,17.34341977240553,25.93739478297208,3.0
2016-08-02 15:22:29.310,0.09,0.324,0.805,44.88935641808823,17.603714719123005,29.343027180131553,3.0
2016-08-02 15:22:29.320,0.086,0.344,0.777,41.88782780664161,16.714404284478423,33.658028003972944,3.0
2016-08-02 15:22:29.330,0.082,0.387,0.762,36.13855709515714,15.09942921232743,38.026917863486865,3.0
2016-08-02 15:22:29.340,0.086,0.41,0.738,27.783214431272487,12.895433502559909,42.56633142520514,3.0
2016-08-02 15:22:29.350,0.09,0.395,0.734,18.66836263122984,11.279978364537465,47.148883642288645,3.0
2016-08-02 15:22:29.360,0.09,0.34,0.77,14.597707589009852,10.872107382410533,50.056411577172454,3.0
2016-08-02 15:22:29.370,0.098,0.313,0.797,19.18337257708179,10.4774799150028,50.594599640955344,3.0
2016-08-02 15:22:29.380,0.09,0.332,0.816,26.126444290040645,10.449911353709911,50.921637714253706,3.0
2016-08-02 15:22:29.390,0.082,0.395,0.832,25.454176539881864,10.846587028928614,53.88102700365674,3.0
2016-08-02 15:22:29.400,0.086,0.441,0.828,16.044668741806902,10.279333545256717,60.23559115490436,3.0
2016-08-02 15:22:29.410,0.09,0.438,0.805,6.7689646867763535,8.908908077586947,66.60508976845388,3.0
2016-08-02 15:22:29.420,0.09,0.398,0.781,5.600413755999675,6.652459505894674,69.19345269544172,3.0
2016-08-02 15:22:29.430,0.098,0.375,0.781,10.697981615546373,3.5988148308562824,69.58535408886371,3.0
2016-08-02 15:22:29.440,0.121,0.402,0.809,15.646825808669249,1.322199691342962,70.41945421099139,3.0
2016-08-02 15:22:29.450,0.125,0.41,0.809,17.42136942546381,-0.8858844657657092,71.27471313353081,3.0
2016-08-02 15:22:29.460,0.109,0.391,0.824,14.918061129172052,-4.764505530855261,73.03604356194107,3.0
2016-08-02 15:22:29.470,0.129,0.402,0.875,11.211241923618386,-9.599858094655183,76.79710923052127,3.0
2016-08-02 15:22:29.480,0.164,0.41,0.93,13.42492271301329,-14.239374405950382,80.37009629152345,3.0
2016-08-02 15:22:29.490,0.199,0.418,0.969,22.024515370463575,-17.683127166562958,80.440161618482,3.0
2016-08-02 15:22:29.500,0.227,0.48,1.016,33.90569947196292,-18.12511159129918,75.32919058637795,3.0
2016-08-02 15:22:29.510,0.258,0.477,0.992,47.29446495246576,-15.280345242671963,68.8094065964051,3.0
2016-08-02 15:22:29.520,0.234,0.434,0.887,53.44288465110914,-11.2451961437752,66.38398855962646,3.0
2016-08-02 15:22:29.530,0.211,0.461,0.789,47.34509605334105,-9.824687649461492,66.82608757360553,3.0
2016-08-02 15:22:29.540,0.227,0.492,0.719,35.83733257220457,-13.806688866270015,68.30192584205561,3.0
2016-08-02 15:22:29.550,0.246,0.496,0.723,20.572785505334764,-19.992157684608138,72.99226562403662,3.0
2016-08-02 15:22:29.560,0.266,0.551,0.816,5.294962335176967,-25.3410457379878,78.33922580536313,3.0
2016-08-02 15:22:29.570,0.293,0.539,0.871,0.9726500152257658,-30.898566301369815,80.67619804555329,3.0
2016-08-02 15:22:29.580,0.297,0.473,0.879,1.2446808791083765,-34.45583961494544,81.4002992601507,3.0
2016-08-02 15:22:29.590,0.289,0.477,0.887,-3.5792478158067857,-36.82217639045098,79.41121098650906,3.0
2016-08-02 15:22:29.600,0.297,0.406,0.852,-8.389897631799043,-42.900587526479065,76.15503454863352,3.0
2016-08-02 15:22:29.610,0.309,0.387,0.879,-12.823810580371216,-50.66473341774952,76.23366467378492,3.0
2016-08-02 15:22:29.620,0.344,0.395,0.922,-13.19276097417398,-58.44926646418031,75.94427567675152,3.0
2016-08-02 15:22:29.630,0.387,0.344,0.906,-3.7888620446712955,-65.21853426453882,75.6739105384112,3.0
2016-08-02 15:22:29.640,0.422,0.371,0.91,1.7256447056257194,-66.62370929919962,79.5185345930974,3.0
2016-08-02 15:22:29.650,0.457,0.387,0.895,-0.9816369980787947,-67.45623564610865,81.59170430744095,3.0
2016-08-02 15:22:29.660,0.48,0.348,0.875,-1.8534811528787931,-71.10801560718868,80.76258845106231,3.0
2016-08-02 15:22:29.670,0.492,0.367,0.848,-4.301774153236761,-71.85595792435831,81.09158818096243,3.0
2016-08-02 15:22:29.680,0.504,0.371,0.813,-8.35464209069642,-72.43845857874162,81.68015068491388,3.0
2016-08-02 15:22:29.690,0.516,0.352,0.805,-6.878622164428773,-76.94047277599212,81.57163718406593,3.0
2016-08-02 15:22:29.700,0.531,0.355,0.809,-4.421646095658042,-79.90082665621637,78.89469870812641,3.0
2016-08-02 15:22:29.710,0.555,0.41,0.816,-9.173016249862684,-78.97007299454232,76.35414201825253,3.0
2016-08-02 15:22:29.720,0.566,0.438,0.848,-20.397508395584165,-80.19607861310067,77.32809584667949,3.0
2016-08-02 15:22:29.730,0.598,0.441,0.93,-28.253303093179557,-86.28766269108549,76.42764894009554,3.0
2016-08-02 15:22:29.740,0.645,0.398,0.941,-25.455381414270967,-89.94019517008596,74.95773969864027,3.0
2016-08-02 15:22:29.750,0.668,0.324,0.887,-16.13029251030574,-87.207044819583,76.57318185145773,3.0
2016-08-02 15:22:29.760,0.656,0.297,0.793,-8.670453201841529,-84.6026349315444,74.69316621202759,3.0
2016-08-02 15:22:29.770,0.652,0.305,0.695,-8.175484765027443,-86.4659322947407,70.7005671648067,3.0
2016-08-02 15:22:29.780,0.664,0.34,0.672,-16.172415215284623,-90.37872162786877,70.8479697288663,3.0
2016-08-02 15:22:29.790,0.684,0.375,0.688,-28.52289313918448,-95.07719373893826,71.4709370807723,3.0
2016-08-02 15:22:29.800,0.715,0.352,0.758,-35.9770396625734,-99.68738178141317,70.81856114116297,3.0
2016-08-02 15:22:29.810,0.758,0.375,0.855,-34.719878162238864,-100.60469603672931,69.76831767249283,3.0
2016-08-02 15:22:29.820,0.797,0.336,0.844,-27.418375776778454,-98.7275501922328,67.46536729459052,3.0
2016-08-02 15:22:29.830,0.777,0.27,0.773,-18.65584371677454,-97.17444384302968,65.57958210164804,3.0
2016-08-02 15:22:29.840,0.734,0.25,0.715,-14.53936847715244,-97.88396057942586,63.80029368911305,3.0
2016-08-02 15:22:29.850,0.723,0.191,0.645,-13.32250518485172,-103.32209507166449,62.34538073472642,3.0
2016-08-02 15:22:29.860,0.758,0.238,0.691,-11.097899045124793,-107.8336365723401,61.51700790583399,3.0
2016-08-02 15:22:29.870,0.84,0.344,0.762,-11.140066986848948,-107.95886946167246,58.820937800980985,3.0
2016-08-02 15:22:29.880,0.906,0.273,0.707,-10.0070700299873,-108.56434941679487,57.18569683220359,3.0
2016-08-02 15:22:29.890,0.902,0.219,0.664,-4.951785371552452,-106.98883641419015,56.140494663266736,3.0
2016-08-02 15:22:29.900,0.906,0.258,0.648,-4.483059784278288,-105.46217026390842,51.25184204251283,3.0
2016-08-02 15:22:29.910,0.93,0.207,0.598,-6.632464008652865,-109.91955928007943,48.83728743993895,3.0
2016-08-02 15:22:29.920,0.93,0.164,0.602,-1.2798748420899926,-112.1736428697155,50.25058989802467,3.0
2016-08-02 15:22:29.930,0.949,0.195,0.637,9.321117517189169,-111.05256381361714,48.09568491819806,3.0
2016-08-02 15:22:29.940,0.996,0.215,0.668,18.470371158719345,-110.7526012352208,45.6549621913293,3.0
2016-08-02 15:22:29.950,1.039,0.25,0.711,24.07333639477544,-106.02794258796196,46.27285378453014,3.0
2016-08-02 15:22:29.960,1.086,0.242,0.691,27.25931442289307,-100.70313232034701,45.65391300002562,3.0
2016-08-02 15:22:29.970,1.102,0.215,0.617,31.722009617382838,-97.2185156484103,44.17522684802216,3.0
2016-08-02 15:22:29.980,1.074,0.203,0.539,36.031942281171766,-89.43749027953766,43.79476141938809,3.0
2016-08-02 15:22:29.990,1.031,0.207,0.496,35.368030794584456,-84.06168556109336,44.21144574021527,3.0
2016-08-02 15:22:30.000,1.023,0.207,0.484,32.71079586121277,-84.04866671325485,46.4196037889065,3.0
2016-08-02 15:22:30.010,1.063,0.227,0.512,32.81495438688728,-80.68963199958178,49.037877313782815,3.0
2016-08-02 15:22:30.020,1.078,0.234,0.539,34.77344293191169,-75.61262794071212,49.03031011669828,3.0
2016-08-02 15:22:30.030,1.07,0.191,0.559,38.01293823145414,-72.88844264281174,48.0637379027489,3.0
2016-08-02 15:22:30.040,1.074,0.137,0.559,42.833796007436085,-70.15881906826748,48.20516862070971,3.0
2016-08-02 15:22:30.050,1.078,0.09,0.531,47.555578597922086,-67.1541552463711,46.918962436080406,3.0
2016-08-02 15:22:30.060,1.082,0.082,0.504,50.023740878409455,-63.51230276302168,43.343732742968584,3.0
2016-08-02 15:22:30.070,1.082,0.113,0.473,47.47714051201223,-59.011294876726524,40.09792773245919,3.0
2016-08-02 15:22:30.080,1.094,0.117,0.441,40.647157170970395,-56.57061628092814,38.26488908163065,3.0
2016-08-02 15:22:30.090,1.105,0.102,0.422,36.17211686174683,-55.61470185075699,36.876515931559666,3.0
2016-08-02 15:22:30.100,1.129,0.082,0.402,36.45033185325795,-52.76919524545118,34.86843768747259,3.0
2016-08-02 15:22:30.110,1.125,0.074,0.379,37.22284521712214,-48.90466904600711,32.15343493775401,3.0
2016-08-02 15:22:30.120,1.109,0.07,0.359,37.08220359145672,-46.140586011168566,29.41910363993653,3.0
2016-08-02 15:22:30.130,1.121,0.082,0.367,36.37256630785887,-43.56552457578394,27.210797456142288,3.0
2016-08-02 15:22:30.140,1.145,0.102,0.387,32.44653736754673,-39.40637505745673,25.061411146561717,3.0
2016-08-02 15:22:30.150,1.133,0.086,0.406,25.30528510076104,-33.978944374491064,22.363009922383284,3.0
2016-08-02 15:22:30.160,1.102,0.051,0.422,19.340393473065287,-29.631668971802256,19.441841319953156,3.0
2016-08-02 15:22:30.170,1.074,0.031,0.422,16.642568625078685,-26.715335257703913,16.51043078625332,3.0
2016-08-02 15:22:30.180,1.055,0.02,0.391,15.974545956814307,-23.581827582641033,14.24158372273922,3.0
2016-08-02 15:22:30.190,1.016,0.016,0.348,15.981085249194951,-21.142983391914598,13.498869939925225,3.0
2016-08-02 15:22:30.200,0.992,0.043,0.32,15.30636789639473,-20.69532026893842,13.822801856069185,3.0
2016-08-02 15:22:30.210,0.988,0.074,0.324,13.423922224576401,-20.718994653337113,14.659373007401214,3.0
2016-08-02 15:22:30.220,1.0,0.063,0.328,12.346416037624675,-19.226981609805147,15.431820917478921,3.0
2016-08-02 15:22:30.230,1.012,0.047,0.348,13.992507855845702,-15.201752579387463,14.799536183796882,3.0
2016-08-02 15:22:30.240,1.023,0.035,0.367,16.434825966674715,-9.328530967099367,12.713030495984118,3.0
2016-08-02 15:22:30.250,1.02,0.023,0.348,16.56099621954591,-3.865708866337974,10.726992304667778,3.0
2016-08-02 15:22:30.260,1.012,0.012,0.324,14.751041481345878,-0.5001451321590352,8.736541964083507,3.0
2016-08-02 15:22:30.270,1.012,0.008,0.324,12.930073504757669,0.8706841223541189,5.7889591913959215,3.0
2016-08-02 15:22:30.280,1.023,0.031,0.324,10.438143841920438,1.9380889926406177,2.8993343925298913,3.0
2016-08-02 15:22:30.290,1.039,0.051,0.324,5.5391883207682975,3.409134391448442,0.848337074318986,3.0
2016-08-02 15:22:30.300,1.043,0.051,0.324,-0.20234152169988917,4.481864436391042,-1.070574144841196,3.0
2016-08-02 15:22:30.310,1.055,0.035,0.336,-2.854963809564294,5.728853407211584,-3.431756944655846,3.0
2016-08-02 15:22:30.320,1.063,0.027,0.336,-1.8972760632427463,8.248190324720646,-6.265884247546175,3.0
2016-08-02 15:22:30.330,1.063,0.023,0.324,-0.5107520569061671,11.466158188058639,-9.316237638220967,3.0
2016-08-02 15:22:30.340,1.059,0.035,0.32,-0.06931346630889924,13.960718751730754,-12.682023034990937,3.0
2016-08-02 15:22:30.350,1.07,0.059,0.344,0.8547452609696515,15.683899150092264,-16.442678784658888,3.0
2016-08-02 15:22:30.360,1.078,0.074,0.371,2.769040213740707,18.114089950966388,-19.914198180582233,3.0
2016-08-02 15:22:30.370,1.094,0.082,0.391,4.534699092032102,21.337128632326685,-23.049133712384638,3.0
2016-08-02 15:22:30.380,1.094,0.082,0.395,5.293756116533604,24.354879154434755,-26.563576727627506,3.0
2016-08-02 15:22:30.390,1.086,0.082,0.398,4.331382437101371,27.122770775003573,-30.08860272714681,3.0
2016-08-02 15:22:30.400,1.07,0.074,0.398,2.0914261644208003,29.316913515166682,-32.860920869926034,3.0
2016-08-02 15:22:30.410,1.066,0.074,0.398,1.3755210493206498,30.803066167499825,-35.08028261862979,3.0
2016-08-02 15:22:30.420,1.07,0.102,0.379,3.294380391017011,32.73990184332017,-37.261848379227125,3.0
2016-08-02 15:22:30.430,1.082,0.137,0.371,5.3279476573708475,35.62293855250522,-39.58015153767366,3.0
2016-08-02 15:22:30.440,1.102,0.148,0.375,5.011808067042406,39.067551654438674,-41.53603686170144,3.0
2016-08-02 15:22:30.450,1.117,0.156,0.387,2.3922835301754417,42.948496635377644,-43.20744550761958,3.0
2016-08-02 15:22:30.460,1.137,0.188,0.391,-0.6602139942618145,46.59936802962736,-46.06074279002694,3.0
2016-08-02 15:22:30.470,1.145,0.215,0.418,-2.6632538985039655,49.89573755870393,-49.75449952654324,3.0
2016-08-02 15:22:30.480,1.148,0.207,0.457,-3.1560748002096437,53.956249178898155,-52.43355306619304,3.0
2016-08-02 15:22:30.490,1.145,0.199,0.477,-1.863791462325238,57.64973954569609,-54.94868036030519,3.0
2016-08-02 15:22:30.500,1.117,0.211,0.488,0.1908536140357885,58.847957065947995,-58.2998997023471,3.0
2016-08-02 15:22:30.510,1.102,0.211,0.512,0.8845847485690458,59.06362606305474,-60.066978377788814,3.0
2016-08-02 15:22:30.520,1.09,0.219,0.516,0.13267029312119133,59.939188741708364,-59.69699681414458,3.0
2016-08-02 15:22:30.530,1.09,0.242,0.523,0.14167293494501765,60.385783504591856,-60.69716080158166,3.0
2016-08-02 15:22:30.540,1.102,0.273,0.516,1.5858674249740972,61.565680614189304,-63.07622698645756,3.0
2016-08-02 15:22:30.550,1.109,0.313,0.512,1.5173098187903709,65.5945870427665,-64.24450712617356,3.0
2016-08-02 15:22:30.560,1.094,0.348,0.527,-1.5595495762800022,69.59939087089676,-65.86126777709782,3.0
2016-08-02 15:22:30.570,1.086,0.332,0.547,-4.2661351391630475,70.59301739525378,-68.41999851624115,3.0
2016-08-02 15:22:30.580,1.07,0.305,0.555,-5.446728823956495,70.9934883752166,-69.2575242867691,3.0
2016-08-02 15:22:30.590,1.043,0.313,0.566,-7.217550294530265,72.24615067156854,-69.80727212313678,3.0
2016-08-02 15:22:30.600,1.02,0.348,0.59,-8.680640476243877,72.4276830806284,-71.90891552013325,3.0
2016-08-02 15:22:30.610,1.016,0.359,0.605,-9.41437620799955,72.34260813486812,-73.35812527743825,3.0
2016-08-02 15:22:30.620,1.008,0.391,0.633,-10.44057001470823,73.74219257346661,-74.49266645386774,3.0
2016-08-02 15:22:30.630,0.996,0.418,0.648,-10.461824654518036,75.97447703093425,-77.29963347184535,3.0
2016-08-02 15:22:30.640,0.965,0.426,0.652,-10.215832812691199,78.25859232705169,-79.39058321014133,3.0
2016-08-02 15:22:30.650,0.934,0.391,0.629,-9.9379757007706,78.95239839659135,-79.85105221132262,3.0
2016-08-02 15:22:30.660,0.902,0.375,0.609,-6.296290997714306,78.28308941035367,-81.16695712659725,3.0
2016-08-02 15:22:30.670,0.879,0.438,0.629,-1.9305529491383102,79.42514234903275,-82.46378280401673,3.0
2016-08-02 15:22:30.680,0.863,0.492,0.668,-2.9613702060006863,81.0010992470396,-82.78728858558867,3.0
2016-08-02 15:22:30.690,0.871,0.512,0.723,-7.368804197383859,80.08076267767257,-84.08772615176012,3.0
2016-08-02 15:22:30.700,0.895,0.48,0.723,-8.38315138408352,79.46739878062243,-86.36761296939703,3.0
2016-08-02 15:22:30.710,0.871,0.457,0.691,-5.540036677888037,82.43518782966785,-88.2188279624403,3.0
2016-08-02 15:22:30.720,0.813,0.477,0.68,-4.513857335206775,86.14459557094658,-89.63268186305996,3.0
2016-08-02 15:22:30.730,0.777,0.488,0.691,-7.462435686857848,86.14627889463696,-90.31926765732358,3.0
2016-08-02 15:22:30.740,0.777,0.516,0.703,-10.635181012052882,84.29070807969438,-90.1492939500252,3.0
2016-08-02 15:22:30.750,0.773,0.52,0.715,-11.262276747936095,84.32225606846188,-91.43767258025608,3.0
2016-08-02 15:22:30.760,0.766,0.566,0.777,-11.688187788643813,84.75930267194246,-95.17523129537956,3.0
2016-08-02 15:22:30.770,0.766,0.598,0.832,-12.206450748884428,82.88063156186232,-99.59372546916751,3.0
2016-08-02 15:22:30.780,0.766,0.602,0.867,-8.58914302756277,79.75137472465181,-103.96832898209209,3.0
2016-08-02 15:22:30.790,0.766,0.555,0.84,-1.9742618791600235,77.65289118634342,-108.34697150592332,3.0
2016-08-02 15:22:30.800,0.754,0.531,0.734,0.1840856024066495,76.18473267102405,-113.08247573128347,3.0
2016-08-02 15:22:30.810,0.73,0.621,0.652,-9.187303531516402,73.76561953873072,-118.06228274004508,3.0
2016-08-02 15:22:30.820,0.684,0.73,0.586,-31.21355833391874,69.76591610483477,-120.25465951055783,3.0
2016-08-02 15:22:30.830,0.613,0.73,0.605,-57.45916074119147,64.97593262214491,-117.32950163234028,3.0
2016-08-02 15:22:30.840,0.566,0.652,0.664,-74.71256708941402,61.16625971789675,-112.16781074187257,3.0
2016-08-02 15:22:30.850,0.563,0.563,0.727,-76.06288122225077,60.50417528693356,-108.1239541559394,3.0
2016-08-02 15:22:30.860,0.563,0.508,0.773,-67.41306205977261,64.77572802498614,-105.24660471876723,3.0
2016-08-02 15:22:30.870,0.543,0.508,0.766,-60.24289806844695,71.20858776066237,-103.29116765363221,3.0
2016-08-02 15:22:30.880,0.504,0.516,0.766,-59.774145315616046,74.65860859344019,-101.55896070428065,3.0
2016-08-02 15:22:30.890,0.473,0.516,0.766,-63.556946571722634,74.54849474564159,-99.39818303260128,3.0
2016-08-02 15:22:30.900,0.445,0.5,0.734,-67.8267549764075,72.72878930170222,-97.07340524770059,3.0
2016-08-02 15:22:30.910,0.414,0.488,0.75,-69.47517377942295,69.69927294855582,-94.46674885849859,3.0
2016-08-02 15:22:30.920,0.391,0.457,0.781,-66.14861921774344,65.62527946259355,-92.50082792814933,3.0
2016-08-02 15:22:30.930,0.379,0.445,0.742,-62.77810981676262,61.32913470461323,-90.75680814557869,3.0
2016-08-02 15:22:30.940,0.352,0.48,0.73,-66.38307503409709,57.24522110546023,-87.74387522750467,3.0
2016-08-02 15:22:30.950,0.336,0.473,0.73,-73.66811294778253,53.03713557846574,-83.78149081889141,3.0
2016-08-02 15:22:30.960,0.316,0.434,0.719,-79.28375136720351,49.47843813724826,-78.5699810954311,3.0
2016-08-02 15:22:30.970,0.289,0.383,0.707,-83.33415443153227,46.68706874236937,-73.14504198412692,3.0
2016-08-02 15:22:30.980,0.273,0.375,0.734,-85.45548571479023,42.81403235970822,-68.4234292165005,3.0
2016-08-02 15:22:30.990,0.266,0.363,0.813,-84.17144263017124,37.91007555950433,-63.22760487651475,3.0
2016-08-02 15:22:31.000,0.254,0.301,0.84,-77.9149099283104,33.23030089177937,-58.649411385180784,3.0
2016-08-02 15:22:31.010,0.254,0.258,0.863,-65.65111638466536,28.2139827897674,-55.71834604159993,3.0
2016-08-02 15:22:31.020,0.242,0.25,0.871,-49.72976055718686,22.021626169512004,-53.57283758754889,3.0
2016-08-02 15:22:31.030,0.211,0.27,0.844,-37.83065449788521,15.04959596866212,-50.25016869966159,3.0
2016-08-02 15:22:31.040,0.184,0.309,0.848,-35.03306668735235,7.502047130555533,-44.91192099681652,3.0
2016-08-02 15:22:31.050,0.176,0.301,0.848,-33.49836452480194,-0.5776061882899985,-40.18761709695498,3.0
2016-08-02 15:22:31.060,0.16,0.277,0.801,-27.17327843170213,-7.208563101176668,-36.219037676396155,3.0
2016-08-02 15:22:31.070,0.141,0.297,0.781,-22.801207511807526,-11.517092172601963,-30.943126384239196,3.0
2016-08-02 15:22:31.080,0.129,0.309,0.777,-22.537741412967343,-15.42143492981238,-25.36848792549203,3.0
2016-08-02 15:22:31.090,0.145,0.301,0.758,-22.010084109595834,-19.516245559242407,-19.937633977543587,3.0
2016-08-02 15:22:31.100,0.168,0.305,0.77,-21.235924866773416,-22.827193477019687,-14.111470423919767,3.0
2016-08-02 15:22:31.110,0.164,0.324,0.77,-19.870526580263444,-25.011042210913352,-9.48811319682501,3.0
2016-08-02 15:22:31.120,0.164,0.324,0.762,-18.050071580997468,-26.94478509913663,-6.425406077893531,3.0
2016-08-02 15:22:31.130,0.176,0.313,0.754,-18.275023733634878,-29.17471126975704,-4.0126953269593955,3.0
2016-08-02 15:22:31.140,0.172,0.309,0.699,-18.762251850413683,-29.931110761014168,-2.456925095811415,3.0
2016-08-02 15:22:31.150,0.152,0.336,0.625,-20.79726804925489,-27.149009073830932,-0.2488330156999401,3.0
2016-08-02 15:22:31.160,0.137,0.367,0.559,-30.524866870880224,-21.74435357968142,4.142745124796257,3.0
2016-08-02 15:22:31.170,0.141,0.379,0.523,-45.76724722394417,-16.56897310869695,8.7386563062137,3.0
2016-08-02 15:22:31.180,0.164,0.359,0.52,-59.333061010269475,-12.960934722972192,11.591458485929467,3.0
2016-08-02 15:22:31.190,0.191,0.332,0.535,-68.6703390481078,-10.660559267612735,13.006341763146349,3.0
2016-08-02 15:22:31.200,0.203,0.305,0.566,-75.41004560714995,-8.615361726527105,13.157483985211094,3.0
2016-08-02 15:22:31.210,0.195,0.289,0.621,-82.11384868289475,-5.439274152134622,12.846022709256532,3.0
2016-08-02 15:22:31.220,0.191,0.238,0.688,-87.2025828639728,-1.4478729762573161,13.449905104461722,3.0
2016-08-02 15:22:31.230,0.195,0.207,0.742,-86.06537817722082,2.1114483527811627,14.04583091827082,3.0
2016-08-02 15:22:31.240,0.195,0.172,0.789,-78.3219207817095,4.562390726252088,14.025535829226435,3.0
2016-08-02 15:22:31.250,0.207,0.145,0.809,-67.28910724704235,5.680535596508207,13.852130884346668,3.0
2016-08-02 15:22:31.260,0.215,0.156,0.797,-55.70727693410383,6.788186616508648,12.269141702321559,3.0
2016-08-02 15:22:31.270,0.203,0.195,0.758,-47.64699062114587,9.224113173457473,9.813669265814791,3.0
2016-08-02 15:22:31.280,0.195,0.223,0.742,-46.45201056129439,12.149848727593268,8.680791509964521,3.0
2016-08-02 15:22:31.290,0.184,0.219,0.738,-47.69673951731413,14.786278308828454,8.06840274876545,3.0
2016-08-02 15:22:31.300,0.176,0.203,0.746,-46.16981946064421,16.777704171430994,7.095309111864266,3.0
2016-08-02 15:22:31.310,0.184,0.184,0.785,-43.49977208540189,17.055787229976556,6.190169985234771,3.0
2016-08-02 15:22:31.320,0.188,0.176,0.828,-40.06814114236531,16.42823446582903,4.781233842140827,3.0
2016-08-02 15:22:31.330,0.176,0.168,0.867,-34.58073301131913,16.750779158959816,3.169629765367688,3.0
2016-08-02 15:22:31.340,0.176,0.145,0.898,-28.712581081533582,17.380290917700453,2.1436949550340754,3.0
2016-08-02 15:22:31.350,0.184,0.141,0.914,-22.68808628770802,17.170797907689238,1.1660917904657926,3.0
2016-08-02 15:22:31.360,0.191,0.152,0.93,-17.473675980169777,16.151290598475775,0.023168745149203446,3.0
2016-08-02 15:22:31.370,0.188,0.168,0.926,-16.01586245625421,14.37849206850945,-0.7193690697575538,3.0
2016-08-02 15:22:31.380,0.176,0.16,0.91,-16.118220817838598,12.364080884082586,-0.7375130637519355,3.0
2016-08-02 15:22:31.390,0.176,0.141,0.887,-14.246151758985448,10.280411364207792,-0.058246536359178785,3.0
2016-08-02 15:22:31.400,0.184,0.152,0.879,-12.594894762919754,8.098972823412815,0.6393158550934381,3.0
2016-08-02 15:22:31.410,0.172,0.184,0.867,-14.47730137532766,6.720481624018022,0.4405507607811477,3.0
2016-08-02 15:22:31.420,0.172,0.188,0.855,-20.19150908261081,5.7033683462928755,0.10675127951729013,3.0
2016-08-02 15:22:31.430,0.188,0.172,0.848,-28.90569089977456,4.626404873001629,0.9991341396664364,3.0
2016-08-02 15:22:31.440,0.199,0.145,0.855,-37.605335227392224,5.003047028153212,2.0166141772166597,3.0
2016-08-02 15:22:31.450,0.195,0.09,0.879,-41.92212036819744,6.383087658123111,2.0796116166165235,3.0
2016-08-02 15:22:31.460,0.18,0.043,0.891,-41.49408957407684,7.141861780651299,1.8896805269832526,3.0
2016-08-02 15:22:31.470,0.168,0.043,0.898,-39.968006329337676,7.653197828952913,1.6811991597370977,3.0
2016-08-02 15:22:31.480,0.168,0.039,0.895,-41.36692723970535,8.345358638732305,2.193261206415458,3.0
2016-08-02 15:22:31.490,0.172,0.02,0.887,-44.72696526276086,8.856618079310747,3.305584357237504,3.0
2016-08-02 15:22:31.500,0.156,0.02,0.883,-46.13666930793572,9.386782138695686,3.9291731358171713,3.0
2016-08-02 15:22:31.510,0.148,0.008,0.863,-48.1863660832181,10.200569581746457,4.778484967463916,3.0
2016-08-02 15:22:31.520,0.148,-0.008,0.859,-52.680899105315056,10.383352604442157,5.668755118372727,3.0
2016-08-02 15:22:31.530,0.16,-0.039,0.883,-54.18911231351004,9.653386911885654,6.2464864326443905,3.0
2016-08-02 15:22:31.540,0.16,-0.074,0.906,-50.5006797429202,9.627668591066973,6.904912316792242,3.0
2016-08-02 15:22:31.550,0.156,-0.094,0.934,-43.529938923715136,10.381422074109135,6.756041029822352,3.0
2016-08-02 15:22:31.560,0.152,-0.094,0.945,-35.60029405682194,10.360270435966656,6.424206611274646,3.0
2016-08-02 15:22:31.570,0.145,-0.09,0.938,-29.9222476389595,9.701786970919365,7.158883616191657,3.0
2016-08-02 15:22:31.580,0.148,-0.09,0.93,-25.934602001247434,9.004467683879763,8.333091869697975,3.0
2016-08-02 15:22:31.590,0.145,-0.102,0.902,-20.328662418872376,8.085067181227968,9.153256461153994,3.0
2016-08-02 15:22:31.600,0.148,-0.098,0.875,-13.63630868863788,6.402033072948548,9.19710011744632,3.0
2016-08-02 15:22:31.610,0.148,-0.07,0.863,-9.017959231407163,3.545670233263561,8.86929564822611,3.0
2016-08-02 15:22:31.620,0.148,-0.047,0.859,-7.1506786770054855,0.674807285816122,8.925439615569704,3.0
2016-08-02 15:22:31.630,0.152,-0.051,0.883,-5.287587292527652,-1.1302370220578717,8.885922593876055,3.0
2016-08-02 15:22:31.640,0.152,-0.066,0.914,-0.3819652132871494,-1.8291375873209208,8.46027451832944,3.0
2016-08-02 15:22:31.650,0.16,-0.082,0.938,7.831152485642581,-1.409845314012046,8.218737654540801,3.0
2016-08-02 15:22:31.660,0.164,-0.07,0.945,16.796002213395752,-1.0922473180437944,7.878321446434452,3.0
2016-08-02 15:22:31.670,0.164,-0.039,0.934,23.07341805760585,-2.0868260377808943,7.366894602079206,3.0
2016-08-02 15:22:31.680,0.176,-0.016,0.922,25.567196495628693,-3.8031282561588498,7.123152858961726,3.0
2016-08-02 15:22:31.690,0.184,0.0,0.926,27.1658790458006,-5.202393117698385,6.391662952391517,3.0
2016-08-02 15:22:31.700,0.184,0.008,0.93,30.00472898370856,-5.619570812518068,5.015159270685263,3.0
2016-08-02 15:22:31.710,0.184,0.02,0.93,32.5625085309284,-5.130029979081728,3.795524058980126,3.0
2016-08-02 15:22:31.720,0.184,0.031,0.93,34.096439991267175,-4.289102806445342,2.5445161721302587,3.0
2016-08-02 15:22:31.730,0.176,0.035,0.922,35.51771060906965,-3.135014106877177,0.9375577061122176,3.0
2016-08-02 15:22:31.740,0.164,0.031,0.906,36.61450392572175,-1.9725358880439794,-0.8873014583369027,3.0
2016-08-02 15:22:31.750,0.156,0.035,0.895,36.91518228663387,-1.7645856875722319,-2.7531649067365027,3.0
2016-08-02 15:22:31.760,0.164,0.047,0.887,36.0372224837829,-2.3312455402400847,-4.471681745148004,3.0
2016-08-02 15:22:31.770,0.164,0.059,0.871,33.43429183880457,-2.4585335058349735,-6.1861820157765655,3.0
2016-08-02 15:22:31.780,0.16,0.043,0.863,30.730524712553176,-2.0781187536295143,-8.058481192070495,3.0
2016-08-02 15:22:31.790,0.16,0.031,0.867,30.664097015341973,-1.8006375313748961,-10.00849593513681,3.0
2016-08-02 15:22:31.800,0.156,0.016,0.859,33.174947632772664,-1.1543585278631288,-12.320744636683836,3.0
2016-08-02 15:22:31.810,0.145,0.023,0.848,35.81723488769973,0.05901433679181131,-14.914277802580056,3.0
2016-08-02 15:22:31.820,0.133,0.055,0.836,35.8977471054368,0.6453816273678048,-16.772870832126074,3.0
2016-08-02 15:22:31.830,0.129,0.074,0.824,32.39988345441149,0.39765743543259024,-17.984671691746286,3.0
2016-08-02 15:22:31.840,0.133,0.082,0.828,28.115741443601067,0.10771437907004854,-19.573806252532847,3.0
2016-08-02 15:22:31.850,0.145,0.066,0.844,27.04606541673006,-0.27070796779785933,-21.10804145841698,3.0
2016-08-02 15:22:31.860,0.152,0.051,0.852,30.34857903764998,-0.17261382557046775,-21.994501156196904,3.0
2016-08-02 15:22:31.870,0.152,0.039,0.852,37.08862641090346,1.1054501062356379,-22.82616541952509,3.0
2016-08-02 15:22:31.880,0.152,0.043,0.84,45.44265656045167,2.507010681447306,-23.593059294315903,3.0
2016-08-02 15:22:31.890,0.152,0.059,0.82,52.21322138433325,3.363774068829098,-23.672841520160542,3.0
2016-08-02 15:22:31.900,0.133,0.098,0.813,54.72375639989873,3.940844201769464,-23.292387442341983,3.0
2016-08-02 15:22:31.910,0.113,0.133,0.809,53.04940278875841,3.6028443951116516,-23.101076055545736,3.0
2016-08-02 15:22:31.920,0.102,0.156,0.801,48.92991454639936,2.20331091588265,-23.15096571206896,3.0
2016-08-02 15:22:31.930,0.109,0.164,0.785,44.170526428760375,0.8229192566823074,-22.637567873432214,3.0
2016-08-02 15:22:31.940,0.129,0.172,0.777,40.22192425992618,-0.04640338242577438,-20.69457638875638,3.0
2016-08-02 15:22:31.950,0.152,0.168,0.777,38.58037931379149,-0.15019600856407483,-17.75124758841407,3.0
2016-08-02 15:22:31.960,0.16,0.156,0.781,40.61127738098128,0.8716225268191597,-15.128576580979454,3.0
2016-08-02 15:22:31.970,0.152,0.148,0.793,45.388618927575365,2.2790289101781944,-13.660801608388969,3.0
2016-08-02 15:22:31.980,0.141,0.172,0.797,49.58745527644844,3.3197235756581582,-13.20299485379216,3.0
2016-08-02 15:22:31.990,0.129,0.215,0.809,50.16118504600452,4.109818232410784,-12.498131235622152,3.0
2016-08-02 15:22:32.000,0.102,0.234,0.809,46.427738617585355,4.446475455989058,-10.628435791433327,3.0
2016-08-02 15:22:32.010,0.086,0.223,0.797,40.78960412772472,3.576129781537532,-8.241481373403346,3.0
2016-08-02 15:22:32.020,0.102,0.215,0.777,36.93116875522301,1.2105806944580217,-5.455410677858827,3.0
2016-08-02 15:22:32.030,0.137,0.199,0.75,36.39815617660414,-1.3318249748269446,-1.5804662723528642,3.0
2016-08-02 15:22:32.040,0.156,0.215,0.754,37.67546632206859,-2.364328848542086,2.492897944821764,3.0
2016-08-02 15:22:32.050,0.168,0.246,0.77,39.2701123551699,-1.935686087314905,5.523859606535898,3.0
2016-08-02 15:22:32.060,0.172,0.258,0.77,40.597211829072165,-0.2833901795460211,7.6998470968942385,3.0
2016-08-02 15:22:32.070,0.18,0.266,0.766,39.9352398515897,2.799391168272278,9.545041219709631,3.0
2016-08-02 15:22:32.080,0.176,0.273,0.766,37.42037116695551,5.857908111709209,11.288057487540218,3.0
2016-08-02 15:22:32.090,0.145,0.281,0.781,35.2469286117238,7.3838707325026665,13.535542152934754,3.0
2016-08-02 15:22:32.100,0.121,0.289,0.797,32.72452966772597,7.283406806311242,17.430960471291364,3.0
2016-08-02 15:22:32.110,0.125,0.305,0.789,29.17842829504318,5.257452869551186,23.14538849755069,3.0
2016-08-02 15:22:32.120,0.152,0.301,0.781,26.282467466767024,2.48472247536223,29.51438224905058,3.0
2016-08-02 15:22:32.130,0.168,0.32,0.777,24.755749183966316,1.3878503286394297,34.80822050044465,3.0
2016-08-02 15:22:32.140,0.168,0.355,0.793,23.22616493440485,1.6352106999814315,37.67947111326187,3.0
2016-08-02 15:22:32.150,0.164,0.395,0.824,17.31371535426375,2.1262453769785954,39.387493276835826,3.0
2016-08-02 15:22:32.160,0.156,0.402,0.848,4.396006845675628,2.8748344943437925,41.591786910230304,3.0
2016-08-02 15:22:32.170,0.141,0.379,0.891,-9.952100757784716,2.0620404080532078,43.97415063843467,3.0
2016-08-02 15:22:32.180,0.148,0.32,0.957,-16.67636072915159,-1.319194221150306,47.6879692149933,3.0
2016-08-02 15:22:32.190,0.16,0.262,1.008,-10.372086154648263,-4.332204321337862,52.9663376464629,3.0
2016-08-02 15:22:32.200,0.156,0.219,1.035,8.309310999561141,-5.423312895853053,56.621208321237596,3.0
2016-08-02 15:22:32.210,0.168,0.219,1.023,31.913320791617398,-6.0672376702378585,58.843346100075806,3.0
2016-08-02 15:22:32.220,0.191,0.266,0.961,49.480808475821775,-6.4016558484045865,62.10645042363598,3.0
2016-08-02 15:22:32.230,0.195,0.324,0.887,54.21671428848036,-7.305938752429283,64.83442771980741,3.0
2016-08-02 15:22:32.240,0.207,0.387,0.813,47.41873617964315,-11.014909544633989,65.5560482144627,3.0
2016-08-02 15:22:32.250,0.215,0.426,0.762,34.012230880806015,-15.525458573196412,65.91695056664223,3.0
2016-08-02 15:22:32.260,0.219,0.426,0.781,18.164017366226933,-17.754304233207847,66.94440511235675,3.0
2016-08-02 15:22:32.270,0.234,0.473,0.859,4.519980803490113,-19.074191109314242,67.96084758306554,3.0
2016-08-02 15:22:32.280,0.258,0.465,0.871,-2.2473260515533733,-20.583193199730783,69.58138513630401,3.0
2016-08-02 15:22:32.290,0.266,0.371,0.82,-3.524146488384559,-21.141193803598014,74.17437867561051,3.0
2016-08-02 15:22:32.300,0.277,0.391,0.824,-3.2412532434663364,-22.657835676496003,78.29273241875659,3.0
2016-08-02 15:22:32.310,0.301,0.375,0.836,1.3532281819555345,-26.63342304043375,77.25750032134815,3.0
2016-08-02 15:22:32.320,0.297,0.313,0.852,9.720859174043223,-29.047098572244956,76.1731381424649,3.0
2016-08-02 15:22:32.330,0.273,0.297,0.906,17.104968397705946,-29.91435244443032,75.96073368262715,3.0
2016-08-02 15:22:32.340,0.285,0.32,0.941,25.535364680139516,-32.39182327388275,72.90626493702194,3.0
2016-08-02 15:22:32.350,0.309,0.363,0.945,31.000762365730136,-32.058416034282125,72.47610388730331,3.0
2016-08-02 15:22:32.360,0.285,0.438,0.945,26.915363350686295,-29.624562807348248,73.9387247460882,3.0
2016-08-02 15:22:32.370,0.266,0.422,0.926,21.51125662427031,-33.88335637375033,73.06435926019297,3.0
2016-08-02 15:22:32.380,0.277,0.344,0.883,23.144655823860894,-43.182733708165884,75.23174219248068,3.0
2016-08-02 15:22:32.390,0.313,0.238,0.801,29.876146635225496,-50.08674761976623,78.53780782697527,3.0
2016-08-02 15:22:32.400,0.324,0.199,0.73,36.170327402080865,-53.913482008889005,78.05433665940154,3.0
2016-08-02 15:22:32.410,0.316,0.242,0.734,35.592081658922545,-57.516056841890446,76.67245506510046,3.0
2016-08-02 15:22:32.420,0.344,0.363,0.836,27.439385379918345,-61.667263153294336,74.8854127361457,3.0
2016-08-02 15:22:32.430,0.383,0.453,0.898,17.632900669364354,-64.22642130997808,74.15850435078042,3.0
2016-08-02 15:22:32.440,0.402,0.422,0.953,12.47108089142508,-66.30660826710383,75.98288714267912,3.0
2016-08-02 15:22:32.450,0.449,0.367,0.996,15.865647125610792,-69.37461999312403,76.12553017951251,3.0
2016-08-02 15:22:32.460,0.52,0.379,0.949,25.18039910685797,-68.93698501881255,74.66775715674552,3.0
2016-08-02 15:22:32.470,0.527,0.332,0.805,32.85256030009731,-66.50837733012179,73.84549923212487,3.0
2016-08-02 15:22:32.480,0.461,0.281,0.699,34.58380207585302,-69.62248126931343,72.01420752053012,3.0
2016-08-02 15:22:32.490,0.414,0.281,0.711,32.335643035451554,-77.74292612861439,71.13739489804576,3.0
2016-08-02 15:22:32.500,0.434,0.34,0.805,29.920782506964738,-85.81225003290021,73.14083705512928,3.0
2016-08-02 15:22:32.510,0.523,0.387,0.906,29.307799679982587,-90.27037419752274,74.38261055696736,3.0
2016-08-02 15:22:32.520,0.605,0.383,0.941,29.248177622550994,-88.55677317732756,73.53420391919897,3.0
2016-08-02 15:22:32.530,0.641,0.453,0.906,22.202555141503577,-82.86568437760411,71.92498718124583,3.0
2016-08-02 15:22:32.540,0.648,0.488,0.848,6.020418676556107,-81.46472825314541,69.51866557925749,3.0
2016-08-02 15:22:32.550,0.633,0.379,0.758,-6.605417530599972,-87.66618859576963,68.3039064953221,3.0
2016-08-02 15:22:32.560,0.605,0.25,0.699,-7.0963240816917175,-94.60411903470934,68.94780738676555,3.0
2016-08-02 15:22:32.570,0.621,0.242,0.742,1.413162548568128,-99.75505380021374,67.95037471344021,3.0
2016-08-02 15:22:32.580,0.703,0.27,0.828,14.616853213383237,-104.00723395249807,65.95389344903363,3.0
2016-08-02 15:22:32.590,0.801,0.34,0.918,24.25118431569549,-101.39904297219294,65.56986586340594,3.0
2016-08-02 15:22:32.600,0.863,0.445,0.918,21.712948550014776,-94.18934334810365,64.59829553525378,3.0
2016-08-02 15:22:32.610,0.867,0.398,0.801,11.811405501485737,-93.22408694858191,62.899822829611104,3.0
2016-08-02 15:22:32.620,0.824,0.313,0.688,3.4929848131984973,-96.62246824793378,62.67316891030049,3.0
2016-08-02 15:22:32.630,0.801,0.277,0.613,-2.643240786412316,-99.03214957215175,62.619383474819074,3.0
2016-08-02 15:22:32.640,0.797,0.258,0.586,-5.243268586378425,-103.52872664606134,62.04065917660084,3.0
2016-08-02 15:22:32.650,0.824,0.289,0.656,-2.5850588309774927,-108.32816392761711,61.82846612611276,3.0
2016-08-02 15:22:32.660,0.906,0.332,0.746,2.079697244774683,-109.76653340526556,61.917842944679435,3.0
2016-08-02 15:22:32.670,1.008,0.344,0.809,8.286490743629157,-108.5549357099123,60.97099484400212,3.0
2016-08-02 15:22:32.680,1.055,0.359,0.813,15.67202079341504,-103.63556912242325,57.010772398460425,3.0
2016-08-02 15:22:32.690,1.055,0.301,0.73,20.8757518134738,-98.3960975949276,52.67728120754325,3.0
2016-08-02 15:22:32.700,1.0,0.203,0.602,23.572226650617992,-97.64260883028453,51.79038260904974,3.0
2016-08-02 15:22:32.710,0.926,0.145,0.5,23.17297045652099,-99.2267495255266,52.31338123968141,3.0
2016-08-02 15:22:32.720,0.891,0.188,0.484,18.016477488181884,-102.15954631276894,53.05756190684852,3.0
2016-08-02 15:22:32.730,0.918,0.246,0.52,11.288010008290312,-105.86218921488621,56.25128649717659,3.0
2016-08-02 15:22:32.740,0.988,0.277,0.547,8.97096885768368,-106.80869829958418,61.06086601677518,3.0
2016-08-02 15:22:32.750,1.066,0.297,0.59,11.66812103817288,-103.86542709510098,63.62460371431723,3.0
2016-08-02 15:22:32.760,1.129,0.324,0.633,13.468830458165645,-98.30381785692086,62.55068657058642,3.0
2016-08-02 15:22:32.770,1.156,0.258,0.586,13.323788925741502,-92.40122707213362,60.78070285389064,3.0
2016-08-02 15:22:32.780,1.148,0.145,0.488,17.13432102256273,-87.27407490633048,59.707700019317855,3.0
2016-08-02 15:22:32.790,1.121,0.094,0.414,24.092040760862798,-82.1892216912197,56.81440216162588,3.0
2016-08-02 15:22:32.800,1.113,0.141,0.402,26.913722335082483,-77.69101665085053,52.2184480354546,3.0
2016-08-02 15:22:32.810,1.148,0.203,0.426,24.850511586210782,-74.45666329053012,49.005395255729894,3.0
2016-08-02 15:22:32.820,1.207,0.207,0.473,22.797264132928024,-71.26732857067469,47.24318203895941,3.0
2016-08-02 15:22:32.830,1.23,0.176,0.5,22.570887188892335,-66.79691883589454,44.53685477389476,3.0
2016-08-02 15:22:32.840,1.215,0.129,0.473,22.614974880368145,-62.010216742179466,40.3171519987017,3.0
2016-08-02 15:22:32.850,1.191,0.098,0.43,21.683364160470763,-58.64792090233906,35.995720361390156,3.0
2016-08-02 15:22:32.860,1.184,0.105,0.41,19.96063629358184,-55.86799129780181,31.89240186709851,3.0
2016-08-02 15:22:32.870,1.18,0.109,0.41,17.832332150439946,-51.90171191390266,27.50723385638947,3.0
2016-08-02 15:22:32.880,1.176,0.098,0.422,16.037088205412314,-46.843203836043365,23.4510465458834,3.0
2016-08-02 15:22:32.890,1.168,0.094,0.445,16.055331997645467,-41.395118623170944,19.392004431459245,3.0
2016-08-02 15:22:32.900,1.141,0.086,0.453,17.108748499861317,-35.74237086524013,14.920033348174758,3.0
2016-08-02 15:22:32.910,1.098,0.059,0.426,17.62286784538604,-30.619716065397046,11.617869685438517,3.0
2016-08-02 15:22:32.920,1.059,0.039,0.406,19.062536437201324,-26.676881940039582,9.335080174783855,3.0
2016-08-02 15:22:32.930,1.051,0.055,0.41,21.73618797847709,-22.804943434555398,6.748210135399934,3.0
2016-08-02 15:22:32.940,1.055,0.074,0.41,22.835312821199718,-17.932796025278734,5.0222518987567115,3.0
2016-08-02 15:22:32.950,1.051,0.086,0.398,21.73615812176352,-13.13897447343331,4.539726185999629,3.0
2016-08-02 15:22:32.960,1.039,0.078,0.395,20.823485711794895,-9.441028517659042,3.513383857211913,3.0
2016-08-02 15:22:32.970,1.004,0.074,0.395,21.241708211822974,-5.914200269916619,1.6804408757775056,3.0
2016-08-02 15:22:32.980,0.973,0.059,0.406,20.78580221366179,-2.9611032571651217,0.18179653577188623,3.0
2016-08-02 15:22:32.990,0.973,0.039,0.422,18.115331513363916,-2.6384483078192336,-0.5601893035595564,3.0
2016-08-02 15:22:33.000,0.973,0.035,0.426,16.50426936639297,-3.170161391699109,-0.8037198720995455,3.0
2016-08-02 15:22:33.010,0.973,0.047,0.41,17.72125351855839,-1.1680374793297592,-0.7776558208958546,3.0
2016-08-02 15:22:33.020,0.965,0.074,0.383,18.722842012439017,1.88505008336141,-0.33690129300436544,3.0
2016-08-02 15:22:33.030,0.965,0.074,0.371,18.02708424285631,3.5274820145633017,0.5578457146615616,3.0
2016-08-02 15:22:33.040,0.965,0.078,0.371,16.786962506594165,4.714184911976309,1.1011087135534203,3.0
2016-08-02 15:22:33.050,0.965,0.082,0.379,15.261836506466818,5.91519533912517,0.42082929940821034,3.0
2016-08-02 15:22:33.060,0.973,0.078,0.391,13.313476712744887,6.496468486121099,-0.8979791450883801,3.0
2016-08-02 15:22:33.070,0.984,0.082,0.402,11.189402621714017,7.0161784399196545,-1.770133993614003,3.0
2016-08-02 15:22:33.080,1.0,0.082,0.402,9.892589748792577,7.74489134111491,-2.245924762678716,3.0
2016-08-02 15:22:33.090,1.0,0.078,0.391,10.67244424468785,8.842417705446849,-2.687701741343728,3.0
2016-08-02 15:22:33.100,1.008,0.082,0.395,12.464270197357221,10.751326511119462,-3.3855306725586836,3.0
2016-08-02 15:22:33.110,1.027,0.09,0.395,12.958892593901242,12.937073754090889,-4.85841242521801,3.0
2016-08-02 15:22:33.120,1.043,0.109,0.375,11.332119476818463,14.971374553116807,-7.187592182444547,3.0
2016-08-02 15:22:33.130,1.051,0.117,0.383,7.35273738821686,16.553278453862347,-10.205384349194386,3.0
2016-08-02 15:22:33.140,1.055,0.117,0.395,1.970713262030842,17.1282773961911,-13.411349261665006,3.0
2016-08-02 15:22:33.150,1.063,0.113,0.41,-1.5693715554023466,17.51005427557279,-16.33115577930543,3.0
2016-08-02 15:22:33.160,1.074,0.121,0.426,-1.835340433096726,19.172453987314302,-19.565792707490644,3.0
2016-08-02 15:22:33.170,1.094,0.125,0.43,-0.9172723670019852,22.315664025259444,-23.401540519044246,3.0
2016-08-02 15:22:33.180,1.109,0.129,0.414,-0.6008240611609219,26.158394022962035,-27.428011606696373,3.0
2016-08-02 15:22:33.190,1.109,0.133,0.391,-1.9879629423691338,29.736401267193912,-31.41736823910134,3.0
2016-08-02 15:22:33.200,1.102,0.148,0.395,-5.8655935923533375,32.1405918857123,-34.9737905036218,3.0
2016-08-02 15:22:33.210,1.117,0.168,0.41,-9.98007272433454,34.00480772866175,-38.07703277960556,3.0
2016-08-02 15:22:33.220,1.141,0.199,0.426,-12.162500081187073,37.0621444245228,-41.05242984081219,3.0
2016-08-02 15:22:33.230,1.156,0.195,0.43,-13.925212739554873,40.49835020413428,-43.79209792198133,3.0
2016-08-02 15:22:33.240,1.156,0.172,0.43,-15.397267094586507,42.975501449587554,-46.25852249491928,3.0
2016-08-02 15:22:33.250,1.137,0.184,0.402,-15.265741939706082,45.90503332677895,-48.609852955418184,3.0
2016-08-02 15:22:33.260,1.121,0.223,0.402,-16.28934482941804,49.3756702494274,-50.488146575487725,3.0
2016-08-02 15:22:33.270,1.121,0.281,0.457,-20.373223511860207,51.687095262228624,-51.59096565943993,3.0
2016-08-02 15:22:33.280,1.145,0.316,0.512,-23.296821287608072,53.70509500754592,-52.473526833720705,3.0
2016-08-02 15:22:33.290,1.168,0.301,0.539,-22.070874695474977,57.466871796235125,-53.836453783859376,3.0
2016-08-02 15:22:33.300,1.18,0.277,0.559,-19.05097411546358,62.32654730488121,-56.86908438394971,3.0
2016-08-02 15:22:33.310,1.16,0.277,0.563,-16.014994121866867,65.771118916596,-61.79155462095376,3.0
2016-08-02 15:22:33.320,1.129,0.266,0.52,-14.1804303278169,67.9039687568397,-65.35074395755854,3.0
2016-08-02 15:22:33.330,1.086,0.297,0.492,-17.010401805835254,70.68206991450043,-66.44991936916014,3.0
2016-08-02 15:22:33.340,1.063,0.348,0.52,-23.63369409614504,72.57027690502052,-68.27599004813338,3.0
2016-08-02 15:22:33.350,1.074,0.383,0.582,-27.350711178054574,72.44775167118745,-71.13567872334508,3.0
2016-08-02 15:22:33.360,1.098,0.383,0.637,-25.567376058649785,73.95118176889284,-73.31199102929277,3.0
2016-08-02 15:22:33.370,1.098,0.371,0.648,-22.454992157166892,78.3022763139964,-75.07831523558903,3.0
2016-08-02 15:22:33.380,1.066,0.348,0.625,-21.596947283729474,81.93994419872303,-77.18216687902223,3.0
2016-08-02 15:22:33.390,1.0,0.336,0.625,-22.233749240132063,82.91853835981999,-79.49760347559425,3.0
2016-08-02 15:22:33.400,0.945,0.344,0.633,-22.189935025811046,82.31904663483078,-80.34271973475262,3.0
2016-08-02 15:22:33.410,0.922,0.367,0.648,-20.804860255340195,81.24652242465194,-79.1611500207425,3.0
2016-08-02 15:22:33.420,0.934,0.402,0.672,-17.749813338336235,80.38921501941705,-78.8248305157446,3.0
2016-08-02 15:22:33.430,0.945,0.414,0.695,-12.688149726938684,80.47861346361051,-80.98042126917196,3.0
2016-08-02 15:22:33.440,0.949,0.422,0.711,-8.667376610826828,81.45911223790783,-83.89461485636916,3.0
2016-08-02 15:22:33.450,0.941,0.453,0.73,-9.256430026203295,82.42035269000684,-86.73925226851348,3.0
2016-08-02 15:22:33.460,0.93,0.496,0.75,-12.715787097343513,82.74150461252958,-89.25260009573091,3.0
2016-08-02 15:22:33.470,0.898,0.477,0.727,-14.630965966252052,82.9666627092114,-89.68272892510733,3.0
2016-08-02 15:22:33.480,0.852,0.441,0.707,-13.249543031833603,83.71387685970262,-89.09286936784564,3.0
2016-08-02 15:22:33.490,0.828,0.445,0.703,-10.145838967124238,84.42824202978699,-89.86855735530811,3.0
2016-08-02 15:22:33.500,0.797,0.461,0.691,-7.488372863490064,84.97653191799309,-90.5158754301638,3.0
2016-08-02 15:22:33.510,0.766,0.492,0.688,-7.806308284056402,85.3298091605699,-90.56146400673316,3.0
2016-08-02 15:22:33.520,0.742,0.531,0.699,-12.82673383017125,83.89116930105865,-91.41777075756778,3.0
2016-08-02 15:22:33.530,0.723,0.539,0.727,-20.349289314195843,81.26131247431107,-91.5081042652232,3.0
2016-08-02 15:22:33.540,0.695,0.496,0.738,-26.36967483315106,79.44902567871125,-90.13528175332769,3.0
2016-08-02 15:22:33.550,0.68,0.465,0.746,-28.027293591498402,77.6289672484523,-88.98402590676983,3.0
2016-08-02 15:22:33.560,0.66,0.406,0.723,-25.081482512888243,76.36589298608074,-87.59289203860116,3.0
2016-08-02 15:22:33.570,0.637,0.445,0.715,-21.69979374462966,77.09303867651528,-85.78539961494081,3.0
2016-08-02 15:22:33.580,0.625,0.52,0.719,-21.538528150057044,77.55665410744118,-85.51344474330905,3.0
2016-08-02 15:22:33.590,0.598,0.492,0.68,-25.338544859673817,77.1054239129502,-84.35143536458462,3.0
2016-08-02 15:22:33.600,0.555,0.5,0.66,-33.92903042656674,76.76493327096034,-80.24284430176954,3.0
2016-08-02 15:22:33.610,0.539,0.48,0.68,-41.46121129871445,73.8634548997222,-77.65475509692448,3.0
2016-08-02 15:22:33.620,0.531,0.449,0.688,-42.766949020993785,69.72483756225873,-75.72630878767905,3.0
2016-08-02 15:22:33.630,0.52,0.441,0.707,-43.080725984832526,68.6938711915033,-71.89729388348607,3.0
2016-08-02 15:22:33.640,0.5,0.453,0.727,-43.006930751442596,68.03031196029835,-69.54817605665211,3.0
2016-08-02 15:22:33.650,0.465,0.449,0.738,-41.28078828427734,66.86433958717537,-66.09077403706539,3.0
2016-08-02 15:22:33.660,0.434,0.449,0.773,-40.135989913725105,67.71742696182673,-59.74229555512274,3.0
2016-08-02 15:22:33.670,0.395,0.402,0.789,-34.16243097419058,68.903832337923,-55.74987199415749,3.0
2016-08-02 15:22:33.680,0.359,0.391,0.75,-21.72319530303469,71.40910478615194,-53.12765489712585,3.0
2016-08-02 15:22:33.690,0.328,0.418,0.695,-11.287650409429709,75.73978493152796,-49.62358969038859,3.0
2016-08-02 15:22:33.700,0.297,0.465,0.664,-8.869952466823165,77.10569375944712,-47.054440739789904,3.0
2016-08-02 15:22:33.710,0.285,0.523,0.648,-16.288079852209197,74.94044289511226,-44.42500338291188,3.0
2016-08-02 15:22:33.720,0.27,0.543,0.66,-29.34194679626086,72.1580219628802,-41.6087620135514,3.0
2016-08-02 15:22:33.730,0.258,0.523,0.711,-38.4620520852974,69.45591520611711,-40.25637047951672,3.0
2016-08-02 15:22:33.740,0.27,0.469,0.754,-39.54789473832196,66.19110595333774,-40.348294220325585,3.0
2016-08-02 15:22:33.750,0.293,0.414,0.766,-36.75224438067953,61.35061591157178,-42.04796726597566,3.0
2016-08-02 15:22:33.760,0.309,0.402,0.762,-34.983715044871914,55.18862455102632,-45.123774405692615,3.0
2016-08-02 15:22:33.770,0.313,0.441,0.77,-35.9374155038119,48.53708253388126,-48.16900201066251,3.0
2016-08-02 15:22:33.780,0.313,0.477,0.777,-40.707182149977456,42.20446488980531,-48.90375313114222,3.0
2016-08-02 15:22:33.790,0.301,0.488,0.801,-49.106533961300315,37.62980255143972,-46.75097808733801,3.0
2016-08-02 15:22:33.800,0.289,0.48,0.824,-55.358221785100326,34.15897476757885,-44.84579586550241,3.0
2016-08-02 15:22:33.810,0.277,0.418,0.859,-52.934354015574165,30.46130517940791,-43.99471485484153,3.0
2016-08-02 15:22:33.820,0.273,0.371,0.902,-43.39258628872017,27.206136128954387,-42.579121795336306,3.0
2016-08-02 15:22:33.830,0.27,0.32,0.902,-31.577106007152718,23.297022312765083,-41.982191065528966,3.0
2016-08-02 15:22:33.840,0.262,0.332,0.891,-21.245721238743684,17.825369924636323,-42.29063441924889,3.0
2016-08-02 15:22:33.850,0.227,0.352,0.895,-16.618482738114693,13.27616656202657,-41.73814599980592,3.0
2016-08-02 15:22:33.860,0.184,0.355,0.902,-16.215189965615302,9.840369337402326,-40.91153871522862,3.0
2016-08-02 15:22:33.870,0.148,0.344,0.871,-14.41796975733346,5.614101376780966,-40.288992690468504,3.0
2016-08-02 15:22:33.880,0.133,0.352,0.832,-10.512593757646863,1.5535312474824192,-38.984686849894416,3.0
2016-08-02 15:22:33.890,0.141,0.371,0.773,-7.887261228404485,-0.7043616379069836,-36.73914943906208,3.0
2016-08-02 15:22:33.900,0.141,0.383,0.707,-9.151994398320195,-1.5544309082559695,-34.9815732274066,3.0
2016-08-02 15:22:33.910,0.117,0.426,0.691,-15.249881180767701,-1.253152712523107,-33.98985861831005,3.0
2016-08-02 15:22:33.920,0.098,0.43,0.684,-24.82665346470174,0.24010776993205868,-32.33645573013685,3.0
2016-08-02 15:22:33.930,0.094,0.422,0.695,-34.5939793744561,1.7927766719417553,-30.530143441963254,3.0
2016-08-02 15:22:33.940,0.094,0.375,0.68,-42.50038517408399,3.8402860803677132,-28.55935642984794,3.0
2016-08-02 15:22:33.950,0.094,0.34,0.676,-47.36809214649827,7.799005218180456,-24.664927855382494,3.0
2016-08-02 15:22:33.960,0.109,0.305,0.68,-48.3331044285057,13.18298184074527,-19.704676315590433,3.0
2016-08-02 15:22:33.970,0.113,0.289,0.664,-47.76751328869102,19.04251799870499,-15.836697801292692,3.0
2016-08-02 15:22:33.980,0.102,0.297,0.629,-50.885735417147124,23.743851812609854,-13.162500090099009,3.0
2016-08-02 15:22:33.990,0.098,0.297,0.617,-59.94187973964833,25.745156459626028,-10.892107469448414,3.0
2016-08-02 15:22:34.000,0.113,0.289,0.648,-71.47790247984638,26.468321011930524,-8.20217518018705,3.0
2016-08-02 15:22:34.010,0.109,0.242,0.715,-78.30266537983242,27.24436697694056,-5.4905488847877315,3.0
2016-08-02 15:22:34.020,0.09,0.184,0.754,-73.82979386549411,26.612190026298553,-3.469738313020981,3.0
2016-08-02 15:22:34.030,0.086,0.141,0.785,-60.32332701649855,23.786411577867725,-0.9516704107358436,3.0
2016-08-02 15:22:34.040,0.09,0.145,0.82,-46.55407259301923,20.379699838085457,1.7240933231655409,3.0
2016-08-02 15:22:34.050,0.074,0.199,0.828,-37.895628729724585,17.73905870938889,3.6261357872631317,3.0
2016-08-02 15:22:34.060,0.059,0.23,0.801,-36.281402313682605,15.307400170468025,6.318198369537198,3.0
2016-08-02 15:22:34.070,0.063,0.238,0.758,-40.02028654060337,12.509410481167704,9.810929324026201,3.0
2016-08-02 15:22:34.080,0.074,0.203,0.734,-43.60306645581029,9.212541089359046,12.894027222395444,3.0
2016-08-02 15:22:34.090,0.094,0.168,0.75,-42.70697800624737,4.904391049102805,15.452680423040047,3.0
2016-08-02 15:22:34.100,0.074,0.18,0.785,-37.18040213409294,0.5502052788685301,16.437347662978226,3.0
2016-08-02 15:22:34.110,0.039,0.207,0.785,-32.69328525910208,-2.363575290574742,16.2284403169357,3.0
2016-08-02 15:22:34.120,0.031,0.211,0.793,-34.0766677265905,-3.5729645135876726,16.957793552915163,3.0
2016-08-02 15:22:34.130,0.047,0.191,0.816,-37.64515703073919,-3.121875810419674,18.073350473968617,3.0
2016-08-02 15:22:34.140,0.051,0.168,0.82,-38.9900292562111,-2.2034672341781896,18.309921705202974,3.0
2016-08-02 15:22:34.150,0.059,0.156,0.824,-38.59452769975232,-2.3045154135847845,18.015833926099887,3.0
2016-08-02 15:22:34.160,0.074,0.125,0.824,-37.60779890353186,-3.548614403990179,17.55993774194467,3.0
2016-08-02 15:22:34.170,0.086,0.109,0.816,-36.135482580100636,-5.693506403134111,17.107805976350527,3.0
2016-08-02 15:22:34.180,0.09,0.117,0.816,-33.7766152325743,-8.138420491683846,16.0270379361534,3.0
2016-08-02 15:22:34.190,0.078,0.117,0.828,-31.95141580607232,-9.753856435975898,14.227653697363692,3.0
2016-08-02 15:22:34.200,0.055,0.113,0.844,-31.867598842788105,-10.016173668393119,13.078858677361152,3.0
2016-08-02 15:22:34.210,0.043,0.105,0.855,-31.684256743351423,-9.82169443441027,12.729899701337485,3.0
2016-08-02 15:22:34.220,0.066,0.09,0.848,-31.680337633317244,-10.479109524138178,12.443914946489606,3.0
2016-08-02 15:22:34.230,0.082,0.086,0.836,-32.6999870025663,-11.831295860639793,11.653317855219278,3.0
2016-08-02 15:22:34.240,0.105,0.074,0.855,-32.227861828181254,-12.776090989628408,9.845807918881052,3.0
2016-08-02 15:22:34.250,0.125,0.059,0.883,-29.303355398530865,-12.808754025751682,7.133139125560394,3.0
2016-08-02 15:22:34.260,0.129,0.066,0.891,-26.00664362294127,-11.759947308800019,3.810351482734324,3.0
2016-08-02 15:22:34.270,0.141,0.063,0.902,-24.859549111699636,-9.214206915493278,0.6071987681557367,3.0
2016-08-02 15:22:34.280,0.125,0.047,0.93,-25.40279507337993,-5.1979930922425135,-1.9885226498909898,3.0
2016-08-02 15:22:34.290,0.09,0.035,0.953,-24.158065527113294,-1.0818678234373982,-4.252263179278604,3.0
2016-08-02 15:22:34.300,0.098,0.012,0.934,-21.242538194702526,1.2786509562507913,-5.920439657890704,3.0
2016-08-02 15:22:34.310,0.141,0.004,0.895,-19.449978558611917,1.9988527380903913,-7.530905814271304,3.0
2016-08-02 15:22:34.320,0.16,0.02,0.875,-18.71812791751767,3.004474408709351,-10.155101051224335,3.0
2016-08-02 15:22:34.330,0.152,0.02,0.879,-17.744595853883514,4.798956469790582,-13.12528719358502,3.0
2016-08-02 15:22:34.340,0.129,0.016,0.891,-15.41282484163882,6.354587261534386,-15.718146268731395,3.0
2016-08-02 15:22:34.350,0.113,0.004,0.918,-11.803364758380201,7.295511483938205,-17.56152461184611,3.0
2016-08-02 15:22:34.360,0.121,0.008,0.957,-8.504030640028153,7.7641735025511665,-17.904540687392196,3.0
2016-08-02 15:22:34.370,0.113,-0.02,0.996,-3.6633972746068766,7.925267147879222,-17.531699626380746,3.0
2016-08-02 15:22:34.380,0.102,-0.039,1.012,5.731517226360593,7.785585595414183,-17.880986355978767,3.0
2016-08-02 15:22:34.390,0.098,-0.016,0.996,15.915626128236156,7.274974142477465,-18.717813678342143,3.0
2016-08-02 15:22:34.400,0.105,0.012,0.969,21.57860080904179,6.856828448707497,-19.08437543140436,3.0
2016-08-02 15:22:34.410,0.102,0.027,0.949,24.171691272235513,6.413654772127386,-18.903800617411818,3.0
2016-08-02 15:22:34.420,0.094,0.055,0.93,26.31950327713031,5.0626410372247435,-18.602824859434985,3.0
2016-08-02 15:22:34.430,0.094,0.086,0.91,26.64464870197614,3.0289353395854417,-18.09372156536763,3.0
2016-08-02 15:22:34.440,0.098,0.086,0.91,25.33020005641383,1.1416617706006262,-17.33479531146282,3.0
2016-08-02 15:22:34.450,0.098,0.074,0.918,25.865544531120154,-0.505561731628317,-16.834944270344977,3.0
2016-08-02 15:22:34.460,0.102,0.07,0.934,28.993844116445278,-1.9350927275828105,-16.711599952616425,3.0
2016-08-02 15:22:34.470,0.102,0.082,0.93,31.68393837562627,-2.923671821966713,-16.500490214135965,3.0
2016-08-02 15:22:34.480,0.102,0.098,0.93,32.011561045494744,-3.5083917563229474,-15.981672179179668,3.0
2016-08-02 15:22:34.490,0.105,0.117,0.926,30.713210480535174,-3.99816478376,-15.437177282016414,3.0
2016-08-02 15:22:34.500,0.102,0.133,0.926,29.16320977333351,-4.703613043429446,-15.118129054951783,3.0
2016-08-02 15:22:34.510,0.109,0.121,0.926,28.249640407101417,-5.567292960303446,-15.047395379102696,3.0
2016-08-02 15:22:34.520,0.109,0.117,0.918,28.23277815356627,-6.020778917536786,-15.323432241212267,3.0
2016-08-02 15:22:34.530,0.105,0.113,0.906,28.550185101874316,-5.760328125948211,-15.866256190881709,3.0
2016-08-02 15:22:34.540,0.094,0.121,0.891,28.096804776028293,-5.016540316493692,-16.260890747588604,3.0
2016-08-02 15:22:34.550,0.09,0.133,0.887,26.649573265025506,-4.074628926045015,-16.346234229608832,3.0
2016-08-02 15:22:34.560,0.094,0.133,0.883,25.78430816416317,-3.2399538061342765,-16.287682740189894,3.0
2016-08-02 15:22:34.570,0.094,0.133,0.879,26.71764070591631,-2.714256416575398,-16.117753548028304,3.0
2016-08-02 15:22:34.580,0.098,0.133,0.871,28.537929601480094,-2.498155498036831,-15.814503063676185,3.0
2016-08-02 15:22:34.590,0.105,0.137,0.863,30.274980788348635,-2.533503189359821,-15.519076198425601,3.0
2016-08-02 15:22:34.600,0.098,0.145,0.852,31.506094259937292,-2.6466134863599184,-15.33506415742865,3.0
2016-08-02 15:22:34.610,0.094,0.16,0.84,31.242638082761367,-2.55753730052408,-15.267788988375075,3.0
2016-08-02 15:22:34.620,0.09,0.164,0.836,29.89016015390552,-2.1671983805998636,-15.403552349623709,3.0
2016-08-02 15:22:34.630,0.078,0.156,0.828,29.364211856569266,-1.8336183595746414,-15.73006298138861,3.0
2016-08-02 15:22:34.640,0.066,0.152,0.816,29.99287567821407,-1.8583005000274762,-15.850210018863791,3.0
2016-08-02 15:22:34.650,0.066,0.164,0.813,31.00733471269538,-1.824845027625183,-15.286091736809716,3.0
2016-08-02 15:22:34.660,0.07,0.168,0.828,33.25193966177218,-1.143446492369998,-14.247054057497593,3.0
2016-08-02 15:22:34.670,0.078,0.152,0.84,38.375305606529935,0.17652386677337506,-13.525635986455624,3.0
2016-08-02 15:22:34.680,0.082,0.152,0.836,45.107424681445366,1.5755612035381477,-13.201609242589015,3.0
2016-08-02 15:22:34.690,0.086,0.172,0.805,49.33969957450962,2.4849370699067945,-12.653339081345955,3.0
2016-08-02 15:22:34.700,0.086,0.191,0.766,49.40759900264696,2.750935357409457,-12.06360225376113,3.0
2016-08-02 15:22:34.710,0.086,0.215,0.73,47.32488470104123,2.4877555296871017,-12.031774375663847,3.0
2016-08-02 15:22:34.720,0.074,0.238,0.73,44.89638461828951,2.053633552058849,-11.911977231704846,3.0
2016-08-02 15:22:34.730,0.059,0.246,0.746,43.277058465653575,1.7757698763471357,-10.668150217091979,3.0
2016-08-02 15:22:34.740,0.047,0.25,0.77,44.03760631595477,1.6222911393970962,-8.440516994700346,3.0
2016-08-02 15:22:34.750,0.066,0.246,0.773,46.66990991603856,2.1631765524855924,-5.692633420750761,3.0
2016-08-02 15:22:34.760,0.086,0.25,0.773,48.658265840556645,3.8193119686682353,-2.8292256181183535,3.0
2016-08-02 15:22:34.770,0.094,0.27,0.773,49.670018348144595,5.3560613752425486,-0.4458482714079237,3.0
2016-08-02 15:22:34.780,0.102,0.262,0.762,51.26769486346434,5.6739216880241585,1.4081378345816624,3.0
2016-08-02 15:22:34.790,0.105,0.246,0.727,53.498995077568715,4.7082524182297485,2.8527362798500056,3.0
2016-08-02 15:22:34.800,0.105,0.266,0.695,54.1694093442283,2.52434930692928,4.351585293081923,3.0
2016-08-02 15:22:34.810,0.098,0.309,0.684,50.38906559859363,0.008019244633784617,6.937013297435625,3.0
2016-08-02 15:22:34.820,0.082,0.352,0.684,42.498152552266674,-1.4914307954368249,10.407492516831248,3.0
2016-08-02 15:22:34.830,0.07,0.379,0.699,35.03363039451647,-1.488052066247077,14.105497574293775,3.0
2016-08-02 15:22:34.840,0.063,0.371,0.73,31.67822200868931,0.09545616530471901,18.85353401556011,3.0
2016-08-02 15:22:34.850,0.063,0.359,0.754,32.51356578615851,2.7002452998686612,24.859618402405182,3.0
2016-08-02 15:22:34.860,0.066,0.34,0.738,35.77662992426309,4.876171263228406,30.66469259097191,3.0
2016-08-02 15:22:34.870,0.07,0.332,0.719,39.47595311889054,5.372608508167889,35.329423850042275,3.0
2016-08-02 15:22:34.880,0.078,0.32,0.699,41.41777296386235,3.134269360419693,38.46568883499846,3.0
2016-08-02 15:22:34.890,0.109,0.355,0.699,38.811303367024124,-0.8892417167187212,39.9676187856209,3.0
2016-08-02 15:22:34.900,0.133,0.43,0.727,30.304187055129507,-3.1191132614280623,40.95853573471773,3.0
2016-08-02 15:22:34.910,0.113,0.477,0.781,18.782015946493594,-2.6094231665953966,42.729003947796734,3.0
2016-08-02 15:22:34.920,0.074,0.484,0.809,10.189321842849075,-1.8584054602047224,46.38916939480258,3.0
2016-08-02 15:22:34.930,0.063,0.457,0.813,9.205872338108732,-1.7586098779911779,52.9670327497451,3.0
2016-08-02 15:22:34.940,0.086,0.402,0.809,16.862102390083493,-2.0291406753009085,60.33796593967319,3.0
2016-08-02 15:22:34.950,0.121,0.375,0.793,29.386914090620454,-3.1660236918345035,64.51978997511522,3.0
2016-08-02 15:22:34.960,0.152,0.391,0.773,36.41020476621055,-3.8397982779917355,65.74079445777664,3.0
2016-08-02 15:22:34.970,0.16,0.434,0.734,28.546986904258603,-3.413664622479729,66.00697079847623,3.0
2016-08-02 15:22:34.980,0.148,0.527,0.703,9.438569238336223,-4.548389123236236,65.52689214804026,3.0
2016-08-02 15:22:34.990,0.125,0.582,0.73,-8.439984641821283,-7.08854210532491,66.92917276429259,3.0
2016-08-02 15:22:35.000,0.094,0.539,0.805,-15.937777179670173,-10.231378445994046,72.11020179083924,3.0
2016-08-02 15:22:35.010,0.09,0.434,0.871,-10.857455087468455,-17.18944463672315,77.47219860756097,3.0
2016-08-02 15:22:35.020,0.121,0.367,0.883,2.3946700981535565,-26.018583214780087,80.47415778513623,3.0
2016-08-02 15:22:35.030,0.18,0.387,0.887,14.329779493315304,-29.96456513463557,81.14040920136142,3.0
2016-08-02 15:22:35.040,0.223,0.473,0.887,17.443557184998514,-29.712283890449065,79.38757626781356,3.0
2016-08-02 15:22:35.050,0.238,0.523,0.879,14.896966427563626,-30.21932756890305,77.3599993797121,3.0
2016-08-02 15:22:35.060,0.223,0.496,0.914,15.327607755020072,-31.783399576034753,77.21921749362727,3.0
2016-08-02 15:22:35.070,0.23,0.422,0.91,18.30611171700651,-33.10783564789282,79.26169692562573,3.0
2016-08-02 15:22:35.080,0.27,0.387,0.848,18.07641191689129,-35.41268947316619,81.83774034405694,3.0
2016-08-02 15:22:35.090,0.313,0.395,0.813,14.707200978094395,-39.494200206525925,82.06631942888059,3.0
2016-08-02 15:22:35.100,0.344,0.453,0.809,8.830526041354245,-44.226895685276446,81.98133844236695,3.0
2016-08-02 15:22:35.110,0.352,0.516,0.785,0.4893711160320655,-50.509102695258896,84.35325413209434,3.0
2016-08-02 15:22:35.120,0.352,0.516,0.785,-4.850800550401329,-59.231883261070074,86.29644495087868,3.0
2016-08-02 15:22:35.130,0.348,0.445,0.801,-1.6490483670379756,-66.95609708902649,86.26090316926556,3.0
2016-08-02 15:22:35.140,0.363,0.383,0.879,8.136454605405188,-70.04887825828042,85.41867203674803,3.0
2016-08-02 15:22:35.150,0.406,0.348,0.93,11.995306339568042,-67.29344320820326,85.04266113736206,3.0
2016-08-02 15:22:35.160,0.453,0.402,0.902,-0.3620682846202161,-62.899279234233305,86.22365282349,3.0
2016-08-02 15:22:35.170,0.48,0.492,0.883,-17.892868488194956,-64.10062782399652,86.83948717191898,3.0
2016-08-02 15:22:35.180,0.488,0.457,0.91,-22.802588425695028,-68.8006974102943,85.82252174826507,3.0
2016-08-02 15:22:35.190,0.5,0.371,0.93,-12.101478920217206,-71.65611174308859,84.71215984059145,3.0
2016-08-02 15:22:35.200,0.512,0.305,0.871,4.5244277927377095,-73.92343419210208,83.29683084635322,3.0
2016-08-02 15:22:35.210,0.5,0.281,0.789,14.504215540959759,-78.15308332990533,81.41403862069004,3.0
2016-08-02 15:22:35.220,0.48,0.336,0.813,16.721636321474712,-85.46905949914364,78.47064114357612,3.0
2016-08-02 15:22:35.230,0.504,0.398,0.902,15.123434750405195,-90.04619580654693,76.04444485084294,3.0
2016-08-02 15:22:35.240,0.578,0.469,0.941,3.8287197903277406,-86.90387163822143,78.17405324196255,3.0
2016-08-02 15:22:35.250,0.633,0.5,0.902,-16.001774253838583,-85.56296588643747,81.47742938757159,3.0
2016-08-02 15:22:35.260,0.652,0.441,0.832,-30.4635651259174,-90.46579731669087,81.25969073901223,3.0
2016-08-02 15:22:35.270,0.668,0.367,0.801,-31.32782354422224,-94.42502649450688,80.82759918627626,3.0
2016-08-02 15:22:35.280,0.715,0.324,0.805,-18.538647601781836,-97.3324442912556,80.81153416835102,3.0
2016-08-02 15:22:35.290,0.758,0.266,0.766,0.009947602304870795,-99.88311727949059,76.88794759443343,3.0
2016-08-02 15:22:35.300,0.777,0.27,0.754,11.072971047256047,-99.84562435248282,71.22642988167395,3.0
2016-08-02 15:22:35.310,0.781,0.309,0.777,9.80052147023371,-100.20228298744873,68.50435111622834,3.0
2016-08-02 15:22:35.320,0.801,0.383,0.855,0.30093582732732815,-102.23367666041261,67.0092644062533,3.0
2016-08-02 15:22:35.330,0.848,0.473,0.934,-9.933860459199392,-102.85023980997092,65.36470702205891,3.0
2016-08-02 15:22:35.340,0.898,0.441,0.934,-14.009599299973862,-99.62510394043824,64.59471989366168,3.0
2016-08-02 15:22:35.350,0.902,0.344,0.832,-11.405117211202866,-95.8656314246181,63.1516213536421,3.0
2016-08-02 15:22:35.360,0.871,0.219,0.672,-5.068382921202452,-97.83200540159831,59.998313906995094,3.0
2016-08-02 15:22:35.370,0.844,0.184,0.582,2.096276418817709,-103.37469896490914,55.28713044439572,3.0
2016-08-02 15:22:35.380,0.867,0.277,0.625,6.504354792041703,-105.52522238255298,51.05922445280507,3.0
2016-08-02 15:22:35.390,0.922,0.355,0.719,4.236631839462271,-102.53083055338159,50.33456875922244,3.0
2016-08-02 15:22:35.400,0.961,0.398,0.801,-3.123359348496357,-99.26824739636774,50.361213226997265,3.0
2016-08-02 15:22:35.410,0.965,0.352,0.793,-5.843842760166749,-98.25843607005072,49.12887998614959,3.0
2016-08-02 15:22:35.420,0.938,0.207,0.703,-1.5232322526915543,-95.1563009417957,48.76159487169627,3.0
2016-08-02 15:22:35.430,0.898,0.164,0.605,1.1020653414701096,-91.8787701547694,48.229466819434776,3.0
2016-08-02 15:22:35.440,0.902,0.219,0.574,0.2553602060521459,-92.39118968681206,48.531610090825225,3.0
2016-08-02 15:22:35.450,0.93,0.25,0.598,2.4693364033280303,-92.32081961640468,51.831790809009085,3.0
2016-08-02 15:22:35.460,0.957,0.242,0.625,9.532568559765842,-89.92033324773081,54.09716593525499,3.0
2016-08-02 15:22:35.470,0.977,0.23,0.637,16.23361763960851,-86.88928318110234,53.553170143837995,3.0
2016-08-02 15:22:35.480,0.973,0.215,0.633,18.70514874347092,-84.48596014615373,53.79597215671359,3.0
2016-08-02 15:22:35.490,0.945,0.176,0.602,19.663752742097703,-85.47814865346105,55.51660764165642,3.0
2016-08-02 15:22:35.500,0.914,0.145,0.57,21.979768033998443,-88.06535232650907,57.43695012850658,3.0
2016-08-02 15:22:35.510,0.918,0.125,0.555,24.926474043587056,-88.38479986722902,59.71467005431744,3.0
2016-08-02 15:22:35.520,0.934,0.121,0.551,29.114467660512016,-87.37839555589323,61.94710700987429,3.0
2016-08-02 15:22:35.530,0.965,0.141,0.547,34.948482027579956,-86.07943536653683,63.61905533794679,3.0
2016-08-02 15:22:35.540,1.0,0.16,0.531,39.53360385459783,-83.75610827489102,64.72945426091947,3.0
2016-08-02 15:22:35.550,1.023,0.164,0.516,41.54910963604304,-81.5232844801395,64.99394595376396,3.0
2016-08-02 15:22:35.560,1.039,0.164,0.488,43.056434043172246,-80.83225070689376,64.8044897753319,3.0
2016-08-02 15:22:35.570,1.051,0.152,0.453,45.185672949551986,-80.57728765872147,64.60364070220135,3.0
2016-08-02 15:22:35.580,1.07,0.129,0.422,47.35141972908598,-78.98255734961583,63.939403230427835,3.0
2016-08-02 15:22:35.590,1.109,0.117,0.422,50.60455470822194,-76.01331767672153,62.049227012633445,3.0
2016-08-02 15:22:35.600,1.164,0.113,0.438,57.62355459846469,-70.98522216396502,58.36171368998762,3.0
2016-08-02 15:22:35.610,1.234,0.105,0.453,65.84953107494987,-61.50713775160912,53.73863024644271,3.0
2016-08-02 15:22:35.620,1.254,0.09,0.461,68.46051898019546,-50.94717026285447,49.00157828218643,3.0
2016-08-02 15:22:35.630,1.234,0.07,0.398,66.84414010520408,-45.822115301818705,43.20537853851266,3.0
2016-08-02 15:22:35.640,1.211,0.055,0.297,64.25557361283104,-43.23415631103009,36.98392593568244,3.0
2016-08-02 15:22:35.650,1.195,0.059,0.25,56.589558272352726,-39.871303322124504,31.142808507005334,3.0
2016-08-02 15:22:35.660,1.184,0.051,0.27,45.56803938705975,-38.6290737814483,24.675967073741454,3.0
2016-08-02 15:22:35.670,1.18,0.055,0.297,36.91591878902615,-37.2346383625031,18.539432010892693,3.0
2016-08-02 15:22:35.680,1.176,0.066,0.328,31.28959446725162,-32.59800938581287,12.883541237565348,3.0
2016-08-02 15:22:35.690,1.148,0.059,0.359,30.205896120618966,-25.7902616795034,7.031641960393419,3.0
2016-08-02 15:22:35.700,1.125,0.051,0.375,33.00433278432341,-17.900539193535984,2.728872375520667,3.0
2016-08-02 15:22:35.710,1.09,0.055,0.359,35.948641555484585,-11.976779496005108,-0.28281523839821343,3.0
2016-08-02 15:22:35.720,1.055,0.066,0.344,38.89563169615107,-8.55271007661413,-2.9364505896828055,3.0
2016-08-02 15:22:35.730,1.02,0.078,0.355,40.56875337152752,-4.780842693569773,-3.7943704016868494,3.0
2016-08-02 15:22:35.740,0.973,0.09,0.363,37.51832802973854,-2.3378924113143995,-2.721757151474906,3.0
2016-08-02 15:22:35.750,0.938,0.098,0.371,31.94990795070043,-2.925760954059575,-1.0740767190981242,3.0
2016-08-02 15:22:35.760,0.93,0.09,0.379,29.430382844165635,-3.172467522980193,0.04256847484819261,3.0
2016-08-02 15:22:35.770,0.938,0.082,0.371,30.49366386370221,-0.6482434357212913,0.12036288948206947,3.0
2016-08-02 15:22:35.780,0.945,0.086,0.355,30.748339851762736,2.7939559501026237,0.2153993234432593,3.0
2016-08-02 15:22:35.790,0.949,0.102,0.336,28.09853124008575,4.31777255177213,0.9142133525578935,3.0
2016-08-02 15:22:35.800,0.953,0.098,0.328,25.055984368136805,4.482711610247466,0.8503498513759576,3.0
2016-08-02 15:22:35.810,0.961,0.105,0.344,22.839756926796362,5.4462976324802375,-0.11040840039763508,3.0
2016-08-02 15:22:35.820,0.973,0.105,0.352,19.6816661788382,6.420434107027181,-1.0007755295538143,3.0
2016-08-02 15:22:35.830,0.984,0.109,0.355,15.57832057182311,6.356782533836248,-2.21514582732319,3.0
2016-08-02 15:22:35.840,1.004,0.105,0.359,12.54657691774442,6.735164634545113,-3.829092887549389,3.0
2016-08-02 15:22:35.850,1.016,0.102,0.352,10.742220864264223,8.282384782308972,-5.225303848390894,3.0
2016-08-02 15:22:35.860,1.012,0.117,0.336,8.812232232639184,9.562662799024407,-6.386206728208091,3.0
2016-08-02 15:22:35.870,1.008,0.137,0.328,7.1176100090301855,9.854643469741207,-7.152454987096402,3.0
2016-08-02 15:22:35.880,1.008,0.141,0.328,6.201603143746148,10.279406648529026,-7.4511952700957504,3.0
2016-08-02 15:22:35.890,1.016,0.141,0.328,4.6376908808304735,11.460381350084047,-7.840559161913852,3.0
2016-08-02 15:22:35.900,1.012,0.137,0.328,1.5815658326499078,12.556753106958386,-8.724970117920705,3.0
2016-08-02 15:22:35.910,1.004,0.141,0.332,-1.8432615409281148,13.202154468713642,-10.099155916434746,3.0
2016-08-02 15:22:35.920,1.004,0.148,0.348,-3.9935341278749488,14.371300288804546,-12.06481298494503,3.0
2016-08-02 15:22:35.930,1.016,0.145,0.352,-4.499028243601355,16.52051527465415,-14.533108708084686,3.0
2016-08-02 15:22:35.940,1.012,0.148,0.348,-4.449584938205923,18.43566241905883,-16.829972536975863,3.0
2016-08-02 15:22:35.950,1.004,0.156,0.352,-4.748330880348178,19.534627385746475,-18.599149110351306,3.0
2016-08-02 15:22:35.960,1.0,0.164,0.359,-6.354168373564878,20.757893299363523,-19.832775874839285,3.0
2016-08-02 15:22:35.970,0.996,0.168,0.355,-9.723612442464308,21.958060586266775,-20.64172943208687,3.0
2016-08-02 15:22:35.980,0.992,0.176,0.359,-12.732241453779569,22.474164806698905,-21.60695908324009,3.0
2016-08-02 15:22:35.990,1.0,0.176,0.371,-12.776157338825653,23.558048074561245,-22.78149452498087,3.0
2016-08-02 15:22:36.000,1.012,0.164,0.363,-9.602678793346154,26.070260318933034,-23.909847498639344,3.0
2016-08-02 15:22:36.010,1.035,0.164,0.359,-5.386181202058858,28.318477429625283,-25.13658817911999,3.0
2016-08-02 15:22:36.020,1.063,0.191,0.359,-3.3324325731456543,28.953176128807513,-26.238485150385557,3.0
2016-08-02 15:22:36.030,1.07,0.199,0.367,-4.897109018772405,28.243699455999234,-27.33330485511297,3.0
2016-08-02 15:22:36.040,1.074,0.211,0.375,-9.8318917551184,26.78027662124937,-28.604780304304178,3.0
2016-08-02 15:22:36.050,1.066,0.203,0.395,-17.422349058786438,25.739278047511135,-29.71127117192318,3.0
2016-08-02 15:22:36.060,1.055,0.191,0.414,-24.12340332974722,25.871576479099964,-31.97390320165735,3.0
2016-08-02 15:22:36.070,1.059,0.18,0.406,-25.63099518313644,28.258970639295885,-36.96735778596226,3.0
2016-08-02 15:22:36.080,1.086,0.184,0.402,-23.034743560134622,34.672938478287165,-43.60992485387544,3.0
2016-08-02 15:22:36.090,1.121,0.207,0.391,-21.246736785059532,42.5994716941971,-50.422983815943965,3.0
2016-08-02 15:22:36.100,1.129,0.23,0.379,-22.763571679475458,47.95134663775108,-56.86616693986563,3.0
2016-08-02 15:22:36.110,1.137,0.254,0.402,-25.16670155043877,51.64732627553135,-62.4640858895089,3.0
2016-08-02 15:22:36.120,1.172,0.273,0.43,-25.81699425622057,56.45668905108795,-67.5013144524948,3.0
2016-08-02 15:22:36.130,1.203,0.277,0.465,-26.964825040327867,61.921303735773876,-72.05792533340608,3.0
2016-08-02 15:22:36.140,1.207,0.258,0.473,-30.852879145354073,64.75827528841715,-75.56361270378869,3.0
2016-08-02 15:22:36.150,1.18,0.215,0.453,-35.34177067346537,64.99266887440605,-78.81107643164307,3.0
2016-08-02 15:22:36.160,1.16,0.223,0.465,-37.335001426517046,66.34667902114117,-82.6008914098295,3.0
2016-08-02 15:22:36.170,1.16,0.273,0.492,-36.94684068698801,69.2749262775541,-86.17874615434818,3.0
2016-08-02 15:22:36.180,1.172,0.324,0.5,-37.92228978290046,72.21795634665042,-89.45150516656525,3.0
2016-08-02 15:22:36.190,1.176,0.379,0.516,-41.680012163526435,74.56746521237433,-92.81047722340823,3.0
2016-08-02 15:22:36.200,1.18,0.41,0.535,-46.28723761185721,76.64610680537388,-95.49280952169589,3.0
2016-08-02 15:22:36.210,1.172,0.422,0.559,-51.079482438812484,79.30943148225084,-97.17365510281472,3.0
2016-08-02 15:22:36.220,1.148,0.402,0.578,-53.516567030574905,80.84597497658123,-99.50681159617216,3.0
2016-08-02 15:22:36.230,1.121,0.402,0.609,-48.30330224433095,80.32149895086042,-104.41466437830364,3.0
2016-08-02 15:22:36.240,1.125,0.426,0.68,-33.73100006742682,80.7455613544819,-111.30432225754141,3.0
2016-08-02 15:22:36.250,1.164,0.445,0.734,-17.812306339032634,83.95344232521317,-117.84466793239287,3.0
2016-08-02 15:22:36.260,1.184,0.453,0.711,-15.343566741350498,87.35383222569624,-122.45345189864133,3.0
2016-08-02 15:22:36.270,1.164,0.5,0.676,-27.331911939261254,87.10269551577306,-125.33378361442895,3.0
2016-08-02 15:22:36.280,1.113,0.555,0.676,-37.99193069995628,84.91844591680102,-126.28320579259133,3.0
2016-08-02 15:22:36.290,1.043,0.523,0.645,-41.046214240535896,85.34850987812797,-123.0435198233213,3.0
2016-08-02 15:22:36.300,0.965,0.438,0.582,-40.801815070264,86.41421327886752,-119.05480372036294,3.0
2016-08-02 15:22:36.310,0.902,0.414,0.594,-36.87724306667387,85.75671923487874,-119.94669497373812,3.0
2016-08-02 15:22:36.320,0.875,0.441,0.652,-31.781316356283284,87.28744867707633,-120.40752075613202,3.0
2016-08-02 15:22:36.330,0.855,0.473,0.703,-30.958976908877574,90.72056620665369,-116.4890408739289,3.0
2016-08-02 15:22:36.340,0.82,0.422,0.727,-31.189727973893092,91.22875439320617,-114.2445534000258,3.0
2016-08-02 15:22:36.350,0.773,0.398,0.773,-26.407020745631755,89.6128776067083,-114.42463477301652,3.0
2016-08-02 15:22:36.360,0.738,0.359,0.809,-17.61698400168839,88.54585366138284,-112.51380463439477,3.0
2016-08-02 15:22:36.370,0.688,0.316,0.785,-10.610405168651077,86.61434176449072,-109.0557878214567,3.0
2016-08-02 15:22:36.380,0.641,0.316,0.727,-7.943794699531736,82.15425997206538,-105.96342475043618,3.0
2016-08-02 15:22:36.390,0.617,0.355,0.684,-9.268207164530283,78.29320267497383,-103.04774387138092,3.0
2016-08-02 15:22:36.400,0.59,0.395,0.645,-16.317880098411447,77.78306100863924,-99.91032488731102,3.0
2016-08-02 15:22:36.410,0.566,0.457,0.633,-27.25291168665622,77.34487058741834,-95.64300970815563,3.0
2016-08-02 15:22:36.420,0.531,0.496,0.676,-35.09300494656749,75.44749644191138,-90.19284680446472,3.0
2016-08-02 15:22:36.430,0.512,0.457,0.719,-35.809405729224395,73.71118437688857,-85.61400115689973,3.0
2016-08-02 15:22:36.440,0.516,0.445,0.773,-27.808986367047403,71.8642704494564,-84.24459174601107,3.0
2016-08-02 15:22:36.450,0.52,0.441,0.852,-13.983731786711282,71.07357122529835,-85.19929440414457,3.0
2016-08-02 15:22:36.460,0.516,0.445,0.883,-4.679411940615918,70.95011180053801,-85.4578185290077,3.0
2016-08-02 15:22:36.470,0.496,0.469,0.859,-4.622964138702214,68.23746315135698,-85.01434117807648,3.0
2016-08-02 15:22:36.480,0.469,0.5,0.805,-11.918287838490443,64.25258298310776,-83.8798116774373,3.0
2016-08-02 15:22:36.490,0.457,0.566,0.715,-28.098364512049585,61.416117956581004,-80.46513067705125,3.0
2016-08-02 15:22:36.500,0.43,0.637,0.648,-50.113241171929616,59.249421080375186,-75.16504341022824,3.0
2016-08-02 15:22:36.510,0.398,0.66,0.637,-66.3609421007049,57.531215709074885,-68.77670233488774,3.0
2016-08-02 15:22:36.520,0.383,0.594,0.688,-67.12086998335907,56.36689255765942,-63.52433841103755,3.0
2016-08-02 15:22:36.530,0.375,0.484,0.805,-52.92188796009286,55.55080398053211,-61.77051864403185,3.0
2016-08-02 15:22:36.540,0.375,0.434,0.898,-35.823270789732135,53.93584897132149,-61.30879013794498,3.0
2016-08-02 15:22:36.550,0.371,0.457,0.941,-25.591249097602052,50.42492922116341,-61.183318080759705,3.0
2016-08-02 15:22:36.560,0.344,0.492,0.949,-20.903489698551475,45.37084835906467,-62.092854301480024,3.0
2016-08-02 15:22:36.570,0.324,0.48,0.879,-21.02914020069664,39.58521034368769,-60.69438532626761,3.0
2016-08-02 15:22:36.580,0.301,0.512,0.828,-24.632310523438374,33.86179411907877,-56.48073799687011,3.0
2016-08-02 15:22:36.590,0.27,0.5,0.781,-24.419134896527925,28.504226884965647,-52.112266508240296,3.0
2016-08-02 15:22:36.600,0.234,0.484,0.77,-18.386364585691215,23.704348307434973,-47.52375270930061,3.0
2016-08-02 15:22:36.610,0.207,0.445,0.793,-9.70177283731049,18.915577953347054,-43.740282009148125,3.0
2016-08-02 15:22:36.620,0.191,0.441,0.766,-4.876143653584214,12.4427534468339,-41.296764311452094,3.0
2016-08-02 15:22:36.630,0.188,0.492,0.715,-13.527406297866957,5.108493087563025,-38.479602009954334,3.0
2016-08-02 15:22:36.640,0.18,0.563,0.695,-30.95231796275985,-1.1932673306944515,-35.326632542358,3.0
2016-08-02 15:22:36.650,0.184,0.555,0.723,-40.165341156925365,-6.849682551909258,-32.09740295911175,3.0
2016-08-02 15:22:36.660,0.184,0.477,0.797,-33.38422607583664,-12.038489591293482,-28.469782948809993,3.0
2016-08-02 15:22:36.670,0.164,0.406,0.824,-17.26405681520559,-16.899581095353057,-24.646756961180994,3.0
2016-08-02 15:22:36.680,0.133,0.402,0.797,-6.103534085079443,-21.548475581257264,-20.440574553128833,3.0
2016-08-02 15:22:36.690,0.137,0.434,0.746,-7.67608486299812,-24.68603270376677,-16.225132149648132,3.0
2016-08-02 15:22:36.700,0.133,0.48,0.664,-18.50617814078511,-26.846204549483748,-12.856531185774672,3.0
2016-08-02 15:22:36.710,0.098,0.527,0.602,-33.51046723737356,-29.41983311824067,-9.614287357223592,3.0
2016-08-02 15:22:36.720,0.07,0.539,0.59,-47.273036130513205,-31.053055509076984,-5.547298523926288,3.0
2016-08-02 15:22:36.730,0.07,0.496,0.586,-55.971749880607305,-31.484275229379378,-0.8431967699512443,3.0
2016-08-02 15:22:36.740,0.082,0.434,0.598,-61.477411701228974,-32.590761676730494,4.001679495281072,3.0
2016-08-02 15:22:36.750,0.109,0.387,0.598,-65.62867428512416,-33.46786948191254,7.80952024733147,3.0
2016-08-02 15:22:36.760,0.117,0.395,0.602,-69.50063425571086,-31.909000650056,10.425548039318112,3.0
2016-08-02 15:22:36.770,0.102,0.395,0.617,-73.38667218498921,-28.853506670101964,13.12715492272088,3.0
2016-08-02 15:22:36.780,0.113,0.344,0.645,-74.23654787527373,-25.75125885940911,15.38651249779805,3.0
2016-08-02 15:22:36.790,0.113,0.316,0.605,-75.70437513376982,-21.82826666456021,17.273799490263126,3.0
2016-08-02 15:22:36.800,0.102,0.336,0.555,-84.35891669755665,-17.30671285284313,20.560601387044937,3.0
2016-08-02 15:22:36.810,0.117,0.32,0.547,-93.15035996172129,-13.379077782869203,23.54224343283478,3.0
2016-08-02 15:22:36.820,0.117,0.27,0.527,-95.38265503603903,-10.120477672845572,24.271915947520142,3.0
2016-08-02 15:22:36.830,0.117,0.234,0.52,-96.04283201614751,-7.238377202147497,24.56277915616895,3.0
2016-08-02 15:22:36.840,0.133,0.188,0.543,-95.1579502300861,-3.5604290068796867,24.052379615007567,3.0
2016-08-02 15:22:36.850,0.145,0.152,0.566,-90.67629424530242,1.1629773379440758,21.414368961583474,3.0
2016-08-02 15:22:36.860,0.137,0.137,0.594,-88.77152273268865,5.379087564152189,19.018760351004488,3.0
2016-08-02 15:22:36.870,0.145,0.129,0.621,-91.60468938585481,9.205728357765375,17.680263988185978,3.0
2016-08-02 15:22:36.880,0.148,0.133,0.648,-93.75673212143028,13.152504080653571,16.321448947750657,3.0
2016-08-02 15:22:36.890,0.16,0.094,0.691,-90.54879242878638,15.909328037354733,14.91789549046564,3.0
2016-08-02 15:22:36.900,0.191,0.047,0.711,-80.62043463634001,16.944363031147667,11.735187382132295,3.0
2016-08-02 15:22:36.910,0.199,0.027,0.746,-67.66159891467095,17.583593338078074,6.810962688226418,3.0
2016-08-02 15:22:36.920,0.199,0.051,0.785,-56.57926916766817,19.120130202863916,2.7118731589853464,3.0
2016-08-02 15:22:36.930,0.188,0.082,0.828,-48.54990235005844,21.299108899035115,-0.41995329166537343,3.0
2016-08-02 15:22:36.940,0.172,0.102,0.855,-43.28040968022215,22.841008348667422,-2.2696672282128785,3.0
2016-08-02 15:22:36.950,0.184,0.102,0.852,-39.77862408499502,23.470164132838136,-3.330329768387707,3.0
2016-08-02 15:22:36.960,0.207,0.105,0.848,-36.67934889684652,23.797308845335237,-5.645349448501424,3.0
2016-08-02 15:22:36.970,0.219,0.105,0.852,-32.6536197421603,23.417156945982867,-8.179301748853206,3.0
2016-08-02 15:22:36.980,0.215,0.125,0.871,-26.872207896211115,22.19960964689765,-9.535048395805898,3.0
2016-08-02 15:22:36.990,0.215,0.113,0.891,-20.51438003917999,20.96094313467557,-10.149244176101144,3.0
2016-08-02 15:22:37.000,0.211,0.078,0.926,-13.147143575369425,19.20569665559058,-10.522882436263872,3.0
2016-08-02 15:22:37.010,0.195,0.063,0.938,-5.390479729745306,16.176243993803244,-10.320024342311687,3.0
2016-08-02 15:22:37.020,0.188,0.07,0.945,-2.04721975321215,12.014521193800014,-9.172805803595594,3.0
2016-08-02 15:22:37.030,0.184,0.063,0.926,-2.0650479525409686,7.15438823049811,-8.231740893338603,3.0
2016-08-02 15:22:37.040,0.172,0.066,0.898,-1.6944196650322143,2.5838566263324405,-7.225225718206868,3.0
2016-08-02 15:22:37.050,0.184,0.078,0.863,-3.674168400852266,-1.0562861161514059,-5.131058960469921,3.0
2016-08-02 15:22:37.060,0.195,0.102,0.84,-9.201522318796071,-3.2278500238488324,-3.1699644830046867,3.0
2016-08-02 15:22:37.070,0.207,0.113,0.824,-16.765896213684222,-3.768484775500549,-1.8149660352087231,3.0
2016-08-02 15:22:37.080,0.203,0.113,0.824,-25.330820578457452,-3.736392327055098,-0.5090314887149745,3.0
2016-08-02 15:22:37.090,0.199,0.082,0.859,-30.01375431181684,-3.432047830472142,0.7209476453405271,3.0
2016-08-02 15:22:37.100,0.203,0.043,0.883,-29.098197439287862,-2.884799567353681,1.8145622319722972,3.0
2016-08-02 15:22:37.110,0.203,0.023,0.898,-27.720953263023304,-2.610693840724535,2.7344362356297434,3.0
2016-08-02 15:22:37.120,0.207,0.027,0.91,-26.668160725910493,-2.4266363986698005,3.1162287279310883,3.0
2016-08-02 15:22:37.130,0.215,0.02,0.926,-22.83585514227058,-2.0760600194570986,2.3503470386615053,3.0
2016-08-02 15:22:37.140,0.211,0.016,0.941,-17.233900392427717,-1.1195394097728588,1.3604542992000768,3.0
2016-08-02 15:22:37.150,0.215,0.004,0.949,-12.169663979200994,0.41841506291251834,1.1658619078848869,3.0
2016-08-02 15:22:37.160,0.215,0.004,0.938,-8.47846516253774,1.3227979158829148,1.1093165379227077,3.0
2016-08-02 15:22:37.170,0.199,0.008,0.914,-6.729130353730166,1.316941849969135,1.614387612972404,3.0
2016-08-02 15:22:37.180,0.207,0.016,0.906,-5.8526124456485,0.6657927409568689,2.7440321448285325,3.0
2016-08-02 15:22:37.190,0.211,0.027,0.898,-4.7424224630259975,-1.196022366583862,3.091185256679462,3.0
2016-08-02 15:22:37.200,0.203,0.047,0.891,-3.60558594844369,-3.6096817582654754,3.2516822142515975,3.0
2016-08-02 15:22:37.210,0.215,0.043,0.906,0.08185484028174339,-4.894623698479728,3.4671968661938846,3.0
2016-08-02 15:22:37.220,0.219,0.012,0.93,8.020860953526478,-5.015602243162707,2.2663456542499074,3.0
2016-08-02 15:22:37.230,0.234,0.004,0.941,16.1857119930403,-4.396963143938251,0.1757330045689458,3.0
2016-08-02 15:22:37.240,0.23,0.016,0.949,22.04176169769745,-2.861297209573494,-1.7490731792478873,3.0
2016-08-02 15:22:37.250,0.207,0.027,0.953,27.317458930848243,-1.3164372000865854,-3.428541631653148,3.0
2016-08-02 15:22:37.260,0.207,0.039,0.945,32.318145224009754,-0.41096732621198445,-4.527090778478934,3.0
2016-08-02 15:22:37.270,0.219,0.047,0.918,35.473772096508995,0.5156273814719252,-5.283260970449555,3.0
2016-08-02 15:22:37.280,0.219,0.063,0.883,36.26636259078444,1.3266490465508662,-5.970336795694734,3.0
2016-08-02 15:22:37.290,0.219,0.074,0.859,36.005388423626364,1.4077390584353133,-6.460541341401818,3.0
2016-08-02 15:22:37.300,0.223,0.074,0.844,36.789288300330924,1.2408960788484404,-7.390064937082981,3.0
2016-08-02 15:22:37.310,0.219,0.07,0.84,39.536485050342826,1.440298002382762,-8.965775384072248,3.0
2016-08-02 15:22:37.320,0.199,0.07,0.844,43.04631582280729,1.4574354568217263,-10.277255781855462,3.0
2016-08-02 15:22:37.330,0.188,0.07,0.844,46.160033867754,0.9314155599507921,-11.08245093802078,3.0
2016-08-02 15:22:37.340,0.188,0.066,0.848,48.91774035022933,0.49185512568411643,-11.74873714293716,3.0
2016-08-02 15:22:37.350,0.184,0.086,0.836,50.321275673923175,0.19908330705991636,-12.214673591778304,3.0
2016-08-02 15:22:37.360,0.195,0.105,0.816,49.883819488000995,0.010600181494957346,-12.546888619954702,3.0
2016-08-02 15:22:37.370,0.195,0.109,0.797,50.14906480174997,0.3110971438063743,-13.299244798306706,3.0
2016-08-02 15:22:37.380,0.199,0.113,0.781,51.85478696634234,1.0450065383554947,-14.72904650222539,3.0
2016-08-02 15:22:37.390,0.195,0.129,0.77,52.87624757881631,2.3291613026733673,-16.084742943709585,3.0
2016-08-02 15:22:37.400,0.18,0.137,0.766,53.808781950075584,3.817432847484019,-16.63380620901114,3.0
2016-08-02 15:22:37.410,0.156,0.137,0.762,55.658089381684675,4.35544200744118,-16.469355333076834,3.0
2016-08-02 15:22:37.420,0.164,0.152,0.77,56.62136006697114,4.262482423255734,-15.564143860484403,3.0
2016-08-02 15:22:37.430,0.176,0.176,0.762,56.2040294977574,4.735680277769564,-14.119801511737155,3.0
2016-08-02 15:22:37.440,0.18,0.184,0.738,56.075807995951486,5.552604585029134,-13.193136083215153,3.0
2016-08-02 15:22:37.450,0.18,0.188,0.742,57.39549844855405,6.1916094342953265,-13.092345165766353,3.0
2016-08-02 15:22:37.460,0.188,0.191,0.75,59.68337144028442,7.084162124263328,-13.167315445277028,3.0
2016-08-02 15:22:37.470,0.18,0.195,0.746,61.25857131475528,8.318683667582873,-13.283219803340874,3.0
2016-08-02 15:22:37.480,0.152,0.211,0.75,61.43979649069237,8.904031597210903,-12.87285487905036,3.0
2016-08-02 15:22:37.490,0.145,0.234,0.738,59.98785189081173,8.231939418357523,-10.802512448680739,3.0
2016-08-02 15:22:37.500,0.137,0.277,0.73,55.602614072439536,6.9333442268900125,-7.068602726941755,3.0
2016-08-02 15:22:37.510,0.16,0.309,0.727,49.02139989822284,6.1240159050153355,-2.7691890988838797,3.0
2016-08-02 15:22:37.520,0.18,0.328,0.723,43.770244679858905,6.861396990972136,0.16375469696193093,3.0
2016-08-02 15:22:37.530,0.18,0.309,0.738,43.07987845556437,8.794471224303425,1.0674297021251633,3.0
2016-08-02 15:22:37.540,0.172,0.289,0.754,47.005033403825834,10.55383799522197,1.8271117108409918,3.0
2016-08-02 15:22:37.550,0.168,0.289,0.75,50.667034242066684,12.123329058567492,3.4484015200822338,3.0
2016-08-02 15:22:37.560,0.152,0.316,0.746,49.519414798873626,13.263383352447018,5.911952617023514,3.0
2016-08-02 15:22:37.570,0.137,0.344,0.746,44.364526343856376,12.993303424974595,9.674572153855383,3.0
2016-08-02 15:22:37.580,0.121,0.367,0.742,38.38597990793586,12.027006806684994,14.085196242213838,3.0
2016-08-02 15:22:37.590,0.125,0.375,0.742,34.236802234881985,11.721078133671364,18.558129297740532,3.0
2016-08-02 15:22:37.600,0.137,0.379,0.746,33.447560498861876,13.108270178273632,23.262246567138956,3.0
2016-08-02 15:22:37.610,0.148,0.359,0.773,37.5195627607831,16.465069375999306,27.194998945045896,3.0
2016-08-02 15:22:37.620,0.164,0.32,0.801,46.75063912326186,19.950322042563357,29.342298001331066,3.0
2016-08-02 15:22:37.630,0.172,0.32,0.805,54.63735423875448,21.733631060960043,30.62202865838116,3.0
2016-08-02 15:22:37.640,0.156,0.355,0.777,52.75386576683004,21.647979061844644,32.82156135460395,3.0
2016-08-02 15:22:37.650,0.133,0.422,0.789,43.40774991360302,19.98425248983692,36.32980058518808,3.0
2016-08-02 15:22:37.660,0.109,0.453,0.801,34.144507678472394,17.878641999448433,40.93125247474405,3.0
2016-08-02 15:22:37.670,0.09,0.434,0.809,28.01117353962416,15.800005986756577,46.42341259098967,3.0
2016-08-02 15:22:37.680,0.082,0.41,0.832,29.301862365097534,12.896990472685253,51.20870324769424,3.0
2016-08-02 15:22:37.690,0.105,0.375,0.855,38.482552641839966,11.269077298199896,54.9351486600021,3.0
2016-08-02 15:22:37.700,0.148,0.359,0.844,46.351549283315926,12.308255417575076,57.63512324881554,3.0
2016-08-02 15:22:37.710,0.16,0.398,0.824,47.69305211204336,12.98955385223351,58.361216967376016,3.0
2016-08-02 15:22:37.720,0.164,0.43,0.824,43.57685743167017,12.696465119057468,59.541378865967275,3.0
2016-08-02 15:22:37.730,0.156,0.445,0.84,35.59833760325745,11.874699003221687,62.415082522211776,3.0
2016-08-02 15:22:37.740,0.148,0.477,0.848,27.015064043791774,8.944198251949963,65.89165564690163,3.0
2016-08-02 15:22:37.750,0.145,0.48,0.828,19.548781172158204,5.052499983902853,71.58760659584661,3.0
2016-08-02 15:22:37.760,0.148,0.484,0.789,14.66414511758312,1.3872008499405921,77.20042317263827,3.0
2016-08-02 15:22:37.770,0.152,0.477,0.762,14.704666397667506,-2.7159521064042202,79.18735421135088,3.0
2016-08-02 15:22:37.780,0.164,0.496,0.785,19.040659929679613,-6.382357264641733,80.13804407619776,3.0
2016-08-02 15:22:37.790,0.191,0.461,0.84,25.049421590767047,-8.682826204117097,81.16087241688953,3.0
2016-08-02 15:22:37.800,0.234,0.434,0.867,27.98431377597546,-9.691598140477424,80.07839537299606,3.0
2016-08-02 15:22:37.810,0.273,0.477,0.848,25.96232070488954,-10.73274961235926,77.28975313633084,3.0
2016-08-02 15:22:37.820,0.266,0.477,0.836,22.757970542096153,-13.595024178648622,76.69935100263547,3.0
2016-08-02 15:22:37.830,0.23,0.445,0.832,19.883172222878805,-18.622840749037152,80.38623387673684,3.0
2016-08-02 15:22:37.840,0.238,0.441,0.789,17.65907701868078,-24.800779737285367,85.25497796604469,3.0
2016-08-02 15:22:37.850,0.27,0.484,0.773,17.178891446041508,-29.9633602204299,88.04596781265674,3.0
2016-08-02 15:22:37.860,0.293,0.527,0.777,14.220365436550036,-33.662149518522014,88.41969409133992,3.0
2016-08-02 15:22:37.870,0.316,0.539,0.758,4.099957855750652,-37.15653791387512,87.667957226156,3.0
2016-08-02 15:22:37.880,0.352,0.605,0.801,-6.0047173743788935,-40.906780641024845,85.5057320254666,3.0
2016-08-02 15:22:37.890,0.391,0.602,0.824,-6.3341089033166575,-44.6636232771276,81.68353309011222,3.0
2016-08-02 15:22:37.900,0.402,0.516,0.828,0.7866979703363435,-47.23525597807954,78.20593942474896,3.0
2016-08-02 15:22:37.910,0.395,0.449,0.824,9.104546816565023,-49.147545260675,75.88016246205748,3.0
2016-08-02 15:22:37.920,0.383,0.43,0.785,10.766581234352412,-52.32370185176396,77.1260518139265,3.0
2016-08-02 15:22:37.930,0.379,0.48,0.773,-0.3140037506918749,-57.384011252902624,82.83530195965969,3.0
2016-08-02 15:22:37.940,0.395,0.547,0.793,-14.012923877571067,-64.16640389050758,88.16195436611275,3.0
2016-08-02 15:22:37.950,0.418,0.473,0.781,-16.987990070093744,-70.33878513586957,90.41067892897146,3.0
2016-08-02 15:22:37.960,0.457,0.375,0.777,-9.46988876377173,-73.52378696080922,89.02456821476468,3.0
2016-08-02 15:22:37.970,0.504,0.363,0.742,-0.2850424507499546,-74.49340707776999,85.41839476614413,3.0
2016-08-02 15:22:37.980,0.531,0.387,0.715,0.9296315453213602,-76.00820849114564,82.73102600218829,3.0
2016-08-02 15:22:37.990,0.531,0.461,0.762,-4.594528276597514,-79.99462222904563,80.0827956163009,3.0
2016-08-02 15:22:38.000,0.531,0.488,0.816,-8.929065554886943,-82.73894337551361,78.89822404030541,3.0
2016-08-02 15:22:38.010,0.547,0.445,0.836,-12.602029514876033,-81.6978772858036,80.97275202748764,3.0
2016-08-02 15:22:38.020,0.559,0.441,0.82,-15.64901394517579,-83.04711484358873,82.91564840338494,3.0
2016-08-02 15:22:38.030,0.563,0.352,0.73,-14.95441093899046,-88.0363233734337,85.5246610217554,3.0
2016-08-02 15:22:38.040,0.57,0.277,0.699,-12.856217944782685,-91.76940546399196,87.70012773475351,3.0
2016-08-02 15:22:38.050,0.621,0.32,0.715,-9.280291876770002,-95.34126456837097,85.18520398353735,3.0
2016-08-02 15:22:38.060,0.68,0.379,0.711,-3.7244896738461075,-98.21813518039585,83.14906685680377,3.0
2016-08-02 15:22:38.070,0.703,0.426,0.758,-0.12714558103573503,-98.6551955153728,83.49445229172042,3.0
2016-08-02 15:22:38.080,0.758,0.508,0.852,3.6008716414347943,-99.44540638706911,82.0127553219278,3.0
2016-08-02 15:22:38.090,0.824,0.434,0.824,9.626090823940306,-98.06563602913144,80.28615395067493,3.0
2016-08-02 15:22:38.100,0.832,0.363,0.762,12.641301469272257,-95.58280992989303,77.46235766633306,3.0
2016-08-02 15:22:38.110,0.82,0.359,0.684,11.352973860537414,-100.33832018660343,73.71302126038978,3.0
2016-08-02 15:22:38.120,0.824,0.285,0.59,6.713846308578135,-107.72327226813418,73.79742472860555,3.0
2016-08-02 15:22:38.130,0.832,0.27,0.555,-1.13709383824089,-111.95970379753834,74.75274221029947,3.0
2016-08-02 15:22:38.140,0.859,0.301,0.586,-6.197884172712269,-117.32273381472511,73.73055182541701,3.0
2016-08-02 15:22:38.150,0.918,0.344,0.691,-5.019944668050206,-120.16586770446705,72.34479853478368,3.0
2016-08-02 15:22:38.160,1.008,0.488,0.836,1.6074852758436258,-116.75119139496331,70.04378674902966,3.0
2016-08-02 15:22:38.170,1.105,0.453,0.824,11.926953219725661,-109.31290161847231,68.87123240417462,3.0
2016-08-02 15:22:38.180,1.133,0.332,0.719,18.113318675603406,-99.62662996807542,67.45447690166999,3.0
2016-08-02 15:22:38.190,1.086,0.262,0.598,17.569590231331983,-96.56497759776097,62.7968327251762,3.0
2016-08-02 15:22:38.200,1.031,0.211,0.496,13.819849420417922,-101.01769550392166,61.56721350062473,3.0
2016-08-02 15:22:38.210,1.02,0.234,0.473,5.507675902728615,-103.37438427509909,64.8360193185888,3.0
2016-08-02 15:22:38.220,1.066,0.328,0.523,-2.4315249299811503,-104.45148493771822,65.4508087852807,3.0
2016-08-02 15:22:38.230,1.137,0.352,0.594,-0.4651915095451775,-104.06663177653459,63.82124626596895,3.0
2016-08-02 15:22:38.240,1.164,0.301,0.641,10.365288493787922,-99.02572634822943,61.29909625120532,3.0
2016-08-02 15:22:38.250,1.172,0.242,0.645,22.828959616056338,-93.83836953472868,56.58808418718405,3.0
2016-08-02 15:22:38.260,1.16,0.172,0.598,30.041867481857558,-89.89382444942808,52.11114046843768,3.0
2016-08-02 15:22:38.270,1.121,0.148,0.539,30.333523106192573,-87.71107127627447,48.8802943341002,3.0
2016-08-02 15:22:38.280,1.102,0.164,0.508,28.638257598657272,-87.78801499458504,46.94292673098312,3.0
2016-08-02 15:22:38.290,1.121,0.176,0.496,26.82100666597549,-84.57112556356127,47.556946064806624,3.0
2016-08-02 15:22:38.300,1.148,0.176,0.488,24.019042243299214,-78.84678617094227,47.32243843909637,3.0
2016-08-02 15:22:38.310,1.164,0.184,0.461,22.34131040708318,-74.5529271397244,44.528408536866166,3.0
2016-08-02 15:22:38.320,1.16,0.172,0.414,22.987029845496963,-69.08765392280236,42.25747251948391,3.0
2016-08-02 15:22:38.330,1.152,0.16,0.375,24.432187471475327,-62.53091221510368,39.50320211370943,3.0
2016-08-02 15:22:38.340,1.152,0.148,0.375,25.59272535931876,-57.30220242122331,35.068979802413054,3.0
2016-08-02 15:22:38.350,1.164,0.145,0.387,27.18821092656705,-52.342979981775926,30.637259586027742,3.0
2016-08-02 15:22:38.360,1.172,0.129,0.414,29.983856038532764,-46.67453406354439,26.08460516777672,3.0
2016-08-02 15:22:38.370,1.172,0.121,0.445,33.40906399051458,-40.8461361141022,21.89688123502478,3.0
2016-08-02 15:22:38.380,1.156,0.113,0.453,36.512669703782116,-35.622500867060566,19.098120956778942,3.0
2016-08-02 15:22:38.390,1.133,0.094,0.43,39.15760453382374,-31.724428992010527,16.6527453104893,3.0
2016-08-02 15:22:38.400,1.109,0.086,0.41,41.965128299077904,-28.735709733558075,13.646213394471328,3.0
2016-08-02 15:22:38.410,1.094,0.094,0.402,44.386538834233185,-25.104099287265086,10.25184393122927,3.0
2016-08-02 15:22:38.420,1.082,0.105,0.379,44.24289762499032,-21.155020320939478,7.165701522053369,3.0
2016-08-02 15:22:38.430,1.059,0.117,0.352,41.73450575940745,-18.874000998244117,4.654537547847173,3.0
2016-08-02 15:22:38.440,1.035,0.102,0.324,40.46929281994671,-17.461430560972058,2.170520953672497,3.0
2016-08-02 15:22:38.450,1.016,0.09,0.324,41.85962895804339,-14.928495463709696,0.01779012036698993,3.0
2016-08-02 15:22:38.460,1.0,0.078,0.316,43.33987248651069,-12.313780912804706,-1.1259302935686546,3.0
2016-08-02 15:22:38.470,0.98,0.09,0.301,42.44958880833592,-10.843343150087183,-1.6273610436025665,3.0
2016-08-02 15:22:38.480,0.973,0.117,0.313,39.88631233374108,-9.61924934014173,-2.18327951325101,3.0
2016-08-02 15:22:38.490,0.984,0.133,0.34,38.828385998952214,-7.581359573692452,-3.1800799160891557,3.0
2016-08-02 15:22:38.500,0.992,0.125,0.348,40.46384089628701,-4.479883557073542,-4.525850931251719,3.0
2016-08-02 15:22:38.510,0.992,0.137,0.34,42.134656140100084,-1.5772752677199915,-5.725104650512723,3.0
2016-08-02 15:22:38.520,0.98,0.145,0.32,41.29263905452406,-0.4979623956136685,-6.256242384711479,3.0
2016-08-02 15:22:38.530,0.973,0.141,0.316,39.0491931039268,-0.761969333542281,-6.005383097667131,3.0
2016-08-02 15:22:38.540,0.965,0.141,0.313,37.98884062610874,-0.727362250533852,-5.357727508464133,3.0
2016-08-02 15:22:38.550,0.965,0.145,0.305,37.56847411888764,0.055000735041273466,-4.6315308324881315,3.0
2016-08-02 15:22:38.560,0.957,0.152,0.305,36.05895839531163,0.3575792851821642,-3.9895702496762775,3.0
2016-08-02 15:22:38.570,0.953,0.152,0.301,34.254331574361885,-0.43983384173676554,-3.516879120344669,3.0
2016-08-02 15:22:38.580,0.953,0.145,0.293,33.17949507919718,-0.930140494911313,-3.2098720680039983,3.0
2016-08-02 15:22:38.590,0.953,0.141,0.289,32.671171438550665,-0.4922293102202413,-3.1988078307642906,3.0
2016-08-02 15:22:38.600,0.953,0.148,0.297,32.11471943766416,-0.2080787182791173,-3.263727988698875,3.0
2016-08-02 15:22:38.610,0.961,0.168,0.301,30.748269460745625,-0.3094909024372872,-2.9739964982627405,3.0
2016-08-02 15:22:38.620,0.977,0.176,0.301,29.057222303328793,-0.16635861448065783,-2.4503858941521393,3.0
2016-08-02 15:22:38.630,0.977,0.168,0.293,27.66219105088134,0.2564239456515982,-1.8634152683607321,3.0
2016-08-02 15:22:38.640,0.969,0.16,0.285,25.956804367953886,0.4627817476366571,-1.15108346888761,3.0
2016-08-02 15:22:38.650,0.957,0.145,0.273,23.48750998314522,0.07572078462501983,-0.251600658007035,3.0
2016-08-02 15:22:38.660,0.953,0.145,0.258,19.939987246587506,-0.6862998291584241,0.7002818313083768,3.0
2016-08-02 15:22:38.670,0.953,0.152,0.254,16.447932853643465,-1.2797250594686942,1.1815409089298952,3.0
2016-08-02 15:22:38.680,0.969,0.16,0.258,15.511975620185979,-0.7168878038956248,1.2598421322213245,3.0
2016-08-02 15:22:38.690,0.98,0.156,0.27,16.417221478339876,1.487970430086862,1.506234923704658,3.0
2016-08-02 15:22:38.700,0.98,0.16,0.273,16.571287625643826,3.3011462202034023,1.6551177828553558,3.0
2016-08-02 15:22:38.710,0.973,0.164,0.266,15.541056000530773,3.1627512786641176,1.6207567719310911,3.0
2016-08-02 15:22:38.720,0.969,0.156,0.262,13.771152573341901,2.5449717264023217,2.0654960355873224,3.0
2016-08-02 15:22:38.730,0.965,0.152,0.266,11.50151601733393,2.241920813373292,2.7320467084606346,3.0
2016-08-02 15:22:38.740,0.965,0.152,0.266,8.86790767493474,1.5688615060915077,3.190898093133022,3.0
2016-08-02 15:22:38.750,0.961,0.152,0.27,6.2108965624103725,0.8007245216477176,3.9959661873981425,3.0
2016-08-02 15:22:38.760,0.961,0.152,0.273,4.5550763539683246,0.45390766697754736,4.899434426925769,3.0
2016-08-02 15:22:38.770,0.969,0.156,0.266,4.1095213507388,0.5120494529880941,5.240015717519574,3.0
2016-08-02 15:22:38.780,0.969,0.152,0.262,3.7864242186455224,0.782224323401283,5.5147552615226445,3.0
2016-08-02 15:22:38.790,0.957,0.152,0.258,3.093080290616205,0.8128827100738203,5.881286772678248,3.0
2016-08-02 15:22:38.800,0.957,0.152,0.258,2.498616145372215,0.5360297580644898,6.08300575505612,3.0
2016-08-02 15:22:38.810,0.965,0.152,0.25,2.0696253879660755,0.4938091248615931,6.450809701619749,3.0
2016-08-02 15:22:38.820,0.969,0.152,0.246,1.4919004850330588,0.7097331745886091,6.879872725668427,3.0
2016-08-02 15:22:38.830,0.969,0.156,0.25,0.984221050495274,0.6403253911483803,7.04009604885086,3.0
2016-08-02 15:22:38.840,0.969,0.156,0.242,0.7543475347797791,0.5154348987216152,7.089840584517813,3.0
2016-08-02 15:22:38.850,0.973,0.156,0.23,0.1255353014842649,0.6987230292955684,7.143010060961146,3.0
2016-08-02 15:22:38.860,0.965,0.156,0.227,-1.5144961726139092,0.41926918025278437,7.205139911130976,3.0
2016-08-02 15:22:38.870,0.965,0.16,0.234,-3.3828121831066635,-0.5202079283173373,7.121111864299543,3.0
2016-08-02 15:22:38.880,0.973,0.16,0.25,-4.1702617590952675,-1.03698390468189,6.875311581129711,3.0
2016-08-02 15:22:38.890,0.98,0.16,0.262,-3.860096476614623,-0.7715258633513297,6.8804889523194195,3.0
2016-08-02 15:22:38.900,0.977,0.16,0.258,-3.3044981069497155,-0.3553931999107113,7.188254099565341,3.0
2016-08-02 15:22:38.910,0.969,0.156,0.238,-2.5695860124086742,-0.26915061535769114,7.546630363985974,3.0
2016-08-02 15:22:38.920,0.965,0.156,0.23,-1.6145518877196017,-0.40265611684226477,7.851400854418773,3.0
2016-08-02 15:22:38.930,0.961,0.172,0.219,-1.184307356078164,-0.6088640785706316,7.959665594506829,3.0
2016-08-02 15:22:38.940,0.965,0.172,0.211,-1.3248795440866543,-0.8942337736662472,7.8089841894453595,3.0
2016-08-02 15:22:38.950,0.969,0.172,0.215,-1.2974561972771737,-0.6628654368894121,7.51404245500493,3.0
2016-08-02 15:22:38.960,0.973,0.18,0.23,-1.123000742857335,0.22113106545068176,7.118789544936421,3.0
2016-08-02 15:22:38.970,0.973,0.168,0.25,-1.1949179745229626,0.7761407912273004,6.73481609983423,3.0
2016-08-02 15:22:38.980,0.973,0.16,0.266,-1.4415688650536556,0.4011943671328596,6.500269111512789,3.0
2016-08-02 15:22:38.990,0.965,0.156,0.273,-1.570193116176567,-0.44957667197507145,6.1434976126915855,3.0
2016-08-02 15:22:39.000,0.965,0.152,0.281,-1.1160760921490769,-0.7532954482633906,5.57170794842577,3.0
2016-08-02 15:22:55.990,0.996,0.215,-0.008,-7.065745488228073,1.848592698828568,2.3006640511795746,4.0
2016-08-02 15:22:56.000,0.996,0.199,-0.016,-4.3625043992307795,1.986839166188183,2.0733490510283112,4.0
2016-08-02 15:22:56.010,1.0,0.203,-0.02,0.6526495984181766,2.5892275840200556,2.030209211631801,4.0
2016-08-02 15:22:56.020,1.0,0.223,-0.023,2.3344659333125706,3.0167374667884816,2.0293551667308116,4.0
2016-08-02 15:22:56.030,0.996,0.234,-0.02,1.5486283542145247,3.0099302503521037,1.8688943439910675,4.0
2016-08-02 15:22:56.040,0.992,0.227,-0.02,1.0950434474339867,3.18154368436189,1.7735615217843348,4.0
2016-08-02 15:22:56.050,0.992,0.207,-0.02,0.9741840647342861,3.2224645695211307,1.677791730629274,4.0
2016-08-02 15:22:56.060,0.992,0.203,-0.02,1.3899371664480182,3.0444916684932144,1.304763711529168,4.0
2016-08-02 15:22:56.070,0.988,0.211,-0.02,1.5910527380217714,2.93702103441048,0.928065091212373,4.0
2016-08-02 15:22:56.080,0.992,0.215,-0.023,0.8211775154351351,2.6779526626441634,0.6370958700743837,4.0
2016-08-02 15:22:56.090,1.0,0.219,-0.023,0.06856943622630912,2.5821514841727793,0.3841374702322382,4.0
2016-08-02 15:22:56.100,1.0,0.215,-0.023,-0.21633821986163104,2.775680985649589,0.3548513411891234,4.0
2016-08-02 15:22:56.110,1.0,0.227,-0.02,-0.14907623866702824,2.895749218388589,0.5065415857857014,4.0
2016-08-02 15:22:56.120,0.996,0.227,-0.023,0.33023701734968236,3.0980084550607283,0.6857285952035442,4.0
2016-08-02 15:22:56.130,0.992,0.227,-0.023,0.7292939399596404,3.280408911009415,0.8998822810476046,4.0
2016-08-02 15:22:56.140,0.988,0.223,-0.023,0.7914959672811108,3.2682112183126284,1.2051085629968141,4.0
2016-08-02 15:22:56.150,0.988,0.223,-0.023,0.8888195953158464,3.216528411960619,1.480510027396516,4.0
2016-08-02 15:22:56.160,0.98,0.227,-0.027,0.8638674126706678,2.9573352041977845,1.6843516793723152,4.0
2016-08-02 15:22:56.170,0.977,0.227,-0.027,0.4830286198529703,2.615434503824136,1.9245959064475944,4.0
2016-08-02 15:22:56.180,0.977,0.223,-0.023,0.15330897290533874,2.5003563885440556,2.1896541051606295,4.0
2016-08-02 15:22:56.190,0.98,0.227,-0.023,-0.015118073741749276,2.5238747126608834,2.507104603764984,4.0
2016-08-02 15:22:56.200,0.984,0.227,-0.023,-0.10180874442787369,2.634195518180868,2.816113638274135,4.0
2016-08-02 15:22:56.210,0.984,0.227,-0.023,0.06809640578065568,2.613602985301913,3.0735629757200664,4.0
2016-08-02 15:22:56.220,0.984,0.23,-0.023,0.3211497194533831,2.284062421641585,3.3282403115564048,4.0
2016-08-02 15:22:56.230,0.988,0.227,-0.023,0.5351038406654839,2.066593304462641,3.434609343064908,4.0
2016-08-02 15:22:56.240,0.988,0.23,-0.023,0.8764485254193439,2.1072164149657238,3.517268273574506,4.0
2016-08-02 15:22:56.250,0.988,0.23,-0.02,1.243124084987786,2.044970835625392,3.7979972449530575,4.0
2016-08-02 15:22:56.260,0.988,0.23,-0.023,1.4369329961560184,2.0028260140881895,4.004453585787916,4.0
2016-08-02 15:22:56.270,0.992,0.227,-0.023,1.458162141527949,2.1957337029461965,4.03043313074116,4.0
2016-08-02 15:22:56.280,0.992,0.23,-0.023,1.4614572761045288,2.3770462507466803,4.155528395892915,4.0
2016-08-02 15:22:56.290,0.988,0.223,-0.023,1.542719646505064,2.3588825683173527,4.241597457517651,4.0
2016-08-02 15:22:56.300,0.988,0.223,-0.023,1.8565278908658929,2.166747634387466,4.00259503915508,4.0
2016-08-02 15:22:56.310,0.988,0.219,-0.023,2.4503531299373136,2.069730552902197,3.7012603647430495,4.0
2016-08-02 15:22:56.320,0.988,0.215,-0.02,2.9606059719929863,2.1259611312263593,3.45315276786456,4.0
2016-08-02 15:22:56.330,0.988,0.223,-0.02,3.2271798860784946,1.9700996063240668,3.0756404883274584,4.0
2016-08-02 15:22:56.340,0.996,0.23,-0.023,3.3253756606346307,1.6500449048366854,2.720312510810996,4.0
2016-08-02 15:22:56.350,1.0,0.227,-0.023,3.2783432969325106,1.407087438358044,2.406943251310954,4.0
2016-08-02 15:22:56.360,0.996,0.227,-0.02,3.12617353410025,1.2090855211018567,2.091631583261888,4.0
2016-08-02 15:22:56.370,0.992,0.227,-0.02,2.8193407398832693,1.0555049828599188,1.9771096893605284,4.0
2016-08-02 15:22:56.380,0.988,0.23,-0.02,2.5860566148641113,0.8676534008588985,1.8975478741242702,4.0
2016-08-02 15:22:56.390,0.992,0.23,-0.02,2.597416200635606,0.6324954270600603,1.7400369755418543,4.0
2016-08-02 15:22:56.400,0.992,0.238,-0.02,2.3649874229832126,0.6584995511352859,1.7649451777799507,4.0
2016-08-02 15:22:56.410,0.992,0.23,-0.023,1.7760530214123076,0.869042627806578,1.805919669132963,4.0
2016-08-02 15:22:56.420,0.988,0.234,-0.023,1.4463569679033308,0.835178597784722,1.6576821741306103,4.0
2016-08-02 15:22:56.430,0.992,0.234,-0.02,1.616775182504441,0.759588092349178,1.5523746102439064,4.0
2016-08-02 15:22:56.440,0.992,0.234,-0.02,1.921418444683062,0.9351927884186222,1.4816596396383548,4.0
2016-08-02 15:22:56.450,0.992,0.23,-0.016,2.136215773918779,1.1596461755318352,1.2914298629806331,4.0
2016-08-02 15:22:56.460,0.988,0.227,-0.016,2.4118853326505447,1.3115634371191915,1.0198525989728071,4.0
2016-08-02 15:22:56.470,0.988,0.23,-0.016,2.519394106522256,1.3293393625386472,0.7563016998908425,4.0
2016-08-02 15:22:56.480,0.988,0.23,-0.016,2.0565620520691343,1.1872485765422405,0.6559815600165868,4.0
2016-08-02 15:22:56.490,0.988,0.23,-0.016,1.403708049126605,1.0616821364957136,0.5897455710756778,4.0
2016-08-02 15:22:56.500,0.988,0.234,-0.02,1.1476024695311537,0.999690709706553,0.34812445119946284,4.0
2016-08-02 15:22:56.510,0.984,0.23,-0.023,1.287413456553317,0.8708238406106803,0.12428947456777549,4.0
2016-08-02 15:22:56.520,0.988,0.23,-0.023,1.359429690865741,0.7700578805426983,0.016868904526976664,4.0
2016-08-02 15:22:56.530,0.992,0.238,-0.023,1.040075956094202,0.9305628447718479,-0.07921776850873694,4.0
2016-08-02 15:22:56.540,0.992,0.242,-0.023,0.6954978544963369,1.1431498504556235,-0.18556573732097925,4.0
2016-08-02 15:22:56.550,0.996,0.238,-0.016,0.6571026261530738,1.1338688721789838,-0.29757414936821003,4.0
2016-08-02 15:22:56.560,1.0,0.234,-0.008,0.6169498077171145,1.1770114878269977,-0.3179151056997743,4.0
2016-08-02 15:22:56.570,0.992,0.234,-0.012,0.4495547880726254,1.3588992206188928,-0.3195939489397933,4.0
2016-08-02 15:22:56.580,0.988,0.23,-0.016,0.5395475171153998,1.292295069571846,-0.5480376332159854,4.0
2016-08-02 15:22:56.590,0.992,0.23,-0.02,0.9198983202412483,0.9765815502573862,-0.7234869442738234,4.0
2016-08-02 15:22:56.600,0.992,0.23,-0.016,1.1492507688265978,0.7599289177194296,-0.6584894044890487,4.0
2016-08-02 15:22:56.610,0.992,0.234,-0.012,1.264841374171703,0.6807975940317109,-0.7621670561263845,4.0
2016-08-02 15:22:56.620,0.992,0.227,-0.012,1.4737670818538393,0.6679016524990176,-0.9833060018420978,4.0
2016-08-02 15:22:56.630,0.992,0.23,-0.012,1.6650156773927307,0.7499991626085546,-1.0934297656031693,4.0
2016-08-02 15:22:56.640,0.996,0.23,-0.016,1.9660562935096793,0.8604622772439299,-1.2151006473185522,4.0
2016-08-02 15:22:56.650,0.992,0.234,-0.02,2.0302556047071425,0.9643605333037044,-1.3400695103903155,4.0
2016-08-02 15:22:56.660,0.988,0.238,-0.02,1.3528151988735737,0.9577028147922547,-1.4731455979652166,4.0
2016-08-02 15:22:56.670,0.988,0.234,-0.012,0.7287247747823006,0.7926696884305521,-1.5921487286904914,4.0
2016-08-02 15:22:56.680,0.988,0.227,-0.008,0.9051610612415466,0.7326262590993093,-1.7204329213104046,4.0
2016-08-02 15:22:56.690,0.988,0.227,-0.016,1.5625375609401395,0.7637868201889937,-1.9823944856909437,4.0
2016-08-02 15:22:56.700,0.988,0.227,-0.016,2.306429878407285,0.7206053634154812,-2.180078500663043,4.0
2016-08-02 15:22:56.710,0.988,0.227,-0.02,2.8504752328921414,0.756709137600051,-2.304759809078159,4.0
2016-08-02 15:22:56.720,0.988,0.23,-0.023,2.9678345718151045,0.8958645529325324,-2.577426717802533,4.0
2016-08-02 15:22:56.730,0.988,0.23,-0.023,2.838990686013082,0.9355916925900963,-2.8326302377365415,4.0
2016-08-02 15:22:56.740,0.988,0.227,-0.023,3.058888955313899,0.9336456579469133,-2.8995067808571457,4.0
2016-08-02 15:22:56.750,0.988,0.234,-0.012,4.0907837648335015,1.3033538150886197,-2.9157080984118564,4.0
2016-08-02 15:22:56.760,0.988,0.227,-0.012,5.302662879676186,1.9393319062721406,-3.080806448094266,4.0
2016-08-02 15:22:56.770,0.988,0.23,-0.016,5.751944882132572,2.2151325512437072,-3.2197056257216334,4.0
2016-08-02 15:22:56.780,0.988,0.238,0.0,6.026485701826207,2.2374647055342716,-3.03018150433161,4.0
2016-08-02 15:22:56.790,0.988,0.238,0.008,6.709956497792718,2.6574115310162396,-2.7836514358527964,4.0
2016-08-02 15:22:56.800,0.992,0.238,0.012,7.077688232671817,3.468371309677317,-2.8620211930057216,4.0
2016-08-02 15:22:56.810,0.988,0.238,0.008,7.175745014386242,3.8630341830577275,-3.016979611254735,4.0
2016-08-02 15:22:56.820,0.988,0.238,0.012,7.427800764761983,3.6510292804924616,-2.7907148659413505,4.0
2016-08-02 15:22:56.830,0.984,0.242,0.004,7.349076971020449,3.4087017280466934,-2.542568467907221,4.0
2016-08-02 15:22:56.840,0.988,0.238,0.0,6.924370891474776,3.218373843440719,-2.702792438693989,4.0
2016-08-02 15:22:56.850,0.992,0.234,0.0,6.435918753284319,3.1257493976834962,-2.8487018849714083,4.0
2016-08-02 15:22:56.860,0.988,0.23,-0.008,5.931393870255444,3.2272825880987996,-2.9392532507290325,4.0
2016-08-02 15:22:56.870,0.988,0.227,-0.016,5.911133179066986,3.3134579703947944,-3.1405687454288898,4.0
2016-08-02 15:22:56.880,0.988,0.23,-0.02,6.4016312857911934,3.3096999072083944,-3.0967040062698787,4.0
2016-08-02 15:22:56.890,0.992,0.238,-0.012,6.728875624546328,3.21397947311018,-2.9378566270883493,4.0
2016-08-02 15:22:56.900,0.992,0.242,0.0,6.730186348536933,3.235562921327798,-3.0716075862586822,4.0
2016-08-02 15:22:56.910,0.988,0.242,0.004,6.629362125377622,3.3862642439307096,-3.288630268051195,4.0
2016-08-02 15:22:56.920,0.988,0.246,0.0,6.2371238406912095,3.202344368163774,-3.3281691967281413,4.0
2016-08-02 15:22:56.930,0.996,0.246,0.0,5.241527939899058,2.8250968009551425,-3.1887029841636627,4.0
2016-08-02 15:22:56.940,0.992,0.227,0.0,3.807207046864914,2.585708015994001,-2.7208595143399563,4.0
2016-08-02 15:22:56.950,0.996,0.219,0.0,2.669282989086722,2.2261124758981103,-2.252984511754871,4.0
2016-08-02 15:22:56.960,0.992,0.211,0.0,2.9149883430639836,1.9985807243738076,-2.3715154439206967,4.0
2016-08-02 15:22:56.970,0.996,0.219,-0.004,4.1125594097170275,2.370960785777406,-2.6328264963557926,4.0
2016-08-02 15:22:56.980,0.992,0.227,0.0,4.327204433152261,2.8908141943876142,-2.518461644679711,4.0
2016-08-02 15:22:56.990,0.996,0.23,-0.004,3.321098883689426,3.081832829603508,-2.359772029026422,4.0
2016-08-02 15:22:57.000,0.988,0.23,0.004,2.4987519826952727,3.0819434492497364,-2.2998636969391613,4.0
2016-08-02 15:22:57.010,0.988,0.223,0.008,2.709863745783346,3.0790175231144614,-2.0939412342190025,4.0
2016-08-02 15:22:57.020,0.992,0.211,0.004,3.6966176073956016,3.0017595944746605,-1.8396902098796062,4.0
2016-08-02 15:22:57.030,0.992,0.203,0.012,5.025506558351018,2.843250757857364,-1.9544083511478294,4.0
2016-08-02 15:22:57.040,1.0,0.223,0.02,7.691863547674651,2.939984584155106,-2.5559032580645056,4.0
2016-08-02 15:22:57.050,1.008,0.227,0.02,12.07373037244105,3.2632553437807266,-3.1167215661064054,4.0
2016-08-02 15:22:57.060,1.016,0.227,0.012,15.343905296310659,3.723459043984329,-3.1471507468015694,4.0
2016-08-02 15:22:57.070,1.012,0.223,0.023,16.051958094377362,4.806132719045257,-3.075653896904234,4.0
2016-08-02 15:22:57.080,1.004,0.215,0.051,16.47792383874498,6.053073674128011,-3.4703981514406976,4.0
2016-08-02 15:22:57.090,1.004,0.203,0.078,17.795446713082736,6.752772553431173,-4.245823277376066,4.0
2016-08-02 15:22:57.100,1.012,0.191,0.102,20.30624582786707,7.992076517160645,-5.246453275504766,4.0
2016-08-02 15:22:57.110,1.012,0.184,0.094,24.72681434304758,10.43432323192373,-6.685818486438344,4.0
2016-08-02 15:22:57.120,0.996,0.215,0.105,29.1074242238442,12.29994080276921,-8.408261467963545,4.0
2016-08-02 15:22:57.130,1.0,0.277,0.16,29.846730655338455,12.140225448958923,-8.786687467378563,4.0
2016-08-02 15:22:57.140,1.023,0.34,0.262,24.059845791009952,11.641883444028796,-6.9531771607776856,4.0
2016-08-02 15:22:57.150,1.043,0.352,0.348,13.271981257618165,12.900012145394708,-5.043782987250726,4.0
2016-08-02 15:22:57.160,1.063,0.316,0.398,6.157850328303368,15.462287059584963,-4.653801755386323,4.0
2016-08-02 15:22:57.170,1.078,0.27,0.414,8.555789933007816,19.01322989411627,-4.77897393058694,4.0
2016-08-02 15:22:57.180,1.082,0.234,0.344,15.379526256679405,23.88530172267872,-4.766082702798675,4.0
2016-08-02 15:22:57.190,1.059,0.25,0.246,17.43801459503867,28.488601247406088,-4.893814654627391,4.0
2016-08-02 15:22:57.200,1.035,0.328,0.215,9.890772205899761,31.06553572142723,-4.527461321113406,4.0
2016-08-02 15:22:57.210,1.047,0.387,0.281,-4.273953599425646,32.48509314043855,-2.9025552115554993,4.0
2016-08-02 15:22:57.220,1.102,0.367,0.363,-17.557893945963553,35.69742710181274,-1.322068173108455,4.0
2016-08-02 15:22:57.230,1.141,0.324,0.457,-24.09625894196541,41.78349992308275,-1.5899231411785066,4.0
2016-08-02 15:22:57.240,1.156,0.301,0.566,-21.46957639583967,48.29023632192732,-2.706037529099368,4.0
2016-08-02 15:22:57.250,1.172,0.313,0.625,-14.83339207164567,54.21220679007922,-3.1315794582764287,4.0
2016-08-02 15:22:57.260,1.184,0.332,0.645,-14.356949714913352,60.3656471615985,-3.618980831245201,4.0
2016-08-02 15:22:57.270,1.191,0.32,0.641,-19.57051912493811,65.95767463946862,-4.1030651621402505,4.0
2016-08-02 15:22:57.280,1.199,0.32,0.625,-21.709337756986315,71.54679273939685,-3.6234478959146736,4.0
2016-08-02 15:22:57.290,1.203,0.336,0.633,-20.908675497009135,78.37740443099109,-2.717354835796611,4.0
2016-08-02 15:22:57.300,1.219,0.348,0.656,-22.31091818619374,85.55039740893861,-1.0848592702937665,4.0
2016-08-02 15:22:57.310,1.234,0.348,0.648,-25.042410013571967,92.46170532916564,1.3711546363031848,4.0
2016-08-02 15:22:57.320,1.242,0.344,0.66,-26.0306576180728,98.61157588803839,3.294047636301996,4.0
2016-08-02 15:22:57.330,1.254,0.328,0.676,-25.957029215381564,103.54270260893097,5.57745806584147,4.0
2016-08-02 15:22:57.340,1.293,0.285,0.688,-26.87850071528994,107.69429929393154,8.512287425230705,4.0
2016-08-02 15:22:57.350,1.348,0.266,0.699,-26.183293702086974,112.08857581428472,9.621827680048609,4.0
2016-08-02 15:22:57.360,1.344,0.27,0.699,-21.672586593540434,118.40009588284332,9.657476316598046,4.0
2016-08-02 15:22:57.370,1.313,0.297,0.727,-19.839146542543496,124.7361768227207,10.69213316547611,4.0
2016-08-02 15:22:57.380,1.332,0.285,0.758,-24.149742892223976,128.3617700110354,11.118426940186204,4.0
2016-08-02 15:22:57.390,1.344,0.262,0.758,-26.59665311756328,132.67664546127193,9.83421650942352,4.0
2016-08-02 15:22:57.400,1.336,0.254,0.73,-22.286237211566768,138.6538949278045,7.878323918275317,4.0
2016-08-02 15:22:57.410,1.34,0.273,0.715,-16.01774366699576,142.35153507666055,5.662767210728738,4.0
2016-08-02 15:22:57.420,1.359,0.313,0.707,-12.364166489810291,145.59931641961202,3.586345528851075,4.0
2016-08-02 15:22:57.430,1.367,0.336,0.703,-11.592989753525915,151.43557573701412,2.5154151163142777,4.0
2016-08-02 15:22:57.440,1.371,0.34,0.711,-11.768984053834245,157.06127600699023,1.747650397204244,4.0
2016-08-02 15:22:57.450,1.371,0.352,0.727,-10.151480831921395,161.11594727265447,0.3502573152232237,4.0
2016-08-02 15:22:57.460,1.375,0.359,0.75,-7.992040124215208,165.42602102208141,-0.15269032290794143,4.0
2016-08-02 15:22:57.470,1.391,0.348,0.742,-9.167137959197376,169.41151916803432,0.015498879260224752,4.0
2016-08-02 15:22:57.480,1.398,0.316,0.723,-10.106855429977994,172.9123404877538,-1.5444283693307543,4.0
2016-08-02 15:22:57.490,1.383,0.293,0.684,-5.443761090504737,177.98775813681712,-3.867647092856975,4.0
2016-08-02 15:22:57.500,1.348,0.309,0.66,-0.2536633818412317,183.29640404826048,-5.5848553084560475,4.0
2016-08-02 15:22:57.510,1.32,0.332,0.672,-1.0826609913014067,186.3048144655528,-7.065646580113911,4.0
2016-08-02 15:22:57.520,1.309,0.344,0.695,-6.0334728822234815,187.46438212534215,-7.037657021214748,4.0
2016-08-02 15:22:57.530,1.32,0.309,0.711,-10.845800207857419,187.5214774557954,-5.646311610184141,4.0
2016-08-02 15:22:57.540,1.309,0.277,0.699,-12.936505654451976,187.87309385319884,-5.573185302148721,4.0
2016-08-02 15:22:57.550,1.297,0.262,0.684,-11.256843938503728,189.93680185720825,-6.825651195557077,4.0
2016-08-02 15:22:57.560,1.281,0.254,0.645,-9.07403264699027,192.7040863862045,-7.662163399846062,4.0
2016-08-02 15:22:57.570,1.25,0.266,0.625,-10.844461131333247,194.5949008722965,-8.153401933361252,4.0
2016-08-02 15:22:57.580,1.211,0.266,0.629,-15.201110318890459,194.4822870071862,-8.252062711492986,4.0
2016-08-02 15:22:57.590,1.172,0.242,0.613,-17.641292471968548,192.88431364924696,-7.72629720009977,4.0
2016-08-02 15:22:57.600,1.125,0.227,0.617,-16.75556782881835,191.5025333790009,-7.704161024780378,4.0
2016-08-02 15:22:57.610,1.105,0.219,0.633,-13.578567948906864,190.326235017922,-8.374804275985902,4.0
2016-08-02 15:22:57.620,1.094,0.207,0.621,-8.904509192368064,189.62535654950344,-9.631026193612358,4.0
2016-08-02 15:22:57.630,1.066,0.199,0.586,-3.125332073576064,190.07588558417095,-11.57714013746923,4.0
2016-08-02 15:22:57.640,0.988,0.223,0.582,0.7552048177525357,189.105237251443,-12.46198951995084,4.0
2016-08-02 15:22:57.650,0.922,0.266,0.617,-2.4918992380000216,183.6255430198073,-11.124194890449603,4.0
2016-08-02 15:22:57.660,0.906,0.246,0.641,-10.121038621932014,176.0068065677452,-8.620481160672337,4.0
2016-08-02 15:22:57.670,0.883,0.203,0.629,-10.220081587908751,172.19943499685795,-7.025188727600872,4.0
2016-08-02 15:22:57.680,0.848,0.191,0.594,1.1966582615436496,173.09271202976095,-7.2364422576705785,4.0
2016-08-02 15:22:57.690,0.801,0.207,0.539,13.964036506298829,174.83849957019922,-7.968264032305864,4.0
2016-08-02 15:22:57.700,0.742,0.254,0.492,18.67648588146391,175.63479551223486,-8.555288239103538,4.0
2016-08-02 15:22:57.710,0.645,0.297,0.512,14.749143248528046,173.67892708002398,-8.34968889831528,4.0
2016-08-02 15:22:57.720,0.594,0.277,0.582,5.245357715878512,166.85303465016403,-6.309219971925182,4.0
2016-08-02 15:22:57.730,0.578,0.207,0.625,-1.96256041401304,158.88922794715305,-4.5776567205208885,4.0
2016-08-02 15:22:57.740,0.555,0.168,0.648,2.834561780360717,155.40487521128483,-5.449562886918639,4.0
2016-08-02 15:22:57.750,0.52,0.148,0.621,16.206607822501258,155.42853350534665,-6.957005806615589,4.0
2016-08-02 15:22:57.760,0.453,0.164,0.566,24.55318259369136,154.49775629659632,-7.497537804750907,4.0
2016-08-02 15:22:57.770,0.359,0.227,0.555,21.71157778344447,150.00388160308927,-7.20899097985322,4.0
2016-08-02 15:22:57.780,0.301,0.25,0.598,10.66760544629222,141.995090359545,-4.663077175714353,4.0
2016-08-02 15:22:57.790,0.293,0.223,0.621,-1.078459500889925,133.94182120608482,-1.172150344560735,4.0
2016-08-02 15:22:57.800,0.305,0.195,0.66,-3.1721330626163864,129.7697216734582,0.018211376639711827,4.0
2016-08-02 15:22:57.810,0.309,0.168,0.637,5.7887095258694075,129.68630806387756,-0.19670611411168976,4.0
2016-08-02 15:22:57.820,0.281,0.145,0.586,15.711389016400943,130.59003062721223,-1.3799409420454618,4.0
2016-08-02 15:22:57.830,0.215,0.152,0.543,20.915691586162147,129.86103672062143,-4.006957641698277,4.0
2016-08-02 15:22:57.840,0.105,0.227,0.586,19.152311614071397,126.44593866361404,-5.133126154871517,4.0
2016-08-02 15:22:57.850,0.051,0.293,0.652,5.439711950413748,119.44793970466512,-3.407940791297901,4.0
2016-08-02 15:22:57.860,0.066,0.211,0.656,-11.102713635271536,112.33441320264862,-1.8050291154983116,4.0
2016-08-02 15:22:57.870,0.055,0.098,0.668,-9.502211364662662,111.29741389009067,-3.7768410278240907,4.0
2016-08-02 15:22:57.880,0.027,0.082,0.637,10.2147696396724,114.00084371837877,-7.341155866715152,4.0
2016-08-02 15:22:57.890,-0.023,0.168,0.613,23.350316191979438,112.65341908404795,-7.331034937531885,4.0
2016-08-02 15:22:57.900,-0.07,0.293,0.648,13.81086560258657,105.45637139445127,-3.648215572322672,4.0
2016-08-02 15:22:57.910,-0.063,0.285,0.668,-6.647299186257596,96.87327377979253,1.3582448940011584,4.0
2016-08-02 15:22:57.920,-0.047,0.176,0.688,-13.888554352661243,93.73926927624706,3.9248857706665747,4.0
2016-08-02 15:22:57.930,-0.066,0.098,0.66,0.7747104395009252,97.83432077559031,1.153537502331916,4.0
2016-08-02 15:22:57.940,-0.113,0.098,0.629,21.10488195432984,101.60339038829554,-3.07968158689221,4.0
2016-08-02 15:22:57.950,-0.199,0.172,0.633,25.83549164100181,98.46590797223931,-5.2461499242724905,4.0
2016-08-02 15:22:57.960,-0.238,0.262,0.684,13.13715601433541,89.83055069889306,-3.836526124121738,4.0
2016-08-02 15:22:57.970,-0.207,0.277,0.688,-1.6555606241702128,81.95742607997697,1.5974758266578293,4.0
2016-08-02 15:22:57.980,-0.172,0.195,0.66,-4.377300583627402,80.51402790053888,5.211594715782483,4.0
2016-08-02 15:22:57.990,-0.176,0.102,0.609,7.108691084197843,83.71389976895719,3.248322958985225,4.0
2016-08-02 15:22:58.000,-0.227,0.074,0.551,22.075203575203194,85.53971618557695,-1.0352434809030342,4.0
2016-08-02 15:22:58.010,-0.332,0.16,0.547,25.616809835931697,82.99958332192206,-4.021023082095403,4.0
2016-08-02 15:22:58.020,-0.371,0.285,0.609,11.845485911028236,74.86500592987734,-1.54687096186056,4.0
2016-08-02 15:22:58.030,-0.301,0.289,0.617,-7.344173373801008,65.10820703807326,5.341383327673978,4.0
2016-08-02 15:22:58.040,-0.293,0.172,0.543,-10.809476131702297,62.53129020040214,7.092944276876314,4.0
2016-08-02 15:22:58.050,-0.324,0.074,0.488,5.995745072263795,66.78511062388169,2.754174568210005,4.0
2016-08-02 15:22:58.060,-0.355,0.102,0.453,23.55207757771882,69.76352607940846,-0.7136191726830847,4.0
2016-08-02 15:22:58.070,-0.422,0.211,0.43,22.60150614559303,67.85455340865288,-3.545855823711901,4.0
2016-08-02 15:22:58.080,-0.441,0.293,0.434,4.6146829002934595,60.751071971217876,-4.288316910564947,4.0
2016-08-02 15:22:58.090,-0.41,0.258,0.441,-13.382096750958384,51.562231306506774,-1.0628031250549257,4.0
2016-08-02 15:22:58.100,-0.414,0.156,0.445,-16.710206210706477,45.140620832425675,-0.9225288562556395,4.0
2016-08-02 15:22:58.110,-0.422,0.094,0.449,-5.47745435215235,40.44321615284648,-4.379286907386565,4.0
2016-08-02 15:22:58.120,-0.43,0.074,0.445,8.88346831785952,35.46964762406825,-6.5863126585283,4.0
2016-08-02 15:22:58.130,-0.445,0.113,0.434,17.834313174426665,30.70904931702076,-9.110575791739947,4.0
2016-08-02 15:22:58.140,-0.473,0.172,0.395,19.539254322966492,25.121933921313527,-11.17357146495341,4.0
2016-08-02 15:22:58.150,-0.516,0.215,0.359,14.021264444514797,18.17650267618529,-11.197976971760282,4.0
2016-08-02 15:22:58.160,-0.516,0.223,0.34,6.34063928247433,10.739047337394407,-11.020220910088979,4.0
2016-08-02 15:22:58.170,-0.5,0.18,0.336,4.551390397087647,4.1907144255925015,-11.118786775432962,4.0
2016-08-02 15:22:58.180,-0.488,0.129,0.355,10.775700199461504,-0.2536454409444272,-12.652290457676015,4.0
2016-08-02 15:22:58.190,-0.492,0.137,0.375,20.334414953088288,-3.4152546563969093,-14.926172353747297,4.0
2016-08-02 15:22:58.200,-0.504,0.203,0.402,23.714210303918236,-7.449069761211044,-15.063466057108716,4.0
2016-08-02 15:22:58.210,-0.496,0.258,0.406,14.93344546404234,-13.962650616006378,-13.634356002397539,4.0
2016-08-02 15:22:58.220,-0.492,0.234,0.402,1.337111946981637,-21.277256372252793,-12.770561386466309,4.0
2016-08-02 15:22:58.230,-0.496,0.16,0.43,-4.432254614604777,-26.58596641127389,-13.743529020241048,4.0
2016-08-02 15:22:58.240,-0.492,0.109,0.465,1.761270292169483,-30.233784217374556,-15.461714821470522,4.0
2016-08-02 15:22:58.250,-0.48,0.117,0.469,13.020574877386753,-33.764872204925936,-16.13447061280936,4.0
2016-08-02 15:22:58.260,-0.457,0.172,0.484,18.870980397460137,-38.50817832736735,-15.97720277530431,4.0
2016-08-02 15:22:58.270,-0.441,0.234,0.504,15.521032407600618,-44.32000399768541,-14.089749817440406,4.0
2016-08-02 15:22:58.280,-0.406,0.242,0.516,7.510627419589387,-49.42718090138123,-10.695619280286095,4.0
2016-08-02 15:22:58.290,-0.387,0.199,0.543,2.718547510106247,-53.044025697476044,-8.977556903197572,4.0
2016-08-02 15:22:58.300,-0.395,0.152,0.547,6.7623897231171775,-54.78513212981679,-9.131679283459588,4.0
2016-08-02 15:22:58.310,-0.41,0.152,0.551,15.585607875890037,-55.41323879610469,-8.817991098327834,4.0
2016-08-02 15:22:58.320,-0.414,0.199,0.563,18.81749452674345,-57.88131930814703,-7.027794103971318,4.0
2016-08-02 15:22:58.330,-0.383,0.25,0.586,13.080593651704886,-63.17976660109727,-4.042235542026898,4.0
2016-08-02 15:22:58.340,-0.352,0.258,0.602,3.433595714360115,-68.4535622534641,-1.6569701941432204,4.0
2016-08-02 15:22:58.350,-0.316,0.227,0.605,-3.047464429971412,-71.18141347667387,-0.6887453192121933,4.0
2016-08-02 15:22:58.360,-0.285,0.184,0.609,-1.2455258255844088,-71.43508051287803,-0.09377565890509248,4.0
2016-08-02 15:22:58.370,-0.273,0.176,0.598,6.6294386806463095,-70.11231347685236,-0.048799912821322164,4.0
2016-08-02 15:22:58.380,-0.273,0.203,0.625,11.438128583308469,-69.11737265036804,-0.47011927990153063,4.0
2016-08-02 15:22:58.390,-0.285,0.242,0.664,6.809186368270229,-71.80109589829142,-0.2782623739969463,4.0
2016-08-02 15:22:58.400,-0.266,0.242,0.695,-3.353442495287919,-78.43683744639958,0.4623014148390402,4.0
2016-08-02 15:22:58.410,-0.227,0.195,0.73,-8.877112108695528,-84.06974802435533,0.7177079530788969,4.0
2016-08-02 15:22:58.420,-0.176,0.164,0.734,-3.8541792589282617,-85.28662393697279,-0.10054175724347433,4.0
2016-08-02 15:22:58.430,-0.152,0.156,0.688,7.958946295853943,-83.64736169964712,-1.3806121071826851,4.0
2016-08-02 15:22:58.440,-0.168,0.195,0.66,15.867668745406888,-82.67910138321253,-2.120896671595159,4.0
2016-08-02 15:22:58.450,-0.168,0.266,0.684,12.052119727568137,-85.77634780563972,-0.6968071455068369,4.0
2016-08-02 15:22:58.460,-0.129,0.289,0.711,-0.4188044695159783,-92.11115476773898,2.6606747754313025,4.0
2016-08-02 15:22:58.470,-0.098,0.258,0.77,-11.477367643584149,-97.24648173802288,3.9450955076105987,4.0
2016-08-02 15:22:58.480,-0.078,0.219,0.816,-13.350713016923498,-99.37586386692665,2.760751517210448,4.0
2016-08-02 15:22:58.490,-0.043,0.199,0.801,-5.9905008065754135,-98.80082065718017,2.8947023865720647,4.0
2016-08-02 15:22:58.500,-0.039,0.219,0.754,3.250871530992554,-96.3202917495326,3.90544936822754,4.0
2016-08-02 15:22:58.510,-0.027,0.281,0.719,5.709216077387304,-95.2063247777898,4.9260905754666995,4.0
2016-08-02 15:22:58.520,0.027,0.324,0.734,-1.0575087581637121,-97.664279361393,7.77467575427975,4.0
2016-08-02 15:22:58.530,0.074,0.305,0.758,-12.15310200634461,-101.29513418818729,9.416961551968384,4.0
2016-08-02 15:22:58.540,0.098,0.23,0.77,-19.67851694537185,-104.01203449328352,6.347793214127734,4.0
2016-08-02 15:22:58.550,0.105,0.184,0.789,-17.949309510851943,-105.64053682592308,1.5634940046647479,4.0
2016-08-02 15:22:58.560,0.121,0.195,0.789,-9.310221942532367,-105.18535983071646,-1.485483757131619,4.0
2016-08-02 15:22:58.570,0.113,0.262,0.805,-3.513194798046288,-104.31452071477084,-2.378215820194556,4.0
2016-08-02 15:22:58.580,0.125,0.328,0.844,-8.066273922435837,-107.03188233917386,-1.1082300749098568,4.0
2016-08-02 15:22:58.590,0.188,0.328,0.816,-19.637178253159664,-111.95649661425183,1.7099297952260488,4.0
2016-08-02 15:22:58.600,0.238,0.254,0.758,-26.020478127384113,-113.5179483478635,1.792265188707293,4.0
2016-08-02 15:22:58.610,0.262,0.172,0.711,-19.76188335405918,-111.40102944730565,-3.5044818508797575,4.0
2016-08-02 15:22:58.620,0.277,0.145,0.684,-7.0572678861632285,-109.65358616850091,-9.310390719516668,4.0
2016-08-02 15:22:58.630,0.297,0.195,0.695,1.0212907428159306,-110.25153881683369,-12.433847968700789,4.0
2016-08-02 15:22:58.640,0.301,0.309,0.785,-1.739061574484223,-114.59970764758148,-14.053697293326252,4.0
2016-08-02 15:22:58.650,0.32,0.363,0.836,-15.399392904658537,-122.35520202595711,-12.697702853392661,4.0
2016-08-02 15:22:58.660,0.383,0.297,0.801,-29.734080605861514,-128.6287180522528,-9.292556686924858,4.0
2016-08-02 15:22:58.670,0.418,0.207,0.766,-29.419787164593046,-129.6438395101822,-9.900654460957156,4.0
2016-08-02 15:22:58.680,0.426,0.137,0.727,-13.121290907725667,-127.47378545614922,-14.293445783855265,4.0
2016-08-02 15:22:58.690,0.438,0.152,0.68,5.277531161263165,-126.49479180191656,-15.768454184502003,4.0
2016-08-02 15:22:58.700,0.43,0.23,0.676,13.233252229616031,-128.8556265620467,-14.41978545369822,4.0
2016-08-02 15:22:58.710,0.414,0.332,0.738,5.979578921667475,-134.41416956170264,-13.37289911746139,4.0
2016-08-02 15:22:58.720,0.426,0.367,0.793,-12.69858207918753,-140.57686855251472,-10.577883373977967,4.0
2016-08-02 15:22:58.730,0.477,0.313,0.813,-28.319663100606537,-144.30651587807202,-7.177814306852331,4.0
2016-08-02 15:22:58.740,0.57,0.234,0.82,-26.576671169062394,-145.21489517595234,-6.993209161982856,4.0
2016-08-02 15:22:58.750,0.648,0.184,0.789,-8.763415325365177,-143.65714211312076,-8.532109471757572,4.0
2016-08-02 15:22:58.760,0.676,0.188,0.719,10.894262281592628,-141.35728995704318,-10.446599794545588,4.0
2016-08-02 15:22:58.770,0.645,0.254,0.668,19.65871011465369,-141.9285226462809,-13.104227430276834,4.0
2016-08-02 15:22:58.780,0.645,0.344,0.699,14.973483440945616,-145.87766880678817,-13.338422792059607,4.0
2016-08-02 15:22:58.790,0.672,0.359,0.754,2.725793070343543,-149.55993543081203,-10.569889378348652,4.0
2016-08-02 15:22:58.800,0.695,0.309,0.758,-7.661667764495302,-150.65733391366248,-9.739577735490968,4.0
2016-08-02 15:22:58.810,0.762,0.273,0.781,-5.894879623907617,-151.20638003418992,-11.166107338207391,4.0
2016-08-02 15:22:58.820,0.836,0.266,0.777,11.307821999344878,-151.31430874442478,-10.635889632340621,4.0
2016-08-02 15:22:58.830,0.867,0.285,0.699,33.74366154638343,-148.1193951764072,-8.36248458185499,4.0
2016-08-02 15:22:58.840,0.836,0.332,0.648,47.17090015998197,-144.479821608164,-6.837414003946614,4.0
2016-08-02 15:22:58.850,0.773,0.387,0.668,44.26858529208701,-144.98174927377187,-5.472503628175984,4.0
2016-08-02 15:22:58.860,0.75,0.418,0.75,25.924190769111206,-149.5014997351554,-2.5165853367238253,4.0
2016-08-02 15:22:58.870,0.82,0.406,0.832,3.6068573153690195,-156.78074594659446,1.0139417932576817,4.0
2016-08-02 15:22:58.880,0.93,0.371,0.848,-4.331798196886051,-162.4628075922259,2.9743182665231864,4.0
2016-08-02 15:22:58.890,1.02,0.324,0.809,9.199489623770122,-160.8368447802133,4.984448804811073,4.0
2016-08-02 15:22:58.900,1.012,0.289,0.672,32.709404765562766,-152.97767381416983,8.637447385354292,4.0
2016-08-02 15:22:58.910,0.922,0.316,0.535,52.10443816530593,-145.52861662277925,11.38922723132296,4.0
2016-08-02 15:22:58.920,0.848,0.375,0.59,59.67077384545051,-143.87096566637203,14.363030327882328,4.0
2016-08-02 15:22:58.930,0.867,0.449,0.754,49.8630122678122,-147.06439882769945,20.750581567863488,4.0
2016-08-02 15:22:58.940,0.977,0.488,0.793,27.9869087100327,-151.39693179758126,24.91517290430637,4.0
2016-08-02 15:22:58.950,1.105,0.457,0.781,12.404095884678405,-154.531149465448,23.218277952857765,4.0
2016-08-02 15:22:58.960,1.184,0.371,0.77,13.381646732821395,-152.31081842171838,22.42737261246297,4.0
2016-08-02 15:22:58.970,1.207,0.301,0.648,26.99806782011833,-144.64992041296395,23.17864748909586,4.0
2016-08-02 15:22:58.980,1.145,0.313,0.48,43.72328091158676,-137.64393395119595,20.368937475832762,4.0
2016-08-02 15:22:58.990,1.055,0.387,0.488,50.2068517313,-133.90586797604652,18.199770889424194,4.0
2016-08-02 15:22:59.000,1.039,0.453,0.59,40.59664810159612,-134.67385257522403,21.18849902033728,4.0
2016-08-02 15:22:59.010,1.133,0.469,0.746,23.841849288506623,-139.75784116301503,23.568561035317714,4.0
2016-08-02 15:22:59.020,1.219,0.449,0.813,11.59149627604684,-142.58014430898123,21.54981542966099,4.0
2016-08-02 15:22:59.030,1.254,0.387,0.773,9.052996898407667,-140.25473085317026,18.585069385891952,4.0
2016-08-02 15:22:59.040,1.266,0.344,0.68,14.867723607016107,-135.71234256296506,15.97094552063081,4.0
2016-08-02 15:22:59.050,1.246,0.344,0.496,25.0816741972112,-128.72067107168255,13.664593063673038,4.0
2016-08-02 15:22:59.060,1.184,0.383,0.395,33.61963649799877,-120.5012145776997,13.268861743755496,4.0
2016-08-02 15:22:59.070,1.129,0.449,0.504,30.949856971284138,-116.24794518160016,15.139388298115907,4.0
2016-08-02 15:22:59.080,1.148,0.496,0.563,15.962238077201194,-117.26816938296975,17.426440313376464,4.0
2016-08-02 15:22:59.090,1.199,0.461,0.629,0.4563211258212996,-119.57997210459149,16.943572627345926,4.0
2016-08-02 15:22:59.100,1.23,0.375,0.695,-6.009557064602579,-118.27925260929413,14.671706854642292,4.0
2016-08-02 15:22:59.110,1.223,0.328,0.656,-3.9122816738698685,-113.7818397097826,12.827806572903853,4.0
2016-08-02 15:22:59.120,1.195,0.332,0.551,0.04939737420410818,-110.35069148655599,9.905182381635125,4.0
2016-08-02 15:22:59.130,1.184,0.371,0.477,0.22077769041112816,-107.19042341979934,9.014672965355812,4.0
2016-08-02 15:22:59.140,1.188,0.398,0.41,-2.455837236659392,-102.47446252051857,12.310718252702468,4.0
2016-08-02 15:22:59.150,1.18,0.402,0.398,-6.029141129460564,-98.13660658733133,14.72031525934052,4.0
2016-08-02 15:22:59.160,1.176,0.406,0.445,-11.17415089886267,-94.83106617709569,15.998081787639828,4.0
2016-08-02 15:22:59.170,1.188,0.402,0.484,-17.145773571292622,-92.97553762841022,18.17183688180941,4.0
2016-08-02 15:22:59.180,1.211,0.359,0.559,-24.44402362779485,-92.35280357381977,18.779777746531728,4.0
2016-08-02 15:22:59.190,1.207,0.332,0.531,-34.02710845329098,-90.81923576161446,16.657992045780965,4.0
2016-08-02 15:22:59.200,1.191,0.305,0.445,-41.696774276086096,-89.04994577849202,12.797163939330947,4.0
2016-08-02 15:22:59.210,1.18,0.277,0.383,-44.3798523148419,-86.69352203963072,9.810074684207777,4.0
2016-08-02 15:22:59.220,1.18,0.27,0.352,-44.21125275504983,-81.85826734482033,9.301435996124226,4.0
2016-08-02 15:22:59.230,1.164,0.266,0.348,-44.041371489287975,-77.4194062525634,8.707466026518196,4.0
2016-08-02 15:22:59.240,1.141,0.285,0.379,-46.2266902153663,-74.58456920515329,7.807892738710986,4.0
2016-08-02 15:22:59.250,1.125,0.297,0.395,-49.932984649895644,-71.21404947867532,8.701332761966874,4.0
2016-08-02 15:22:59.260,1.113,0.27,0.414,-51.81050393036084,-67.42591723750553,10.057545580119106,4.0
2016-08-02 15:22:59.270,1.09,0.262,0.426,-51.91162905874252,-63.2275339297624,10.769237777400669,4.0
2016-08-02 15:22:59.280,1.07,0.273,0.395,-51.831940234142685,-59.09878052549128,11.737637977271453,4.0
2016-08-02 15:22:59.290,1.078,0.273,0.336,-51.3694490719345,-55.4484233101402,12.920436181411677,4.0
2016-08-02 15:22:59.300,1.074,0.25,0.266,-49.79854708051934,-50.96091431679529,13.708969732846803,4.0
2016-08-02 15:22:59.310,1.066,0.211,0.211,-46.73173922387682,-46.32745886971206,13.965255006009485,4.0
2016-08-02 15:22:59.320,1.051,0.191,0.176,-43.697731232955675,-42.38859011173278,14.028899367259068,4.0
2016-08-02 15:22:59.330,1.043,0.211,0.176,-42.89856356280619,-39.09406767863574,13.951941187814217,4.0
2016-08-02 15:22:59.340,1.047,0.211,0.211,-43.78208128790813,-37.07434620213549,13.601291935969257,4.0
2016-08-02 15:22:59.350,1.047,0.211,0.293,-45.015196286956055,-35.46607433707688,13.366663917496124,4.0
2016-08-02 15:22:59.360,1.055,0.223,0.344,-47.509744419507115,-35.52614666491918,12.58764788548735,4.0
2016-08-02 15:22:59.370,1.07,0.277,0.355,-53.340165607881694,-42.375947118137475,9.503108892723896,4.0
2016-08-02 15:22:59.380,1.117,0.277,0.371,-60.53746705577953,-52.677479175426456,3.6828012907559478,4.0
2016-08-02 15:22:59.390,1.16,0.203,0.332,-63.47998350510376,-51.75955219704042,-3.858270268974923,4.0
2016-08-02 15:22:59.400,1.082,0.172,0.25,-62.288865275685055,-39.441856025735376,-10.774627965759155,4.0
2016-08-02 15:22:59.410,1.012,0.094,0.242,-57.346985846680695,-32.84607978342473,-12.941951265647011,4.0
2016-08-02 15:22:59.420,1.0,0.07,0.27,-45.08023129864651,-32.13476978657462,-10.350374282147156,4.0
2016-08-02 15:22:59.430,1.023,0.133,0.301,-33.63878764716617,-26.89284300825495,-7.776325749163802,4.0
2016-08-02 15:22:59.440,1.055,0.195,0.32,-33.432834752257946,-18.63895344852151,-4.933867947122614,4.0
2016-08-02 15:22:59.450,1.059,0.188,0.336,-38.78808310367066,-8.929805317337633,0.029547084950326874,4.0
2016-08-02 15:22:59.460,1.043,0.184,0.301,-42.836277807737375,1.4665824574241775,5.063283272461943,4.0
2016-08-02 15:22:59.470,1.035,0.176,0.258,-45.22007785103607,10.2946807633613,10.447794795099446,4.0
2016-08-02 15:22:59.480,1.039,0.148,0.219,-43.405627030853516,19.46287668970583,15.651407009374093,4.0
2016-08-02 15:22:59.490,1.031,0.137,0.184,-37.22503926749768,27.52660301891391,17.85799839786248,4.0
2016-08-02 15:22:59.500,1.012,0.152,0.184,-30.103417889286927,31.33255321034696,18.894714968128493,4.0
2016-08-02 15:22:59.510,1.012,0.113,0.219,-21.064105620079435,33.14261200343254,21.84022561084675,4.0
2016-08-02 15:22:59.520,1.023,0.094,0.254,-6.842471299722587,35.872907058157004,24.14187952707078,4.0
2016-08-02 15:22:59.530,1.047,0.063,0.289,14.75483898149201,38.48148117788054,19.749639756374528,4.0
2016-08-02 15:22:59.540,1.066,0.023,0.313,44.980845333168176,38.918454861233634,11.094541904101483,4.0
2016-08-02 15:22:59.550,1.043,-0.027,0.289,74.75361625436528,37.391009731681635,9.90633620768745,4.0
2016-08-02 15:22:59.560,1.043,0.098,0.199,83.35606620059752,32.18330103407413,13.984566402879269,4.0
2016-08-02 15:22:59.570,1.055,0.305,0.113,62.643674946405746,24.46525937236428,10.186428989822792,4.0
2016-08-02 15:22:59.580,1.063,0.344,0.094,32.21341045128855,24.42875188483781,4.032384887206891,4.0
2016-08-02 15:22:59.590,1.035,0.273,0.094,16.749531450274908,31.369786041182508,5.064569744235198,4.0
2016-08-02 15:22:59.600,1.027,0.172,0.113,20.264639275591257,33.21542145488171,5.797026540235357,4.0
2016-08-02 15:22:59.610,1.039,0.129,0.141,30.9745314631666,32.92708962335182,3.276734726039563,4.0
2016-08-02 15:22:59.620,1.047,0.156,0.176,38.12696523088222,36.850175551700985,2.6310273420994985,4.0
2016-08-02 15:22:59.630,1.047,0.184,0.219,39.67914887638493,39.03013770909456,2.6878207556474045,4.0
2016-08-02 15:22:59.640,1.039,0.188,0.262,40.213323320672245,38.283377368975735,2.564261418871627,4.0
2016-08-02 15:22:59.650,1.035,0.168,0.301,43.18875491704758,38.708072234052224,3.531074449712881,4.0
2016-08-02 15:22:59.660,1.051,0.16,0.324,47.51657300668753,39.74827431260863,4.154651535379245,4.0
2016-08-02 15:22:59.670,1.074,0.172,0.324,50.72443680635396,41.790389403855286,3.661139398830587,4.0
2016-08-02 15:22:59.680,1.102,0.168,0.289,51.23545267136059,45.892418457184725,2.3029731581998267,4.0
2016-08-02 15:22:59.690,1.105,0.18,0.246,48.75553187489906,49.78287594639039,0.28611550639383176,4.0
2016-08-02 15:22:59.700,1.094,0.195,0.234,43.61341249080033,51.97297309558943,-1.1858294534158802,4.0
2016-08-02 15:22:59.710,1.09,0.223,0.281,36.289743309657396,52.9635732960224,-1.5643207689619383,4.0
2016-08-02 15:22:59.720,1.102,0.227,0.348,29.625960548308512,53.54181100175774,-1.9310717253493332,4.0
2016-08-02 15:22:59.730,1.117,0.191,0.379,28.838779199192608,55.56089802746237,-3.0388014407396415,4.0
2016-08-02 15:22:59.740,1.125,0.148,0.383,35.914229377529765,60.02917236380749,-3.969480176174911,4.0
2016-08-02 15:22:59.750,1.113,0.141,0.371,45.53256825336921,64.91022832030345,-3.699195639842033,4.0
2016-08-02 15:22:59.760,1.102,0.168,0.383,49.16948745406297,68.23251232821642,-2.6793835803751462,4.0
2016-08-02 15:22:59.770,1.109,0.223,0.41,43.154210196830206,70.25892250946913,-1.8927186019192144,4.0
2016-08-02 15:22:59.780,1.129,0.254,0.445,31.37346406818795,71.53850385416168,-1.7604119747007236,4.0
2016-08-02 15:22:59.790,1.129,0.246,0.48,21.384780586264842,72.71208033092343,-2.066498108446323,4.0
2016-08-02 15:22:59.800,1.141,0.207,0.48,18.02911954031135,75.32062155259621,-2.4991309426456016,4.0
2016-08-02 15:22:59.810,1.152,0.18,0.457,19.42156075672201,79.84722586732406,-2.6820930126858036,4.0
2016-08-02 15:22:59.820,1.16,0.164,0.426,20.92184319005696,84.60615254468783,-2.0854537036747987,4.0
2016-08-02 15:22:59.830,1.16,0.191,0.414,19.790252115972187,88.15248661311325,-0.5897134561403253,4.0
2016-08-02 15:22:59.840,1.168,0.227,0.461,14.025827597885815,90.245698438088,1.8013918284999837,4.0
2016-08-02 15:22:59.850,1.184,0.258,0.547,5.039503286292282,90.98471216546051,4.131290139090411,4.0
2016-08-02 15:22:59.860,1.215,0.258,0.605,0.026486646295773242,92.74190203858936,5.065811062494109,4.0
2016-08-02 15:22:59.870,1.227,0.203,0.613,4.147702610400153,98.01764236588076,5.4482196827407146,4.0
2016-08-02 15:22:59.880,1.211,0.145,0.578,13.769802896725214,104.03267039170815,5.91622258885326,4.0
2016-08-02 15:22:59.890,1.168,0.133,0.523,18.624624651622142,107.04190347515828,6.03605850716578,4.0
2016-08-02 15:22:59.900,1.117,0.191,0.504,11.118188824880024,107.30467359185089,6.854612681389159,4.0
2016-08-02 15:22:59.910,1.09,0.262,0.551,-3.509173184651305,106.5460494273951,8.610345819342793,4.0
2016-08-02 15:22:59.920,1.098,0.289,0.609,-12.597732866944614,107.48017839842841,10.326923480763524,4.0
2016-08-02 15:22:59.930,1.121,0.25,0.648,-10.34690039485628,111.72766871979368,12.118203729304412,4.0
2016-08-02 15:22:59.940,1.145,0.188,0.66,0.5227658492722345,117.02292882341447,13.499642403754478,4.0
2016-08-02 15:22:59.950,1.164,0.164,0.648,11.675039313455898,121.82117696293463,14.200604569576583,4.0
2016-08-02 15:22:59.960,1.156,0.211,0.625,12.95876453290381,125.59350084159928,15.561462242895313,4.0
2016-08-02 15:22:59.970,1.141,0.27,0.637,4.123437005312859,126.4541225644257,17.097835041160028,4.0
2016-08-02 15:22:59.980,1.152,0.297,0.652,-4.552653578104683,125.83545893850972,17.645684885594363,4.0
2016-08-02 15:22:59.990,1.188,0.27,0.695,-4.9086611761631715,126.82208200483731,18.045247731489702,4.0
2016-08-02 15:23:00.000,1.223,0.195,0.719,4.579107545703344,129.76240242119812,17.536705023147867,4.0
2016-08-02 15:23:00.010,1.242,0.148,0.703,17.95360055678757,134.64364478574632,15.331862111815408,4.0
2016-08-02 15:23:00.020,1.223,0.188,0.691,22.872518197229166,139.77414103769217,14.217233244125925,4.0
2016-08-02 15:23:00.030,1.191,0.262,0.723,14.185990385745244,141.6440692052839,14.679285615498516,4.0
2016-08-02 15:23:00.040,1.164,0.301,0.77,1.158840416528796,140.72531599759358,14.481247539542565,4.0
2016-08-02 15:23:00.050,1.16,0.301,0.84,-5.114378210736641,140.65745017616055,14.187953234319968,4.0
2016-08-02 15:23:00.060,1.152,0.25,0.863,-2.2292778238336446,142.4547407234148,13.871349618533404,4.0
2016-08-02 15:23:00.070,1.16,0.203,0.828,5.491245516471043,146.14021382112577,12.063384235819136,4.0
2016-08-02 15:23:00.080,1.16,0.203,0.75,10.443915482100849,152.31671489084573,10.286190074542723,4.0
2016-08-02 15:23:00.090,1.129,0.25,0.715,6.4892823845167085,157.32319597621168,10.263953859662035,4.0
2016-08-02 15:23:00.100,1.094,0.281,0.719,-4.318509369173851,157.89872801340007,10.42320409503768,4.0
2016-08-02 15:23:00.110,1.055,0.289,0.758,-13.916003816430539,157.3545359068424,10.443677778975987,4.0
2016-08-02 15:23:00.120,1.039,0.266,0.809,-16.264961408096788,158.37822674378327,11.279116658030844,4.0
2016-08-02 15:23:00.130,1.047,0.223,0.82,-11.388172611343387,160.92295776550267,11.042273468703346,4.0
2016-08-02 15:23:00.140,1.059,0.199,0.816,-5.349856823208736,164.8843590817456,9.553207724423489,4.0
2016-08-02 15:23:00.150,1.047,0.211,0.773,-3.8367405881507484,167.35176470656802,8.408717031751781,4.0
2016-08-02 15:23:00.160,0.996,0.223,0.738,-6.718921005666879,166.2072116343324,7.18083700171953,4.0
2016-08-02 15:23:00.170,0.938,0.242,0.789,-11.45385150177156,163.7025077595042,7.005048297436476,4.0
2016-08-02 15:23:00.180,0.91,0.242,0.852,-14.730401749643649,161.95070783301202,7.901514556481605,4.0
2016-08-02 15:23:00.190,0.914,0.223,0.836,-12.669452129752315,162.04352154481847,7.483988910875831,4.0
2016-08-02 15:23:00.200,0.918,0.199,0.789,-6.271392453525739,164.32343189501168,6.670543071205225,4.0
2016-08-02 15:23:00.210,0.883,0.191,0.715,-1.719719300884528,165.7489020261913,6.731740434546764,4.0
2016-08-02 15:23:00.220,0.852,0.203,0.652,-2.598444825476469,164.37195089201185,6.933106756295002,4.0
2016-08-02 15:23:00.230,0.809,0.25,0.656,-6.9357812396427745,161.60411889457447,7.737922405555958,4.0
2016-08-02 15:23:00.240,0.762,0.262,0.707,-10.369783656459425,157.79922826500314,8.97271609123154,4.0
2016-08-02 15:23:00.250,0.746,0.215,0.746,-7.232463047781506,155.474598694369,8.005995117519584,4.0
2016-08-02 15:23:00.260,0.734,0.16,0.738,4.357395386939606,157.08672279386985,4.50122357949933,4.0
2016-08-02 15:23:00.270,0.703,0.121,0.652,14.709009150553626,158.70026143354352,1.2493208979333248,4.0
2016-08-02 15:23:00.280,0.637,0.168,0.629,11.525337743133496,155.79485342137005,-0.2633141240774958,4.0
2016-08-02 15:23:00.290,0.566,0.258,0.672,-2.3479970382758326,147.81124531358307,0.7193770756122639,4.0
2016-08-02 15:23:00.300,0.547,0.242,0.652,-11.781359013177546,140.35621241810333,1.6704312988384098,4.0
2016-08-02 15:23:00.310,0.531,0.152,0.641,-7.900483806024171,140.03179496893097,-1.6426364678891117,4.0
2016-08-02 15:23:00.320,0.477,0.098,0.645,3.55554208323573,143.2132381160655,-5.981626473456751,4.0
2016-08-02 15:23:00.330,0.414,0.094,0.641,9.405209827735531,143.57333066817395,-7.42889492028207,4.0
2016-08-02 15:23:00.340,0.328,0.152,0.668,4.683437008038113,139.64113120698659,-6.8636038188041715,4.0
2016-08-02 15:23:00.350,0.277,0.191,0.688,-1.4437978465084242,132.57790270176997,-4.828465938385207,4.0
2016-08-02 15:23:00.360,0.266,0.137,0.695,0.9134071175042804,128.2149043298179,-3.746721970252601,4.0
2016-08-02 15:23:00.370,0.234,0.102,0.727,10.617759106558282,128.2025848619683,-3.4983214127583264,4.0
2016-08-02 15:23:00.380,0.199,0.125,0.75,18.341939608371273,126.9182706549289,-0.3801148276677636,4.0
2016-08-02 15:23:00.390,0.203,0.141,0.723,19.919285401878128,124.1893561771139,2.4514571539825067,4.0
2016-08-02 15:23:00.400,0.184,0.148,0.668,19.838005001780303,122.71899263016974,2.128469798884786,4.0
2016-08-02 15:23:00.410,0.129,0.16,0.68,16.85129086165944,120.25653027787968,3.0415657054865055,4.0
2016-08-02 15:23:00.420,0.066,0.234,0.75,8.223170220002178,115.13091741295506,5.419775163285155,4.0
2016-08-02 15:23:00.430,0.066,0.242,0.773,4.4054196077178975,111.94450445622228,5.184559388038403,4.0
2016-08-02 15:23:00.440,0.074,0.168,0.75,13.69853187844889,114.57119060538957,2.28747908796623,4.0
2016-08-02 15:23:00.450,0.039,0.094,0.711,24.737709104378958,116.12234973211784,-0.27053388711592014,4.0
2016-08-02 15:23:00.460,-0.055,0.129,0.727,22.327635825015268,108.11779735087597,0.7853692328497202,4.0
2016-08-02 15:23:00.470,-0.074,0.188,0.711,10.997047056165343,96.21364289784215,4.618368746705443,4.0
2016-08-02 15:23:00.480,-0.078,0.191,0.762,6.9991182295013905,91.55590002591902,7.789308552128743,4.0
2016-08-02 15:23:00.490,-0.059,0.188,0.77,14.592480622218458,94.36494822248497,10.110234329868554,4.0
2016-08-02 15:23:00.500,-0.047,0.145,0.723,25.19001617527048,98.92626801725928,10.081837021890237,4.0
2016-08-02 15:23:00.510,-0.074,0.133,0.66,29.22965838059894,101.04251419725068,6.98512066067955,4.0
2016-08-02 15:23:00.520,-0.148,0.164,0.645,19.626655572128822,96.62705113088376,5.660484497753679,4.0
2016-08-02 15:23:00.530,-0.25,0.266,0.727,-1.0533482745687097,85.15820119575235,8.535651131323098,4.0
2016-08-02 15:23:00.540,-0.223,0.285,0.723,-13.203142138004118,75.72515725870431,10.708897892855969,4.0
2016-08-02 15:23:00.550,-0.164,0.125,0.707,-1.944600480215231,79.34266501958571,7.565452447195861,4.0
2016-08-02 15:23:00.560,-0.152,0.059,0.73,19.078753253598965,89.68712835995956,3.9328344039906846,4.0
2016-08-02 15:23:00.570,-0.145,0.113,0.707,25.32328279362349,92.54329975016279,3.0123961816541343,4.0
2016-08-02 15:23:00.580,-0.211,0.203,0.672,9.94088139567446,87.27678879474011,2.4976879194848305,4.0
2016-08-02 15:23:00.590,-0.277,0.309,0.668,-12.10827804648384,78.85123383432907,4.159516790714681,4.0
2016-08-02 15:23:00.600,-0.27,0.242,0.621,-21.809212447799712,73.58262562583174,3.6686449053464214,4.0
2016-08-02 15:23:00.610,-0.285,0.141,0.598,-15.178927041324984,76.36274287515013,-1.0590570964509187,4.0
2016-08-02 15:23:00.620,-0.27,0.113,0.559,-2.2378119969744836,79.90547741089773,-3.2718829948559134,4.0
2016-08-02 15:23:00.630,-0.293,0.078,0.543,6.946832925350567,77.35172949520003,-5.371486748648254,4.0
2016-08-02 15:23:00.640,-0.336,0.086,0.559,8.541067950682375,70.78751942236161,-6.757831499501049,4.0
2016-08-02 15:23:00.650,-0.391,0.176,0.57,1.0794643950935625,61.110647219215906,-2.5211045160286414,4.0
2016-08-02 15:23:00.660,-0.473,0.234,0.629,-9.73328242160337,48.12800454325645,2.150977362038832,4.0
2016-08-02 15:23:00.670,-0.469,0.184,0.668,-7.921395867247544,39.09962672870969,4.479033963316009,4.0
2016-08-02 15:23:00.680,-0.422,0.113,0.684,11.25944348986596,41.608226432800166,5.3223390744917705,4.0
2016-08-02 15:23:00.690,-0.398,0.094,0.637,30.725621646416457,47.35281429211811,4.477067296949053,4.0
2016-08-02 15:23:00.700,-0.383,0.121,0.477,31.611786523495095,46.17587699896322,3.093743457602832,4.0
2016-08-02 15:23:00.710,-0.449,0.211,0.395,11.189278398322351,39.61430038821895,3.0688795973124963,4.0
2016-08-02 15:23:00.720,-0.5,0.348,0.449,-14.147362012857801,28.778487918038802,5.78924361863607,4.0
2016-08-02 15:23:00.730,-0.48,0.301,0.484,-20.60306099253729,21.887985769087702,5.443657801849208,4.0
2016-08-02 15:23:00.740,-0.469,0.145,0.535,-0.9312685966912424,29.13989833598537,0.14581780443627412,4.0
2016-08-02 15:23:00.750,-0.473,0.063,0.551,23.96108355063112,38.32474844566335,-2.797999970505927,4.0
2016-08-02 15:23:00.760,-0.488,0.113,0.52,28.005883800623078,35.33779953330961,-3.7449500283492627,4.0
2016-08-02 15:23:00.770,-0.523,0.223,0.504,12.163763668078282,24.063626591971246,-3.44089595621806,4.0
2016-08-02 15:23:00.780,-0.551,0.27,0.52,-1.8125153606565143,11.949770233176217,-0.7967154369166575,4.0
2016-08-02 15:23:00.790,-0.551,0.207,0.535,-1.2163947817918448,5.169778946312019,-1.4769028576329257,4.0
2016-08-02 15:23:00.800,-0.531,0.148,0.543,8.601861327330218,4.834802530980602,-4.7141238184959375,4.0
2016-08-02 15:23:00.810,-0.523,0.137,0.523,16.05015495255246,3.724935219391391,-6.488137125830954,4.0
2016-08-02 15:23:00.820,-0.527,0.141,0.488,17.551136338499163,-0.5550119956103758,-8.488503212598859,4.0
2016-08-02 15:23:00.830,-0.508,0.164,0.473,16.91126440313713,-3.808651097698143,-10.003652773219548,4.0
2016-08-02 15:23:00.840,-0.512,0.199,0.449,13.5112441281297,-6.914414908087703,-10.118986491832878,4.0
2016-08-02 15:23:00.850,-0.508,0.227,0.43,6.319548612010335,-12.639705577657583,-10.716808866788824,4.0
2016-08-02 15:23:00.860,-0.508,0.199,0.441,1.974202985891706,-18.057501112323067,-12.7284473939275,4.0
2016-08-02 15:23:00.870,-0.512,0.152,0.461,5.564187884517597,-20.59841730089247,-15.510711069208668,4.0
2016-08-02 15:23:00.880,-0.512,0.125,0.484,13.011249668623414,-22.01777650677429,-17.505631075712564,4.0
2016-08-02 15:23:00.890,-0.512,0.145,0.512,15.964401549892541,-25.38834616411181,-17.56989265558052,4.0
2016-08-02 15:23:00.900,-0.504,0.199,0.543,10.421192776131411,-32.96341262148954,-15.62530708176071,4.0
2016-08-02 15:23:00.910,-0.477,0.242,0.559,2.602609369308693,-41.87493692964024,-14.174453249015176,4.0
2016-08-02 15:23:00.920,-0.457,0.191,0.555,3.043180316781398,-45.60811385220377,-15.354677528866576,4.0
2016-08-02 15:23:00.930,-0.445,0.125,0.535,12.313870447683646,-43.58132220909354,-17.16316490850489,4.0
2016-08-02 15:23:00.940,-0.438,0.117,0.492,19.137353791920916,-41.882142953517175,-18.17363040131158,4.0
2016-08-02 15:23:00.950,-0.445,0.168,0.461,14.242047815478683,-44.98473694399218,-18.037995557654792,4.0
2016-08-02 15:23:00.960,-0.457,0.254,0.496,0.9854392909959724,-52.91189759235381,-15.424529709973438,4.0
2016-08-02 15:23:00.970,-0.441,0.277,0.535,-9.348047744440748,-61.82363376117711,-12.400928814346603,4.0
2016-08-02 15:23:00.980,-0.414,0.219,0.574,-9.760308762011526,-65.94545076332389,-11.831381952029238,4.0
2016-08-02 15:23:00.990,-0.398,0.156,0.617,-2.9209201693211915,-65.27597893671457,-12.194115608190817,4.0
2016-08-02 15:23:01.000,-0.391,0.133,0.613,3.352652094180713,-65.4108222904235,-12.35060202683805,4.0
2016-08-02 15:23:01.010,-0.379,0.141,0.594,4.371860964912657,-67.89924296128314,-12.501435756906245,4.0
2016-08-02 15:23:01.020,-0.359,0.176,0.578,-0.023969122783488173,-71.17556979131433,-11.966258662082442,4.0
2016-08-02 15:23:01.030,-0.336,0.215,0.578,-8.957820734963796,-75.81909879130595,-12.00655603003473,4.0
2016-08-02 15:23:01.040,-0.32,0.227,0.586,-18.381800028820436,-80.86634427229113,-12.692252997293465,4.0
2016-08-02 15:23:01.050,-0.273,0.203,0.563,-22.325506630293745,-82.82328342214821,-12.753133977432606,4.0
2016-08-02 15:23:01.060,-0.227,0.164,0.543,-19.082379894873455,-81.28535128588787,-14.30877533115099,4.0
2016-08-02 15:23:01.070,-0.203,0.117,0.512,-12.201197818546085,-79.64942666232753,-17.218706560305453,4.0
2016-08-02 15:23:01.080,-0.188,0.105,0.531,-9.067656929022771,-81.31805396914979,-18.970955167535962,4.0
2016-08-02 15:23:01.090,-0.18,0.137,0.598,-14.690475020435972,-88.25556398570198,-20.204458784038223,4.0
2016-08-02 15:23:01.100,-0.191,0.184,0.652,-24.2131210914276,-98.80175355316399,-20.404331483846654,4.0
2016-08-02 15:23:01.110,-0.168,0.172,0.656,-27.611872649741322,-106.5115103472793,-18.892105522993845,4.0
2016-08-02 15:23:01.120,-0.125,0.117,0.66,-20.350597421492296,-107.72136884617802,-17.860288898571582,4.0
2016-08-02 15:23:01.130,-0.074,0.082,0.652,-8.189408238927806,-106.36934137612359,-17.739211684462326,4.0
2016-08-02 15:23:01.140,-0.031,0.078,0.629,-2.524910233106539,-107.00013237983819,-18.281858463880038,4.0
2016-08-02 15:23:01.150,-0.023,0.133,0.605,-9.263499499509685,-111.46917187640781,-18.703473743052637,4.0
2016-08-02 15:23:01.160,-0.023,0.215,0.621,-23.546534121411295,-119.9599617383641,-16.78041818666933,4.0
2016-08-02 15:23:01.170,0.004,0.207,0.652,-33.00485560316355,-127.6521823420991,-15.293943560276851,4.0
2016-08-02 15:23:01.180,0.055,0.129,0.699,-27.35712128510515,-128.56700700279376,-16.961305054709314,4.0
2016-08-02 15:23:01.190,0.113,0.086,0.727,-11.097630531084167,-124.16082223856401,-18.584108954612027,4.0
2016-08-02 15:23:01.200,0.148,0.086,0.738,0.8498910103440865,-121.15283401000565,-19.582965250711048,4.0
2016-08-02 15:23:01.210,0.137,0.125,0.707,0.6167085510858004,-123.65988737960546,-19.63726403050634,4.0
2016-08-02 15:23:01.220,0.125,0.176,0.684,-9.721253436969317,-130.24722817790555,-15.885428480745514,4.0
2016-08-02 15:23:01.230,0.152,0.199,0.738,-21.866567896840152,-136.6687585645476,-11.922338046265494,4.0
2016-08-02 15:23:01.240,0.207,0.188,0.773,-24.410165416098977,-139.33490022579306,-11.634060234269494,4.0
2016-08-02 15:23:01.250,0.27,0.137,0.77,-14.522074269324738,-137.19065873554248,-12.500407382333679,4.0
2016-08-02 15:23:01.260,0.305,0.082,0.758,0.49101929008638034,-133.6116998740235,-13.763670728089593,4.0
2016-08-02 15:23:01.270,0.336,0.063,0.703,10.618249894491036,-132.63888355928805,-16.0752568145838,4.0
2016-08-02 15:23:01.280,0.332,0.121,0.719,4.6881939584301815,-136.40722633750323,-16.70610406753724,4.0
2016-08-02 15:23:01.290,0.293,0.219,0.824,-16.020862737589727,-147.5459995685849,-12.777995780995678,4.0
2016-08-02 15:23:01.300,0.328,0.234,0.832,-29.859122186558654,-159.22383691004643,-6.755992385940773,4.0
2016-08-02 15:23:01.310,0.422,0.16,0.832,-20.92863264043595,-158.6960120599293,-4.234650260225055,4.0
2016-08-02 15:23:01.320,0.496,0.086,0.813,2.125458316510488,-150.1410962165231,-5.072780733221109,4.0
2016-08-02 15:23:01.330,0.555,0.066,0.746,20.418264787796183,-144.5813539969816,-6.356572409175765,4.0
2016-08-02 15:23:01.340,0.578,0.102,0.684,21.040141649040148,-143.78893939845847,-7.994173468333765,4.0
2016-08-02 15:23:01.350,0.551,0.18,0.73,4.78395746265636,-149.35038023089044,-8.311380657847483,4.0
2016-08-02 15:23:01.360,0.547,0.242,0.797,-13.222082724577415,-159.10965282615035,-6.282489189053626,4.0
2016-08-02 15:23:01.370,0.594,0.211,0.84,-18.485258875550425,-164.77939677866587,-4.609246128341239,4.0
2016-08-02 15:23:01.380,0.688,0.133,0.867,-10.13573963132602,-164.4444992127725,-5.175977011305058,4.0
2016-08-02 15:23:01.390,0.762,0.078,0.867,2.9916523440792324,-162.00037174059463,-8.101851678842495,4.0
2016-08-02 15:23:01.400,0.777,0.082,0.836,11.99015176165062,-159.7835943707962,-11.633092476509038,4.0
2016-08-02 15:23:01.410,0.77,0.117,0.773,13.510358758332881,-157.89275002657422,-12.764934625059476,4.0
2016-08-02 15:23:01.420,0.711,0.195,0.738,7.727734932389074,-157.8559967290925,-10.015044972742633,4.0
2016-08-02 15:23:01.430,0.688,0.254,0.754,-1.7690466572749257,-161.97237763411493,-3.240446208963002,4.0
2016-08-02 15:23:01.440,0.773,0.258,0.801,-6.569680669872969,-165.81794626032698,3.4844777820315036,4.0
2016-08-02 15:23:01.450,0.875,0.215,0.855,-2.570856702360128,-164.75896614800502,4.636797571079945,4.0
2016-08-02 15:23:01.460,0.93,0.188,0.832,5.760067689137441,-162.3662125381366,2.2555888281167107,4.0
2016-08-02 15:23:01.470,0.953,0.16,0.773,11.63767824508066,-159.49876319963371,0.3647138880738587,4.0
2016-08-02 15:23:01.480,0.922,0.172,0.785,9.4397164843796,-156.41479164071555,-0.8513849706656186,4.0
2016-08-02 15:23:01.490,0.844,0.219,0.824,-1.4342560469282741,-160.17104040475994,0.283159493362917,4.0
2016-08-02 15:23:01.500,0.828,0.254,0.852,-12.318417220034103,-167.9807381139567,4.478490416754823,4.0
2016-08-02 15:23:01.510,0.918,0.242,0.871,-11.046354408253622,-168.84199217045867,8.388268383990543,4.0
2016-08-02 15:23:01.520,1.027,0.223,0.813,3.786983466427129,-163.25507928620738,11.04762150063506,4.0
2016-08-02 15:23:01.530,1.117,0.199,0.68,21.465235640702637,-156.00168311855575,12.759378296951379,4.0
2016-08-02 15:23:01.540,1.156,0.188,0.563,32.78729081379875,-148.29203709629306,11.57593480375622,4.0
2016-08-02 15:23:01.550,1.125,0.188,0.586,31.838554070856055,-143.86694862689393,8.387208164417185,4.0
2016-08-02 15:23:01.560,1.059,0.23,0.793,14.857157323800186,-147.07399592133672,5.28272556237174,4.0
2016-08-02 15:23:01.570,1.012,0.273,0.957,-7.718203267850971,-157.61774476492036,2.128235840060521,4.0
2016-08-02 15:23:01.580,1.051,0.242,0.965,-15.85989448239742,-165.68797786018848,0.20402567581049344,4.0
2016-08-02 15:23:01.590,1.148,0.207,0.902,-2.9099617574980847,-161.445215287277,1.0286158678144222,4.0
2016-08-02 15:23:01.600,1.219,0.164,0.738,19.574134570466985,-150.4109457613406,2.8601832951258066,4.0
2016-08-02 15:23:01.610,1.219,0.152,0.477,35.52262633020977,-141.7445117895521,3.953956165059611,4.0
2016-08-02 15:23:01.620,1.176,0.234,0.352,36.00353513434024,-136.7795461622802,7.1611322517095175,4.0
2016-08-02 15:23:01.630,1.18,0.32,0.469,21.651451702168636,-135.29495834584068,12.655685457055066,4.0
2016-08-02 15:23:01.640,1.211,0.336,0.734,2.030870364326061,-137.78635905236538,12.495928193876018,4.0
2016-08-02 15:23:01.650,1.219,0.281,0.891,-7.5519637703325015,-143.90961716569382,5.765155867207624,4.0
2016-08-02 15:23:01.660,1.223,0.176,0.871,-0.6172409700416832,-147.20747639955337,1.1768524811641172,4.0
2016-08-02 15:23:01.670,1.23,0.125,0.824,15.315086336430102,-141.56245758177096,-0.014895310018342711,4.0
2016-08-02 15:23:01.680,1.223,0.137,0.691,29.37533758943544,-133.39894208419278,-1.0537773617682502,4.0
2016-08-02 15:23:01.690,1.203,0.191,0.531,31.561619430333863,-128.6959730095488,0.29467448416870545,4.0
2016-08-02 15:23:01.700,1.195,0.305,0.441,20.034208602210718,-125.9150036248516,5.270430436366192,4.0
2016-08-02 15:23:01.710,1.23,0.387,0.449,3.9910284297762697,-123.03239413099075,10.181804246657137,4.0
2016-08-02 15:23:01.720,1.273,0.375,0.559,-8.065179266455754,-117.49953634785805,11.197824413280017,4.0
2016-08-02 15:23:01.730,1.289,0.313,0.633,-12.082644123666238,-112.17227052349264,7.800338668900916,4.0
2016-08-02 15:23:01.740,1.266,0.215,0.691,-9.481162618722434,-110.4948250902168,2.5592345917457964,4.0
2016-08-02 15:23:01.750,1.242,0.168,0.75,-5.447277998940364,-109.27562142940634,-2.0650665259147933,4.0
2016-08-02 15:23:01.760,1.262,0.191,0.699,-1.2926080414251906,-106.64966323593063,-5.3593828747327965,4.0
2016-08-02 15:23:01.770,1.297,0.203,0.594,2.1534374398141196,-100.88932938332817,-6.635199812227363,4.0
2016-08-02 15:23:01.780,1.293,0.203,0.469,2.2838148013066033,-92.87342420894008,-6.884153450735289,4.0
2016-08-02 15:23:01.790,1.281,0.227,0.371,-2.989287859031974,-87.12735423745428,-8.5657361668666,4.0
2016-08-02 15:23:01.800,1.258,0.238,0.449,-15.032069810815432,-83.1095322198484,-10.52098833434995,4.0
2016-08-02 15:23:01.810,1.23,0.258,0.582,-28.197240221463332,-82.07555039072193,-12.198190973196548,4.0
2016-08-02 15:23:01.820,1.234,0.25,0.613,-33.876815443699186,-83.14136285152269,-14.960969325270753,4.0
2016-08-02 15:23:01.830,1.238,0.211,0.57,-31.48038497426111,-78.04325827300366,-15.963817032701694,4.0
2016-08-02 15:23:01.840,1.211,0.188,0.5,-24.402093971993562,-69.6450316610194,-14.76134157572033,4.0
2016-08-02 15:23:01.850,1.18,0.176,0.406,-16.413565925063452,-64.76030252854015,-13.870744907727651,4.0
2016-08-02 15:23:01.860,1.176,0.184,0.332,-12.35806160097283,-59.49396661227904,-11.685930052476044,4.0
2016-08-02 15:23:01.870,1.18,0.195,0.332,-13.23068430406828,-53.3042283496943,-8.99291580560318,4.0
2016-08-02 15:23:01.880,1.164,0.215,0.336,-17.004776818152774,-49.50041040033065,-8.48009508073155,4.0
2016-08-02 15:23:01.890,1.121,0.207,0.406,-23.145062639564088,-47.33130668093072,-7.812113561805816,4.0
2016-08-02 15:23:01.900,1.086,0.203,0.504,-28.779890991436698,-47.82770525338524,-6.010524919932176,4.0
2016-08-02 15:23:01.910,1.082,0.199,0.496,-29.333317675245034,-49.3220689125412,-5.657193923096576,4.0
2016-08-02 15:23:01.920,1.082,0.188,0.445,-25.511617778717252,-45.29566525361143,-5.527673998736859,4.0
2016-08-02 15:23:01.930,1.066,0.168,0.367,-19.99496883874228,-37.7863415956517,-4.130028249153502,4.0
2016-08-02 15:23:01.940,1.051,0.16,0.273,-14.21051751977735,-32.55441491134989,-3.7391366356175446,4.0
2016-08-02 15:23:01.950,1.051,0.168,0.18,-10.086017881992996,-27.324323886979627,-3.4014483824002495,4.0
2016-08-02 15:23:01.960,1.063,0.176,0.133,-7.439478833521965,-20.907449097466802,-2.024253011245025,4.0
2016-08-02 15:23:01.970,1.051,0.16,0.125,-4.983942671467684,-16.5395696321496,-2.274451020052591,4.0
2016-08-02 15:23:01.980,1.027,0.145,0.184,-2.871018281084728,-15.269135936691129,-3.360994207119607,4.0
2016-08-02 15:23:01.990,1.004,0.145,0.254,-0.6132690783171975,-17.030140816771627,-3.658940778103127,4.0
2016-08-02 15:23:02.000,0.992,0.148,0.289,2.2777548700083443,-20.053325625938495,-4.209403094111793,4.0
2016-08-02 15:23:02.010,0.992,0.145,0.297,4.993745391181584,-21.487983212418698,-4.604789788414246,4.0
2016-08-02 15:23:02.020,1.016,0.148,0.313,5.754335569898111,-21.95146420926544,-5.441585150441359,4.0
2016-08-02 15:23:02.030,1.059,0.195,0.316,1.6913726657548716,-19.66081978760856,-7.3345284803335336,4.0
2016-08-02 15:23:02.040,1.059,0.195,0.285,-4.90686054153622,-11.874104010135213,-8.641839716513593,4.0
2016-08-02 15:23:02.050,1.035,0.16,0.258,-5.08333060417789,-5.3755559013811895,-9.857503571745378,4.0
2016-08-02 15:23:02.060,0.992,0.063,0.23,4.814734605170086,-3.9450594232599494,-9.468947077914756,4.0
2016-08-02 15:23:02.070,0.973,-0.008,0.203,18.401474152269202,-2.828014019788077,-5.800968330319574,4.0
2016-08-02 15:23:02.080,0.977,0.008,0.188,25.555673465152843,-1.6256083782849722,-1.5513426854057042,4.0
2016-08-02 15:23:02.090,1.012,0.102,0.199,21.793505057134894,0.7987859476860588,3.8440533454128927,4.0
2016-08-02 15:23:02.100,1.039,0.16,0.195,14.33297262834605,6.204723233967169,9.223469590674336,4.0
2016-08-02 15:23:02.110,1.047,0.16,0.188,12.176527696535853,9.941300184997022,11.306804801940519,4.0
2016-08-02 15:23:02.120,1.035,0.156,0.203,17.817612778447632,11.544695349180556,13.12929169546946,4.0
2016-08-02 15:23:02.130,1.043,0.109,0.258,34.87436099803058,16.367288179017017,13.50205339806683,4.0
2016-08-02 15:23:02.140,1.059,0.027,0.297,64.09713172128619,23.790793323598763,8.281885574487541,4.0
2016-08-02 15:23:02.150,1.051,0.008,0.309,86.55261115278626,26.369184351625677,4.28828576383146,4.0
2016-08-02 15:23:02.160,1.035,0.184,0.23,77.33300221814693,19.452838665064856,6.376317072649842,4.0
2016-08-02 15:23:02.170,1.023,0.32,0.176,45.9130153312503,12.101740768113165,7.918195240581483,4.0
2016-08-02 15:23:02.180,1.043,0.344,0.195,27.02481481788473,17.121883830786334,5.938840769864484,4.0
2016-08-02 15:23:02.190,1.051,0.246,0.227,31.03803660472047,26.694549652524554,4.003032536306273,4.0
2016-08-02 15:23:02.200,1.051,0.168,0.223,44.34496116595452,28.52587584466266,3.8374820597555237,4.0
2016-08-02 15:23:02.210,1.063,0.164,0.23,54.952443647997484,29.503458092112044,3.7771873727397787,4.0
2016-08-02 15:23:02.220,1.086,0.23,0.266,55.2922751349529,34.76657905687573,2.5828618121789626,4.0
2016-08-02 15:23:02.230,1.078,0.289,0.316,45.87295155781627,38.32970082733363,2.2247441115565065,4.0
2016-08-02 15:23:02.240,1.063,0.289,0.379,35.30265236913357,38.53591273450666,2.6378415486041185,4.0
2016-08-02 15:23:02.250,1.066,0.262,0.445,31.527086127573778,39.22936818762946,0.9782560416208801,4.0
2016-08-02 15:23:02.260,1.094,0.227,0.465,35.43930965323152,43.6509475540079,-1.737785980707311,4.0
2016-08-02 15:23:02.270,1.133,0.219,0.434,40.01697384476898,50.47937954051539,-3.059178150055361,4.0
2016-08-02 15:23:02.280,1.168,0.25,0.387,38.42313348023548,55.600219768454764,-4.143367415469317,4.0
2016-08-02 15:23:02.290,1.188,0.293,0.402,29.949284168725434,58.87603211403211,-5.818485947009968,4.0
2016-08-02 15:23:02.300,1.215,0.32,0.461,18.702427151016856,62.98709889237441,-7.429643435731453,4.0
2016-08-02 15:23:02.310,1.23,0.32,0.512,10.665753323517917,68.6997438452301,-9.449112842067255,4.0
2016-08-02 15:23:02.320,1.234,0.281,0.563,9.16414043407988,75.06635156142701,-11.313181042448548,4.0
2016-08-02 15:23:02.330,1.227,0.242,0.594,12.436174898718168,80.68769178393649,-12.600630664748776,4.0
2016-08-02 15:23:02.340,1.242,0.242,0.57,15.291204141745732,85.68807255038615,-14.059283923927063,4.0
2016-08-02 15:23:02.350,1.25,0.27,0.555,12.680346378948432,91.25091898262109,-14.364606712514584,4.0
2016-08-02 15:23:02.360,1.246,0.309,0.566,4.187552170037359,95.45362413209713,-13.494485078294604,4.0
2016-08-02 15:23:02.370,1.254,0.324,0.609,-5.01710109984375,97.48206182613656,-13.801251994301778,4.0
2016-08-02 15:23:02.380,1.273,0.297,0.648,-9.07372779983304,101.98059146518327,-14.859605506890983,4.0
2016-08-02 15:23:02.390,1.289,0.273,0.648,-6.669333577688901,109.83908062386851,-15.204854948554043,4.0
2016-08-02 15:23:02.400,1.281,0.254,0.609,-2.887816235392644,116.83164191691756,-14.726408140367848,4.0
2016-08-02 15:23:02.410,1.266,0.266,0.586,-5.3775070882698985,121.95162500828086,-13.139709503340086,4.0
2016-08-02 15:23:02.420,1.258,0.313,0.613,-15.50156432285608,125.3339674091286,-10.984540479704563,4.0
2016-08-02 15:23:02.430,1.281,0.324,0.641,-25.774748966213092,127.97928169593689,-9.63918745811029,4.0
2016-08-02 15:23:02.440,1.309,0.281,0.645,-27.8323434329385,133.18979728084133,-8.884769483540975,4.0
2016-08-02 15:23:02.450,1.293,0.223,0.656,-21.09450110520781,139.32227148029259,-7.453694388587766,4.0
2016-08-02 15:23:02.460,1.281,0.195,0.656,-13.57018866721774,142.7874401454306,-5.814375472664973,4.0
2016-08-02 15:23:02.470,1.277,0.219,0.656,-13.643626443753131,145.40607373190602,-4.597031371278179,4.0
2016-08-02 15:23:02.480,1.277,0.266,0.688,-21.459453987928143,148.02969058188182,-2.962826477391618,4.0
2016-08-02 15:23:02.490,1.281,0.281,0.688,-29.269844355664425,149.3666269494472,-1.59741589157286,4.0
2016-08-02 15:23:02.500,1.297,0.254,0.695,-29.34101240344983,151.986321919071,-1.1785093009965044,4.0
2016-08-02 15:23:02.510,1.313,0.199,0.688,-22.14813118126511,156.7324052444747,-0.5289528505934197,4.0
2016-08-02 15:23:02.520,1.309,0.172,0.668,-15.744731506833958,159.96667152513527,0.3750000748913043,4.0
2016-08-02 15:23:02.530,1.305,0.203,0.648,-16.006760810385032,161.7173468420767,1.6189265994424495,4.0
2016-08-02 15:23:02.540,1.297,0.246,0.672,-21.375712298935394,163.72408165878218,3.8811686252389856,4.0
2016-08-02 15:23:02.550,1.281,0.266,0.711,-25.942472783946577,164.5976141728106,5.936526562213791,4.0
2016-08-02 15:23:02.560,1.285,0.234,0.742,-23.966000083228558,165.99290697221335,6.80010980281114,4.0
2016-08-02 15:23:02.570,1.281,0.203,0.734,-15.564325240358542,170.02055245999995,7.666228475531377,4.0
2016-08-02 15:23:02.580,1.254,0.191,0.727,-8.167007266697938,172.95527595192274,9.281166866523279,4.0
2016-08-02 15:23:02.590,1.23,0.195,0.719,-7.324471439368072,173.56095625764755,10.20912967408749,4.0
2016-08-02 15:23:02.600,1.223,0.23,0.723,-10.217793267075633,174.50783344989856,10.375321442115897,4.0
2016-08-02 15:23:02.610,1.219,0.238,0.703,-10.316756754876375,175.89892612917134,11.494743563040318,4.0
2016-08-02 15:23:02.620,1.223,0.203,0.672,-2.4162075037682307,178.61259399852116,12.112506132108743,4.0
2016-08-02 15:23:02.630,1.203,0.176,0.66,11.216419423634658,183.250314747579,11.22739035093778,4.0
2016-08-02 15:23:02.640,1.145,0.203,0.711,18.038903076385672,185.22437844666587,11.627441597295338,4.0
2016-08-02 15:23:02.650,1.098,0.258,0.758,11.347061120119127,181.9320706522476,12.76912765514094,4.0
2016-08-02 15:23:02.660,1.07,0.246,0.738,1.5263797718153904,178.21415866879997,11.587231192543536,4.0
2016-08-02 15:23:02.670,1.043,0.215,0.719,-0.15676678969740077,177.91593812638456,9.305483241749204,4.0
2016-08-02 15:23:02.680,1.031,0.152,0.703,4.489337633262572,179.27615187629866,7.458721207645301,4.0
2016-08-02 15:23:02.690,1.008,0.152,0.691,7.8179043773847114,179.5050815649941,5.299647045274169,4.0
2016-08-02 15:23:02.700,0.957,0.199,0.703,6.447761443342097,176.62790450053942,4.760949449451929,4.0
2016-08-02 15:23:02.710,0.914,0.207,0.727,4.5172760334271915,172.0652270668246,6.605441343838005,4.0
2016-08-02 15:23:02.720,0.898,0.191,0.707,8.809562906302823,170.81829202935705,7.045064652354904,4.0
2016-08-02 15:23:02.730,0.883,0.176,0.66,16.540415208461084,174.00544759846798,5.688026376024343,4.0
2016-08-02 15:23:02.740,0.836,0.18,0.617,17.98433628098574,176.5000059454668,4.775337737545101,4.0
2016-08-02 15:23:02.750,0.797,0.184,0.629,13.11813725070247,174.74696517612244,3.097937431398237,4.0
2016-08-02 15:23:02.760,0.75,0.211,0.641,8.475265239232803,171.70910772292643,1.0652193072203926,4.0
2016-08-02 15:23:02.770,0.703,0.234,0.684,3.4887842929522273,169.5321820930832,1.4457881104345631,4.0
2016-08-02 15:23:02.780,0.664,0.234,0.711,-3.439457247366311,165.869419057155,2.474099827039663,4.0
2016-08-02 15:23:02.790,0.617,0.195,0.688,-6.8940433408270465,161.31161076502434,1.3517709850834876,4.0
2016-08-02 15:23:02.800,0.566,0.164,0.645,-3.612460066695727,158.82786121249669,0.2601946566229422,4.0
2016-08-02 15:23:02.810,0.531,0.141,0.613,3.5625437622372584,157.6733304397995,0.4078921775368294,4.0
2016-08-02 15:23:02.820,0.512,0.117,0.574,10.700620987793783,156.66943111991665,-1.2610562356770423,4.0
2016-08-02 15:23:02.830,0.465,0.156,0.621,10.276597582582507,154.5955886021922,-3.34128277649417,4.0
2016-08-02 15:23:02.840,0.387,0.258,0.723,-2.292023466298407,146.43353360185878,-0.7243772565649981,4.0
2016-08-02 15:23:02.850,0.344,0.277,0.734,-15.7881308311068,134.48242694427708,4.147247288861967,4.0
2016-08-02 15:23:02.860,0.336,0.211,0.699,-15.814188445157082,130.6190426937099,6.413465504812175,4.0
2016-08-02 15:23:02.870,0.328,0.16,0.648,-3.766730119076407,135.45071516177663,7.163605860050961,4.0
2016-08-02 15:23:02.880,0.313,0.113,0.547,7.61985300335933,139.87472341431845,5.427215478461112,4.0
2016-08-02 15:23:02.890,0.262,0.113,0.484,5.5011741697207395,140.97672373061567,0.26496909734487645,4.0
2016-08-02 15:23:02.900,0.148,0.238,0.555,-14.018240386477645,133.92691501185348,-0.5563752735777536,4.0
2016-08-02 15:23:02.910,0.078,0.328,0.684,-35.79430261649557,117.2446066499906,5.6986332542078895,4.0
2016-08-02 15:23:02.920,0.109,0.25,0.723,-37.25664072657105,107.65696198887652,9.47424777410307,4.0
2016-08-02 15:23:02.930,0.117,0.121,0.742,-16.728923495566487,113.09960050761822,7.9224719829341534,4.0
2016-08-02 15:23:02.940,0.098,0.043,0.695,7.145114987859613,119.66858172056939,6.425257289615719,4.0
2016-08-02 15:23:02.950,0.07,0.051,0.574,18.941785701859935,121.25219780922899,4.046221467379285,4.0
2016-08-02 15:23:02.960,0.008,0.105,0.48,12.324717624788718,119.60807679669195,0.8938666320902651,4.0
2016-08-02 15:23:02.970,-0.094,0.246,0.527,-11.17601706790213,109.42896606561557,2.527912766897405,4.0
2016-08-02 15:23:02.980,-0.152,0.313,0.57,-33.878767522411565,92.75853744144268,7.9558837069031,4.0
2016-08-02 15:23:02.990,-0.113,0.203,0.578,-34.156635828453105,85.24464787563956,10.77217638715875,4.0
2016-08-02 15:23:03.000,-0.082,0.074,0.598,-13.767002921361742,91.46036602826572,9.531617129393382,4.0
2016-08-02 15:23:03.010,-0.105,0.012,0.602,5.749367405682362,96.82330803253295,7.133829964728575,4.0
2016-08-02 15:23:03.020,-0.16,0.066,0.551,7.5886109349259225,93.80424525443269,6.686404291154296,4.0
2016-08-02 15:23:03.030,-0.238,0.191,0.535,-7.138825491097809,85.0971054741482,10.598689643072014,4.0
2016-08-02 15:23:03.040,-0.293,0.242,0.566,-21.23451511749994,72.16718035885798,15.459808701786134,4.0
2016-08-02 15:23:03.050,-0.289,0.18,0.586,-17.04959559845976,64.44061038764322,16.010307950700266,4.0
2016-08-02 15:23:03.060,-0.238,0.066,0.578,3.9584695473052935,69.49370986278416,13.337145241593095,4.0
2016-08-02 15:23:03.070,-0.223,0.047,0.559,21.571523678735996,76.18953518976274,9.237896741696423,4.0
2016-08-02 15:23:03.080,-0.27,0.082,0.48,19.700209632370914,72.41199335514239,5.017101771628891,4.0
2016-08-02 15:23:03.090,-0.344,0.145,0.465,1.9978687885366866,60.631656316750465,4.242459422372063,4.0
2016-08-02 15:23:03.100,-0.391,0.219,0.512,-13.988310942236911,48.450095871924674,6.913634665010239,4.0
2016-08-02 15:23:03.110,-0.402,0.172,0.563,-12.796992815348167,42.7761903042696,8.568560459128673,4.0
2016-08-02 15:23:03.120,-0.379,0.102,0.598,4.675460146108172,46.97947376783523,8.150810892751563,4.0
2016-08-02 15:23:03.130,-0.352,0.102,0.547,20.950976835923846,53.439793947944736,7.578944781442777,4.0
2016-08-02 15:23:03.140,-0.367,0.129,0.477,20.50997713904587,51.207857809865494,5.3319290761172375,4.0
2016-08-02 15:23:03.150,-0.426,0.16,0.418,6.797142647880489,40.817083055694745,2.219595714669283,4.0
2016-08-02 15:23:03.160,-0.469,0.18,0.422,-6.040095431731118,30.325527656910943,1.9614712086182013,4.0
2016-08-02 15:23:03.170,-0.465,0.172,0.484,-9.119731813197982,24.251544165502953,2.2075031871383177,4.0
2016-08-02 15:23:03.180,-0.438,0.141,0.543,-1.82409659646539,22.757648603342645,0.2151154438596074,4.0
2016-08-02 15:23:03.190,-0.453,0.129,0.578,6.920653781990021,21.93252186220547,-1.0791275864070478,4.0
2016-08-02 15:23:03.200,-0.461,0.168,0.563,7.010804277489601,16.570774341996003,-0.3868700258378619,4.0
2016-08-02 15:23:03.210,-0.473,0.176,0.523,2.265538856447661,8.16744700310433,-0.08697680419520067,4.0
2016-08-02 15:23:03.220,-0.461,0.16,0.492,2.4236035608079036,2.4768191288241237,-0.6454220685307925,4.0
2016-08-02 15:23:03.230,-0.426,0.148,0.469,6.8629233492831405,0.6706936986772789,-2.1695512051026213,4.0
2016-08-02 15:23:03.240,-0.438,0.156,0.473,8.117155905939223,-1.4806233926196894,-4.540024366620346,4.0
2016-08-02 15:23:03.250,-0.461,0.195,0.488,4.333360832950426,-6.841110681269876,-5.06376425648989,4.0
2016-08-02 15:23:03.260,-0.477,0.199,0.52,0.9321621416695454,-12.474512413687581,-4.874443447887048,4.0
2016-08-02 15:23:03.270,-0.48,0.176,0.535,2.875558317577882,-15.378624547163108,-6.281854527130023,4.0
2016-08-02 15:23:03.280,-0.469,0.148,0.535,9.07664979055118,-16.908044696477432,-7.1903826048743,4.0
2016-08-02 15:23:03.290,-0.441,0.145,0.535,13.369485169342632,-19.26325567239957,-7.499767102060927,4.0
2016-08-02 15:23:03.300,-0.422,0.164,0.539,11.26498686661705,-23.931229396185287,-8.230241374990285,4.0
2016-08-02 15:23:03.310,-0.441,0.191,0.563,5.555352327414795,-31.259531886228032,-7.62038645527069,4.0
2016-08-02 15:23:03.320,-0.418,0.188,0.57,3.6270225137469234,-37.01444094083038,-6.536280752188845,4.0
2016-08-02 15:23:03.330,-0.395,0.152,0.578,8.007781674542938,-36.998864600604335,-8.118173059007514,4.0
2016-08-02 15:23:03.340,-0.406,0.145,0.578,11.94376431536676,-36.182071133426035,-10.24878780932454,4.0
2016-08-02 15:23:03.350,-0.414,0.176,0.578,9.20900549574283,-40.45905975469305,-9.961655174621493,4.0
2016-08-02 15:23:03.360,-0.414,0.195,0.582,4.053509740841493,-46.37250670146492,-9.717452028521823,4.0
2016-08-02 15:23:03.370,-0.398,0.176,0.609,4.001054104918186,-49.17318909025356,-10.541728340567994,4.0
2016-08-02 15:23:03.380,-0.371,0.16,0.621,8.541215321277187,-49.51058851477212,-11.031616554439552,4.0
2016-08-02 15:23:03.390,-0.348,0.145,0.613,12.08463479995708,-49.950312758653254,-11.855684529903442,4.0
2016-08-02 15:23:03.400,-0.336,0.152,0.613,11.636180022334582,-51.77933185700699,-12.95158514299802,4.0
2016-08-02 15:23:03.410,-0.332,0.168,0.629,7.827223493104983,-54.76048028173504,-13.762366588991526,4.0
2016-08-02 15:23:03.420,-0.313,0.176,0.641,2.871307570122544,-57.996428252480236,-15.563150642019071,4.0
2016-08-02 15:23:03.430,-0.289,0.148,0.648,-1.3834510978147632,-60.79983848624874,-19.02476842816218,4.0
2016-08-02 15:23:03.440,-0.281,0.102,0.641,-3.7476596176446813,-63.62972215487295,-23.002467246897442,4.0
2016-08-02 15:23:03.450,-0.254,0.082,0.621,-4.019712499303135,-66.23746152459398,-25.660912984362945,4.0
2016-08-02 15:23:03.460,-0.223,0.078,0.613,-4.2232010625973615,-67.82069357630226,-26.11283091822908,4.0
2016-08-02 15:23:03.470,-0.219,0.098,0.625,-5.852594161730412,-70.57667991565818,-24.309656611304728,4.0
2016-08-02 15:23:03.480,-0.219,0.125,0.633,-7.748453641201889,-75.1391556188145,-19.37634315532936,4.0
2016-08-02 15:23:03.490,-0.207,0.152,0.637,-9.96977576977947,-78.87410419250662,-12.141966002420919,4.0
2016-08-02 15:23:03.500,-0.211,0.16,0.652,-13.445037522446256,-82.96328518955315,-5.672160107656646,4.0
2016-08-02 15:23:03.510,-0.191,0.152,0.656,-14.886568779108778,-88.70540131830992,-1.2298000471598567,4.0
2016-08-02 15:23:03.520,-0.152,0.137,0.637,-11.154888331746974,-92.30187013351104,0.7234888461619567,4.0
2016-08-02 15:23:03.530,-0.133,0.09,0.645,-6.734113329515457,-92.71386602784433,-0.09709462000271324,4.0
2016-08-02 15:23:03.540,-0.145,0.102,0.703,-9.606556839890043,-95.76637892588195,-0.34764968498742743,4.0
2016-08-02 15:23:03.550,-0.152,0.188,0.766,-21.19062730297002,-105.51444606626715,3.1194435261982862,4.0
2016-08-02 15:23:03.560,-0.094,0.219,0.781,-30.421539971060337,-115.37363786235677,7.3035271429736355,4.0
2016-08-02 15:23:03.570,-0.02,0.152,0.742,-24.350636629451163,-115.16156558741947,8.647625939417408,4.0
2016-08-02 15:23:03.580,0.035,0.098,0.648,-8.24393716848502,-107.22574978297017,8.54930508567932,4.0
2016-08-02 15:23:03.590,0.066,0.078,0.578,0.9362504127628759,-102.58909287054234,7.488633603890433,4.0
2016-08-02 15:23:03.600,0.066,0.125,0.613,-2.2740177875691274,-105.47685036427299,3.8383975677667688,4.0
2016-08-02 15:23:03.610,0.07,0.203,0.742,-10.836760521243388,-113.92748561785052,-0.9652241530572374,4.0
2016-08-02 15:23:03.620,0.094,0.199,0.844,-14.350028380180893,-122.53382080573797,-6.1633949022102845,4.0
2016-08-02 15:23:03.630,0.16,0.109,0.867,-4.181881554782503,-122.97953671330467,-12.817839364725225,4.0
2016-08-02 15:23:03.640,0.227,0.031,0.77,15.58628884915299,-116.3507853053385,-19.187159589271424,4.0
2016-08-02 15:23:03.650,0.266,0.027,0.629,28.961641094086083,-112.55396199536062,-24.52317682393582,4.0
2016-08-02 15:23:03.660,0.297,0.082,0.563,27.78953468644157,-114.46808210335897,-29.866180631171765,4.0
2016-08-02 15:23:03.670,0.313,0.16,0.652,18.035990767533324,-119.65055469849662,-34.39179271015212,4.0
2016-08-02 15:23:03.680,0.328,0.234,0.773,8.556782576039108,-126.59394834225787,-36.73043983296726,4.0
2016-08-02 15:23:03.690,0.344,0.234,0.816,5.326760204606687,-132.0760315052243,-36.00663830045309,4.0
2016-08-02 15:23:03.700,0.363,0.168,0.797,11.890275613924635,-134.7142280433344,-33.998177666222496,4.0
2016-08-02 15:23:03.710,0.398,0.141,0.754,27.44460656387505,-135.6380067764402,-32.74840017068107,4.0
2016-08-02 15:23:03.720,0.457,0.176,0.707,42.924387198015424,-134.51262797911815,-30.856003830186047,4.0
2016-08-02 15:23:03.730,0.488,0.23,0.664,46.90883316899722,-134.54893995256836,-28.986517365487103,4.0
2016-08-02 15:23:03.740,0.488,0.293,0.664,37.715781911680644,-140.75898497427335,-28.538899285588027,4.0
2016-08-02 15:23:03.750,0.508,0.316,0.746,24.03062487288325,-149.37132242248708,-28.234300334068205,4.0
2016-08-02 15:23:03.760,0.523,0.281,0.793,17.560635997482027,-154.23330701279667,-28.95499903568626,4.0
2016-08-02 15:23:03.770,0.555,0.266,0.742,23.457182660287256,-154.84059588756276,-29.327487424844506,4.0
2016-08-02 15:23:03.780,0.602,0.273,0.672,35.12562258595472,-150.94051556160167,-25.382511682091835,4.0
2016-08-02 15:23:03.790,0.625,0.301,0.633,41.0416938488958,-146.43750800169286,-20.135983608109306,4.0
2016-08-02 15:23:03.800,0.621,0.352,0.656,34.170948071472246,-149.61615028344994,-16.83282207461012,4.0
2016-08-02 15:23:03.810,0.648,0.402,0.723,17.713404538285772,-159.3052242675342,-13.415509522299846,4.0
2016-08-02 15:23:03.820,0.691,0.387,0.789,3.3996757069577215,-167.37507523492758,-10.79278632144931,4.0
2016-08-02 15:23:03.830,0.73,0.348,0.816,0.6471253243950061,-170.66422362927665,-10.142359970038353,4.0
2016-08-02 15:23:03.840,0.773,0.313,0.777,9.266112179135582,-169.09639744781276,-8.549387914320775,4.0
2016-08-02 15:23:03.850,0.793,0.301,0.668,21.213803196028366,-163.8753690681632,-3.9307467888799525,4.0
2016-08-02 15:23:03.860,0.793,0.328,0.563,24.99579123911134,-159.94801757475153,3.650646084331185,4.0
2016-08-02 15:23:03.870,0.793,0.375,0.559,14.273486827301157,-161.3661611354782,11.860624632941828,4.0
2016-08-02 15:23:03.880,0.801,0.41,0.637,-2.9006029682026,-167.90689251023704,17.061423089138337,4.0
2016-08-02 15:23:03.890,0.844,0.434,0.699,-12.264726631893424,-175.10457501692454,19.897567337787866,4.0
2016-08-02 15:23:03.900,0.898,0.418,0.738,-10.602334717495829,-177.20882824353487,24.846980979609327,4.0
2016-08-02 15:23:03.910,0.953,0.387,0.805,-4.554268818437404,-175.90294991667156,31.475400198845072,4.0
2016-08-02 15:23:03.920,1.0,0.324,0.867,1.2707413649502632,-175.73914204006672,34.23018301438762,4.0
2016-08-02 15:23:03.930,1.016,0.27,0.848,6.152461538105364,-174.88411953108547,32.50160076061331,4.0
2016-08-02 15:23:03.940,0.98,0.242,0.723,8.255302687207788,-172.72237171809536,31.190377911385852,4.0
2016-08-02 15:23:03.950,0.957,0.262,0.602,3.2094877118564256,-172.07478275371642,33.22840359714128,4.0
2016-08-02 15:23:03.960,0.98,0.32,0.551,-10.595910507427389,-173.40147560710386,37.74071434111782,4.0
2016-08-02 15:23:03.970,1.07,0.383,0.551,-27.9287486960497,-175.6266149813999,42.370502311495486,4.0
2016-08-02 15:23:03.980,1.191,0.375,0.645,-39.010803506911785,-174.58288160876643,44.106621119264204,4.0
2016-08-02 15:23:03.990,1.266,0.277,0.715,-34.601724610089754,-167.57916458356198,39.302563946406394,4.0
2016-08-02 15:23:04.000,1.25,0.203,0.695,-17.23528868617474,-159.4829101022878,30.329227620644733,4.0
2016-08-02 15:23:04.010,1.223,0.164,0.723,-2.662100354042317,-154.369783189308,25.670165188148975,4.0
2016-08-02 15:23:04.020,1.246,0.203,0.715,-0.6803926297633567,-152.69904350816378,24.354963507600242,4.0
2016-08-02 15:23:04.030,1.293,0.234,0.676,-9.143194835860536,-152.7518849849389,19.896574465938674,4.0
2016-08-02 15:23:04.040,1.332,0.238,0.691,-22.01025965396926,-150.9849808417529,14.74004539878911,4.0
2016-08-02 15:23:04.050,1.344,0.23,0.68,-30.43053733687628,-148.8396751026099,9.950411468267273,4.0
2016-08-02 15:23:04.060,1.367,0.195,0.641,-29.27181973128639,-146.3105981084674,3.733969683818287,4.0
2016-08-02 15:23:04.070,1.398,0.172,0.621,-21.171691387007627,-139.39738743745818,-0.13214798070104128,4.0
2016-08-02 15:23:04.080,1.41,0.195,0.594,-11.04681717509057,-131.6074712757225,-1.5054441280412525,4.0
2016-08-02 15:23:04.090,1.391,0.238,0.57,-6.72288792728358,-126.21070510806396,-2.6229458742429004,4.0
2016-08-02 15:23:04.100,1.367,0.281,0.684,-13.496252993917562,-123.31916865759781,-2.6364455554860555,4.0
2016-08-02 15:23:04.110,1.352,0.273,0.746,-23.932265989934592,-125.24352594745064,-5.155228426821694,4.0
2016-08-02 15:23:04.120,1.336,0.207,0.777,-28.144103860090787,-125.90709057832676,-11.664701472748575,4.0
2016-08-02 15:23:04.130,1.277,0.172,0.762,-25.572303201796284,-121.19640044252512,-16.090516737482954,4.0
2016-08-02 15:23:04.140,1.242,0.176,0.691,-20.415258094526983,-116.32786983213084,-16.896086562453196,4.0
2016-08-02 15:23:04.150,1.242,0.199,0.598,-16.973622496890794,-109.5442063108913,-16.07060776671887,4.0
2016-08-02 15:23:04.160,1.242,0.242,0.516,-15.946215555122219,-101.27243113377254,-13.077494474608796,4.0
2016-08-02 15:23:04.170,1.254,0.273,0.453,-15.331222816208246,-95.42564264461353,-9.328648314602187,4.0
2016-08-02 15:23:04.180,1.262,0.281,0.496,-15.582868001800872,-88.5750169292113,-6.361511838515467,4.0
2016-08-02 15:23:04.190,1.266,0.281,0.566,-15.673076209098324,-83.4612494751122,-4.758959998335793,4.0
2016-08-02 15:23:04.200,1.27,0.223,0.613,-12.342291778746722,-81.97475931013862,-6.229297861713038,4.0
2016-08-02 15:23:04.210,1.254,0.129,0.66,-5.111621205869489,-77.6351228112197,-10.393852377439346,4.0
2016-08-02 15:23:04.220,1.215,0.121,0.637,3.6881474669897254,-73.2247049568279,-15.083750528110864,4.0
2016-08-02 15:23:04.230,1.211,0.164,0.574,8.893263440012156,-70.64192491737995,-16.82748718799122,4.0
2016-08-02 15:23:04.240,1.227,0.219,0.492,7.439269221319679,-64.6703908077666,-14.348596162665253,4.0
2016-08-02 15:23:04.250,1.23,0.242,0.398,3.110560820138296,-58.76381116530901,-12.62110585506287,4.0
2016-08-02 15:23:04.260,1.215,0.215,0.332,0.031775467257950774,-55.20626261539098,-13.125178952768874,4.0
2016-08-02 15:23:04.270,1.176,0.195,0.32,-0.26389124703551936,-51.59811082258569,-12.495277933910042,4.0
2016-08-02 15:23:04.280,1.145,0.184,0.336,3.3600428086962215,-49.569432992580474,-11.446533003560372,4.0
2016-08-02 15:23:04.290,1.109,0.148,0.375,9.98694244647724,-47.461721401523405,-11.162102475552983,4.0
2016-08-02 15:23:04.300,1.07,0.133,0.398,17.944452216727175,-44.77131019841467,-10.826277180763826,4.0
2016-08-02 15:23:04.310,1.047,0.156,0.395,25.09927162796546,-44.26867744732767,-9.683768703980823,4.0
2016-08-02 15:23:04.320,1.027,0.184,0.371,25.979178059967364,-43.24411806748468,-6.812109780787324,4.0
2016-08-02 15:23:04.330,1.004,0.207,0.301,17.11212838756666,-41.965557113987046,-4.138311966240713,4.0
2016-08-02 15:23:04.340,0.984,0.234,0.23,7.855768445162731,-44.367226375841014,-4.376162906798614,4.0
2016-08-02 15:23:04.350,1.066,0.145,0.535,21.41840757708075,-42.97972489320415,-11.513814709960457,4.0
2016-08-02 15:23:04.360,1.238,0.016,0.785,55.204757176220085,-18.82155298269318,-30.226756454153815,4.0
2016-08-02 15:23:04.370,1.121,0.051,0.723,61.71649268834531,15.104833126014508,-39.74861830484707,4.0
2016-08-02 15:23:04.380,0.898,0.129,0.758,28.61662798522519,10.822143214930747,-16.696722176348104,4.0
2016-08-02 15:23:04.390,0.879,0.164,0.789,-6.314318343511358,-14.44050455469873,9.335525593305112,4.0
2016-08-02 15:23:04.400,0.961,0.207,0.676,-32.78544688980874,-8.15516306786832,16.226972735455945,4.0
2016-08-02 15:23:04.410,1.039,0.246,0.551,-49.49459984645702,8.730253626518216,25.348521085626082,4.0
2016-08-02 15:23:04.420,1.043,0.191,0.453,-42.024826869746555,12.243188817775566,33.38782812267563,4.0
2016-08-02 15:23:04.430,1.035,0.137,0.383,-16.200146970498686,19.519582562885482,31.373746212223416,4.0
2016-08-02 15:23:04.440,1.078,0.063,0.473,16.12661021546898,36.60823552274287,28.701105174107187,4.0
2016-08-02 15:23:04.450,1.117,0.082,0.469,38.513834109135836,47.66279688512882,19.682715227401822,4.0
2016-08-02 15:23:04.460,1.07,0.195,0.383,31.511124939881036,35.675652936324965,9.746693012037898,4.0
2016-08-02 15:23:04.470,1.035,0.273,0.348,11.553539447274323,22.119502866528435,16.247711666391115,4.0
2016-08-02 15:23:04.480,1.043,0.273,0.344,3.7403363514224157,28.071144977651457,23.7390947846489,4.0
2016-08-02 15:23:04.490,1.063,0.207,0.332,6.87888720908473,33.06392636747833,18.343459073357298,4.0
2016-08-02 15:23:04.500,1.078,0.148,0.293,18.772675121765193,33.096003859392944,17.390115575268847,4.0
2016-08-02 15:23:04.510,1.113,0.141,0.25,32.98234928804495,40.15733770662521,21.36001196551476,4.0
2016-08-02 15:23:04.520,1.121,0.188,0.258,34.88076353317767,47.352567343685344,18.401441507698415,4.0
2016-08-02 15:23:04.530,1.117,0.258,0.32,24.767709915518072,49.93138503244842,16.04920651212369,4.0
2016-08-02 15:23:04.540,1.121,0.27,0.383,12.619621693913476,50.460015550821424,17.195324508876137,4.0
2016-08-02 15:23:04.550,1.156,0.223,0.453,6.420085620975932,51.59589574346778,15.324177946526817,4.0
2016-08-02 15:23:04.560,1.203,0.16,0.484,10.199611903337175,57.57756481323312,11.323859011756438,4.0
2016-08-02 15:23:04.570,1.219,0.145,0.504,16.776811768162364,66.8745661951657,8.724053368460359,4.0
2016-08-02 15:23:04.580,1.195,0.18,0.547,14.498359046702692,72.36162650800716,8.659577607894555,4.0
2016-08-02 15:23:04.590,1.195,0.219,0.559,5.705702504125406,72.08212702833761,8.996883343376638,4.0
2016-08-02 15:23:04.600,1.227,0.191,0.539,2.4051625213382506,73.85902726125113,7.222290329490905,4.0
2016-08-02 15:23:04.610,1.258,0.164,0.551,7.522288289817599,82.85147052974567,5.08458706208625,4.0
2016-08-02 15:23:04.620,1.273,0.148,0.559,14.685235195914958,92.60555645730979,3.0664462686053042,4.0
2016-08-02 15:23:04.630,1.273,0.152,0.559,17.820017644308244,99.16875583924607,0.18127272811883083,4.0
2016-08-02 15:23:04.640,1.262,0.191,0.582,13.736729983094271,104.97636049090087,-0.821818870124096,4.0
2016-08-02 15:23:04.650,1.23,0.238,0.625,3.2469613779998587,107.92750749325843,0.6657926724180723,4.0
2016-08-02 15:23:04.660,1.215,0.254,0.664,-8.485969100287736,107.39378592863804,1.9338255379635,4.0
2016-08-02 15:23:04.670,1.234,0.23,0.684,-15.166679444457198,109.03793976923153,2.8690578338590376,4.0
2016-08-02 15:23:04.680,1.27,0.176,0.652,-14.103335695825919,114.93040593678242,3.5092515494581447,4.0
2016-08-02 15:23:04.690,1.293,0.148,0.617,-9.257442260378228,122.55799772092735,2.9535013389175577,4.0
2016-08-02 15:23:04.700,1.301,0.164,0.602,-7.420141787626687,129.4889610977744,2.5608205050208728,4.0
2016-08-02 15:23:04.710,1.301,0.188,0.617,-10.979314089145266,133.22800410111716,3.067977214983039,4.0
2016-08-02 15:23:04.720,1.313,0.203,0.656,-16.80197790383998,134.4926094815761,3.261832502027132,4.0
2016-08-02 15:23:04.730,1.313,0.188,0.688,-20.027194521400844,136.80937748848118,3.2658544243491088,4.0
2016-08-02 15:23:04.740,1.309,0.156,0.703,-17.700888326461897,140.11146748304523,3.586571745725547,4.0
2016-08-02 15:23:04.750,1.324,0.137,0.691,-12.147893765420957,143.68050637382163,3.886593277772353,4.0
2016-08-02 15:23:04.760,1.332,0.125,0.66,-8.886183086615215,148.71515111487471,4.06544230544579,4.0
2016-08-02 15:23:04.770,1.313,0.145,0.652,-10.054747248249479,152.7186978883464,4.019458652803606,4.0
2016-08-02 15:23:04.780,1.289,0.176,0.664,-14.339729727283359,153.12409359006676,4.366155729945081,4.0
2016-08-02 15:23:04.790,1.277,0.184,0.676,-19.284837353978016,152.45271484328893,5.838481540737494,4.0
2016-08-02 15:23:04.800,1.273,0.172,0.695,-20.52824843875962,152.78500906018004,7.564170062564665,4.0
2016-08-02 15:23:04.810,1.289,0.145,0.684,-15.633305970351635,155.00516568536182,8.829537041397522,4.0
2016-08-02 15:23:04.820,1.277,0.125,0.672,-8.438852986532767,159.91169981172422,10.272427899313664,4.0
2016-08-02 15:23:04.830,1.258,0.137,0.688,-4.376212265444484,163.95646297396237,12.134616387330729,4.0
2016-08-02 15:23:04.840,1.242,0.172,0.711,-5.484056397328558,164.75189865358726,13.987960108006884,4.0
2016-08-02 15:23:04.850,1.223,0.203,0.738,-10.683418627835504,164.63928680937505,15.941809746301715,4.0
2016-08-02 15:23:04.860,1.195,0.188,0.727,-15.758062003666492,163.98978768484085,17.229893433520147,4.0
2016-08-02 15:23:04.870,1.184,0.156,0.723,-15.940625430112624,163.92198211930247,16.86932969560314,4.0
2016-08-02 15:23:04.880,1.188,0.113,0.707,-11.36846209424201,167.27153808206984,15.37718692694585,4.0
2016-08-02 15:23:04.890,1.168,0.125,0.719,-8.115427600621523,171.70015472598985,13.77661931648048,4.0
2016-08-02 15:23:04.900,1.129,0.176,0.738,-11.42017955451471,172.79266009054032,14.252491455814479,4.0
2016-08-02 15:23:04.910,1.102,0.18,0.742,-17.657463569730613,171.08910305704984,16.09544191876603,4.0
2016-08-02 15:23:04.920,1.086,0.156,0.75,-18.178441153043764,170.82759411225555,16.189655977249448,4.0
2016-08-02 15:23:04.930,1.07,0.141,0.758,-12.606455954927315,173.73818912434612,16.01968929068807,4.0
2016-08-02 15:23:04.940,1.039,0.129,0.738,-9.484685363736688,176.5802714933733,16.24602624534222,4.0
2016-08-02 15:23:04.950,0.996,0.148,0.754,-12.412665483866427,175.56962315775132,15.652375393621735,4.0
2016-08-02 15:23:04.960,0.961,0.168,0.789,-16.843137427911618,171.68750304800935,16.4046989628685,4.0
2016-08-02 15:23:04.970,0.93,0.156,0.773,-18.94651561229338,169.00249679884206,18.371696736526623,4.0
2016-08-02 15:23:04.980,0.914,0.152,0.734,-19.031765813742652,169.33315219285095,19.36738190690143,4.0
2016-08-02 15:23:04.990,0.91,0.156,0.719,-18.78766159690562,171.2883299062675,19.766256687744626,4.0
2016-08-02 15:23:05.000,0.879,0.137,0.703,-17.873882792276646,172.5864447509151,19.02808606311384,4.0
2016-08-02 15:23:05.010,0.832,0.109,0.723,-14.543826552799977,172.30072847840802,16.861019439236586,4.0
2016-08-02 15:23:05.020,0.797,0.102,0.73,-10.426867485637771,171.987132995592,14.834722529012211,4.0
2016-08-02 15:23:05.030,0.742,0.121,0.762,-10.304988109881409,171.73007857820792,13.35897400151873,4.0
2016-08-02 15:23:05.040,0.668,0.148,0.809,-13.74938610060184,166.74023924901255,13.937644146371078,4.0
2016-08-02 15:23:05.050,0.652,0.121,0.746,-13.298891661139505,159.88171242538252,16.327013171313208,4.0
2016-08-02 15:23:05.060,0.676,0.098,0.703,-6.472098747798734,161.29731366167556,16.790651151487488,4.0
2016-08-02 15:23:05.070,0.652,0.082,0.656,0.46620351109014124,166.83054668719436,14.863968863711822,4.0
2016-08-02 15:23:05.080,0.574,0.102,0.645,0.03584508162333355,167.24935327294168,12.11274945839999,4.0
2016-08-02 15:23:05.090,0.457,0.191,0.742,-10.000888504864918,160.9335918696438,12.718518470811148,4.0
2016-08-02 15:23:05.100,0.41,0.164,0.797,-19.2561246137356,148.9040770271657,17.452227131116185,4.0
2016-08-02 15:23:05.110,0.426,0.098,0.781,-15.352536934088471,142.36385232565,18.20559981963997,4.0
2016-08-02 15:23:05.120,0.445,0.059,0.711,-2.3613796801592475,147.52366532146928,15.657520693498768,4.0
2016-08-02 15:23:05.130,0.422,0.027,0.621,7.864559355032977,153.09690482914937,14.576977971261359,4.0
2016-08-02 15:23:05.140,0.355,0.066,0.578,8.727185466258577,153.26140838328246,12.56212302489713,4.0
2016-08-02 15:23:05.150,0.273,0.129,0.617,-1.7224243379173632,148.41455025256533,11.776067921355711,4.0
2016-08-02 15:23:05.160,0.168,0.176,0.742,-16.14211397628332,136.5522310520372,13.827184022306824,4.0
2016-08-02 15:23:05.170,0.133,0.105,0.789,-18.26255149980768,125.02047553230692,15.608884191174552,4.0
2016-08-02 15:23:05.180,0.145,0.0,0.773,-3.023731662666297,125.09446697448197,15.738115476522182,4.0
2016-08-02 15:23:05.190,0.141,-0.012,0.727,14.932159528236882,131.86839343299343,15.186419877760034,4.0
2016-08-02 15:23:05.200,0.117,0.055,0.637,19.04409946355676,132.93806428838798,16.9194093532707,4.0
2016-08-02 15:23:05.210,0.078,0.156,0.555,6.062866416091217,127.00707542396788,20.738066516809923,4.0
2016-08-02 15:23:05.220,0.039,0.219,0.48,-14.307611397454266,118.28898070169168,23.512735822440476,4.0
2016-08-02 15:23:05.230,-0.031,0.148,0.516,-27.29786981537577,110.2033479278119,22.580992723320485,4.0
2016-08-02 15:23:05.240,-0.09,0.016,0.586,-22.19090702921399,106.60603965579567,17.531193021852033,4.0
2016-08-02 15:23:05.250,-0.109,-0.023,0.637,-6.22969715812134,108.3836865549813,12.457916070070853,4.0
2016-08-02 15:23:05.260,-0.148,0.055,0.707,0.37688180791676795,107.14696522423091,12.313787188887183,4.0
2016-08-02 15:23:05.270,-0.133,0.105,0.629,-5.249172159762004,96.9761875221185,15.763009098074992,4.0
2016-08-02 15:23:05.280,-0.109,0.082,0.547,-9.14641707126751,89.48055362469515,16.75128876712941,4.0
2016-08-02 15:23:05.290,-0.129,0.027,0.5,-3.8296627236901877,90.83604882798994,14.853124745888842,4.0
2016-08-02 15:23:05.300,-0.184,0.004,0.457,3.2173957837469755,92.90139015744397,11.77005392025363,4.0
2016-08-02 15:23:05.310,-0.273,0.105,0.512,-3.607366990116417,89.77968257370951,10.306781840381177,4.0
2016-08-02 15:23:05.320,-0.332,0.203,0.535,-21.06833765780732,77.60632095604643,14.708908735046595,4.0
2016-08-02 15:23:05.330,-0.309,0.137,0.453,-27.625106149976986,65.96510470646447,16.91497212752132,4.0
2016-08-02 15:23:05.340,-0.293,0.027,0.414,-17.03010879842262,67.99745107801294,12.090444993392408,4.0
2016-08-02 15:23:05.350,-0.305,-0.02,0.402,-1.836270603313554,73.13237930892271,8.477744976351506,4.0
2016-08-02 15:23:05.360,-0.344,0.027,0.41,3.1507005086854725,69.88311929079559,6.983087431850557,4.0
2016-08-02 15:23:05.370,-0.395,0.105,0.453,-5.430048118197914,60.75685945747025,6.677275254851661,4.0
2016-08-02 15:23:05.380,-0.418,0.141,0.48,-14.60273007978807,48.80453649016414,8.155965351720372,4.0
2016-08-02 15:23:05.390,-0.41,0.098,0.465,-13.132027121865999,39.81963108766784,6.3491100028428145,4.0
2016-08-02 15:23:05.400,-0.398,0.008,0.445,-3.830546686045591,36.408799577237694,0.4686064332184272,4.0
2016-08-02 15:23:05.410,-0.418,-0.035,0.445,7.913891006207297,33.28641671285963,-5.982170256113744,4.0
2016-08-02 15:23:05.420,-0.441,-0.043,0.414,18.187759377213702,29.615450253923115,-10.684848759413885,4.0
2016-08-02 15:23:05.430,-0.488,0.031,0.422,19.0161150336906,24.99109190914885,-11.180898022320342,4.0
2016-08-02 15:23:05.440,-0.5,0.141,0.406,8.365168220577667,13.812847640366217,-8.075312756378228,4.0
2016-08-02 15:23:05.450,-0.484,0.121,0.383,-1.7397613858676633,0.5185718622584378,-6.978115888601273,4.0
2016-08-02 15:23:05.460,-0.477,0.027,0.43,1.7031876750961459,-3.6986699568257726,-10.080492801443212,4.0
2016-08-02 15:23:05.470,-0.457,-0.023,0.441,17.106665729938754,0.031300183676653215,-13.117649300888374,4.0
2016-08-02 15:23:05.480,-0.461,-0.027,0.434,28.4229472018419,3.146693884987213,-15.22791779764911,4.0
2016-08-02 15:23:05.490,-0.508,0.063,0.449,23.271100825327736,-1.1785497819591195,-15.26080419376216,4.0
2016-08-02 15:23:05.500,-0.52,0.16,0.453,7.8913440164473965,-13.764290778709796,-11.112250062501964,4.0
2016-08-02 15:23:05.510,-0.48,0.133,0.465,-1.0545163532988917,-23.71051845715894,-9.305005068987949,4.0
2016-08-02 15:23:05.520,-0.457,0.051,0.496,5.1480528408886395,-22.991569547612315,-11.87915880291733,4.0
2016-08-02 15:23:05.530,-0.43,-0.012,0.52,18.76317972799395,-18.068207039568463,-14.838707335049392,4.0
2016-08-02 15:23:05.540,-0.445,-0.02,0.543,24.980878373752226,-17.594799040547553,-19.059005077046034,4.0
2016-08-02 15:23:05.550,-0.477,0.039,0.559,18.72373102883665,-24.830899239339516,-21.045337791602595,4.0
2016-08-02 15:23:05.560,-0.473,0.102,0.598,7.919423375502106,-36.01037368273687,-18.494039144984246,4.0
2016-08-02 15:23:05.570,-0.434,0.086,0.613,3.419139381494279,-42.92682170207229,-16.990952225848545,4.0
2016-08-02 15:23:05.580,-0.402,0.027,0.613,8.586976775261649,-43.80317845331903,-17.405402864748755,4.0
2016-08-02 15:23:05.590,-0.391,0.004,0.621,17.267998700828247,-43.01854399048944,-17.487076992978757,4.0
2016-08-02 15:23:05.600,-0.402,0.02,0.629,21.226845416073743,-44.074474439892995,-17.43325112480927,4.0
2016-08-02 15:23:05.610,-0.41,0.066,0.633,16.65259670492664,-48.53398122137868,-16.78944751457481,4.0
2016-08-02 15:23:05.620,-0.402,0.113,0.648,6.5386418894364695,-55.42430766585528,-15.427798746588074,4.0
2016-08-02 15:23:05.630,-0.348,0.109,0.664,-1.033511271187843,-60.75335080836196,-15.616782554446136,4.0
2016-08-02 15:23:05.640,-0.316,0.055,0.68,-0.533211028096283,-61.17344158656661,-18.515974721157875,4.0
2016-08-02 15:23:05.650,-0.305,0.008,0.66,5.771434864771039,-58.7627694403247,-21.070567772783196,4.0
2016-08-02 15:23:05.660,-0.301,-0.016,0.656,11.387562891208553,-58.03206922454669,-22.366092207469727,4.0
2016-08-02 15:23:05.670,-0.313,0.004,0.664,12.359440055368323,-60.502021884715845,-24.412105548953516,4.0
2016-08-02 15:23:05.680,-0.324,0.043,0.676,8.242396119436004,-65.56627670543182,-24.795244649013608,4.0
2016-08-02 15:23:05.690,-0.324,0.066,0.695,1.2738975407839568,-71.5916774878659,-22.13984398913673,4.0
2016-08-02 15:23:05.700,-0.285,0.059,0.703,-3.0468836452979295,-76.04525235778603,-20.29352183871294,4.0
2016-08-02 15:23:05.710,-0.238,0.027,0.676,-0.5306434339747168,-77.28205981895628,-20.55701020153621,4.0
2016-08-02 15:23:05.720,-0.199,-0.004,0.645,6.3997621402607985,-75.29699722801104,-22.225812102890416,4.0
2016-08-02 15:23:05.730,-0.184,0.012,0.656,9.790438123908343,-73.95124633614687,-25.29101562219138,4.0
2016-08-02 15:23:05.740,-0.188,0.063,0.684,4.804688929557414,-79.55783928336214,-27.153301884928034,4.0
2016-08-02 15:23:05.750,-0.145,0.082,0.688,-2.6024632650134243,-89.05449081742285,-27.475004618342936,4.0
2016-08-02 15:23:05.760,-0.098,0.059,0.719,-2.9184216221173482,-93.67949460314468,-29.13471436742363,4.0
2016-08-02 15:23:05.770,-0.051,0.035,0.727,5.0983709393813665,-94.01256785126122,-31.050654310539542,4.0
2016-08-02 15:23:05.780,0.0,0.027,0.707,14.984054669312961,-92.79960313679257,-32.317319769494574,4.0
2016-08-02 15:23:05.790,0.0,0.055,0.684,19.368030097356066,-90.96257669855963,-33.5610984851452,4.0
2016-08-02 15:23:05.800,-0.016,0.105,0.711,14.168529632749257,-93.33445108686661,-32.51804915082948,4.0
2016-08-02 15:23:05.810,0.0,0.145,0.77,2.7353813814980024,-100.41583289022437,-29.708669147590296,4.0
2016-08-02 15:23:05.820,0.051,0.121,0.762,-3.845387973773423,-105.8604833765043,-29.356061112591018,4.0
2016-08-02 15:23:05.830,0.098,0.051,0.73,1.6067868008261703,-105.17067481220221,-32.4751222582568,4.0
2016-08-02 15:23:05.840,0.121,-0.012,0.727,14.215283970152454,-100.52214522073308,-36.96430692733398,4.0
2016-08-02 15:23:05.850,0.102,0.02,0.754,22.869419375599602,-98.61626573183504,-40.08795481598317,4.0
2016-08-02 15:23:05.860,0.066,0.141,0.855,17.5145648698725,-105.10487701385361,-37.23435359738749,4.0
2016-08-02 15:23:05.870,0.059,0.227,0.938,1.8224047790697433,-119.31823545528422,-28.56126189827843,4.0
2016-08-02 15:23:05.880,0.125,0.168,0.922,-3.0390976436593897,-130.00560137889178,-23.475137720737095,4.0
2016-08-02 15:23:05.890,0.195,0.059,0.844,13.065483465074617,-127.19260092502655,-25.448248667772525,4.0
2016-08-02 15:23:05.900,0.219,-0.02,0.754,33.40331652841479,-117.75879027292731,-28.398256751967462,4.0
2016-08-02 15:23:05.910,0.215,-0.008,0.727,40.06253305691716,-113.81485565165497,-29.70197707035503,4.0
2016-08-02 15:23:05.920,0.207,0.113,0.762,29.69951423986319,-117.6297758604278,-28.130942414447166,4.0
2016-08-02 15:23:05.930,0.234,0.211,0.883,7.791612334758014,-124.51327786186613,-22.951519054858302,4.0
2016-08-02 15:23:05.940,0.273,0.238,0.941,-10.867871387641477,-129.63785058779507,-18.583369813068497,4.0
2016-08-02 15:23:05.950,0.316,0.152,0.914,-12.395810798375694,-131.0305320903272,-16.120357161793294,4.0
2016-08-02 15:23:05.960,0.379,0.051,0.863,1.3546029375588264,-127.92685788076162,-13.833327570179517,4.0
2016-08-02 15:23:05.970,0.438,-0.004,0.781,18.64149824932862,-121.89867682425493,-14.689193879321742,4.0
2016-08-02 15:23:05.980,0.48,0.012,0.734,28.058476367950032,-117.71838080731003,-18.393595794352667,4.0
2016-08-02 15:23:05.990,0.48,0.094,0.797,24.480177730709496,-118.94716381503756,-20.46209358818353,4.0
2016-08-02 15:23:06.000,0.43,0.168,0.949,12.783963603580233,-127.03618812867445,-20.199102911434395,4.0
2016-08-02 15:23:06.010,0.438,0.141,0.973,4.622542510574505,-137.35503157081345,-18.92111286798027,4.0
2016-08-02 15:23:06.020,0.488,0.121,0.895,8.428986394821532,-139.65309082206826,-17.47461530449636,4.0
2016-08-02 15:23:06.030,0.551,0.07,0.773,20.868127135088027,-132.65349989771994,-15.580400979529868,4.0
2016-08-02 15:23:06.040,0.609,0.016,0.641,33.76589692500627,-124.3410397909658,-14.668396482616714,4.0
2016-08-02 15:23:06.050,0.656,0.051,0.551,42.24551378322967,-119.89860033636577,-16.75985580942235,4.0
2016-08-02 15:23:06.060,0.68,0.16,0.563,39.057927426735986,-120.55575395158063,-18.137632673820875,4.0
2016-08-02 15:23:06.070,0.652,0.266,0.789,19.461969497180572,-128.33849648552498,-17.59036840563267,4.0
2016-08-02 15:23:06.080,0.645,0.285,0.992,-3.6054474691669336,-143.362420953648,-19.78303776280426,4.0
2016-08-02 15:23:06.090,0.676,0.195,1.008,-9.347124128170922,-154.34025034835076,-24.431045313925587,4.0
2016-08-02 15:23:06.100,0.703,0.121,0.895,5.24376710142274,-151.88773359358655,-26.194621739361224,4.0
2016-08-02 15:23:06.110,0.73,0.082,0.773,24.99804361639484,-144.7410373595734,-23.317233385917014,4.0
2016-08-02 15:23:06.120,0.754,0.109,0.629,37.29155061560092,-141.58608706685945,-19.06603952068086,4.0
2016-08-02 15:23:06.130,0.781,0.188,0.551,40.049165521696544,-141.14862094758763,-13.865257850739408,4.0
2016-08-02 15:23:06.140,0.813,0.281,0.563,34.45319962399605,-141.91080004587363,-6.273667596622246,4.0
2016-08-02 15:23:06.150,0.844,0.34,0.711,21.68979025196483,-143.37835808807458,-0.968834462685614,4.0
2016-08-02 15:23:06.160,0.84,0.336,0.859,8.003678390341845,-147.64754413255372,-1.385845438931695,4.0
2016-08-02 15:23:06.170,0.836,0.285,0.859,3.496532497646401,-155.05772135848326,-2.948088228725098,4.0
2016-08-02 15:23:06.180,0.855,0.219,0.789,10.317853795977257,-158.1679290201768,-1.581234757142804,4.0
2016-08-02 15:23:06.190,0.848,0.18,0.738,20.235851181256322,-156.1246287736899,2.383009432160506,4.0
2016-08-02 15:23:06.200,0.855,0.207,0.68,23.845503980596565,-156.89759423106855,7.994848499149322,4.0
2016-08-02 15:23:06.210,0.887,0.289,0.594,15.071101230784894,-159.4464620323065,14.577667779766337,4.0
2016-08-02 15:23:06.220,0.926,0.359,0.625,-4.729704974580774,-159.85004152661514,20.69212428928286,4.0
2016-08-02 15:23:06.230,0.957,0.355,0.707,-22.73846275679105,-161.15894333040671,22.853243262820623,4.0
2016-08-02 15:23:06.240,0.992,0.289,0.688,-25.90777037251842,-162.64060253626067,19.894372152451087,4.0
2016-08-02 15:23:06.250,1.031,0.195,0.668,-14.79587026939779,-160.15396056143655,17.2617496226979,4.0
2016-08-02 15:23:06.260,1.07,0.145,0.637,1.4949492024029118,-154.35996302951904,17.538834035327664,4.0
2016-08-02 15:23:06.270,1.094,0.16,0.621,13.645656237741509,-148.12937996000898,17.645721315394336,4.0
2016-08-02 15:23:06.280,1.098,0.23,0.652,14.768612974977886,-144.35864941676965,18.82684032797056,4.0
2016-08-02 15:23:06.290,1.137,0.297,0.668,5.493341833746645,-144.59913659410148,22.46611798098144,4.0
2016-08-02 15:23:06.300,1.219,0.309,0.715,-7.024900932740248,-145.96883205325207,24.66904997187116,4.0
2016-08-02 15:23:06.310,1.313,0.293,0.73,-14.423243906818879,-145.39215459429374,23.316088337678664,4.0
2016-08-02 15:23:06.320,1.375,0.211,0.688,-12.08170393183539,-142.41843674333637,18.92872382637111,4.0
2016-08-02 15:23:06.330,1.359,0.109,0.621,-3.013641525917506,-136.50150481694317,12.062961017132872,4.0
2016-08-02 15:23:06.340,1.289,0.09,0.586,6.334390866444432,-130.7329396449399,5.109429964152125,4.0
2016-08-02 15:23:06.350,1.25,0.129,0.555,9.723772158073247,-127.99656625974396,1.4141828103709866,4.0
2016-08-02 15:23:06.360,1.246,0.199,0.559,4.093526558023762,-124.62392697004006,0.8193737376498464,4.0
2016-08-02 15:23:06.370,1.246,0.242,0.578,-4.32320166421424,-120.9555943461286,-0.09712156133601535,4.0
2016-08-02 15:23:06.380,1.273,0.211,0.637,-6.2982692342828654,-119.04989604378493,-2.7571079739719355,4.0
2016-08-02 15:23:06.390,1.289,0.168,0.691,-0.32917055968950737,-115.21714198297668,-6.187381364973353,4.0
2016-08-02 15:23:06.400,1.277,0.141,0.652,7.425232290140576,-110.08457498209869,-9.13888675326002,4.0
2016-08-02 15:23:06.410,1.23,0.148,0.609,8.209894958446599,-106.58611850846742,-10.015622157454079,4.0
2016-08-02 15:23:06.420,1.18,0.188,0.605,-0.34298861505242684,-105.24801588856143,-8.977011546729631,4.0
2016-08-02 15:23:06.430,1.172,0.203,0.574,-10.244628725473024,-105.73151156354206,-8.286060106467303,4.0
2016-08-02 15:23:06.440,1.203,0.191,0.523,-11.90386715825944,-102.66289112516584,-8.348606055541389,4.0
2016-08-02 15:23:06.450,1.242,0.18,0.5,-2.7374563799856486,-93.65953809976459,-7.634934825931838,4.0
2016-08-02 15:23:06.460,1.258,0.172,0.465,10.536895101687847,-84.14677186081309,-6.11438588869598,4.0
2016-08-02 15:23:06.470,1.27,0.18,0.461,17.86603829662596,-77.76145107919436,-4.929922108297486,4.0
2016-08-02 15:23:06.480,1.273,0.207,0.473,16.98116866136133,-74.91641376836196,-4.397423524853631,4.0
2016-08-02 15:23:06.490,1.266,0.211,0.477,11.592328929252165,-74.16451999937507,-4.341635271124718,4.0
2016-08-02 15:23:06.500,1.227,0.195,0.57,4.569285816062703,-74.01761165392179,-4.957632274937309,4.0
2016-08-02 15:23:06.510,1.195,0.168,0.625,0.22069442450863824,-75.72733889036483,-7.082405459675066,4.0
2016-08-02 15:23:06.520,1.191,0.121,0.602,0.7500443125035953,-76.29865113780076,-10.491081931002107,4.0
2016-08-02 15:23:06.530,1.168,0.102,0.559,4.033787531500325,-71.11325127643465,-12.841473746516154,4.0
2016-08-02 15:23:06.540,1.141,0.109,0.473,8.811252571283154,-63.842457468878926,-13.559871607616836,4.0
2016-08-02 15:23:06.550,1.113,0.129,0.355,12.290156284442205,-57.883765678746244,-13.671995343956047,4.0
2016-08-02 15:23:06.560,1.109,0.164,0.277,12.179798249049714,-51.73546439676155,-12.173033371002386,4.0
2016-08-02 15:23:06.570,1.113,0.191,0.262,11.469738147859085,-45.82810618310637,-9.51993502151613,4.0
2016-08-02 15:23:06.580,1.102,0.184,0.289,11.836251099139979,-41.25750162173211,-8.27795599676323,4.0
2016-08-02 15:23:06.590,1.07,0.152,0.375,12.576783342750334,-39.19747859660828,-8.110583950882122,4.0
2016-08-02 15:23:06.600,1.043,0.129,0.426,15.198583447205337,-40.565596669658476,-7.4067709793517835,4.0
2016-08-02 15:23:06.610,1.035,0.117,0.434,19.275494812103354,-41.62461117235103,-6.385867006519172,4.0
2016-08-02 15:23:06.620,1.035,0.117,0.422,21.833541258322665,-38.67157072591337,-5.263561310353746,4.0
2016-08-02 15:23:06.630,1.035,0.141,0.387,21.930053374323364,-34.52669937643545,-4.042459459572971,4.0
2016-08-02 15:23:06.640,1.027,0.156,0.305,18.357956947605715,-32.48581526002539,-2.8464643983224196,4.0
2016-08-02 15:23:06.650,1.023,0.16,0.227,11.351444880792762,-31.4854577058153,-1.5581996833188019,4.0
2016-08-02 15:23:06.660,1.023,0.18,0.172,6.7833060407328425,-29.77342084133938,-0.8250198392652538,4.0
2016-08-02 15:23:06.670,1.047,0.188,0.152,8.328900402865004,-25.662588256836877,-0.3417955607253723,4.0
2016-08-02 15:23:06.680,1.059,0.164,0.152,13.428283265200356,-19.258586817670796,0.7285726065158987,4.0
2016-08-02 15:23:06.690,1.051,0.152,0.211,19.727299754592007,-14.654147983769596,1.4071619575988537,4.0
2016-08-02 15:23:06.700,1.047,0.152,0.254,27.640422744962557,-13.768902306251977,0.7033757949149266,4.0
2016-08-02 15:23:06.710,1.078,0.121,0.367,37.08415142382303,-14.580520041043847,-1.6799440331807396,4.0
2016-08-02 15:23:06.720,1.086,0.117,0.387,39.5659784840415,-12.782986991503408,-3.501254060601535,4.0
2016-08-02 15:23:06.730,1.078,0.203,0.398,26.385829397195867,-5.482773306738096,-3.91795486427836,4.0
2016-08-02 15:23:06.740,1.031,0.191,0.375,9.760280565518986,-1.1966519806156724,-4.489366498113888,4.0
2016-08-02 15:23:06.750,1.016,0.125,0.348,5.020285522937623,-2.970235008966976,-0.21477376580290075,4.0
2016-08-02 15:23:06.760,1.031,0.121,0.305,3.7090583912027077,0.5249473655686068,6.060155677443549,4.0
2016-08-02 15:23:06.770,1.027,0.141,0.27,-2.8127714471329135,8.248451092645857,7.4682879767059696,4.0
2016-08-02 15:23:06.780,1.023,0.137,0.27,-6.179282259285182,12.281331677016558,11.1780772896986,4.0
2016-08-02 15:23:06.790,1.023,0.113,0.285,-0.4356621434235066,13.163322735065028,13.588173308178245,4.0
2016-08-02 15:23:06.800,1.059,0.074,0.375,17.933712509532043,13.720765025157533,7.22241851291012,4.0
2016-08-02 15:23:06.810,1.098,-0.008,0.469,48.18536769014092,17.835324955194082,1.9024270785831705,4.0
2016-08-02 15:23:06.820,1.094,0.055,0.441,67.47726900536509,22.586061107691723,2.840352217548791,4.0
2016-08-02 15:23:06.830,1.078,0.188,0.422,58.529614514549266,23.038035945256826,5.523183284137666,4.0
2016-08-02 15:23:06.840,1.082,0.309,0.43,34.8432199445151,25.81458771713853,6.2519228734732,4.0
2016-08-02 15:23:06.850,1.109,0.316,0.434,12.431358809869511,33.173334959545464,5.956432419684206,4.0
2016-08-02 15:23:06.860,1.148,0.262,0.426,-0.16651245274461607,38.48998774951568,6.574085348655826,4.0
2016-08-02 15:23:06.870,1.168,0.203,0.434,2.0480705059525457,43.68150295560556,5.558106847741447,4.0
2016-08-02 15:23:06.880,1.184,0.16,0.477,10.96230212029571,52.10176232318602,3.461159616359435,4.0
2016-08-02 15:23:06.890,1.207,0.148,0.52,17.716301469342213,60.01669660268625,2.3439254059430943,4.0
2016-08-02 15:23:06.900,1.211,0.164,0.547,22.017419119057855,65.19260008484464,0.7970230795518678,4.0
2016-08-02 15:23:06.910,1.211,0.164,0.582,24.551407732435436,68.86831518750378,-0.1892741727829408,4.0
2016-08-02 15:23:06.920,1.234,0.176,0.609,26.044949685857187,73.2488013342451,-0.33674410750723943,4.0
2016-08-02 15:23:06.930,1.266,0.207,0.629,24.89552840792525,79.2467496572519,-1.3409279404167174,4.0
2016-08-02 15:23:06.940,1.277,0.234,0.625,18.06274370424691,85.1616490625954,-2.0900394692150797,4.0
2016-08-02 15:23:06.950,1.273,0.25,0.637,8.078082772189896,89.85798264077582,-2.2933497325544,4.0
2016-08-02 15:23:06.960,1.289,0.238,0.637,1.1294443334171722,95.18195678376193,-2.907833035043959,4.0
2016-08-02 15:23:06.970,1.297,0.223,0.645,-0.7038469197392415,102.92482483792814,-3.009154753653996,4.0
2016-08-02 15:23:06.980,1.293,0.215,0.66,-1.8089464409688514,110.64898838087377,-1.725723043505109,4.0
2016-08-02 15:23:06.990,1.305,0.23,0.68,-6.434132147868064,115.97988659033375,-0.15537576949614795,4.0
2016-08-02 15:23:07.000,1.316,0.242,0.66,-12.027179034409567,121.53690564758756,0.5440628369887418,4.0
2016-08-02 15:23:07.010,1.313,0.234,0.672,-14.016721476093121,128.55743051934536,1.821069666152134,4.0
2016-08-02 15:23:07.020,1.316,0.203,0.711,-13.09918680344656,134.2360052629321,3.7130955807860864,4.0
2016-08-02 15:23:07.030,1.344,0.184,0.727,-12.352887526514488,138.4292768525963,3.613345819512419,4.0
2016-08-02 15:23:07.040,1.359,0.191,0.707,-13.01961149341777,143.3688055860789,3.391010633570212,4.0
2016-08-02 15:23:07.050,1.375,0.195,0.68,-15.638062585747967,149.21660799205682,5.6272323068847765,4.0
2016-08-02 15:23:07.060,1.391,0.219,0.688,-20.705440883634456,154.8022232664621,7.833693543162118,4.0
2016-08-02 15:23:07.070,1.398,0.25,0.711,-28.388735941458762,158.48492289677705,9.649735224490884,4.0
2016-08-02 15:23:07.080,1.398,0.246,0.699,-36.66264681533006,159.530359455634,12.280053089851474,4.0
2016-08-02 15:23:07.090,1.426,0.223,0.707,-40.177667253924106,161.06692066083968,14.0071678802339,4.0
2016-08-02 15:23:07.100,1.453,0.184,0.711,-36.08250752783762,166.22215430899107,14.742038245841304,4.0
2016-08-02 15:23:07.110,1.461,0.129,0.691,-28.023594022497676,172.55901123688986,14.931274906962486,4.0
2016-08-02 15:23:07.120,1.445,0.137,0.668,-21.801194530929433,177.1780906259961,14.676832010545871,4.0
2016-08-02 15:23:07.130,1.41,0.184,0.703,-22.623647877760522,180.32303761822325,16.364628570235745,4.0
2016-08-02 15:23:07.140,1.395,0.25,0.719,-32.4262244607686,181.27622269046566,19.42147885797204,4.0
2016-08-02 15:23:07.150,1.395,0.234,0.711,-43.229255039262824,181.08238752518255,20.813710721750972,4.0
2016-08-02 15:23:07.160,1.398,0.168,0.672,-42.93354700673021,183.94363167635055,20.838672379744125,4.0
2016-08-02 15:23:07.170,1.391,0.109,0.656,-31.8833325739687,189.93947513618053,20.389520639556952,4.0
2016-08-02 15:23:07.180,1.363,0.105,0.633,-21.646492291280282,194.59585127583395,19.584165370335903,4.0
2016-08-02 15:23:07.190,1.309,0.133,0.629,-20.409811624823448,195.09058308043163,19.420954673342194,4.0
2016-08-02 15:23:07.200,1.25,0.184,0.723,-27.724148855977276,191.03409976884925,21.088350028914604,4.0
2016-08-02 15:23:07.210,1.238,0.176,0.77,-34.50881359942848,184.36157116749973,23.842799002430972,4.0
2016-08-02 15:23:07.220,1.254,0.125,0.723,-30.460355593516358,181.7697658348855,24.64127448687829,4.0
2016-08-02 15:23:07.230,1.254,0.094,0.672,-17.402278555576316,186.86523672127353,24.272739215118236,4.0
2016-08-02 15:23:07.240,1.23,0.082,0.633,-6.214457225704581,193.30881609541774,24.674581113839334,4.0
2016-08-02 15:23:07.250,1.184,0.117,0.586,-2.717917969370172,195.26377631167554,23.563964644462587,4.0
2016-08-02 15:23:07.260,1.105,0.156,0.586,-6.58881219438379,193.62163293602964,23.148119950328905,4.0
2016-08-02 15:23:07.270,1.039,0.188,0.695,-15.973702981601726,189.5751621461232,26.09352031820591,4.0
2016-08-02 15:23:07.280,0.996,0.195,0.785,-23.941303441973073,183.28987781943786,28.086776022762088,4.0
2016-08-02 15:23:07.290,0.98,0.121,0.781,-21.85338168708509,178.86387737722103,28.09172826291338,4.0
2016-08-02 15:23:07.300,0.984,0.066,0.723,-9.85869250532545,180.6539225711289,27.978907873643294,4.0
2016-08-02 15:23:07.310,0.977,0.055,0.637,3.440303787040603,186.50544700851924,26.657215006705435,4.0
2016-08-02 15:23:07.320,0.93,0.078,0.59,8.018132017013393,191.4734369384148,24.09971516636496,4.0
2016-08-02 15:23:07.330,0.832,0.184,0.648,-0.924155844550965,190.03322259473222,23.098674813750524,4.0
2016-08-02 15:23:07.340,0.758,0.207,0.672,-17.13881716336399,180.96961776433596,25.21993854828716,4.0
2016-08-02 15:23:07.350,0.711,0.148,0.699,-26.04513195623456,173.07464195849073,26.623266139212774,4.0
2016-08-02 15:23:07.360,0.699,0.082,0.707,-19.146060059997204,172.00433612003792,25.116553959852627,4.0
2016-08-02 15:23:07.370,0.695,0.035,0.676,-3.5780991534430795,174.5730065372577,23.497386536274767,4.0
2016-08-02 15:23:07.380,0.676,0.023,0.574,6.259696881529922,177.71380065580416,21.052324880406147,4.0
2016-08-02 15:23:07.390,0.594,0.121,0.543,0.1095658184297097,177.7354899062212,18.099625177934342,4.0
2016-08-02 15:23:07.400,0.484,0.223,0.613,-20.867057745828,170.01078774999476,19.358278423910868,4.0
2016-08-02 15:23:07.410,0.398,0.203,0.68,-40.008467467639306,156.47636834959096,23.330080297195263,4.0
2016-08-02 15:23:07.420,0.383,0.094,0.711,-39.29155859126993,147.2599248648933,25.054896456303204,4.0
2016-08-02 15:23:07.430,0.414,-0.004,0.656,-19.40684669308763,149.1353436458543,24.03925991693831,4.0
2016-08-02 15:23:07.440,0.391,-0.043,0.574,1.3133620083089093,155.29135598156353,20.724950349464123,4.0
2016-08-02 15:23:07.450,0.32,0.035,0.512,3.5567608324662645,155.28327008983229,17.211527305487405,4.0
2016-08-02 15:23:07.460,0.211,0.215,0.609,-16.752713982261756,146.32934928464277,18.84514547257853,4.0
2016-08-02 15:23:07.470,0.156,0.227,0.691,-40.2550648703706,130.98532181796602,25.049867457039625,4.0
2016-08-02 15:23:07.480,0.188,0.082,0.652,-40.268103338041186,121.87856058596803,26.08618996454764,4.0
2016-08-02 15:23:07.490,0.219,-0.02,0.617,-15.342955300771257,129.7657304269111,20.844746233818466,4.0
2016-08-02 15:23:07.500,0.211,-0.082,0.527,12.05333557720127,141.58282684477592,17.126678742714205,4.0
2016-08-02 15:23:07.510,0.148,-0.031,0.43,20.17386572309203,143.32259282616323,11.917338994820447,4.0
2016-08-02 15:23:07.520,0.008,0.129,0.504,-1.0029945146942376,133.43385793235458,7.38118034572767,4.0
2016-08-02 15:23:07.530,-0.113,0.227,0.648,-34.39261364208415,110.61468444911318,12.776865530123976,4.0
2016-08-02 15:23:07.540,-0.113,0.086,0.645,-44.02292485466184,91.24122001560858,17.452080981743435,4.0
2016-08-02 15:23:07.550,-0.066,-0.074,0.625,-19.51629029747503,96.15961291149914,13.335609676191359,4.0
2016-08-02 15:23:07.560,-0.059,-0.137,0.59,15.22172895998724,111.62575479112131,10.206696832318988,4.0
2016-08-02 15:23:07.570,-0.086,-0.07,0.484,30.920845871060855,115.51923430547383,8.836723943112709,4.0
2016-08-02 15:23:07.580,-0.184,0.113,0.48,14.257935901269075,105.63014069583154,8.363547581585191,4.0
2016-08-02 15:23:07.590,-0.273,0.215,0.555,-17.508908253285135,85.17954509682693,14.599825746364901,4.0
2016-08-02 15:23:07.600,-0.27,0.105,0.57,-30.161789578332552,68.33006595852322,19.79354027411575,4.0
2016-08-02 15:23:07.610,-0.211,-0.043,0.563,-12.3993046096188,71.39458949035128,16.303886141698154,4.0
2016-08-02 15:23:07.620,-0.215,-0.129,0.516,17.937694324103564,83.10214115154596,11.333549320729018,4.0
2016-08-02 15:23:07.630,-0.258,-0.109,0.465,35.816550484084516,85.4380642875238,7.790231662055606,4.0
2016-08-02 15:23:07.640,-0.336,0.059,0.492,25.615035546131114,77.07378393979036,5.961490613333382,4.0
2016-08-02 15:23:07.650,-0.375,0.195,0.547,-1.8257289336520737,59.74071633332795,9.605416429742915,4.0
2016-08-02 15:23:07.660,-0.355,0.141,0.539,-16.434127561694574,43.378182191844246,11.874583596736297,4.0
2016-08-02 15:23:07.670,-0.344,-0.051,0.555,-4.566405641697881,44.09027519893599,6.129856225720672,4.0
2016-08-02 15:23:07.680,-0.367,-0.133,0.617,20.763558716454938,55.025694151410974,0.46101844679203235,4.0
2016-08-02 15:23:07.690,-0.359,-0.031,0.535,37.34513808483149,58.76496577162604,-0.7220820727514935,4.0
2016-08-02 15:23:07.700,-0.375,0.063,0.422,29.932067342243478,54.13369858701452,-1.8321752583233717,4.0
2016-08-02 15:23:07.710,-0.414,0.172,0.379,4.894270726541626,43.4687566223584,-2.0190702042491324,4.0
2016-08-02 15:23:07.720,-0.414,0.117,0.387,-16.034795861795843,29.99480373104976,-2.4983541395205853,4.0
2016-08-02 15:23:07.730,-0.434,0.0,0.441,-19.570612763045357,24.50746177889691,-7.536117912116519,4.0
2016-08-02 15:23:07.740,-0.457,-0.043,0.523,-7.524289244420361,27.557112030034453,-11.39531100339448,4.0
2016-08-02 15:23:07.750,-0.496,-0.066,0.547,9.445808463605925,29.072007350913772,-10.83255573693127,4.0
2016-08-02 15:23:07.760,-0.492,-0.059,0.539,20.578366773174096,26.2522670488738,-11.444033157734681,4.0
2016-08-02 15:23:07.770,-0.516,-0.012,0.516,20.227167037764747,19.45197371062408,-12.99954336834755,4.0
2016-08-02 15:23:07.780,-0.527,0.066,0.473,9.055220816654026,7.547008920745945,-11.906970980319578,4.0
2016-08-02 15:23:07.790,-0.473,0.066,0.441,-1.5245750984073687,-2.175810564588238,-10.42703046513909,4.0
2016-08-02 15:23:07.800,-0.453,0.004,0.434,0.4222397058299112,-2.840415201438094,-12.470625583666315,4.0
2016-08-02 15:23:07.810,-0.457,-0.035,0.445,10.36528877167696,-0.08718835409942194,-15.863251320177415,4.0
2016-08-02 15:23:07.820,-0.473,-0.004,0.484,14.145671136578189,-1.140064100425958,-17.587591765201065,4.0
2016-08-02 15:23:07.830,-0.504,0.055,0.484,6.281394253119319,-9.61801666409982,-18.701766809150858,4.0
2016-08-02 15:23:07.840,-0.5,0.039,0.488,-3.9311680275751115,-21.761638040924126,-18.95449286059773,4.0
2016-08-02 15:23:07.850,-0.461,-0.012,0.512,-3.194243386214238,-26.30573217224296,-19.236451063529096,4.0
2016-08-02 15:23:07.860,-0.422,-0.039,0.535,7.910676708895911,-23.37901141859261,-20.943633878355623,4.0
2016-08-02 15:23:07.870,-0.434,-0.031,0.551,16.342242470898068,-23.16423976740071,-21.646013200721292,4.0
2016-08-02 15:23:07.880,-0.445,0.012,0.547,15.731659565353734,-28.697499196104694,-20.260260966287447,4.0
2016-08-02 15:23:07.890,-0.461,0.027,0.531,10.820963404087026,-35.79320631209755,-18.691653369734084,4.0
2016-08-02 15:23:07.900,-0.465,0.016,0.539,7.690803684825983,-40.393688599709314,-18.249886199709152,4.0
2016-08-02 15:23:07.910,-0.461,0.012,0.559,6.9754629808191115,-43.52514436617195,-17.79690113760415,4.0
2016-08-02 15:23:07.920,-0.438,0.027,0.578,5.120258234216099,-48.413367707016924,-16.440763531151553,4.0
2016-08-02 15:23:07.930,-0.391,0.02,0.574,2.4148513726234695,-53.27097793919576,-15.934903396806607,4.0
2016-08-02 15:23:07.940,-0.355,0.012,0.594,2.6892891565223787,-55.173257522174836,-16.62787475544723,4.0
2016-08-02 15:23:07.950,-0.324,-0.008,0.602,5.83885489740615,-56.02404828257021,-17.91856244839092,4.0
2016-08-02 15:23:07.960,-0.316,-0.031,0.586,8.785770549561768,-57.4701532513557,-20.735244647967008,4.0
2016-08-02 15:23:07.970,-0.34,-0.031,0.621,10.013683300721539,-59.764791622647465,-23.512961523688936,4.0
2016-08-02 15:23:07.980,-0.324,-0.004,0.633,9.604491049478597,-63.67738687962462,-24.86490203118507,4.0
2016-08-02 15:23:07.990,-0.32,0.004,0.637,7.06369037339996,-67.89372608886005,-26.71225004074596,4.0
2016-08-02 15:23:08.000,-0.328,0.012,0.664,3.729844796978927,-72.84458163774653,-27.553000928805588,4.0
2016-08-02 15:23:08.010,-0.273,0.008,0.633,4.074193909019005,-77.96119812072692,-26.489294633322576,4.0
2016-08-02 15:23:08.020,-0.215,-0.02,0.617,8.678260283805715,-78.60115579068056,-27.669519290575963,4.0
2016-08-02 15:23:08.030,-0.18,-0.023,0.602,13.45797396538562,-77.17505346209288,-30.390364988958048,4.0
2016-08-02 15:23:08.040,-0.16,-0.031,0.613,14.958840856075792,-78.83553798426698,-32.106587519860994,4.0
2016-08-02 15:23:08.050,-0.16,0.0,0.648,11.913662809884837,-82.87765648149318,-33.821360358970466,4.0
2016-08-02 15:23:08.060,-0.152,0.035,0.691,6.483840838120628,-88.93880045410853,-34.30571757879558,4.0
2016-08-02 15:23:08.070,-0.141,0.023,0.727,3.3979923471637172,-95.20286092442407,-34.235737368612014,4.0
2016-08-02 15:23:08.080,-0.125,0.0,0.742,6.36110545463718,-98.29335839300917,-35.62405082482352,4.0
2016-08-02 15:23:08.090,-0.086,-0.027,0.742,14.726103985285045,-98.67918580846707,-35.90784046884595,4.0
2016-08-02 15:23:08.100,-0.039,-0.039,0.711,23.504465384692544,-97.20749834839023,-35.53730679569143,4.0
2016-08-02 15:23:08.110,-0.027,0.0,0.688,25.56773913070852,-95.6064667564405,-36.737384792538165,4.0
2016-08-02 15:23:08.120,-0.059,0.082,0.738,15.660352159061425,-99.40754718759935,-35.43519508218439,4.0
2016-08-02 15:23:08.130,-0.051,0.125,0.746,-0.7106605979116889,-109.30946070749397,-30.425436440401377,4.0
2016-08-02 15:23:08.140,0.023,0.078,0.758,-9.200173695350442,-115.75295808948493,-28.272608064776733,4.0
2016-08-02 15:23:08.150,0.094,0.012,0.762,-3.3410359578945523,-113.0358250788712,-31.086052045222146,4.0
2016-08-02 15:23:08.160,0.133,-0.051,0.746,10.888909752020263,-106.98940623344164,-34.545499991811134,4.0
2016-08-02 15:23:08.170,0.164,-0.059,0.754,24.65369621817821,-102.76152181182678,-36.68141518161922,4.0
2016-08-02 15:23:08.180,0.176,-0.008,0.781,30.199033642995644,-102.67570805463292,-37.616483608574825,4.0
2016-08-02 15:23:08.190,0.141,0.074,0.824,23.67335374972641,-109.52409023725038,-36.408176225323494,4.0
2016-08-02 15:23:08.200,0.125,0.109,0.836,11.66560543490187,-120.16423642536881,-32.553551260810835,4.0
2016-08-02 15:23:08.210,0.168,0.074,0.848,6.602206981727277,-127.13926440602006,-28.891819149103775,4.0
2016-08-02 15:23:08.220,0.227,0.031,0.828,12.40403603189985,-127.55956755682664,-28.457631894568294,4.0
2016-08-02 15:23:08.230,0.285,0.012,0.789,22.06675246789313,-124.27797076746965,-29.12978795850912,4.0
2016-08-02 15:23:08.240,0.328,0.008,0.77,29.099470356626668,-121.29335883969699,-28.964137279623166,4.0
2016-08-02 15:23:08.250,0.355,0.043,0.773,31.57904085737713,-120.7070306182397,-29.125156996255242,4.0
2016-08-02 15:23:08.260,0.34,0.129,0.816,26.602220840820443,-123.37847396975889,-27.849733094956036,4.0
2016-08-02 15:23:08.270,0.32,0.16,0.859,14.991963600357249,-130.14959091217128,-22.93551632322901,4.0
2016-08-02 15:23:08.280,0.371,0.125,0.844,7.578402026200552,-137.5650739860905,-18.564734015498807,4.0
2016-08-02 15:23:08.290,0.441,0.063,0.816,11.777496029188992,-138.5415494159592,-19.19107893497589,4.0
2016-08-02 15:23:08.300,0.48,0.012,0.789,22.139428925764328,-133.91589444714066,-22.293407452816425,4.0
2016-08-02 15:23:08.310,0.504,0.016,0.766,30.318973268283287,-130.53127177201208,-23.972270345914282,4.0
2016-08-02 15:23:08.320,0.523,0.07,0.797,30.79212647031487,-130.87519237101367,-22.955316636504918,4.0
2016-08-02 15:23:08.330,0.52,0.148,0.852,22.56311542489621,-135.69258502360742,-19.532274034588006,4.0
2016-08-02 15:23:08.340,0.535,0.18,0.887,12.396198414586335,-143.27983571645876,-15.187153540640786,4.0
2016-08-02 15:23:08.350,0.582,0.145,0.887,8.623200194296485,-147.76901621450514,-11.310413124840496,4.0
2016-08-02 15:23:08.360,0.629,0.113,0.848,12.791682519277472,-148.2309541006099,-8.8754572238797,4.0
2016-08-02 15:23:08.370,0.652,0.098,0.793,20.241241926298414,-147.20067831865248,-7.285057875539796,4.0
2016-08-02 15:23:08.380,0.672,0.09,0.758,26.03292577597709,-144.36721470429126,-5.36474423871524,4.0
2016-08-02 15:23:08.390,0.684,0.098,0.738,27.75776043203433,-141.12672274410497,-4.588540210865228,4.0
2016-08-02 15:23:08.400,0.68,0.129,0.793,23.568703237082147,-141.19970957989455,-5.733351003202194,4.0
2016-08-02 15:23:08.410,0.676,0.176,0.859,14.252551073089347,-146.9387074754554,-5.50639077200229,4.0
2016-08-02 15:23:08.420,0.738,0.195,0.891,6.658743513159885,-154.86526956926588,-1.6804815042413543,4.0
2016-08-02 15:23:08.430,0.816,0.172,0.871,7.402931363566781,-157.2619459719266,3.5949274268576072,4.0
2016-08-02 15:23:08.440,0.871,0.141,0.793,16.26474935504577,-153.83081523432304,8.040920288564799,4.0
2016-08-02 15:23:08.450,0.902,0.133,0.719,27.97625423983635,-148.48927986960038,12.008886073671533,4.0
2016-08-02 15:23:08.460,0.91,0.152,0.676,35.34569391318814,-142.57872461114954,15.649304656529178,4.0
2016-08-02 15:23:08.470,0.895,0.188,0.688,32.87589434446963,-140.41900339638119,16.58678096268135,4.0
2016-08-02 15:23:08.480,0.852,0.223,0.773,20.98876247833713,-145.99588165076347,14.127017920630216,4.0
2016-08-02 15:23:08.490,0.84,0.227,0.848,7.582540053130877,-157.82039808551897,12.072228071895168,4.0
2016-08-02 15:23:08.500,0.926,0.203,0.84,2.8966413992965023,-167.47211085584672,12.864018812322335,4.0
2016-08-02 15:23:08.510,1.051,0.16,0.805,9.953942518168052,-164.98609645146502,15.244124155756708,4.0
2016-08-02 15:23:08.520,1.121,0.117,0.672,25.20877191357122,-154.224535920779,17.05833059790778,4.0
2016-08-02 15:23:08.530,1.113,0.098,0.512,41.7015670874554,-144.4290587271099,17.01460341644927,4.0
2016-08-02 15:23:08.540,1.09,0.141,0.531,48.87082791303403,-136.9088201678196,17.97678559200465,4.0
2016-08-02 15:23:08.550,1.078,0.223,0.598,43.443044066928735,-135.97176162641244,20.571597837537862,4.0
2016-08-02 15:23:08.560,1.094,0.27,0.684,32.207625401204524,-143.40618319582586,19.95990936398587,4.0
2016-08-02 15:23:08.570,1.109,0.234,0.797,23.132932847773944,-151.0325895458003,17.786550735688213,4.0
2016-08-02 15:23:08.580,1.164,0.188,0.801,22.734145227095027,-155.25969161451246,16.81696149307061,4.0
2016-08-02 15:23:08.590,1.207,0.156,0.75,29.630485752235707,-154.72825007992407,15.528811227977034,4.0
2016-08-02 15:23:08.600,1.215,0.145,0.68,36.98360861568177,-148.46504340825402,16.1897562871218,4.0
2016-08-02 15:23:08.610,1.195,0.164,0.566,43.25979591423672,-143.13738085554996,17.46388619929092,4.0
2016-08-02 15:23:08.620,1.184,0.215,0.477,45.07124949846023,-139.79474889045932,17.41898466797818,4.0
2016-08-02 15:23:08.630,1.188,0.27,0.555,36.941205444420596,-135.65032569009475,19.138648115627664,4.0
2016-08-02 15:23:08.640,1.203,0.285,0.613,24.58370135940077,-135.29305402973603,18.34929682458986,4.0
2016-08-02 15:23:08.650,1.238,0.234,0.672,16.52753264963622,-136.37473170912676,12.159295582992645,4.0
2016-08-02 15:23:08.660,1.25,0.203,0.738,14.097329156297768,-133.19160459227658,7.197437663693398,4.0
2016-08-02 15:23:08.670,1.25,0.188,0.727,16.94366864922854,-129.6173161745388,5.116706351128114,4.0
2016-08-02 15:23:08.680,1.258,0.18,0.68,22.888875566154134,-125.68235131000534,4.004996930088008,4.0
2016-08-02 15:23:08.690,1.258,0.188,0.582,29.0941865305998,-118.91916183790245,4.657135055515182,4.0
2016-08-02 15:23:08.700,1.254,0.219,0.492,32.004601065742705,-112.59621352774701,5.798345732682576,4.0
2016-08-02 15:23:08.710,1.262,0.262,0.508,25.51590380736748,-107.22567388820194,6.745867010702181,4.0
2016-08-02 15:23:08.720,1.266,0.293,0.586,11.421829926762598,-104.01944149514371,6.832067682566175,4.0
2016-08-02 15:23:08.730,1.273,0.266,0.641,-0.511840133035262,-104.53943388088572,3.74245737308764,4.0
2016-08-02 15:23:08.740,1.273,0.207,0.656,-4.627402505114323,-103.90313284706204,-0.09664965243779089,4.0
2016-08-02 15:23:08.750,1.277,0.172,0.645,0.03933035376406391,-99.74639983706437,-1.9738326254547887,4.0
2016-08-02 15:23:08.760,1.285,0.156,0.59,10.160747989272235,-93.09239020337148,-2.758197406977861,4.0
2016-08-02 15:23:08.770,1.277,0.168,0.52,17.120088450150266,-84.97381985175615,-2.3487031649756687,4.0
2016-08-02 15:23:08.780,1.262,0.211,0.465,14.228221397379617,-79.56187738379404,-1.4617796079339416,4.0
2016-08-02 15:23:08.790,1.254,0.246,0.512,2.7342204968905772,-77.22954345554184,-1.4419437760554508,4.0
2016-08-02 15:23:08.800,1.246,0.238,0.535,-8.245879785116013,-74.97170149226125,-3.2305464762660874,4.0
2016-08-02 15:23:08.810,1.23,0.188,0.52,-11.258557915569295,-71.87317556112043,-7.009852276853609,4.0
2016-08-02 15:23:08.820,1.199,0.141,0.492,-8.182429746031588,-66.21739910671053,-9.763270241772625,4.0
2016-08-02 15:23:08.830,1.18,0.145,0.465,-3.042798408492758,-59.98319631314921,-10.763959887277817,4.0
2016-08-02 15:23:08.840,1.164,0.148,0.422,1.5968228701804548,-55.7490567007702,-11.193589510040574,4.0
2016-08-02 15:23:08.850,1.145,0.152,0.391,3.8922954979562228,-51.154302270045605,-9.839575673889883,4.0
2016-08-02 15:23:08.860,1.129,0.164,0.371,5.41238179082219,-47.18445289172249,-8.454000670541452,4.0
2016-08-02 15:23:08.870,1.113,0.164,0.359,7.7288768484777295,-44.575747765906314,-7.971126346097003,4.0
2016-08-02 15:23:08.880,1.09,0.168,0.355,9.881565216558545,-40.66839998043574,-5.572776862458117,4.0
2016-08-02 15:23:08.890,1.074,0.18,0.355,11.527224694129258,-37.041065479912284,-2.4757941358856703,4.0
2016-08-02 15:23:08.900,1.055,0.18,0.359,12.910020759841302,-34.6800507624253,-0.5849654740855099,4.0
2016-08-02 15:23:08.910,1.043,0.18,0.359,13.538776079978495,-32.162751432551985,1.38250121796592,4.0
2016-08-02 15:23:08.920,1.031,0.168,0.352,13.406782274259681,-30.995682901617457,2.7877473771677015,4.0
2016-08-02 15:23:08.930,1.02,0.156,0.313,13.59692108221864,-31.42487029244238,2.5506334510212465,4.0
2016-08-02 15:23:08.940,1.02,0.148,0.27,15.006711893151543,-31.184649203495823,1.9664608973990116,4.0
2016-08-02 15:23:08.950,1.027,0.141,0.223,17.743710742317248,-29.65351106191312,1.48157483571339,4.0
2016-08-02 15:23:08.960,1.027,0.129,0.164,21.567023599029834,-27.488265211623883,0.27279795188560874,4.0
2016-08-02 15:23:08.970,1.027,0.133,0.125,25.29274215416597,-25.360913765053677,-1.3471826007199819,4.0
2016-08-02 15:23:08.980,1.035,0.145,0.098,27.789803458827087,-23.66747701112578,-2.680396525422415,4.0
2016-08-02 15:23:08.990,1.047,0.152,0.098,29.629068900749935,-21.885149033421442,-3.781230575733023,4.0
2016-08-02 15:23:09.000,1.047,0.152,0.125,31.696553560739474,-19.349051666697125,-4.669244589608213,4.0
2016-08-02 15:23:09.010,1.043,0.152,0.164,34.51114041850269,-16.703484050215685,-5.1019735355427995,4.0
2016-08-02 15:23:09.020,1.035,0.141,0.242,38.845531771847156,-14.478517400973985,-4.5039076282240345,4.0
2016-08-02 15:23:09.030,1.027,0.129,0.336,44.587412040226965,-11.617095937735915,-2.796947484688854,4.0
2016-08-02 15:23:09.040,1.023,0.105,0.422,48.96126210199051,-6.589088219715139,-0.14695379610827897,4.0
2016-08-02 15:23:09.050,1.004,0.09,0.492,49.516139489120064,-0.2680295606199357,3.124753425564323,4.0
2016-08-02 15:23:09.060,0.988,0.074,0.492,48.089753959815525,2.7474836732545103,4.710933638315849,4.0
2016-08-02 15:23:09.070,0.984,0.066,0.453,46.27565202083383,2.4407972918654295,5.777415894467783,4.0
2016-08-02 15:23:09.080,1.004,0.082,0.395,44.004642923976206,4.472731130155942,8.764699655444906,4.0
2016-08-02 15:23:09.090,1.02,0.086,0.324,44.65032859998997,8.387722376482241,9.545628710921118,4.0
2016-08-02 15:23:09.100,1.035,0.09,0.273,51.00036557935542,11.165276327329371,6.89695071242422,4.0
2016-08-02 15:23:09.110,1.047,0.109,0.227,58.8411836385236,13.304618324942968,4.363101220127379,4.0
2016-08-02 15:23:09.120,1.07,0.148,0.184,60.96459922784068,14.537446760932067,3.029478521272659,4.0
2016-08-02 15:23:09.130,1.074,0.184,0.16,57.345718265588324,15.994844984701132,2.5698084554412373,4.0
2016-08-02 15:23:09.140,1.059,0.184,0.152,56.15584395355018,18.382802947609086,1.5304082192594595,4.0
2016-08-02 15:23:09.150,1.047,0.184,0.164,60.426330705777005,19.35940580474999,0.6882302076260535,4.0
2016-08-02 15:23:09.160,1.035,0.195,0.195,62.7460655583295,19.779145749615413,1.8286637874983016,4.0
2016-08-02 15:23:09.170,1.023,0.246,0.254,56.79393963373319,21.31320500441166,2.6255100401879212,4.0
2016-08-02 15:23:09.180,1.02,0.281,0.277,45.62132159461765,22.67258790411452,1.6840963934984055,4.0
2016-08-02 15:23:09.190,1.027,0.285,0.277,36.44697037938052,24.875879011042343,0.9685595718401783,4.0
2016-08-02 15:23:09.200,1.043,0.285,0.27,32.646475843852656,29.782701305877474,1.5762927034403762,4.0
2016-08-02 15:23:09.210,1.07,0.273,0.285,32.22918200173203,35.58676754490605,2.4678808030959147,4.0
2016-08-02 15:23:09.220,1.086,0.277,0.34,31.059223975679878,40.054365688826536,2.072442219807918,4.0
2016-08-02 15:23:09.230,1.094,0.301,0.387,27.042807522465793,43.026479298825734,0.526185663302305,4.0
2016-08-02 15:23:09.240,1.105,0.332,0.426,19.886029749761992,46.3686966525494,-0.6166611866557408,4.0
2016-08-02 15:23:09.250,1.117,0.332,0.48,10.65713286055721,51.801294638290074,-1.5839543473306739,4.0
2016-08-02 15:23:09.260,1.145,0.309,0.512,4.795624618622607,57.24703617202002,-4.568711998044859,4.0
2016-08-02 15:23:09.270,1.176,0.262,0.484,6.852483647799751,61.604471251744684,-9.171530361373676,4.0
2016-08-02 15:23:09.280,1.211,0.234,0.469,12.736458093189675,67.68926043574226,-12.524227271696493,4.0
2016-08-02 15:23:09.290,1.242,0.27,0.445,13.357927446233678,74.38526204822567,-14.57686523405052,4.0
2016-08-02 15:23:09.300,1.258,0.359,0.508,3.1666940693600583,77.93986144220472,-15.747759484046423,4.0
2016-08-02 15:23:09.310,1.293,0.391,0.621,-13.3904317913446,80.37237265192825,-15.518688159934982,4.0
2016-08-02 15:23:09.320,1.309,0.348,0.691,-24.189721669914743,84.80136278955854,-17.152607479834852,4.0
2016-08-02 15:23:09.330,1.281,0.309,0.707,-23.077361545455293,89.62353465656243,-20.559888435057466,4.0
2016-08-02 15:23:09.340,1.277,0.258,0.68,-16.741751644100955,94.4682430436251,-20.8959544755533,4.0
2016-08-02 15:23:09.350,1.305,0.254,0.625,-14.994212496037596,100.60080391032099,-20.811877249559934,4.0
2016-08-02 15:23:09.360,1.316,0.336,0.563,-21.58596606841156,106.23910848216455,-22.55606944175996,4.0
2016-08-02 15:23:09.370,1.324,0.414,0.582,-36.066264876936046,111.35654229238655,-20.745757890687024,4.0
2016-08-02 15:23:09.380,1.348,0.414,0.613,-53.58382207390868,117.56583187378897,-17.428549202074095,4.0
2016-08-02 15:23:09.390,1.352,0.348,0.645,-63.61306584145096,123.50496690166838,-18.729495206791125,4.0
2016-08-02 15:23:09.400,1.328,0.285,0.68,-60.378688796470605,129.2362160243173,-20.46848290745854,4.0
2016-08-02 15:23:09.410,1.316,0.238,0.699,-49.91722072526122,136.02344638482077,-19.050004318853567,4.0
2016-08-02 15:23:09.420,1.332,0.215,0.691,-42.15690609123449,142.2048499644829,-18.480165790840616,4.0
2016-08-02 15:23:09.430,1.344,0.238,0.688,-41.67924646348892,146.31324643521543,-18.847748772937578,4.0
2016-08-02 15:23:09.440,1.332,0.277,0.703,-46.66568291028075,148.5246152366379,-17.14818569174639,4.0
2016-08-02 15:23:09.450,1.344,0.281,0.715,-53.56538327616594,149.96614308423986,-14.807100488713301,4.0
2016-08-02 15:23:09.460,1.371,0.281,0.711,-58.658264861845694,153.19553411804236,-13.893786629522225,4.0
2016-08-02 15:23:09.470,1.391,0.262,0.703,-58.559239195724004,159.13900807029273,-12.789118301305304,4.0
2016-08-02 15:23:09.480,1.398,0.227,0.664,-54.64843269637325,165.7642764573377,-10.86727311637024,4.0
2016-08-02 15:23:09.490,1.387,0.203,0.676,-50.9642351242623,170.7475246840052,-10.099038998906641,4.0
2016-08-02 15:23:09.500,1.348,0.211,0.688,-49.53069214783956,173.0974507992972,-9.15063402511125,4.0
2016-08-02 15:23:09.510,1.32,0.238,0.734,-51.945301773247884,173.07150789098364,-5.995190380139717,4.0
2016-08-02 15:23:09.520,1.328,0.238,0.762,-55.779664398451104,172.18846185616184,-2.5929311751806012,4.0
2016-08-02 15:23:09.530,1.352,0.172,0.73,-51.97335839358878,173.78806774545671,-1.3675688325308712,4.0
2016-08-02 15:23:09.540,1.359,0.117,0.691,-37.24011262755186,179.58190686352526,-2.1724613092781118,4.0
2016-08-02 15:23:09.550,1.34,0.125,0.664,-22.881069131302592,186.3548070890133,-2.662249678991975,4.0
2016-08-02 15:23:09.560,1.301,0.191,0.676,-22.64185118251092,189.38919786396636,-2.1226042863262307,4.0
2016-08-02 15:23:09.570,1.258,0.25,0.719,-35.21219457044074,187.29393214270758,-1.4436024194349695,4.0
2016-08-02 15:23:09.580,1.223,0.211,0.727,-44.632119576415626,184.0671697246045,-0.24373617742063036,4.0
2016-08-02 15:23:09.590,1.207,0.145,0.723,-38.31269080648959,184.52616172378887,0.6648513519002551,4.0
2016-08-02 15:23:09.600,1.207,0.09,0.695,-21.576597667118012,188.68839456154024,0.8002491707674884,4.0
2016-08-02 15:23:09.610,1.191,0.102,0.664,-10.694250126098535,193.37517672414413,0.9977531606214871,4.0
2016-08-02 15:23:09.620,1.133,0.16,0.656,-13.250342391571207,194.05943830329974,0.9919223605330907,4.0
2016-08-02 15:23:09.630,1.074,0.184,0.684,-22.15844752943665,189.51066077836018,1.8582536220624348,4.0
2016-08-02 15:23:09.640,1.043,0.152,0.711,-26.07987893934552,185.12501043272255,3.509047744075117,4.0
2016-08-02 15:23:09.650,1.031,0.125,0.711,-21.429209515849276,184.53552358506036,3.934548032939193,4.0
2016-08-02 15:23:09.660,1.02,0.105,0.684,-14.261583656134643,185.7601684192979,4.019287746817312,4.0
2016-08-02 15:23:09.670,0.992,0.117,0.629,-9.994233841845556,186.43800606937955,4.108336354381999,4.0
2016-08-02 15:23:09.680,0.93,0.121,0.605,-8.864851761376958,186.0280203699858,3.410830716976384,4.0
2016-08-02 15:23:09.690,0.848,0.141,0.656,-11.183974800323094,183.71238753050673,3.8316441736584066,4.0
2016-08-02 15:23:09.700,0.781,0.152,0.707,-15.529467368243917,177.83491729686966,6.0281416187435095,4.0
2016-08-02 15:23:09.710,0.758,0.121,0.707,-15.898304135676902,171.79247687242878,7.6513648856678635,4.0
2016-08-02 15:23:09.720,0.742,0.094,0.672,-9.59588426319754,171.02070691598698,7.982713200617109,4.0
2016-08-02 15:23:09.730,0.746,0.07,0.633,-2.1500344145672003,173.50005151687034,7.506393220157943,4.0
2016-08-02 15:23:09.740,0.707,0.113,0.613,-2.3270496700857795,174.7390512462577,6.003957275696091,4.0
2016-08-02 15:23:09.750,0.625,0.199,0.645,-14.067602711894946,170.733864979898,6.736842267721575,4.0
2016-08-02 15:23:09.760,0.559,0.168,0.672,-28.52215642980572,160.65129004977814,10.347084436028549,4.0
2016-08-02 15:23:09.770,0.5,0.098,0.719,-31.20100988699551,152.98455395461556,10.558327512140064,4.0
2016-08-02 15:23:09.780,0.488,0.051,0.734,-20.37097833241165,152.83574146303124,8.759576575228984,4.0
2016-08-02 15:23:09.790,0.477,0.043,0.684,-8.666595701199626,156.23789818937516,8.804195793512688,4.0
2016-08-02 15:23:09.800,0.426,0.105,0.625,-10.138365545979166,157.9876625237784,7.692678413424636,4.0
2016-08-02 15:23:09.810,0.352,0.199,0.629,-27.698489947217723,152.36314114372001,8.269754461831468,4.0
2016-08-02 15:23:09.820,0.277,0.195,0.637,-47.85691887804546,140.36600011063277,12.662243398747824,4.0
2016-08-02 15:23:09.830,0.273,0.063,0.617,-52.25902873092787,133.33538614885558,14.270705972874271,4.0
2016-08-02 15:23:09.840,0.27,-0.031,0.629,-38.077201465661865,137.5606330747842,11.342793561519999,4.0
2016-08-02 15:23:09.850,0.223,-0.043,0.629,-21.088027933144534,144.01563589822553,8.35532079978967,4.0
2016-08-02 15:23:09.860,0.156,0.027,0.648,-19.12297573587081,142.7938027080529,7.817668683907632,4.0
2016-08-02 15:23:09.870,0.082,0.18,0.68,-37.420756498327435,133.11838048458503,11.51606171053003,4.0
2016-08-02 15:23:09.880,0.027,0.203,0.727,-62.3594521699419,117.44220518155326,19.562153515350044,4.0
2016-08-02 15:23:09.890,0.027,0.078,0.664,-69.34083962179967,106.4594808991524,25.356675155877532,4.0
2016-08-02 15:23:09.900,0.047,-0.051,0.57,-48.89924325267184,111.8378146835039,24.498638968058774,4.0
2016-08-02 15:23:09.910,0.027,-0.137,0.457,-18.562548846655616,125.86670497075286,20.057771899872588,4.0
2016-08-02 15:23:09.920,-0.055,-0.074,0.402,-7.838977299696749,133.0918482209122,12.855277120780277,4.0
2016-08-02 15:23:09.930,-0.211,0.191,0.605,-34.067603946208166,122.0517747133479,10.574487087449986,4.0
2016-08-02 15:23:09.940,-0.258,0.301,0.711,-74.28201186609355,89.56588993590711,23.391909915527172,4.0
2016-08-02 15:23:09.950,-0.148,0.07,0.664,-82.50715428178357,66.63458276918449,34.45853966580704,4.0
2016-08-02 15:23:09.960,-0.051,-0.105,0.668,-47.75657453988268,81.7270958668494,30.47240603798423,4.0
2016-08-02 15:23:09.970,-0.043,-0.172,0.543,-2.79924039442439,107.67065078115951,25.59057528597468,4.0
2016-08-02 15:23:09.980,-0.137,-0.133,0.426,12.200343517047221,114.32887828892468,20.203853483150443,4.0
2016-08-02 15:23:09.990,-0.293,0.086,0.484,-13.06423911881452,100.96993996994,13.402447653597278,4.0
2016-08-02 15:23:10.000,-0.391,0.211,0.563,-47.659489453521054,74.15366823196223,17.78832836702591,4.0
2016-08-02 15:23:10.010,-0.371,0.051,0.605,-54.93651187727325,55.82211511260175,24.407125947279983,4.0
2016-08-02 15:23:10.020,-0.297,-0.086,0.645,-29.41700810550973,60.567140505479045,23.789428736586387,4.0
2016-08-02 15:23:10.030,-0.246,-0.105,0.574,6.1794815300832,72.94099641726305,23.619388977973465,4.0
2016-08-02 15:23:10.040,-0.254,-0.102,0.449,27.032356916899598,79.27417531999453,21.03314356944966,4.0
2016-08-02 15:23:10.050,-0.344,-0.043,0.375,24.16248434095131,78.63070349200036,13.759688517109645,4.0
2016-08-02 15:23:10.060,-0.449,0.102,0.441,1.6413942836902917,67.47636472732279,10.405282319800335,4.0
2016-08-02 15:23:10.070,-0.504,0.148,0.527,-24.64151442495675,45.44348112507359,11.37376017225621,4.0
2016-08-02 15:23:10.080,-0.484,-0.012,0.523,-28.599229459269797,28.795211095637047,10.926462975405325,4.0
2016-08-02 15:23:10.090,-0.441,-0.125,0.539,-2.2884972748639294,34.18453724244269,8.874419609958801,4.0
2016-08-02 15:23:10.100,-0.418,-0.109,0.52,29.19341780532657,48.66365349013697,7.511877525651912,4.0
2016-08-02 15:23:10.110,-0.426,-0.055,0.469,39.2041836641034,49.268739866935576,4.444213207418994,4.0
2016-08-02 15:23:10.120,-0.469,0.063,0.434,26.538656416524002,37.113366642459404,-0.07527773078757903,4.0
2016-08-02 15:23:10.130,-0.484,0.102,0.406,8.18393505355267,22.67340062800514,-1.2255794590817903,4.0
2016-08-02 15:23:10.140,-0.465,0.047,0.449,1.3701861459427165,13.36636107542014,-2.4695398935074664,4.0
2016-08-02 15:23:10.150,-0.441,-0.016,0.488,11.153366968429138,14.05185689707584,-6.358610676117559,4.0
2016-08-02 15:23:10.160,-0.441,-0.039,0.492,28.32357668270864,18.076663210028464,-8.94140348042574,4.0
2016-08-02 15:23:10.170,-0.473,-0.047,0.473,41.13431246549392,18.82690400675895,-12.144208542208657,4.0
2016-08-02 15:23:10.180,-0.52,0.004,0.461,43.84439293675809,15.766234657834449,-16.3649656148932,4.0
2016-08-02 15:23:10.190,-0.555,0.086,0.484,35.078881691085215,4.787877429946931,-17.21542082620164,4.0
2016-08-02 15:23:10.200,-0.52,0.094,0.48,23.652162171887536,-10.122417055613981,-16.9171707167263,4.0
2016-08-02 15:23:10.210,-0.484,0.047,0.5,22.85369385736491,-16.12653401247776,-18.634817935642843,4.0
2016-08-02 15:23:10.220,-0.461,0.027,0.523,31.91446435233199,-13.931057706639503,-19.34972213940401,4.0
2016-08-02 15:23:10.230,-0.453,0.02,0.52,40.960474110681595,-13.041082417153653,-19.41039412893629,4.0
2016-08-02 15:23:10.240,-0.48,0.031,0.5,43.95504116891472,-15.884325325228275,-21.729099210092127,4.0
2016-08-02 15:23:10.250,-0.504,0.059,0.488,39.70734627734419,-22.49005552048872,-23.584793610404095,4.0
2016-08-02 15:23:10.260,-0.508,0.102,0.512,31.148360027136356,-31.31062174450055,-23.51244177368244,4.0
2016-08-02 15:23:10.270,-0.496,0.109,0.523,23.207826006529203,-38.636389527820796,-22.988784928283934,4.0
2016-08-02 15:23:10.280,-0.457,0.082,0.539,20.2852461951966,-43.17557220169594,-22.28992825365382,4.0
2016-08-02 15:23:10.290,-0.434,0.055,0.555,24.025284153965906,-44.30031774782963,-22.587443207828805,4.0
2016-08-02 15:23:10.300,-0.422,0.039,0.543,30.31212086354974,-43.146901955763525,-23.859217382709488,4.0
2016-08-02 15:23:10.310,-0.426,0.055,0.535,31.506923297038163,-43.62416900338789,-24.785861854030184,4.0
2016-08-02 15:23:10.320,-0.438,0.102,0.539,24.443041414550223,-48.716775859431536,-25.282058851286966,4.0
2016-08-02 15:23:10.330,-0.418,0.109,0.535,14.863592365754144,-56.55295927511074,-25.691041204743374,4.0
2016-08-02 15:23:10.340,-0.375,0.082,0.555,10.897055045270934,-60.85560934470404,-26.72772711951378,4.0
2016-08-02 15:23:10.350,-0.34,0.051,0.586,13.227453818517724,-61.14945720798093,-28.51994953113483,4.0
2016-08-02 15:23:10.360,-0.316,0.039,0.602,16.29286270615603,-62.395864067993095,-30.43401435602121,4.0
2016-08-02 15:23:10.370,-0.293,0.031,0.594,16.33503770137598,-64.27441613614573,-32.54291897411092,4.0
2016-08-02 15:23:10.380,-0.301,0.027,0.613,12.876706726646983,-66.69418991805837,-34.75158386369431,4.0
2016-08-02 15:23:10.390,-0.301,0.055,0.629,7.02657305316821,-72.66404928264605,-35.597959857580165,4.0
2016-08-02 15:23:10.400,-0.27,0.063,0.625,1.7625516931117673,-78.99939906744851,-35.37740089520371,4.0
2016-08-02 15:23:10.410,-0.246,0.043,0.633,-0.11726171029706717,-82.24167479705063,-36.28803277767693,4.0
2016-08-02 15:23:10.420,-0.219,0.027,0.625,1.4516005457150212,-84.24789745723854,-37.26743725287774,4.0
2016-08-02 15:23:10.430,-0.188,0.035,0.625,3.1711364033346037,-85.2046129051335,-37.43417777296281,4.0
2016-08-02 15:23:10.440,-0.18,0.043,0.629,1.2100495874150625,-87.2257081080738,-38.49084119620975,4.0
2016-08-02 15:23:10.450,-0.172,0.039,0.625,-3.731517850395692,-93.51391566266744,-39.554595515878454,4.0
2016-08-02 15:23:10.460,-0.141,0.023,0.652,-7.617956075043982,-99.59095068383024,-39.72595452118776,4.0
2016-08-02 15:23:10.470,-0.113,0.012,0.676,-7.604811967421737,-101.78498517985112,-40.43303888828349,4.0
2016-08-02 15:23:10.480,-0.09,0.02,0.703,-3.5707483921436523,-103.03751004049595,-41.063349656001165,4.0
2016-08-02 15:23:10.490,-0.055,0.039,0.703,1.430685411187626,-104.41375734963239,-40.13374517840076,4.0
2016-08-02 15:23:10.500,-0.043,0.063,0.699,2.773373860926038,-105.66796162764524,-39.49263699620094,4.0
2016-08-02 15:23:10.510,-0.031,0.07,0.727,-0.27384026541389983,-109.87642015672074,-40.51917107879977,4.0
2016-08-02 15:23:10.520,0.016,0.059,0.738,-2.3687798075151587,-115.78224075367486,-42.04351291162334,4.0
2016-08-02 15:23:10.530,0.078,0.027,0.777,0.2634125378609051,-116.83343095183679,-45.22704480499913,4.0
2016-08-02 15:23:10.540,0.121,0.016,0.777,6.3955861815116695,-114.59228426467612,-50.307694637109876,4.0
2016-08-02 15:23:10.550,0.168,0.031,0.711,14.03676054225498,-114.11050136436386,-53.8579337099312,4.0
2016-08-02 15:23:10.560,0.188,0.023,0.68,19.60857508927105,-113.48879363970755,-55.9279243344036,4.0
2016-08-02 15:23:10.570,0.188,0.078,0.746,19.036826285389733,-113.91673648195251,-58.52291909745895,4.0
2016-08-02 15:23:10.580,0.172,0.152,0.844,12.659309635021572,-119.18229038585822,-58.643219970161915,4.0
2016-08-02 15:23:10.590,0.191,0.164,0.863,7.380744333060228,-125.14494778007551,-54.32472863353582,4.0
2016-08-02 15:23:10.600,0.258,0.109,0.793,12.042206751413072,-125.1260098875411,-50.830748515844036,4.0
2016-08-02 15:23:10.610,0.328,0.055,0.711,25.32963821603046,-118.74867084402932,-52.1064404636252,4.0
2016-08-02 15:23:10.620,0.367,0.031,0.691,37.02862693824819,-112.11756740184093,-56.155301137072854,4.0
2016-08-02 15:23:10.630,0.367,0.078,0.777,40.9512980085339,-111.99897467893857,-60.310793687127926,4.0
2016-08-02 15:23:10.640,0.324,0.156,0.91,36.021593094219966,-121.33076913461514,-61.044033400074014,4.0
2016-08-02 15:23:10.650,0.273,0.164,1.02,25.80980122668673,-136.6312371897704,-56.50040220541216,4.0
2016-08-02 15:23:10.660,0.27,0.148,1.043,20.296458838264495,-148.7166867461967,-50.29300272091345,4.0
2016-08-02 15:23:10.670,0.309,0.109,0.988,25.32694089610824,-151.6839738217867,-45.24546761040808,4.0
2016-08-02 15:23:10.680,0.352,0.074,0.855,35.63206923414004,-148.27972929913554,-41.63471807237897,4.0
2016-08-02 15:23:10.690,0.387,0.086,0.711,42.26712531922773,-143.98043952086994,-39.513685397584645,4.0
2016-08-02 15:23:10.700,0.441,0.137,0.688,40.53863961811501,-141.3696207740722,-37.02144561341693,4.0
2016-08-02 15:23:10.710,0.496,0.207,0.75,33.58299251491676,-141.95467347229612,-34.074853956142924,4.0
2016-08-02 15:23:10.720,0.52,0.23,0.816,28.12076000517642,-145.64926313141174,-32.35830447701429,4.0
2016-08-02 15:23:10.730,0.543,0.184,0.902,28.319923065596974,-148.81244426214062,-30.17966221072472,4.0
2016-08-02 15:23:10.740,0.559,0.141,0.969,35.164349483199885,-149.65469885085597,-28.11202175572478,4.0
2016-08-02 15:23:10.750,0.563,0.121,0.961,44.282112013628684,-149.67422080639687,-27.411190073928836,4.0
2016-08-02 15:23:10.760,0.586,0.156,0.855,48.93579497976566,-149.0247355951747,-23.342129399558335,4.0
2016-08-02 15:23:10.770,0.629,0.195,0.73,47.37606789359917,-147.7906378362877,-15.219190407013482,4.0
2016-08-02 15:23:10.780,0.672,0.227,0.691,43.1198151687204,-147.74350896284585,-8.095176925279494,4.0
2016-08-02 15:23:10.790,0.723,0.25,0.715,41.31359921289238,-148.67947340551336,-3.764492542897688,4.0
2016-08-02 15:23:10.800,0.766,0.266,0.77,41.827552800967496,-148.77434871571182,-2.179327161476259,4.0
2016-08-02 15:23:10.810,0.77,0.27,0.844,40.058657912329444,-150.43959371915147,-2.6975808551796447,4.0
2016-08-02 15:23:10.820,0.773,0.242,0.879,37.076463138532404,-156.9866061040352,-3.386140860159923,4.0
2016-08-02 15:23:10.830,0.82,0.242,0.883,36.40757901335941,-164.48428486645014,-1.817036414422638,4.0
2016-08-02 15:23:10.840,0.887,0.246,0.836,37.65881600635452,-167.4314625167496,4.056552796044542,4.0
2016-08-02 15:23:10.850,0.938,0.23,0.734,41.21950267827204,-165.4899495912379,11.711828104556712,4.0
2016-08-02 15:23:10.860,0.961,0.219,0.605,48.400686996832995,-160.61505641619374,17.915104184478132,4.0
2016-08-02 15:23:10.870,0.996,0.242,0.508,55.15658189784497,-154.6615876694489,23.95314820236193,4.0
2016-08-02 15:23:10.880,1.02,0.316,0.527,51.9902126270074,-150.00016791243218,28.642482470500475,4.0
2016-08-02 15:23:10.890,1.012,0.367,0.691,35.3158004481929,-152.6146157679618,28.781412181861576,4.0
2016-08-02 15:23:10.900,1.008,0.328,0.844,16.233004174759767,-165.56061242207326,24.54629577320809,4.0
2016-08-02 15:23:10.910,1.047,0.258,0.895,8.696935159886136,-177.68872548326888,18.252779804442753,4.0
2016-08-02 15:23:10.920,1.113,0.195,0.867,14.109244181195749,-176.28284306802837,14.875134354314731,4.0
2016-08-02 15:23:10.930,1.152,0.164,0.742,26.291908924432207,-165.9294798382667,15.724647837606833,4.0
2016-08-02 15:23:10.940,1.168,0.176,0.543,40.64477068486132,-157.0662024834836,17.54858464311462,4.0
2016-08-02 15:23:10.950,1.195,0.23,0.371,51.45114831475779,-149.11875814812942,22.356224104215396,4.0
2016-08-02 15:23:10.960,1.215,0.309,0.336,51.16030748434723,-140.77713311613564,30.446599836557116,4.0
2016-08-02 15:23:10.970,1.246,0.375,0.512,37.63354801849488,-138.25081900193942,35.43832645489938,4.0
2016-08-02 15:23:10.980,1.262,0.375,0.781,18.5424308969204,-144.2722349549881,33.67201941682596,4.0
2016-08-02 15:23:10.990,1.262,0.301,0.895,5.638888514789148,-154.25030053771746,26.24684684143213,4.0
2016-08-02 15:23:11.000,1.262,0.23,0.859,5.492632531352884,-159.57090287646943,18.820007376217422,4.0
2016-08-02 15:23:11.010,1.289,0.191,0.785,16.256006256489265,-153.39656411850444,17.534931021360734,4.0
2016-08-02 15:23:11.020,1.285,0.168,0.574,29.820676854701404,-141.75123292535005,19.64643745908476,4.0
2016-08-02 15:23:11.030,1.262,0.215,0.34,35.85043767844772,-134.58864837479985,20.368114224136846,4.0
2016-08-02 15:23:11.040,1.262,0.301,0.352,27.72860315646055,-130.3297663503129,23.49552047024128,4.0
2016-08-02 15:23:11.050,1.301,0.355,0.512,9.851417855579497,-127.33702928211808,27.74924364496238,4.0
2016-08-02 15:23:11.060,1.324,0.328,0.656,-5.341612136520177,-128.6474699597094,23.679952532422426,4.0
2016-08-02 15:23:11.070,1.316,0.238,0.781,-9.549713197812917,-129.8556553329554,15.207310450235244,4.0
2016-08-02 15:23:11.080,1.305,0.18,0.766,-2.3211592480757743,-126.14458511892934,10.745402954780134,4.0
2016-08-02 15:23:11.090,1.305,0.145,0.691,11.292783147327203,-118.77870490945034,8.001379497961832,4.0
2016-08-02 15:23:11.100,1.301,0.137,0.539,24.41736119399227,-109.11278382470073,7.186739787753917,4.0
2016-08-02 15:23:11.110,1.305,0.188,0.398,30.562563636967926,-99.99210790266144,9.158810786232213,4.0
2016-08-02 15:23:11.120,1.305,0.258,0.441,23.63488634910136,-93.29571883184668,11.45981953956325,4.0
2016-08-02 15:23:11.130,1.289,0.297,0.555,6.6728478479714175,-90.09563220058486,13.196292995253497,4.0
2016-08-02 15:23:11.140,1.277,0.281,0.613,-7.703960989868021,-91.77241603552504,10.8602183872714,4.0
2016-08-02 15:23:11.150,1.273,0.211,0.629,-11.8554578514726,-91.52867740698922,6.089917418942167,4.0
2016-08-02 15:23:11.160,1.254,0.145,0.594,-6.308079014748531,-84.60463993847769,3.7440911181454246,4.0
2016-08-02 15:23:11.170,1.23,0.109,0.523,4.584222393427174,-76.847439889631,1.2661252058807813,4.0
2016-08-02 15:23:11.180,1.223,0.109,0.438,14.472949033573768,-70.03165946882442,-0.8761382561714237,4.0
2016-08-02 15:23:11.190,1.227,0.137,0.371,19.96284724916159,-62.55162834386551,-0.6173658197959445,4.0
2016-08-02 15:23:11.200,1.219,0.164,0.34,22.092671347464773,-56.91909737861006,-1.3833936558164521,4.0
2016-08-02 15:23:11.210,1.195,0.172,0.352,22.27922505341786,-53.22742139765248,-3.4024086782210916,4.0
2016-08-02 15:23:11.220,1.156,0.164,0.414,20.529762756984315,-50.48315658075708,-4.848025066303416,4.0
2016-08-02 15:23:11.230,1.102,0.168,0.469,17.672432523657548,-50.596288241956074,-6.341337371800564,4.0
2016-08-02 15:23:11.240,1.07,0.176,0.48,16.55730223091073,-52.45532297754081,-6.780741475810699,4.0
2016-08-02 15:23:11.250,1.059,0.16,0.445,19.07159407010525,-52.1116637144211,-4.407541456771787,4.0
2016-08-02 15:23:11.260,1.047,0.152,0.379,24.14821405885263,-49.29116711334694,-0.9577815048900143,4.0
2016-08-02 15:23:11.270,1.047,0.16,0.293,29.376536137903138,-46.13911987963691,1.127674421559444,4.0
2016-08-02 15:23:11.280,1.051,0.184,0.203,32.01448298497246,-42.89441544656668,2.5900476867665905,4.0
2016-08-02 15:23:11.290,1.066,0.227,0.148,30.621327456878262,-38.980243759079876,4.488921948900838,4.0
2016-08-02 15:23:11.300,1.086,0.262,0.18,29.76900634262796,-33.407859430617286,5.546270487930293,4.0
2016-08-02 15:23:11.310,1.121,0.246,0.414,38.35261005441077,-23.328528945178924,6.664669859195027,4.0
2016-08-02 15:23:11.320,1.145,0.074,0.664,60.96152871546583,-7.879925897545613,9.470805508997088,4.0
2016-08-02 15:23:11.330,1.141,-0.051,0.887,96.40286845461601,8.637280430069271,8.393322228044571,4.0
2016-08-02 15:23:11.340,1.082,-0.086,0.941,129.9196798705883,20.419698490636833,3.7318669861511173,4.0
2016-08-02 15:23:11.350,1.016,0.09,0.852,133.76827695167498,23.46240300901347,6.544330622221317,4.0
2016-08-02 15:23:11.360,1.0,0.254,0.711,108.08724102752964,17.64023933041177,14.164576179896901,4.0
2016-08-02 15:23:11.370,1.023,0.285,0.543,84.58046816598122,9.464229194650324,15.911066649700572,4.0
2016-08-02 15:23:11.380,1.047,0.215,0.41,77.41936908454026,6.212126926569095,13.047758771926242,4.0
2016-08-02 15:23:11.390,1.055,0.172,0.316,81.98149959150886,10.317630934209243,9.746694054002813,4.0
2016-08-02 15:23:11.400,1.047,0.141,0.188,95.34556028518777,19.516671084421702,5.64173231151782,4.0
2016-08-02 15:23:11.410,1.023,0.121,0.07,110.64643572584808,26.069939206050094,1.7852795276610496,4.0
2016-08-02 15:23:11.420,1.004,0.145,0.016,120.85749436430113,27.266049693782367,1.615198633839154,4.0
2016-08-02 15:23:11.430,1.004,0.199,-0.008,124.08808472963841,27.50594357723774,1.6620812604090829,4.0
2016-08-02 15:23:11.440,1.016,0.262,-0.016,120.5552441961049,27.762826994296894,-2.132522405814354,4.0
2016-08-02 15:23:11.450,1.031,0.297,0.0,113.39902136843939,28.933207354338215,-4.161134814704727,4.0
2016-08-02 15:23:11.460,1.023,0.309,0.027,105.46896677740335,30.86354684714218,-3.910878728630397,4.0
2016-08-02 15:23:11.470,1.0,0.305,0.059,97.26645381832293,30.667908570117355,-6.134889703832704,4.0
2016-08-02 15:23:11.480,0.973,0.289,0.102,89.43790230823738,30.33007682173135,-8.144730409848576,4.0
2016-08-02 15:23:11.490,0.957,0.285,0.148,81.73480330085667,31.497954808229913,-7.967994565034959,4.0
2016-08-02 15:23:11.500,0.945,0.297,0.141,73.26283888041371,31.488195769340535,-8.153588878901905,4.0
2016-08-02 15:23:11.510,0.953,0.309,0.113,64.5516203751564,30.982379553102966,-8.91129927380179,4.0
2016-08-02 15:23:11.520,0.949,0.328,0.125,56.418431138327655,31.921575039028795,-8.795523952616794,4.0
2016-08-02 15:23:11.530,0.957,0.363,0.16,48.852457901104934,31.629593950775075,-8.169694666954278,4.0
2016-08-02 15:23:11.540,1.004,0.383,0.172,41.900485218700695,29.723802024626337,-8.46513445058042,4.0
2016-08-02 15:23:11.550,1.051,0.383,0.207,35.58769330836008,31.58005958065894,-9.604713894005753,4.0
2016-08-02 15:23:11.560,1.07,0.375,0.238,30.110831351216646,37.77220948628788,-11.04496751702548,4.0
2016-08-02 15:23:11.570,1.074,0.359,0.25,26.51899688593878,43.065694071682366,-13.184808997505787,4.0
2016-08-02 15:23:11.580,1.078,0.363,0.262,23.90654388382541,46.74261131864898,-14.792213425208924,4.0
2016-08-02 15:23:11.590,1.09,0.41,0.324,17.620699633016333,49.75079791833609,-14.486014624918882,4.0
2016-08-02 15:23:11.600,1.121,0.469,0.406,4.304000272603022,50.025504924273115,-14.560595263381366,4.0
2016-08-02 15:23:11.610,1.172,0.477,0.441,-12.478607694033947,49.74159449417184,-17.304791927212957,4.0
2016-08-02 15:23:11.620,1.195,0.461,0.43,-24.289886987891183,53.10902960856272,-21.297344074000474,4.0
2016-08-02 15:23:11.630,1.203,0.414,0.441,-26.522242848160875,58.4277324884889,-24.407304048000285,4.0
2016-08-02 15:23:11.640,1.207,0.375,0.441,-24.59206083178197,62.73981167906898,-27.451142383950142,4.0
2016-08-02 15:23:11.650,1.203,0.422,0.477,-27.64279246847527,65.96397957775592,-31.202308094521495,4.0
2016-08-02 15:23:11.660,1.203,0.465,0.523,-37.50348812463486,69.86459910403349,-32.93146131543605,4.0
2016-08-02 15:23:11.670,1.203,0.453,0.516,-47.939093772987086,75.57267774011592,-33.351618072887504,4.0
2016-08-02 15:23:11.680,1.199,0.422,0.512,-52.28707713498707,80.68779784162115,-35.46360037485021,4.0
2016-08-02 15:23:11.690,1.203,0.402,0.547,-52.42028117484151,84.50308860774031,-36.25334645026311,4.0
2016-08-02 15:23:11.700,1.207,0.426,0.551,-57.113521191227704,88.20536526409703,-34.9759367551597,4.0
2016-08-02 15:23:11.710,1.211,0.48,0.547,-69.23088318684789,90.64839724119662,-34.17986746295925,4.0
2016-08-02 15:23:11.720,1.23,0.48,0.582,-83.28883561134171,93.5849758371696,-31.62433290031481,4.0
2016-08-02 15:23:11.730,1.238,0.426,0.621,-91.934528499978,98.27984140585356,-28.588147593158915,4.0
2016-08-02 15:23:11.740,1.246,0.367,0.637,-89.91855376188175,101.76583434754471,-28.794909284012576,4.0
2016-08-02 15:23:11.750,1.262,0.34,0.648,-80.44165165226948,105.65514467311593,-28.329850555885116,4.0
2016-08-02 15:23:11.760,1.262,0.352,0.648,-74.54914856295574,111.76590906455635,-25.183586155801137,4.0
2016-08-02 15:23:11.770,1.25,0.402,0.656,-79.16412717566254,115.65321481381332,-23.486169999973924,4.0
2016-08-02 15:23:11.780,1.262,0.441,0.645,-90.76705866865959,117.23758330319416,-22.49088822286471,4.0
2016-08-02 15:23:11.790,1.289,0.43,0.625,-100.29145128013977,122.20118624925959,-19.05428639548222,4.0
2016-08-02 15:23:11.800,1.297,0.383,0.648,-101.87928356173363,129.9900063131444,-15.469628142293626,4.0
2016-08-02 15:23:11.810,1.289,0.344,0.672,-97.4016628548438,135.22497282338088,-14.226417170237395,4.0
2016-08-02 15:23:11.820,1.254,0.332,0.703,-92.40504445200527,137.70738862120447,-12.910291501369985,4.0
2016-08-02 15:23:11.830,1.238,0.313,0.758,-89.22198487922157,139.655484963089,-9.517546701121521,4.0
2016-08-02 15:23:11.840,1.242,0.289,0.77,-85.59716476965359,141.2771342447524,-6.994408251513428,4.0
2016-08-02 15:23:11.850,1.25,0.266,0.766,-79.73827740199235,144.12488103878974,-6.603296489430202,4.0
2016-08-02 15:23:11.860,1.262,0.273,0.734,-75.17919659106585,149.27731728178782,-5.405401579156989,4.0
2016-08-02 15:23:11.870,1.258,0.289,0.68,-77.16944376325068,154.33697034902093,-3.5676616051100947,4.0
2016-08-02 15:23:11.880,1.246,0.297,0.668,-84.31864307791055,156.94112026191232,-1.8411697475339932,4.0
2016-08-02 15:23:11.890,1.238,0.258,0.672,-87.88266454125969,157.82167887564788,0.47793762225852876,4.0
2016-08-02 15:23:11.900,1.242,0.195,0.688,-81.50909511541218,160.3257654752719,1.4687952994539788,4.0
2016-08-02 15:23:11.910,1.23,0.16,0.723,-69.57296757013451,165.4572741977696,1.2900469503221397,4.0
2016-08-02 15:23:11.920,1.199,0.148,0.734,-60.65755780986568,168.99421131060015,1.153101625287791,4.0
2016-08-02 15:23:11.930,1.152,0.168,0.746,-56.91173639344231,168.72562185852888,0.5192428594852578,4.0
2016-08-02 15:23:11.940,1.137,0.172,0.754,-56.228085700321856,167.43915163208027,1.5323301335371982,4.0
2016-08-02 15:23:11.950,1.156,0.141,0.754,-55.6251856776777,166.78999484789742,3.317758932547941,4.0
2016-08-02 15:23:11.960,1.164,0.137,0.742,-50.77647739648645,167.0753539737946,2.6489245323738912,4.0
2016-08-02 15:23:11.970,1.152,0.109,0.727,-41.2856504022302,169.8303547049646,2.47538040322205,4.0
2016-08-02 15:23:11.980,1.141,0.09,0.695,-30.545112780130864,174.96591650021787,2.743075447192671,4.0
2016-08-02 15:23:11.990,1.086,0.113,0.684,-22.477324386769823,179.5363131307008,0.26094943179611885,4.0
2016-08-02 15:23:12.000,0.988,0.129,0.727,-21.875790038425635,179.79913460392675,-0.9560585876925287,4.0
2016-08-02 15:23:12.010,0.934,0.141,0.773,-26.413512558610673,174.23752353482337,0.1050181693503426,4.0
2016-08-02 15:23:12.020,0.902,0.133,0.813,-27.706186440648093,168.53301477680517,0.9545600979668926,4.0
2016-08-02 15:23:12.030,0.875,0.105,0.813,-23.9205609094451,167.8551039594726,3.785960414682145,4.0
2016-08-02 15:23:12.040,0.875,0.074,0.766,-16.684377038277876,168.56601354157874,6.172296361208477,4.0
2016-08-02 15:23:12.050,0.879,0.043,0.711,-6.135561878746491,170.76178037704318,4.859702057459113,4.0
2016-08-02 15:23:12.060,0.848,0.055,0.664,2.591688108384271,176.29752652559347,2.591973308045627,4.0
2016-08-02 15:23:12.070,0.777,0.117,0.695,1.1547042136573211,177.38691439569843,0.43793906517522097,4.0
2016-08-02 15:23:12.080,0.676,0.152,0.75,-9.751574743147241,169.24509229665946,0.4938423271436698,4.0
2016-08-02 15:23:12.090,0.617,0.121,0.77,-17.742730936894326,158.62923834630868,4.738905533327138,4.0
2016-08-02 15:23:12.100,0.617,0.07,0.773,-13.069387196919697,155.5210732530108,9.084775756691705,4.0
2016-08-02 15:23:12.110,0.633,0.039,0.758,0.11986556700821671,160.877211435841,11.304048087593234,4.0
2016-08-02 15:23:12.120,0.652,0.063,0.695,10.792882386524344,166.84983401641074,11.931169008155624,4.0
2016-08-02 15:23:12.130,0.605,0.129,0.672,10.399632120248219,169.52713126993692,10.141412083572822,4.0
2016-08-02 15:23:12.140,0.484,0.215,0.719,-4.551644308070721,164.5580734341888,8.543818826048152,4.0
2016-08-02 15:23:12.150,0.379,0.188,0.754,-24.93764873157553,148.46528782964978,9.937912127568616,4.0
2016-08-02 15:23:12.160,0.336,0.063,0.773,-30.98906811838832,134.51740411136797,12.00094157505983,4.0
2016-08-02 15:23:12.170,0.371,0.023,0.773,-16.06284851893325,136.270302753179,13.457167234219284,4.0
2016-08-02 15:23:12.180,0.41,0.012,0.684,5.454031950468494,147.90166920710845,14.65864066096346,4.0
2016-08-02 15:23:12.190,0.379,0.07,0.586,15.270778171975284,157.7227379582212,13.540499575601544,4.0
2016-08-02 15:23:12.200,0.266,0.227,0.598,2.4854289478131584,156.58931247418093,12.36329752524236,4.0
2016-08-02 15:23:12.210,0.109,0.258,0.703,-26.364052575885175,138.64467656985633,16.794420395620147,4.0
2016-08-02 15:23:12.220,0.07,0.141,0.727,-44.31795516819428,115.55938659406809,23.117395932914278,4.0
2016-08-02 15:23:12.230,0.16,0.047,0.699,-32.9807127726575,112.5255351009472,25.20245556761707,4.0
2016-08-02 15:23:12.240,0.195,-0.023,0.66,-7.218111725886281,129.71341383659015,24.83332488542561,4.0
2016-08-02 15:23:12.250,0.184,-0.004,0.563,6.718083261227015,139.44788307935866,21.235476366307534,4.0
2016-08-02 15:23:12.260,0.105,0.121,0.547,-1.0521041923984562,133.2175709877854,15.375225562300983,4.0
2016-08-02 15:23:12.270,-0.027,0.227,0.613,-25.114189675594105,119.54780001868622,16.243934472641058,4.0
2016-08-02 15:23:12.280,-0.098,0.137,0.641,-47.80463943240037,100.40815410630225,20.84813627810815,4.0
2016-08-02 15:23:12.290,-0.09,0.035,0.68,-50.16727873510272,89.51171244337372,20.446876721022623,4.0
2016-08-02 15:23:12.300,-0.031,-0.031,0.664,-33.03487694389818,97.00086301449161,20.070810981304767,4.0
2016-08-02 15:23:12.310,-0.012,-0.063,0.586,-11.893219195976199,107.26717487892262,19.885345938516483,4.0
2016-08-02 15:23:12.320,-0.063,-0.043,0.504,-1.1219047550853125,110.04675131302358,13.775901677161126,4.0
2016-08-02 15:23:12.330,-0.191,0.098,0.59,-11.301695357620764,105.37114239584955,10.068996546973224,4.0
2016-08-02 15:23:12.340,-0.309,0.227,0.676,-39.260907516999936,86.2093109092712,16.943662818461654,4.0
2016-08-02 15:23:12.350,-0.266,0.121,0.637,-59.563126269747045,63.7562142839986,25.96977329616282,4.0
2016-08-02 15:23:12.360,-0.195,-0.035,0.637,-48.975364615812865,65.51819211803478,26.652298317526352,4.0
2016-08-02 15:23:12.370,-0.18,-0.113,0.59,-15.551597831603443,84.50685088706405,21.138535047818422,4.0
2016-08-02 15:23:12.380,-0.188,-0.129,0.508,11.627338784826753,93.73935904187562,14.785155078952283,4.0
2016-08-02 15:23:12.390,-0.238,0.012,0.492,10.963121843627777,92.134746315617,7.5462713967509165,4.0
2016-08-02 15:23:12.400,-0.367,0.238,0.625,-18.76624955094277,80.85739399767385,5.700252065456651,4.0
2016-08-02 15:23:12.410,-0.426,0.203,0.664,-54.755469032789264,54.553035287069754,12.573031594585661,4.0
2016-08-02 15:23:12.420,-0.359,-0.02,0.668,-61.427348079655076,37.93729668400042,14.849439555824121,4.0
2016-08-02 15:23:12.430,-0.316,-0.148,0.695,-29.756943184510234,53.0932036888366,10.055353188412733,4.0
2016-08-02 15:23:12.440,-0.293,-0.156,0.633,7.703135524535655,73.51921399846253,7.2723448662541745,4.0
2016-08-02 15:23:12.450,-0.336,-0.066,0.504,17.596344204680292,74.65760088912755,2.1627710853064186,4.0
2016-08-02 15:23:12.460,-0.441,0.113,0.5,-3.3701283893378227,63.616952466903484,-1.630211288461442,4.0
2016-08-02 15:23:12.470,-0.496,0.215,0.535,-35.37718287428896,44.73500818774963,5.530982455569606,4.0
2016-08-02 15:23:12.480,-0.449,0.063,0.539,-48.736369957524246,28.4864841896012,11.257743181517606,4.0
2016-08-02 15:23:12.490,-0.406,-0.082,0.625,-30.309163692552197,33.458827200053015,8.585585169156762,4.0
2016-08-02 15:23:12.500,-0.414,-0.078,0.641,-0.9987733833662498,48.06075389875541,6.835585909288994,4.0
2016-08-02 15:23:12.510,-0.426,-0.055,0.574,13.718257654058824,50.65558434618357,4.0750042417254715,4.0
2016-08-02 15:23:12.520,-0.48,-0.02,0.504,11.725546214615292,45.3418465381283,-2.0986234436672353,4.0
2016-08-02 15:23:12.530,-0.535,0.07,0.484,1.6263530288608457,38.46981163849307,-4.270891152670731,4.0
2016-08-02 15:23:12.540,-0.531,0.105,0.492,-11.30483302399774,27.060291187557496,-2.9613607138451776,4.0
2016-08-02 15:23:12.550,-0.508,0.047,0.5,-18.766201212911394,15.473798387815897,-3.6687187868767994,4.0
2016-08-02 15:23:12.560,-0.488,-0.027,0.516,-11.565097834700893,11.596522038508462,-4.874149194516195,4.0
2016-08-02 15:23:12.570,-0.469,-0.066,0.559,7.2767616575486125,15.250822563311045,-5.556618859490374,4.0
2016-08-02 15:23:12.580,-0.488,-0.074,0.539,24.556419864693112,18.132674385127622,-8.890382961180366,4.0
2016-08-02 15:23:12.590,-0.543,-0.023,0.508,29.30046239148812,12.916877990815637,-12.350268805301274,4.0
2016-08-02 15:23:12.600,-0.57,0.043,0.477,21.93681768509601,1.4331631658767285,-12.126051005618908,4.0
2016-08-02 15:23:12.610,-0.559,0.051,0.48,13.84405792119005,-8.63578216947737,-11.608864319745793,4.0
2016-08-02 15:23:12.620,-0.531,0.023,0.496,13.7060297939815,-13.337035580065681,-12.323575771392445,4.0
2016-08-02 15:23:12.630,-0.512,0.0,0.496,19.971110508102598,-14.852638740936904,-12.798545785261476,4.0
2016-08-02 15:23:12.640,-0.496,0.004,0.488,26.909687314110755,-15.54942598039737,-13.930053795261369,4.0
2016-08-02 15:23:12.650,-0.496,0.031,0.504,28.692003737231218,-17.714189554281226,-14.888203329305622,4.0
2016-08-02 15:23:12.660,-0.492,0.066,0.508,23.31367761652738,-24.621463836048797,-15.269750948436347,4.0
2016-08-02 15:23:12.670,-0.473,0.07,0.527,16.234256768881508,-32.984275105928056,-16.663079146414344,4.0
2016-08-02 15:23:12.680,-0.449,0.035,0.566,14.060534525026876,-36.632714698131785,-18.51453048448007,4.0
2016-08-02 15:23:12.690,-0.426,0.0,0.578,17.762021652736905,-36.67798459849156,-20.88413821293607,4.0
2016-08-02 15:23:12.700,-0.422,-0.016,0.574,23.60411577503889,-36.133561491590484,-24.031814691245994,4.0
2016-08-02 15:23:12.710,-0.426,-0.004,0.559,27.202580854313805,-36.1736075483326,-26.376045916231764,4.0
2016-08-02 15:23:12.720,-0.441,0.016,0.563,25.970265700910623,-38.219872554742864,-28.451439028209432,4.0
2016-08-02 15:23:12.730,-0.461,0.055,0.578,18.63994932175414,-43.385216540085786,-30.313587392709664,4.0
2016-08-02 15:23:12.740,-0.434,0.063,0.555,7.598256548104713,-51.56291943928042,-30.762828825133354,4.0
2016-08-02 15:23:12.750,-0.406,0.02,0.563,0.13441978750346287,-57.259988957738656,-31.893984381782822,4.0
2016-08-02 15:23:12.760,-0.375,-0.004,0.578,0.722691472705059,-56.84122514110757,-33.89717673375118,4.0
2016-08-02 15:23:12.770,-0.34,-0.012,0.582,5.426853425368638,-55.89539956928137,-34.96688644909386,4.0
2016-08-02 15:23:12.780,-0.316,-0.02,0.566,9.075001769991488,-57.40659893525576,-36.5877396831724,4.0
2016-08-02 15:23:12.790,-0.305,-0.016,0.566,10.270064157673504,-59.000832667842566,-39.05124699465161,4.0
2016-08-02 15:23:12.800,-0.332,0.02,0.613,6.408714993079064,-62.23743824343774,-40.63058601830536,4.0
2016-08-02 15:23:12.810,-0.34,0.043,0.629,-3.0956978137714573,-70.41367934019787,-40.61306479795768,4.0
2016-08-02 15:23:12.820,-0.305,0.012,0.621,-10.980281515417774,-79.25177319457055,-40.36851942644552,4.0
2016-08-02 15:23:12.830,-0.262,-0.039,0.625,-10.061124601792063,-81.25870365908936,-42.52854728009216,4.0
2016-08-02 15:23:12.840,-0.219,-0.066,0.621,-2.1631991101549413,-78.44392384837326,-45.99325175743359,4.0
2016-08-02 15:23:12.850,-0.176,-0.051,0.609,4.421337839585302,-77.33311340402139,-48.49014056805089,4.0
2016-08-02 15:23:12.860,-0.16,0.0,0.617,3.560446797460687,-80.3332931397568,-50.922260577219625,4.0
2016-08-02 15:23:12.870,-0.16,0.039,0.637,-4.020773921267963,-87.46116750983879,-52.63150866271176,4.0
2016-08-02 15:23:12.880,-0.141,0.035,0.652,-12.038581594565457,-95.39892092093235,-52.616425435726725,4.0
2016-08-02 15:23:12.890,-0.105,-0.008,0.66,-12.941407928340318,-100.04064020190708,-53.680490850267155,4.0
2016-08-02 15:23:12.900,-0.074,-0.055,0.648,-4.78627642473711,-100.99899536563463,-56.51227354521383,4.0
2016-08-02 15:23:12.910,-0.043,-0.074,0.648,6.914412505255902,-99.9262812864107,-58.93949327796821,4.0
2016-08-02 15:23:12.920,-0.012,-0.055,0.656,16.284571436115336,-99.8716569425639,-61.171228814102605,4.0
2016-08-02 15:23:12.930,0.012,-0.004,0.648,19.895605511472276,-103.53367240684528,-63.42198140252861,4.0
2016-08-02 15:23:12.940,0.0,0.063,0.652,14.389725982766292,-110.23415434108165,-64.07080053483267,4.0
2016-08-02 15:23:12.950,-0.008,0.102,0.684,1.4005480610238372,-118.80012836072218,-61.03284514823248,4.0
2016-08-02 15:23:12.960,0.035,0.039,0.695,-7.176802957586584,-127.32298471035043,-56.36975691449057,4.0
2016-08-02 15:23:12.970,0.102,-0.027,0.695,-1.708926072513847,-129.7952984980045,-56.34060845039187,4.0
2016-08-02 15:23:12.980,0.152,-0.039,0.703,10.92094054481504,-125.52668149767405,-59.11730758951706,4.0
2016-08-02 15:23:12.990,0.199,-0.031,0.707,21.34683868879292,-122.89997271079808,-59.40231020677864,4.0
2016-08-02 15:23:13.000,0.215,-0.043,0.723,30.321681299885512,-125.1598285533681,-60.4553318112319,4.0
2016-08-02 15:23:13.010,0.242,0.012,0.742,35.00592481712668,-128.58919664939083,-62.995566196584576,4.0
2016-08-02 15:23:13.020,0.215,0.074,0.766,28.86445875447903,-133.2653398903529,-61.96984475916483,4.0
2016-08-02 15:23:13.030,0.195,0.094,0.793,18.045558612641862,-141.61478593278898,-56.950794124205615,4.0
2016-08-02 15:23:13.040,0.242,0.082,0.777,15.81137477639172,-149.61750083955314,-50.67646333152187,4.0
2016-08-02 15:23:13.050,0.316,0.031,0.754,25.182075437391745,-150.85281462156547,-45.86996218792086,4.0
2016-08-02 15:23:13.060,0.395,0.0,0.738,38.8102112648517,-147.18008020908889,-44.952737587514065,4.0
2016-08-02 15:23:13.070,0.438,0.031,0.754,47.90729095982055,-144.52263477476276,-46.49896636476562,4.0
2016-08-02 15:23:13.080,0.434,0.082,0.805,48.143806548318594,-145.23021318395934,-46.09721760894831,4.0
2016-08-02 15:23:13.090,0.406,0.113,0.813,43.056852391654395,-148.8408555297543,-42.32197176529185,4.0
2016-08-02 15:23:13.100,0.387,0.117,0.813,39.06214621693892,-152.82853093315424,-37.09031022239573,4.0
2016-08-02 15:23:13.110,0.402,0.105,0.805,38.93036113790186,-155.35220749715614,-31.337948582504893,4.0
2016-08-02 15:23:13.120,0.453,0.094,0.785,41.70340398230998,-156.35034946622608,-25.94206641217596,4.0
2016-08-02 15:23:13.130,0.52,0.094,0.762,45.03364486490039,-156.04720711683794,-22.520858801607694,4.0
2016-08-02 15:23:13.140,0.59,0.113,0.73,49.04043186961537,-155.57278008020572,-20.143191363793864,4.0
2016-08-02 15:23:13.150,0.648,0.141,0.738,53.371586766200416,-154.81839972070333,-16.769563662650572,4.0
2016-08-02 15:23:13.160,0.672,0.176,0.816,53.771478508271585,-154.98125160355815,-12.96452335593918,4.0
2016-08-02 15:23:13.170,0.668,0.191,0.887,49.62642790047649,-160.2440523330303,-10.43466441868771,4.0
2016-08-02 15:23:13.180,0.656,0.16,0.91,46.27988568755478,-168.49560158417435,-8.267540704407438,4.0
2016-08-02 15:23:13.190,0.676,0.125,0.855,48.314343630039346,-173.24426096724522,-4.794162821318647,4.0
2016-08-02 15:23:13.200,0.719,0.133,0.758,55.58501637143941,-173.0562400662509,-0.7276453848542471,4.0
2016-08-02 15:23:13.210,0.793,0.184,0.664,63.327760739471024,-169.2669163325676,5.132430449563049,4.0
2016-08-02 15:23:13.220,0.875,0.246,0.609,67.15159153485601,-164.32526918665386,14.429054984169188,4.0
2016-08-02 15:23:13.230,0.941,0.293,0.594,66.67217586928912,-161.53648729403264,22.98330269160944,4.0
2016-08-02 15:23:13.240,0.965,0.332,0.672,61.30210551763269,-161.46208536966316,27.338430003161733,4.0
2016-08-02 15:23:13.250,0.957,0.348,0.832,50.70803426895059,-164.9947570686261,29.465607480636848,4.0
2016-08-02 15:23:13.260,0.961,0.297,0.902,41.52475621762035,-173.9608659692293,30.47663709666123,4.0
2016-08-02 15:23:13.270,1.027,0.242,0.879,41.68881578242623,-182.53535374557723,30.944847065099243,4.0
2016-08-02 15:23:13.280,1.129,0.223,0.813,49.323365062490794,-181.73031858151774,33.64280962914375,4.0
2016-08-02 15:23:13.290,1.203,0.203,0.703,58.31622863209903,-173.6640822657561,36.662653025092375,4.0
2016-08-02 15:23:13.300,1.23,0.203,0.555,67.90510421753251,-166.28314445478188,35.33591233867255,4.0
2016-08-02 15:23:13.310,1.238,0.242,0.52,74.84811191235829,-161.07157920846072,33.98973241455313,4.0
2016-08-02 15:23:13.320,1.25,0.309,0.66,69.41814683549808,-158.82007132930175,36.98508537761808,4.0
2016-08-02 15:23:13.330,1.273,0.367,0.785,52.12620446985666,-164.06598096074322,37.62165580197592,4.0
2016-08-02 15:23:13.340,1.32,0.34,0.813,37.097229825059145,-172.41062257791089,33.957699479881065,4.0
2016-08-02 15:23:13.350,1.371,0.254,0.785,34.47855039795071,-171.3155302703049,32.541822016591496,4.0
2016-08-02 15:23:13.360,1.367,0.16,0.672,44.90096080982618,-161.34912956262468,31.37167934867076,4.0
2016-08-02 15:23:13.370,1.328,0.117,0.496,61.097463090093555,-152.42189836446357,26.60534405458505,4.0
2016-08-02 15:23:13.380,1.281,0.191,0.48,68.9071618066686,-145.51337601038887,24.680294400937434,4.0
2016-08-02 15:23:13.390,1.246,0.297,0.547,60.920363102262044,-142.30273880394128,28.019908295300947,4.0
2016-08-02 15:23:13.400,1.242,0.359,0.637,43.127563446751225,-146.78460537315044,29.646179060652237,4.0
2016-08-02 15:23:13.410,1.273,0.348,0.727,25.64247091108682,-151.98698322838717,28.68339193004293,4.0
2016-08-02 15:23:13.420,1.305,0.289,0.738,16.774061026182522,-151.7300961503799,28.44848065744403,4.0
2016-08-02 15:23:13.430,1.324,0.211,0.711,18.61100626963418,-148.26085912995768,27.355919709270356,4.0
2016-08-02 15:23:13.440,1.313,0.152,0.645,26.862641227417903,-143.45933771777408,25.948376109484112,4.0
2016-08-02 15:23:13.450,1.305,0.176,0.574,35.54565603855073,-138.59533175733458,26.764268375256478,4.0
2016-08-02 15:23:13.460,1.316,0.262,0.547,36.83859667235444,-133.66832842364022,30.010899455152284,4.0
2016-08-02 15:23:13.470,1.367,0.344,0.535,27.865373084624167,-127.74247992405097,34.31919848869067,4.0
2016-08-02 15:23:13.480,1.418,0.375,0.516,15.939691873383971,-121.00863720891394,36.01722326998692,4.0
2016-08-02 15:23:13.490,1.441,0.324,0.598,7.5082415906170175,-112.4152731222854,34.59140308256847,4.0
2016-08-02 15:23:13.500,1.395,0.238,0.648,3.0934345753665182,-104.96669238389292,30.111242087194043,4.0
2016-08-02 15:23:13.510,1.332,0.199,0.691,-0.006552114901296369,-104.1239545653846,20.92092476705499,4.0
2016-08-02 15:23:13.520,1.293,0.215,0.711,-6.400307217153339,-105.47072063738027,13.523486260376199,4.0
2016-08-02 15:23:13.530,1.301,0.234,0.648,-14.284292709500466,-102.08738667327604,11.456659240023463,4.0
2016-08-02 15:23:13.540,1.305,0.199,0.566,-16.098730019478722,-94.31994045537947,8.440608027093408,4.0
2016-08-02 15:23:13.550,1.289,0.172,0.492,-10.180331385724166,-84.35835417769965,4.648810132068557,4.0
2016-08-02 15:23:13.560,1.277,0.188,0.422,-1.7593127884036261,-75.12037332501521,2.651735569852716,4.0
2016-08-02 15:23:13.570,1.266,0.223,0.379,2.8332567285191006,-67.3226231726877,1.0815089270489568,4.0
2016-08-02 15:23:13.580,1.227,0.227,0.402,2.002974794220556,-59.61970911992421,0.5129580731088439,4.0
2016-08-02 15:23:13.590,1.184,0.219,0.441,-0.5593897485367443,-54.672656189977644,-0.34422321709490245,4.0
2016-08-02 15:23:13.600,1.141,0.219,0.508,-3.7722455500048944,-52.74407692791045,-2.621558216478321,4.0
2016-08-02 15:23:13.610,1.102,0.211,0.559,-8.265512070640671,-51.599208708434084,-3.978127009184566,4.0
2016-08-02 15:23:13.620,1.078,0.203,0.527,-10.599153560359273,-51.81400265998286,-5.191378399070702,4.0
2016-08-02 15:23:13.630,1.078,0.16,0.473,-8.763853500111614,-49.82725869625219,-7.060697095663939,4.0
2016-08-02 15:23:13.640,1.074,0.133,0.402,-4.146582045751529,-42.75092213912358,-7.697531298080889,4.0
2016-08-02 15:23:13.650,1.07,0.137,0.332,1.4509980548088786,-35.53683001681954,-8.866537098529452,4.0
2016-08-02 15:23:13.660,1.066,0.16,0.262,4.062899380952026,-30.497415952418685,-11.171129580624665,4.0
2016-08-02 15:23:13.670,1.066,0.184,0.203,2.4802426259586157,-25.893992755094338,-11.930399768336969,4.0
2016-08-02 15:23:13.680,1.066,0.195,0.199,1.125663556866555,-22.287137763256,-12.344116102478512,4.0
2016-08-02 15:23:13.690,1.066,0.191,0.262,3.1933904794575962,-19.147129765057283,-13.134581337241638,4.0
2016-08-02 15:23:13.700,1.078,0.141,0.398,10.024759621602303,-14.01247813734177,-11.696211846411005,4.0
2016-08-02 15:23:13.710,1.082,0.051,0.512,22.701192643850725,-6.410492384583401,-8.536394068796952,4.0
2016-08-02 15:23:13.720,1.074,-0.023,0.617,40.0643469812026,1.3277591323798787,-6.79976472433032,4.0
2016-08-02 15:23:13.730,1.047,-0.051,0.648,58.23144958374363,6.186046144587211,-6.293540783734186,4.0
2016-08-02 15:23:13.740,1.031,-0.031,0.621,70.01442888584793,8.04490053902809,-4.421768809133071,4.0
2016-08-02 15:23:13.750,1.027,0.039,0.535,70.41466196802548,8.704279131848795,-1.7093978067233568,4.0
2016-08-02 15:23:13.760,1.035,0.098,0.43,63.67799391503169,9.078567307270866,0.057472587168877654,4.0
2016-08-02 15:23:13.770,1.043,0.125,0.332,58.70363237229062,10.329376040823862,1.1144274372372582,4.0
2016-08-02 15:23:13.780,1.051,0.125,0.258,62.28373879110616,12.082956663646627,0.9216855389149411,4.0
2016-08-02 15:23:13.790,1.059,0.117,0.168,73.75369642240801,13.267831889568997,-0.8502532928235507,4.0
2016-08-02 15:23:13.800,1.059,0.16,0.105,83.04400613410263,15.528714707339628,-1.5277620059651575,4.0
2016-08-02 15:23:13.810,1.043,0.207,0.063,83.70088301529637,17.87655335281026,-0.5104317339241249,4.0
2016-08-02 15:23:13.820,1.035,0.25,0.047,79.73187886574826,17.574028796187633,-0.5556962117888051,4.0
2016-08-02 15:23:13.830,1.035,0.258,0.047,75.2812112705107,17.365173456956562,-1.1846497855288645,4.0
2016-08-02 15:23:13.840,1.039,0.266,0.063,71.02716769216018,19.576742729172985,-0.8997638678750999,4.0
2016-08-02 15:23:13.850,1.027,0.273,0.074,66.14474103097507,21.58244799786429,-1.55860210467455,4.0
2016-08-02 15:23:13.860,1.008,0.281,0.078,59.1044600984863,22.527002443364616,-3.1343552198439557,4.0
2016-08-02 15:23:13.870,0.988,0.289,0.09,50.883974338451196,23.81755317629552,-3.624433381496249,4.0
2016-08-02 15:23:13.880,0.961,0.289,0.105,43.793460976980796,24.92592755179126,-3.7075876286129086,4.0
2016-08-02 15:23:13.890,0.949,0.27,0.145,38.821439932325696,25.18162299185832,-4.22277727283438,4.0
2016-08-02 15:23:13.900,0.953,0.262,0.168,36.18820035634716,25.257826336818873,-5.253143598818532,4.0
2016-08-02 15:23:13.910,0.973,0.262,0.176,35.16089656458901,25.908170814471426,-7.220394797225476,4.0
2016-08-02 15:23:13.920,0.992,0.27,0.18,34.8114409005757,27.472651769936782,-8.948540808387381,4.0
2016-08-02 15:23:13.930,1.004,0.273,0.18,34.66051469538529,29.340875364250387,-9.793129977941721,4.0
2016-08-02 15:23:13.940,1.02,0.305,0.199,32.91493357727178,31.133856524241256,-10.509194786975666,4.0
2016-08-02 15:23:13.950,1.035,0.336,0.238,27.052547648353887,33.246814723418176,-10.530989491683773,4.0
2016-08-02 15:23:13.960,1.055,0.355,0.262,16.88368168967437,34.97181164339193,-10.252852183602545,4.0
2016-08-02 15:23:13.970,1.07,0.352,0.293,6.44200912561042,36.188373480660374,-10.939823313962654,4.0
2016-08-02 15:23:13.980,1.09,0.32,0.332,2.390487570063123,38.53219516802355,-11.781240558880938,4.0
2016-08-02 15:23:13.990,1.113,0.289,0.348,7.407664782979749,42.28807935510188,-13.179478496606567,4.0
2016-08-02 15:23:14.000,1.109,0.297,0.348,15.639897237103796,46.49701956063913,-15.902496599214317,4.0
2016-08-02 15:23:14.010,1.102,0.367,0.359,16.771044712843434,49.83759461176507,-16.94718296649275,4.0
2016-08-02 15:23:14.020,1.09,0.43,0.398,4.456349979804077,50.03376319672205,-15.37818882331188,4.0
2016-08-02 15:23:14.030,1.098,0.445,0.426,-15.822286685421863,48.01427535325668,-15.134368487686437,4.0
2016-08-02 15:23:14.040,1.121,0.395,0.438,-28.748460236396642,49.046976468356235,-17.712892198285967,4.0
2016-08-02 15:23:14.050,1.156,0.316,0.43,-25.014059141346355,55.669684776646406,-20.689777988307537,4.0
2016-08-02 15:23:14.060,1.168,0.266,0.414,-11.377736790891154,64.81827780811366,-23.09970703971961,4.0
2016-08-02 15:23:14.070,1.148,0.305,0.41,-2.8533683918334054,71.88114758873307,-25.482724336734506,4.0
2016-08-02 15:23:14.080,1.133,0.41,0.465,-9.462408693133765,74.72901476988149,-26.441350353404538,4.0
2016-08-02 15:23:14.090,1.141,0.48,0.52,-28.42942522564415,75.12126789687866,-25.259108860896514,4.0
2016-08-02 15:23:14.100,1.16,0.434,0.543,-45.52525896948729,76.41981197230761,-24.58851208514755,4.0
2016-08-02 15:23:14.110,1.184,0.324,0.543,-46.378739719152975,80.1657584515386,-26.285230274957012,4.0
2016-08-02 15:23:14.120,1.199,0.27,0.547,-31.69417066308074,85.51630665311558,-28.556272876906878,4.0
2016-08-02 15:23:14.130,1.203,0.277,0.574,-18.72473804319912,90.75575479928982,-29.47686723032715,4.0
2016-08-02 15:23:14.140,1.207,0.336,0.57,-20.33621615379104,93.94406955069388,-30.801585649286686,4.0
2016-08-02 15:23:14.150,1.207,0.406,0.602,-32.10188439747848,94.95915198747481,-32.9406395844178,4.0
2016-08-02 15:23:14.160,1.215,0.402,0.633,-44.673155530504445,96.65677359782717,-32.466914765272094,4.0
2016-08-02 15:23:14.170,1.234,0.348,0.605,-51.919826590949015,99.94732898594353,-31.686729249915402,4.0
2016-08-02 15:23:14.180,1.246,0.309,0.578,-49.2250400573774,103.9828100106786,-33.80795779069526,4.0
2016-08-02 15:23:14.190,1.266,0.289,0.586,-39.412190335676,110.11467834854199,-33.82462783073472,4.0
2016-08-02 15:23:14.200,1.277,0.32,0.598,-33.317127036547795,116.5260617437423,-31.691511594335132,4.0
2016-08-02 15:23:14.210,1.25,0.383,0.652,-37.21464726441688,118.45116967039476,-31.345615002683232,4.0
2016-08-02 15:23:14.220,1.23,0.391,0.711,-47.15600124985412,117.31880273084185,-29.397167466981966,4.0
2016-08-02 15:23:14.230,1.25,0.344,0.703,-53.50383481277517,118.80062495538434,-26.903720289479146,4.0
2016-08-02 15:23:14.240,1.254,0.289,0.691,-48.442324894547234,125.05321412949617,-27.247223425187908,4.0
2016-08-02 15:23:14.250,1.246,0.238,0.66,-35.784574818395896,133.11075588455776,-26.05102208281385,4.0
2016-08-02 15:23:14.260,1.23,0.293,0.629,-28.90271166066118,138.14047322997322,-23.90554944948442,4.0
2016-08-02 15:23:14.270,1.199,0.383,0.684,-36.84575465562184,138.9940678125224,-22.47014689102167,4.0
2016-08-02 15:23:14.280,1.172,0.371,0.742,-54.830258851820105,137.41469357882607,-18.58401433985844,4.0
2016-08-02 15:23:14.290,1.18,0.305,0.754,-65.08093446461515,135.65485201926455,-17.057998984450382,4.0
2016-08-02 15:23:14.300,1.195,0.227,0.754,-56.489830292660024,138.77913761292456,-18.361580287762,4.0
2016-08-02 15:23:14.310,1.211,0.184,0.734,-39.87265965211527,147.44150631526117,-15.831870239653583,4.0
2016-08-02 15:23:14.320,1.207,0.219,0.715,-29.911400357694355,154.1240821997714,-14.554256307192258,4.0
2016-08-02 15:23:14.330,1.176,0.289,0.727,-30.948260070010576,156.0792633239655,-15.506954043477112,4.0
2016-08-02 15:23:14.340,1.16,0.332,0.754,-42.258535583830415,156.15420286542903,-11.521964010495296,4.0
2016-08-02 15:23:14.350,1.137,0.293,0.773,-54.077110711597186,155.07494925879422,-7.979620025537553,4.0
2016-08-02 15:23:14.360,1.125,0.246,0.793,-53.48697364716615,155.62136247480169,-7.822735540943197,4.0
2016-08-02 15:23:14.370,1.121,0.207,0.777,-43.42893028930834,159.88822125965018,-5.015167179691906,4.0
2016-08-02 15:23:14.380,1.121,0.199,0.746,-34.899205825652196,163.79957506569852,-2.6841875955051036,4.0
2016-08-02 15:23:14.390,1.117,0.223,0.738,-30.53773192977176,166.0009011690698,-3.665750075385013,4.0
2016-08-02 15:23:14.400,1.074,0.25,0.754,-30.827573354471312,168.8435358958834,-3.41028308503561,4.0
2016-08-02 15:23:14.410,1.016,0.258,0.789,-36.88385646024279,169.23584733235435,-1.8852495128715165,4.0
2016-08-02 15:23:14.420,0.977,0.234,0.777,-42.99539011107589,165.59605331898987,-0.5595728265724651,4.0
2016-08-02 15:23:14.430,0.961,0.207,0.781,-42.55652544094139,163.46741407303642,2.0041841597804546,4.0
2016-08-02 15:23:14.440,0.969,0.168,0.781,-36.51155994102618,164.8268982241765,4.488488607572837,4.0
2016-08-02 15:23:14.450,0.961,0.184,0.762,-30.013942668017574,167.4599099492707,4.643970909617683,4.0
2016-08-02 15:23:14.460,0.93,0.211,0.785,-29.01675606255894,169.976282317688,4.7795638144534855,4.0
2016-08-02 15:23:14.470,0.871,0.195,0.793,-34.30199323020374,169.91888773847248,6.146607361260203,4.0
2016-08-02 15:23:14.480,0.816,0.176,0.801,-37.75741038064253,166.83210464989628,6.167760357253267,4.0
2016-08-02 15:23:14.490,0.785,0.148,0.797,-35.879929543677044,164.38252903016047,7.170875794125554,4.0
2016-08-02 15:23:14.500,0.77,0.164,0.758,-34.508256935335346,164.42168111040414,11.09892006251992,4.0
2016-08-02 15:23:14.510,0.758,0.195,0.75,-36.32514846237518,165.43764179911466,14.328277160273208,4.0
2016-08-02 15:23:14.520,0.727,0.191,0.715,-39.68363930974062,167.02949043949673,17.10576449408582,4.0
2016-08-02 15:23:14.530,0.668,0.168,0.73,-43.42231316421447,168.3266642137173,19.32005845340539,4.0
2016-08-02 15:23:14.540,0.598,0.152,0.742,-46.62849834748314,166.68880419136033,18.857873954308957,4.0
2016-08-02 15:23:14.550,0.543,0.133,0.758,-49.68370841648568,162.33669332474565,19.08431865393085,4.0
2016-08-02 15:23:14.560,0.523,0.129,0.727,-52.025650369998274,157.90344918721112,21.41281974267831,4.0
2016-08-02 15:23:14.570,0.504,0.121,0.727,-52.564095171702405,154.73872852877687,23.473151970158376,4.0
2016-08-02 15:23:14.580,0.488,0.125,0.75,-53.69719161399201,151.6945249834993,25.95082294227206,4.0
2016-08-02 15:23:14.590,0.473,0.148,0.777,-55.696721540709646,147.7278112015179,29.43147564489594,4.0
2016-08-02 15:23:14.600,0.457,0.121,0.738,-55.261096630996896,145.624470857846,32.62350385027061,4.0
2016-08-02 15:23:14.610,0.426,0.078,0.715,-51.8633167544926,147.43284405406246,33.41242295078381,4.0
2016-08-02 15:23:14.620,0.367,0.07,0.688,-47.303226854274754,149.98420123012954,30.49659354141733,4.0
2016-08-02 15:23:14.630,0.281,0.121,0.699,-46.65331682919522,149.21116841799105,28.088954509933433,4.0
2016-08-02 15:23:14.640,0.203,0.168,0.727,-55.321224629123776,141.37829132292458,31.114534929908046,4.0
2016-08-02 15:23:14.650,0.223,0.137,0.664,-66.0351873410681,128.46323115046297,36.888699169249094,4.0
2016-08-02 15:23:14.660,0.258,0.07,0.641,-65.79525801221926,123.96903314743106,39.11723694523156,4.0
2016-08-02 15:23:14.670,0.258,0.016,0.629,-55.11350408427691,131.23307102338836,37.02211328769538,4.0
2016-08-02 15:23:14.680,0.223,0.012,0.586,-44.524583936539194,137.15182417267766,33.332522626408235,4.0
2016-08-02 15:23:14.690,0.094,0.074,0.617,-44.72897458999411,135.26716669745548,29.958458671229288,4.0
2016-08-02 15:23:14.700,-0.039,0.09,0.676,-57.1572243629668,122.23901367546135,30.537807468417114,4.0
2016-08-02 15:23:14.710,-0.07,0.008,0.672,-64.5701247748318,103.33857364319027,33.91213453090285,4.0
2016-08-02 15:23:14.720,-0.043,-0.031,0.637,-52.7943460072616,99.41880066348527,35.269639541233076,4.0
2016-08-02 15:23:14.730,-0.023,-0.055,0.563,-32.05959042895595,109.61253449077611,35.937329026158096,4.0
2016-08-02 15:23:14.740,-0.035,-0.043,0.465,-18.203445480292345,115.00584567872627,34.94129685742599,4.0
2016-08-02 15:23:14.750,-0.105,0.043,0.445,-17.76037463442535,112.6395232310203,31.12492997952031,4.0
2016-08-02 15:23:14.760,-0.191,0.094,0.473,-30.09452789274612,102.60089394566769,30.128420465399458,4.0
2016-08-02 15:23:14.770,-0.258,0.066,0.527,-43.55297463771454,85.75341071012181,30.874350211535322,4.0
2016-08-02 15:23:14.780,-0.266,-0.023,0.578,-42.986476961213285,74.51483118636727,29.57030047659749,4.0
2016-08-02 15:23:14.790,-0.25,-0.078,0.598,-26.449129778855553,73.78177330464473,28.716966433722718,4.0
2016-08-02 15:23:14.800,-0.219,-0.082,0.52,-3.75897369509578,76.52698657510048,27.720118075561622,4.0
2016-08-02 15:23:14.810,-0.219,-0.055,0.426,13.43772058805038,79.13910441567876,24.94780810227614,4.0
2016-08-02 15:23:14.820,-0.277,0.051,0.375,15.245009444988687,78.39477382556805,22.39504094676898,4.0
2016-08-02 15:23:14.830,-0.344,0.125,0.367,1.4505010220073449,68.31777554087202,21.528523796147297,4.0
2016-08-02 15:23:14.840,-0.387,0.102,0.395,-14.079294050401288,52.72107886657855,21.529766360323457,4.0
2016-08-02 15:23:14.850,-0.379,0.031,0.453,-15.784285913198596,42.60755725149761,20.11383174663728,4.0
2016-08-02 15:23:14.860,-0.348,-0.07,0.484,0.2367830859990816,41.44977560385957,16.19250856940941,4.0
2016-08-02 15:23:14.870,-0.344,-0.117,0.484,25.12754356393694,44.99235044898855,10.303566891623294,4.0
2016-08-02 15:23:14.880,-0.383,-0.063,0.438,43.340234313321595,46.993423119230165,4.764984040355674,4.0
2016-08-02 15:23:14.890,-0.453,0.063,0.438,41.57148838302858,41.01644698534935,2.339622927386995,4.0
2016-08-02 15:23:14.900,-0.496,0.113,0.441,23.38799935031987,24.470269891566893,2.479941295780792,4.0
2016-08-02 15:23:14.910,-0.48,0.047,0.438,11.037578279161732,7.788146670733754,2.030037370137287,4.0
2016-08-02 15:23:14.920,-0.457,-0.02,0.477,18.78780530731018,5.068791729406115,-0.8380877011671894,4.0
2016-08-02 15:23:14.930,-0.453,-0.043,0.461,36.609252597026284,11.252469604477465,-3.9641468122826193,4.0
2016-08-02 15:23:14.940,-0.473,-0.004,0.422,45.74202371346027,12.217264625543121,-5.947457709375481,4.0
2016-08-02 15:23:14.950,-0.504,0.086,0.426,37.87633281939103,4.276300347632232,-7.625220811057429,4.0
2016-08-02 15:23:14.960,-0.496,0.121,0.445,22.21120159690851,-8.301288899776516,-7.5020968022352745,4.0
2016-08-02 15:23:14.970,-0.445,0.082,0.496,15.157464935295446,-15.802235810732535,-6.827409060736219,4.0
2016-08-02 15:23:14.980,-0.41,0.027,0.531,21.965064233495433,-13.48833717963968,-8.693909808205882,4.0
2016-08-02 15:23:14.990,-0.43,-0.008,0.539,33.6541007552146,-10.034270513886769,-11.984796706229623,4.0
2016-08-02 15:23:15.000,-0.477,0.012,0.551,38.5907852573478,-12.507141694885021,-15.597632978447715,4.0
2016-08-02 15:23:15.010,-0.5,0.074,0.57,32.76771735771125,-20.31987878452199,-17.867457981942646,4.0
2016-08-02 15:23:15.020,-0.496,0.098,0.551,21.684667039854613,-30.447762491907184,-17.018539656060895,4.0
2016-08-02 15:23:15.030,-0.457,0.078,0.551,15.162919518181393,-36.57281916334777,-15.640721251459958,4.0
2016-08-02 15:23:15.040,-0.398,0.039,0.547,17.881515702962204,-36.45336583649804,-15.713880155119574,4.0
2016-08-02 15:23:15.050,-0.367,0.02,0.539,24.247373032490827,-35.07657865629775,-16.485366896834893,4.0
2016-08-02 15:23:15.060,-0.352,0.059,0.559,25.19153729056811,-36.089781469844404,-17.173349549487938,4.0
2016-08-02 15:23:15.070,-0.359,0.102,0.621,17.676602936802926,-40.922637280306176,-17.128318628187362,4.0
2016-08-02 15:23:15.080,-0.371,0.09,0.672,7.029900027131953,-49.25762918923326,-17.017983248360324,4.0
2016-08-02 15:23:15.090,-0.348,0.043,0.68,2.2698742332814286,-56.126823477621436,-18.201441233677187,4.0
2016-08-02 15:23:15.100,-0.324,0.0,0.695,7.075541199137181,-56.562454277904884,-21.05898730763247,4.0
2016-08-02 15:23:15.110,-0.313,-0.016,0.668,15.751596483537853,-52.86333285571659,-24.16246653787389,4.0
2016-08-02 15:23:15.120,-0.293,0.016,0.629,19.201399897736223,-51.1956283049662,-26.223738455083797,4.0
2016-08-02 15:23:15.130,-0.297,0.066,0.633,12.955342691933556,-54.2351071759815,-28.126922363252138,4.0
2016-08-02 15:23:15.140,-0.297,0.094,0.672,1.0191209154105658,-61.41668145070291,-29.276702719561754,4.0
2016-08-02 15:23:15.150,-0.277,0.051,0.711,-7.430605828480677,-69.03601299146742,-29.053086106726518,4.0
2016-08-02 15:23:15.160,-0.242,0.0,0.727,-6.514273697682792,-72.56935820960489,-29.749908454844928,4.0
2016-08-02 15:23:15.170,-0.219,-0.031,0.707,1.653207471164981,-73.02313553656136,-31.432773144606628,4.0
2016-08-02 15:23:15.180,-0.199,-0.047,0.66,10.781765944548908,-73.66804351193558,-32.39327107875455,4.0
2016-08-02 15:23:15.190,-0.188,-0.016,0.609,15.560975596957334,-75.07941798105978,-33.09086799980843,4.0
2016-08-02 15:23:15.200,-0.176,0.055,0.609,12.052598308193042,-78.59464775635526,-33.263836310655634,4.0
2016-08-02 15:23:15.210,-0.164,0.086,0.633,1.9332421699159645,-85.46755317397788,-32.29891038451254,4.0
2016-08-02 15:23:15.220,-0.141,0.055,0.676,-5.774186468499826,-92.06676937851995,-31.871311107334883,4.0
2016-08-02 15:23:15.230,-0.109,-0.004,0.695,-4.708836550782177,-94.15542127722846,-32.74581923282437,4.0
2016-08-02 15:23:15.240,-0.07,-0.047,0.688,4.265253513437262,-91.5685278222597,-34.49022436034595,4.0
2016-08-02 15:23:15.250,-0.047,-0.027,0.664,13.910068130689591,-86.70799835431025,-36.66491716874035,4.0
2016-08-02 15:23:15.260,-0.066,0.035,0.684,12.90503705823589,-86.0066968437981,-36.7187444470015,4.0
2016-08-02 15:23:15.270,-0.078,0.07,0.738,0.20627120387677333,-95.29305123262873,-33.16704497852819,4.0
2016-08-02 15:23:15.280,-0.051,0.039,0.805,-9.947066528252588,-107.84107183625731,-28.597185901425647,4.0
2016-08-02 15:23:15.290,-0.008,-0.004,0.859,-6.342679573627016,-112.19986642677083,-25.20212712750194,4.0
2016-08-02 15:23:15.300,0.031,-0.023,0.844,8.302896473206708,-109.37869970090142,-22.278149912209564,4.0
2016-08-02 15:23:15.310,0.066,-0.039,0.773,25.035844124944493,-106.18660407531456,-19.850483945203596,4.0
2016-08-02 15:23:15.320,0.094,-0.008,0.723,34.660727737149045,-104.35110461957188,-19.518132007042542,4.0
2016-08-02 15:23:15.330,0.129,0.047,0.758,31.69689305393212,-105.86809665525564,-20.693474036111162,4.0
2016-08-02 15:23:15.340,0.145,0.043,0.77,22.80329964736526,-112.71544586473829,-22.284188710460917,4.0
2016-08-02 15:23:15.350,0.184,-0.012,0.82,21.703169330008542,-119.02854913807424,-24.364997565409148,4.0
2016-08-02 15:23:15.360,0.227,-0.039,0.871,32.88917890735014,-118.2421764546132,-25.31534271451764,4.0
2016-08-02 15:23:15.370,0.25,-0.035,0.871,49.58461686803035,-113.807770551996,-25.200188305301822,4.0
2016-08-02 15:23:15.380,0.25,0.027,0.832,60.92226107183933,-111.35320066299235,-24.7878241007644,4.0
2016-08-02 15:23:15.390,0.246,0.125,0.824,58.05686859426794,-112.64514444457006,-21.097115312345373,4.0
2016-08-02 15:23:15.400,0.266,0.184,0.801,43.004025898756666,-119.97288460674555,-14.290667705409627,4.0
2016-08-02 15:23:15.410,0.34,0.145,0.758,29.52757343705082,-129.97861350877363,-9.152538239576078,4.0
2016-08-02 15:23:15.420,0.43,0.078,0.738,28.509630199270166,-133.5605912308572,-8.66063891819378,4.0
2016-08-02 15:23:15.430,0.492,0.047,0.781,38.18394636287452,-130.43512293565067,-12.925762614482526,4.0
2016-08-02 15:23:15.440,0.508,0.035,0.816,51.41398219443238,-126.69695680418316,-19.763876761677537,4.0
2016-08-02 15:23:15.450,0.48,0.094,0.84,61.068303880130316,-125.19791417239728,-25.21000733863173,4.0
2016-08-02 15:23:15.460,0.441,0.184,0.883,59.722828752761046,-128.1151090221296,-25.102960671112143,4.0
2016-08-02 15:23:15.470,0.43,0.238,0.883,48.24140458719506,-134.94186319712026,-20.18334983909096,4.0
2016-08-02 15:23:15.480,0.469,0.238,0.824,38.164442146547586,-140.95994971757892,-15.79233026593747,4.0
2016-08-02 15:23:15.490,0.551,0.211,0.707,36.56204328680872,-142.41348686065965,-12.429259972128538,4.0
2016-08-02 15:23:15.500,0.633,0.191,0.625,39.374992773347444,-138.5906071486098,-9.901797024667763,4.0
2016-08-02 15:23:15.510,0.684,0.211,0.613,40.69012986243502,-133.7404667522863,-12.341886211683232,4.0
2016-08-02 15:23:15.520,0.691,0.25,0.656,38.90041198959068,-132.4971783595119,-17.362260663177285,4.0
2016-08-02 15:23:15.530,0.66,0.289,0.773,33.867573398952906,-133.63645635616882,-19.29376564020003,4.0
2016-08-02 15:23:15.540,0.617,0.324,0.883,24.8631355174965,-137.87266596526214,-18.566382626551746,4.0
2016-08-02 15:23:15.550,0.613,0.324,0.871,14.705454528092975,-146.80892737115818,-16.005407977519777,4.0
2016-08-02 15:23:15.560,0.668,0.328,0.773,8.727557983269175,-153.40692522380422,-10.6099406456969,4.0
2016-08-02 15:23:15.570,0.766,0.324,0.656,7.745257496360368,-153.54552756641323,-3.2067733995990424,4.0
2016-08-02 15:23:15.580,0.832,0.301,0.582,7.4245872623461135,-151.9258972683192,2.3717421281832847,4.0
2016-08-02 15:23:15.590,0.875,0.289,0.598,4.143376574066063,-151.05432653662405,3.026901156311645,4.0
2016-08-02 15:23:15.600,0.883,0.293,0.664,-0.7941628589850422,-150.65805523715986,0.5840824009198075,4.0
2016-08-02 15:23:15.610,0.855,0.285,0.746,-5.148644271399174,-150.93042383495208,-1.9847542343207025,4.0
2016-08-02 15:23:15.620,0.836,0.305,0.789,-9.813544611879495,-153.7222646629067,-2.8220560822967338,4.0
2016-08-02 15:23:15.630,0.855,0.328,0.82,-16.396387344865797,-160.09127199725933,-0.34123710262342954,4.0
2016-08-02 15:23:15.640,0.91,0.32,0.801,-23.072717832986662,-165.94262632456713,4.649209510042182,4.0
2016-08-02 15:23:15.650,0.98,0.25,0.68,-22.847268196525718,-167.32715835125276,8.755920387145851,4.0
2016-08-02 15:23:15.660,1.043,0.188,0.563,-13.41003071134153,-162.89673302927184,9.999093283227044,4.0
2016-08-02 15:23:15.670,1.07,0.195,0.535,-4.106044168534388,-153.0519287689479,10.20370759350783,4.0
2016-08-02 15:23:15.680,1.066,0.277,0.559,-5.006451314066747,-144.11735190434226,10.701021563066911,4.0
2016-08-02 15:23:15.690,1.047,0.34,0.629,-17.914493852376786,-142.8421787196504,11.652026762320736,4.0
2016-08-02 15:23:15.700,1.043,0.328,0.75,-35.25685826368447,-148.10201972610724,14.255645947402993,4.0
2016-08-02 15:23:15.710,1.063,0.27,0.789,-44.42769289176495,-155.708075954906,15.925573355652427,4.0
2016-08-02 15:23:15.720,1.09,0.18,0.773,-38.81628135607296,-161.04585446288613,14.879321965014434,4.0
2016-08-02 15:23:15.730,1.129,0.102,0.703,-21.04890667602001,-159.01799970351664,15.932998476077625,4.0
2016-08-02 15:23:15.740,1.18,0.082,0.598,1.7152996738538606,-151.1739362427395,18.47188735028766,4.0
2016-08-02 15:23:15.750,1.184,0.141,0.465,19.465537755009052,-142.3721154097929,18.41197869440033,4.0
2016-08-02 15:23:15.760,1.168,0.266,0.469,22.354626408391635,-134.73639508070772,20.6193391032108,4.0
2016-08-02 15:23:15.770,1.16,0.336,0.563,9.034529343396688,-133.08048041834374,26.96329017461902,4.0
2016-08-02 15:23:15.780,1.195,0.316,0.668,-10.137952072264188,-139.74267617006615,29.653783934467157,4.0
2016-08-02 15:23:15.790,1.246,0.238,0.754,-21.683114160680518,-146.95750944949887,26.30702592739874,4.0
2016-08-02 15:23:15.800,1.273,0.152,0.754,-18.418585305295693,-147.70980705507867,21.79649500114574,4.0
2016-08-02 15:23:15.810,1.281,0.055,0.691,-1.961896486599139,-143.2173414063879,17.830357258110542,4.0
2016-08-02 15:23:15.820,1.293,0.02,0.582,19.444974520043704,-136.7707079463879,13.073956266077744,4.0
2016-08-02 15:23:15.830,1.301,0.094,0.477,33.54168875434624,-129.92535540861093,8.459063960649505,4.0
2016-08-02 15:23:15.840,1.305,0.211,0.48,30.492257921447127,-124.10490288714465,7.043710786579414,4.0
2016-08-02 15:23:15.850,1.332,0.258,0.516,15.627069585564843,-121.69006105082053,7.539007008078035,4.0
2016-08-02 15:23:15.860,1.352,0.223,0.559,5.270055815055837,-120.98003818868978,4.810390961580173,4.0
2016-08-02 15:23:15.870,1.332,0.172,0.637,6.742252178985876,-117.0017268197845,0.4739299685663637,4.0
2016-08-02 15:23:15.880,1.297,0.137,0.641,16.770878768194365,-112.05136238066945,-1.6219278792769298,4.0
2016-08-02 15:23:15.890,1.281,0.129,0.59,29.550315048387784,-109.08892026545863,-2.743946267773352,4.0
2016-08-02 15:23:15.900,1.277,0.16,0.527,38.11722993421777,-103.76474100412155,-1.832950088175027,4.0
2016-08-02 15:23:15.910,1.27,0.199,0.465,40.00400923596309,-96.43361518002533,0.9085715747000367,4.0
2016-08-02 15:23:15.920,1.27,0.211,0.449,37.90142043584614,-90.9655621255235,1.0360971237399994,4.0
2016-08-02 15:23:15.930,1.27,0.203,0.484,33.68973458878132,-86.54463644725224,-1.2688565400952876,4.0
2016-08-02 15:23:15.940,1.262,0.203,0.512,28.66040585951677,-83.54139479762344,-4.554797129309088,4.0
2016-08-02 15:23:15.950,1.242,0.199,0.543,23.070858888542304,-82.07638200149383,-8.794503866039204,4.0
2016-08-02 15:23:15.960,1.219,0.203,0.539,17.77116464805774,-80.31041823336365,-11.849308858765694,4.0
2016-08-02 15:23:15.970,1.211,0.156,0.52,18.784519206457027,-78.2383110677211,-13.341193978804306,4.0
2016-08-02 15:23:15.980,1.211,0.102,0.496,29.66666790899974,-73.58899792155161,-14.664889929606588,4.0
2016-08-02 15:23:15.990,1.211,0.148,0.441,42.87143218161283,-65.63984875227968,-15.90681548686293,4.0
2016-08-02 15:23:16.000,1.199,0.215,0.383,46.99707579444036,-58.56533397379451,-15.935252351272228,4.0
2016-08-02 15:23:16.010,1.195,0.277,0.336,38.816693319892366,-52.74066164374496,-13.736407133559897,4.0
2016-08-02 15:23:16.020,1.176,0.301,0.316,25.47474682545988,-47.44783866269221,-11.3069144316535,4.0
2016-08-02 15:23:16.030,1.148,0.27,0.328,16.50570453928879,-43.85657925607558,-10.45592362984743,4.0
2016-08-02 15:23:16.040,1.125,0.203,0.359,16.108597307197527,-40.39472362722622,-10.054100267241822,4.0
2016-08-02 15:23:16.050,1.102,0.18,0.371,21.878773153802502,-37.21522238700228,-10.206946741018655,4.0
2016-08-02 15:23:16.060,1.082,0.176,0.359,27.392627504986905,-35.36972678408496,-10.959161814331374,4.0
2016-08-02 15:23:16.070,1.066,0.188,0.34,27.629991642593577,-32.96122433287057,-10.565224166291028,4.0
2016-08-02 15:23:16.080,1.047,0.203,0.309,23.47679706728448,-30.73163101655802,-9.676609416540481,4.0
2016-08-02 15:23:16.090,1.047,0.215,0.297,18.735363575241127,-29.28014028419237,-9.517589734241662,4.0
2016-08-02 15:23:16.100,1.063,0.215,0.363,15.697482175995379,-24.599626656160865,-8.445627328378206,4.0
2016-08-02 15:23:16.110,1.086,0.141,0.492,19.298316403558168,-16.38919178784302,-6.5898748309290625,4.0
2016-08-02 15:23:16.120,1.113,0.0,0.668,35.68111209095673,-4.910396952875477,-6.746582354534398,4.0
2016-08-02 15:23:16.130,1.074,-0.02,0.715,54.16000384485912,12.389277284270483,-7.4827627592013926,4.0
2016-08-02 15:23:16.140,0.992,0.066,0.691,51.46176538650943,23.7522290895676,-2.1316521887826907,4.0
2016-08-02 15:23:16.150,0.965,0.188,0.605,26.55605437082962,18.720761013085067,9.216069282472578,4.0
2016-08-02 15:23:16.160,0.992,0.211,0.5,3.286365353789803,10.151453167063073,14.170627328254449,4.0
2016-08-02 15:23:16.170,1.047,0.125,0.445,-0.09522537506388318,8.14279045181978,9.853140159017475,4.0
2016-08-02 15:23:16.180,1.07,0.074,0.355,13.178748492367712,12.335404083631346,7.400764514934335,4.0
2016-08-02 15:23:16.190,1.063,0.105,0.223,25.584255847289512,19.639187275687025,6.938890202834333,4.0
2016-08-02 15:23:16.200,1.059,0.145,0.121,28.77304133476349,22.585015545202065,4.656162146204627,4.0
2016-08-02 15:23:16.210,1.055,0.184,0.059,28.344897985044106,23.321970774943335,4.799782510241331,4.0
2016-08-02 15:23:16.220,1.055,0.211,0.039,27.073471546893693,25.912965712881146,5.913149376400826,4.0
2016-08-02 15:23:16.230,1.055,0.223,0.055,25.815170110662393,26.50176658941985,4.618173082205231,4.0
2016-08-02 15:23:16.240,1.055,0.215,0.074,26.5870293137052,26.615858609288075,3.4028059248941274,4.0
2016-08-02 15:23:16.250,1.043,0.211,0.078,27.98152287858357,27.854013965986805,2.614007952771165,4.0
2016-08-02 15:23:16.260,1.012,0.211,0.105,28.471963679426725,27.954208740195277,1.4404778964978289,4.0
2016-08-02 15:23:16.270,0.992,0.211,0.152,27.157819582939602,28.21856081542007,1.7326811291489794,4.0
2016-08-02 15:23:16.280,0.973,0.215,0.191,23.373384632377938,28.14298595097293,2.2368862439534265,4.0
2016-08-02 15:23:16.290,0.969,0.211,0.188,19.941066619885273,26.066969913935548,0.7091270241437571,4.0
2016-08-02 15:23:16.300,0.977,0.203,0.16,20.705539541754348,25.186245674781073,-0.9153361308669035,4.0
2016-08-02 15:23:16.310,0.988,0.184,0.141,25.883889272083543,27.78834270233982,-1.741732847902092,4.0
2016-08-02 15:23:16.320,0.996,0.219,0.152,31.688060548125442,31.40093878451168,-2.948447530363704,4.0
2016-08-02 15:23:16.330,1.0,0.289,0.195,31.811433523349336,33.01196140369233,-3.5841970471383275,4.0
2016-08-02 15:23:16.340,1.016,0.344,0.285,22.28592585585075,32.3288834839485,-2.287465610798696,4.0
2016-08-02 15:23:16.350,1.051,0.332,0.379,8.363841538668556,31.684466075734484,-0.9658569200430471,4.0
2016-08-02 15:23:16.360,1.074,0.27,0.406,1.8011206396705794,33.924178833585266,-2.900309054894082,4.0
2016-08-02 15:23:16.370,1.082,0.215,0.395,8.365428075248223,40.44719721079336,-6.380911335986902,4.0
2016-08-02 15:23:16.380,1.086,0.219,0.383,20.62201934561689,49.277749828385446,-7.355971953929767,4.0
2016-08-02 15:23:16.390,1.086,0.313,0.414,23.497645106914803,55.25237533798089,-7.12115139555373,4.0
2016-08-02 15:23:16.400,1.117,0.414,0.523,8.030115621638549,55.22912719183719,-7.152710708437542,4.0
2016-08-02 15:23:16.410,1.176,0.453,0.594,-17.25482677490529,52.45137949222905,-7.0685933667495595,4.0
2016-08-02 15:23:16.420,1.219,0.387,0.605,-32.0732114880533,53.713273270478204,-9.586889737737692,4.0
2016-08-02 15:23:16.430,1.246,0.215,0.594,-25.15130655225055,62.12643530214517,-14.399161871259512,4.0
2016-08-02 15:23:16.440,1.234,0.156,0.535,-5.238747765236287,73.41302258134661,-19.620534328412546,4.0
2016-08-02 15:23:16.450,1.191,0.309,0.551,4.277477251358997,80.73192001158111,-24.54328782276492,4.0
2016-08-02 15:23:16.460,1.18,0.469,0.688,-17.245406145537956,82.47381377087876,-23.296002785428726,4.0
2016-08-02 15:23:16.470,1.23,0.508,0.711,-60.138065008054184,81.69218397036829,-18.90333861421898,4.0
2016-08-02 15:23:16.480,1.281,0.457,0.727,-88.2803399042746,83.68872163586039,-20.424511537469666,4.0
2016-08-02 15:23:16.490,1.313,0.309,0.742,-84.69886606290359,93.89945423481315,-20.119487598949384,4.0
2016-08-02 15:23:16.500,1.32,0.219,0.684,-66.56836091253984,107.5864666125542,-15.922010411612561,4.0
2016-08-02 15:23:16.510,1.316,0.281,0.633,-56.636407932833954,115.73112536191869,-17.67622358711494,4.0
2016-08-02 15:23:16.520,1.301,0.379,0.691,-66.76137629455651,120.82778887335186,-17.90379791885811,4.0
2016-08-02 15:23:16.530,1.285,0.398,0.754,-92.97624627218522,124.98172765250897,-12.574411947402364,4.0
2016-08-02 15:23:16.540,1.285,0.32,0.852,-113.80430983462433,125.4428783913055,-12.004286525423916,4.0
2016-08-02 15:23:16.550,1.305,0.195,0.891,-112.05887029769912,128.82017939576832,-12.007159839917167,4.0
2016-08-02 15:23:16.560,1.305,0.113,0.867,-93.94137610592786,138.2116956053624,-7.443918651784522,4.0
2016-08-02 15:23:16.570,1.301,0.121,0.828,-77.6187437770109,145.35977977005777,-5.017771082077612,4.0
2016-08-02 15:23:16.580,1.313,0.211,0.781,-75.44362944863964,148.47185274669582,-3.4449525927770863,4.0
2016-08-02 15:23:16.590,1.332,0.254,0.75,-86.88839309124035,151.44546575158205,1.2025501637596887,4.0
2016-08-02 15:23:16.600,1.332,0.223,0.723,-99.83809336731011,154.6980022900132,5.806352093469201,4.0
2016-08-02 15:23:16.610,1.328,0.168,0.742,-101.12254159095988,157.89881144029863,9.166866457106082,4.0
2016-08-02 15:23:16.620,1.34,0.121,0.758,-89.49652320289398,161.41818595068298,12.43882153484825,4.0
2016-08-02 15:23:16.630,1.344,0.113,0.766,-76.47897572561132,165.5385913680487,15.323173078500554,4.0
2016-08-02 15:23:16.640,1.34,0.141,0.789,-71.16095669694226,169.30435983957625,18.408503827011323,4.0
2016-08-02 15:23:16.650,1.328,0.129,0.813,-69.81359655485122,171.24753328502587,22.785256432988465,4.0
2016-08-02 15:23:16.660,1.332,0.09,0.809,-64.18645445631698,172.4076461664005,27.492719050849537,4.0
2016-08-02 15:23:16.670,1.344,0.047,0.777,-52.13698262216827,175.58421398401725,31.411310256457156,4.0
2016-08-02 15:23:16.680,1.324,0.07,0.758,-40.59902381073657,180.73041890661557,34.5142192489016,4.0
2016-08-02 15:23:16.690,1.266,0.105,0.777,-38.82593935542789,182.7802918419357,36.93937698903531,4.0
2016-08-02 15:23:16.700,1.23,0.086,0.781,-42.455686475336606,178.98435084586515,38.867761093375854,4.0
2016-08-02 15:23:16.710,1.23,0.043,0.785,-37.270808419796055,175.89758615142102,40.35776136205517,4.0
2016-08-02 15:23:16.720,1.234,-0.004,0.777,-22.416394505230592,179.32723044543633,41.42549120148723,4.0
2016-08-02 15:23:16.730,1.219,0.004,0.738,-8.7097554460706,184.6884291648449,40.864393582479664,4.0
2016-08-02 15:23:16.740,1.18,0.039,0.73,-2.131520829848776,186.75688527718324,39.22906367132798,4.0
2016-08-02 15:23:16.750,1.129,0.043,0.73,-2.673224605135525,185.8338720918303,39.47836705132298,4.0
2016-08-02 15:23:16.760,1.07,0.043,0.719,-4.6717860909686095,182.49252476494445,39.91769873990483,4.0
2016-08-02 15:23:16.770,1.039,0.004,0.715,0.1715194148703545,179.43795680725964,39.021845910028986,4.0
2016-08-02 15:23:16.780,1.023,-0.008,0.711,11.971812936255086,181.08768290820552,38.3592282820722,4.0
2016-08-02 15:23:16.790,0.988,0.035,0.715,21.689916123497667,185.07407707028213,37.31859296608135,4.0
2016-08-02 15:23:16.800,0.945,0.063,0.715,22.129569835057513,185.26849652964478,37.777902939774265,4.0
2016-08-02 15:23:16.810,0.906,0.102,0.727,16.35493423577982,181.91723273913075,39.74826078473046,4.0
2016-08-02 15:23:16.820,0.879,0.09,0.766,12.397520777204608,178.8573803603338,40.11914590838351,4.0
2016-08-02 15:23:16.830,0.871,0.012,0.707,15.493769815625173,177.5544796996154,39.6705380923624,4.0
2016-08-02 15:23:16.840,0.844,0.0,0.695,26.24309669665344,179.1447787391761,36.34056544004761,4.0
2016-08-02 15:23:16.850,0.801,0.031,0.688,38.279702057139495,181.9968793759824,30.936405807853056,4.0
2016-08-02 15:23:16.860,0.742,0.074,0.652,42.08769903655183,181.78321419811707,28.44522326586145,4.0
2016-08-02 15:23:16.870,0.664,0.176,0.746,33.179552957579126,177.1539212961075,27.366259325220767,4.0
2016-08-02 15:23:16.880,0.598,0.141,0.766,18.969499465189084,167.93018458551828,28.94074484031365,4.0
2016-08-02 15:23:16.890,0.578,0.055,0.719,15.342208056032703,160.4701710065257,32.16942664071833,4.0
2016-08-02 15:23:16.900,0.555,0.027,0.699,26.043921697308622,164.2394833648574,31.04783526980852,4.0
2016-08-02 15:23:16.910,0.516,0.0,0.637,38.287480281370875,172.13589323793116,29.422190445829273,4.0
2016-08-02 15:23:16.920,0.461,0.047,0.547,41.85177626518289,172.50667898407826,27.922826528030413,4.0
2016-08-02 15:23:16.930,0.379,0.172,0.527,34.42140853045352,167.20048373469197,23.89045183904534,4.0
2016-08-02 15:23:16.940,0.281,0.207,0.563,17.3316458832575,158.27342919364818,24.06556314999508,4.0
2016-08-02 15:23:16.950,0.234,0.137,0.598,1.1972790845682717,145.61820140707272,27.02766309698781,4.0
2016-08-02 15:23:16.960,0.254,0.082,0.594,0.17359977285006423,137.88426406371318,26.136481359493835,4.0
2016-08-02 15:23:16.970,0.262,0.059,0.59,11.203134692076265,141.51772448846458,24.73637381418239,4.0
2016-08-02 15:23:16.980,0.23,0.047,0.527,17.316774098656296,146.99087089007776,23.64835897958548,4.0
2016-08-02 15:23:16.990,0.172,0.105,0.516,10.147662093603572,143.2287940730949,20.036656249448082,4.0
2016-08-02 15:23:17.000,0.059,0.172,0.598,-6.21472333574006,131.4867893955175,18.46255762601426,4.0
2016-08-02 15:23:17.010,0.0,0.113,0.648,-20.445167761118817,116.17714020742991,21.939285247788042,4.0
2016-08-02 15:23:17.020,-0.008,0.023,0.652,-17.857201749831884,105.34961122475355,23.933929098778602,4.0
2016-08-02 15:23:17.030,0.0,0.0,0.594,3.711680083379397,108.52171644650522,22.59853970238168,4.0
2016-08-02 15:23:17.040,0.0,0.023,0.484,24.4528262745902,118.04785619518984,23.00766727518932,4.0
2016-08-02 15:23:17.050,-0.027,0.117,0.359,23.20082797144999,119.48934099724102,21.98018107471671,4.0
2016-08-02 15:23:17.060,-0.105,0.254,0.348,-1.2280496734236133,111.87643425357122,18.523768526321135,4.0
2016-08-02 15:23:17.070,-0.219,0.281,0.453,-34.81887940182423,97.51961133807211,20.929866575624825,4.0
2016-08-02 15:23:17.080,-0.25,0.148,0.578,-55.39534725576876,78.86422263548347,26.31344531744397,4.0
2016-08-02 15:23:17.090,-0.188,0.008,0.59,-44.08334915382663,71.35210881146345,25.922338932110964,4.0
2016-08-02 15:23:17.100,-0.16,-0.082,0.57,-9.801849860610997,83.70184457737616,22.24666173986805,4.0
2016-08-02 15:23:17.110,-0.176,-0.023,0.473,16.12208600226155,96.69572724774972,18.14541797424974,4.0
2016-08-02 15:23:17.120,-0.254,0.148,0.402,11.583658039115472,93.35017557799414,13.18544960296079,4.0
2016-08-02 15:23:17.130,-0.379,0.27,0.418,-20.025587047363068,75.82893859610728,12.719487375035374,4.0
2016-08-02 15:23:17.140,-0.395,0.16,0.504,-49.83061575568418,52.031349744126956,17.388627110512367,4.0
2016-08-02 15:23:17.150,-0.32,0.016,0.602,-47.80757914537024,41.27802805443437,16.87899904888954,4.0
2016-08-02 15:23:17.160,-0.32,-0.051,0.621,-18.084451166861506,53.54128640722224,10.730010272611297,4.0
2016-08-02 15:23:17.170,-0.367,-0.035,0.512,7.935150214032896,65.75453821958081,8.438516810445844,4.0
2016-08-02 15:23:17.180,-0.418,0.066,0.406,9.20422377996477,61.35331008653101,7.651964692967072,4.0
2016-08-02 15:23:17.190,-0.48,0.227,0.434,-11.601983143253873,47.699093984930656,6.826138276476272,4.0
2016-08-02 15:23:17.200,-0.469,0.23,0.469,-36.75111408240882,30.469725759238553,12.285023585862596,4.0
2016-08-02 15:23:17.210,-0.391,0.105,0.539,-43.86475923444128,20.50481216421327,16.28149606960605,4.0
2016-08-02 15:23:17.220,-0.363,0.012,0.598,-26.15034171309173,28.620561356185224,11.621158341045916,4.0
2016-08-02 15:23:17.230,-0.395,-0.027,0.578,-1.945110310739875,39.603909629076576,5.864440915635261,4.0
2016-08-02 15:23:17.240,-0.461,-0.008,0.543,9.375619317976433,38.298042323753776,0.25898138857240083,4.0
2016-08-02 15:23:17.250,-0.52,0.102,0.551,5.2635069014942655,30.495384176150242,-4.637837256709772,4.0
2016-08-02 15:23:17.260,-0.563,0.164,0.57,-8.566337823872715,17.967613340361964,-2.8585405590073982,4.0
2016-08-02 15:23:17.270,-0.516,0.125,0.566,-19.55829435182747,2.9951222863304094,1.3270247605167165,4.0
2016-08-02 15:23:17.280,-0.434,0.055,0.566,-13.262392152152124,0.7792008016174381,2.3940634249148895,4.0
2016-08-02 15:23:17.290,-0.391,-0.008,0.547,6.08779906397662,11.143713419207318,0.8243427471955137,4.0
2016-08-02 15:23:17.300,-0.41,0.004,0.523,19.51824213913045,16.424251851364176,-4.504490667534043,4.0
2016-08-02 15:23:17.310,-0.488,0.066,0.523,17.220818750818886,11.715837737101014,-10.30016851221087,4.0
2016-08-02 15:23:17.320,-0.547,0.121,0.566,5.0390000522807545,0.9495739636766203,-10.683222146502207,4.0
2016-08-02 15:23:17.330,-0.531,0.102,0.59,-4.599002175165788,-12.09583257938045,-8.678433558033028,4.0
2016-08-02 15:23:17.340,-0.488,0.047,0.613,-3.117520522266182,-18.03888660845258,-8.78022147026449,4.0
2016-08-02 15:23:17.350,-0.449,0.023,0.602,8.50529524036762,-14.429089190460239,-9.306610613993538,4.0
2016-08-02 15:23:17.360,-0.441,0.02,0.566,21.84755485758805,-9.579748955352404,-10.351089800849943,4.0
2016-08-02 15:23:17.370,-0.449,0.051,0.527,27.80757694521577,-8.74879372469189,-13.286652071501571,4.0
2016-08-02 15:23:17.380,-0.469,0.098,0.535,22.54759606092358,-13.4337484824486,-15.772271519190301,4.0
2016-08-02 15:23:17.390,-0.488,0.133,0.582,10.191586152897168,-23.54468434807204,-16.840408348668536,4.0
2016-08-02 15:23:17.400,-0.48,0.105,0.645,0.4794669408371206,-33.82957695245128,-17.298742819655608,4.0
2016-08-02 15:23:17.410,-0.445,0.055,0.672,1.0931496572493113,-37.48860742661488,-17.419658784399093,4.0
2016-08-02 15:23:17.420,-0.41,0.035,0.668,10.079225226198862,-34.498209810205104,-18.59427221738285,4.0
2016-08-02 15:23:17.430,-0.395,0.047,0.652,17.506170514624557,-31.917808704521946,-21.066020886674465,4.0
2016-08-02 15:23:17.440,-0.402,0.078,0.605,16.776633121112024,-34.57257010297687,-23.5436211349625,4.0
2016-08-02 15:23:17.450,-0.398,0.086,0.582,10.402881305264657,-40.260857188445705,-25.3519554559959,4.0
2016-08-02 15:23:17.460,-0.375,0.09,0.602,4.268142152573257,-45.08616447531624,-26.352141737911857,4.0
2016-08-02 15:23:17.470,-0.363,0.102,0.633,0.28657681970132376,-48.61214374888389,-26.91925034672341,4.0
2016-08-02 15:23:17.480,-0.359,0.074,0.645,-2.7144696890265196,-52.452896732382044,-27.10047208951797,4.0
2016-08-02 15:23:17.490,-0.34,0.035,0.66,-2.7115389662812115,-55.609656953462874,-27.537803977591683,4.0
2016-08-02 15:23:17.500,-0.336,0.023,0.652,1.4069295574868748,-56.251098941473764,-29.429189124205184,4.0
2016-08-02 15:23:17.510,-0.332,0.016,0.637,4.189866245412445,-57.15657999238246,-31.46865134375436,4.0
2016-08-02 15:23:17.520,-0.328,0.047,0.645,1.4667515794003778,-61.85253708020246,-31.44377587434529,4.0
2016-08-02 15:23:17.530,-0.324,0.063,0.641,-4.4751972957143,-69.34627082736353,-29.209310309259752,4.0
2016-08-02 15:23:17.540,-0.316,0.039,0.641,-8.965406882487805,-76.6346295900714,-26.289267152371117,4.0
2016-08-02 15:23:17.550,-0.297,0.023,0.672,-9.75144933138472,-81.96383964014854,-23.697644618255907,4.0
2016-08-02 15:23:17.560,-0.277,0.012,0.668,-9.184264868639609,-85.40709061696897,-20.91058320981801,4.0
2016-08-02 15:23:17.570,-0.266,-0.023,0.68,-10.15943936023749,-87.42308040369845,-18.44472186011253,4.0
2016-08-02 15:23:17.580,-0.234,0.02,0.73,-13.083254053044634,-89.55402588473802,-16.491018176655174,4.0
2016-08-02 15:23:17.590,-0.188,0.047,0.742,-17.867929625473973,-94.15258625911224,-13.493801533763163,4.0
2016-08-02 15:23:17.600,-0.145,0.008,0.742,-22.14785310169041,-99.02728088155055,-11.055534578579495,4.0
2016-08-02 15:23:17.610,-0.098,-0.02,0.734,-20.843517186990685,-99.85257362976229,-11.302721531919824,4.0
2016-08-02 15:23:17.620,-0.055,-0.039,0.719,-13.395737757532054,-96.70595693201717,-12.66701220445975,4.0
2016-08-02 15:23:17.630,-0.035,-0.055,0.695,-5.204913120895024,-92.20118625138268,-14.711721078113253,4.0
2016-08-02 15:23:17.640,-0.035,-0.027,0.664,-1.9363019161276611,-89.30555037326242,-17.18918945710871,4.0
2016-08-02 15:23:17.650,-0.031,0.02,0.715,-7.25574426206153,-90.84013036757528,-18.07936532488584,4.0
2016-08-02 15:23:17.660,-0.031,0.023,0.793,-17.860779492698793,-97.99185675476392,-17.99079862412646,4.0
2016-08-02 15:23:17.670,0.008,0.004,0.848,-23.204978449797753,-107.29257855393512,-18.109523061088474,4.0
2016-08-02 15:23:17.680,0.066,-0.051,0.848,-17.968823307334276,-110.10511098053014,-18.458288632405328,4.0
2016-08-02 15:23:17.690,0.105,-0.094,0.828,-6.099551963182842,-104.27919935827626,-20.793615051750237,4.0
2016-08-02 15:23:17.700,0.113,-0.109,0.754,4.707333018672051,-98.7891267192797,-25.60705256865162,4.0
2016-08-02 15:23:17.710,0.102,-0.094,0.691,7.330511412773341,-99.84444453894284,-30.070407021272942,4.0
2016-08-02 15:23:17.720,0.129,-0.035,0.703,2.927940120379656,-104.52023961022903,-31.917568611292495,4.0
2016-08-02 15:23:17.730,0.16,0.008,0.723,-0.9380852602819223,-108.21358751331867,-31.235817733911837,4.0
2016-08-02 15:23:17.740,0.184,-0.023,0.758,-0.9602936253286251,-110.35882140702309,-29.690676553621543,4.0
2016-08-02 15:23:17.750,0.223,-0.031,0.789,3.064385835159754,-112.45665286561513,-29.011936450190053,4.0
2016-08-02 15:23:17.760,0.254,-0.027,0.805,9.520345444608662,-113.9628787888801,-28.909966906639028,4.0
2016-08-02 15:23:17.770,0.25,-0.047,0.801,14.573900603623738,-114.77872555370794,-29.122578855473222,4.0
2016-08-02 15:23:17.780,0.262,-0.039,0.773,18.37472111126342,-116.9859802088989,-30.188971029179648,4.0
2016-08-02 15:23:17.790,0.297,-0.016,0.75,21.92419509914814,-119.55742532165476,-30.39501882333859,4.0
2016-08-02 15:23:17.800,0.352,-0.004,0.723,24.161425349961135,-120.98523311850673,-29.691750595586253,4.0
2016-08-02 15:23:17.810,0.41,0.027,0.691,25.29123709086293,-123.45924152043169,-30.387188097656143,4.0
2016-08-02 15:23:17.820,0.449,0.051,0.711,24.48718604210629,-127.0636403510269,-31.120558977164073,4.0
2016-08-02 15:23:17.830,0.473,0.031,0.75,24.43375328648274,-130.9926711214632,-31.289438246252278,4.0
2016-08-02 15:23:17.840,0.5,0.02,0.797,30.944368716686178,-134.87008326801538,-33.03294714273241,4.0
2016-08-02 15:23:17.850,0.52,0.031,0.801,41.95274053162832,-135.85403224662514,-34.394860749286075,4.0
2016-08-02 15:23:17.860,0.531,0.063,0.754,51.09251935299032,-134.90062234072502,-33.44127126485546,4.0
2016-08-02 15:23:17.870,0.543,0.121,0.727,53.536908656498575,-136.27665475487,-31.82297554799623,4.0
2016-08-02 15:23:17.880,0.578,0.176,0.715,47.77679861240382,-141.28379942794658,-29.694793025838685,4.0
2016-08-02 15:23:17.890,0.641,0.207,0.727,39.966041351459026,-147.3827842645415,-28.449630294851247,4.0
2016-08-02 15:23:17.900,0.691,0.188,0.727,37.107103708772044,-149.55007934209996,-30.563930514559253,4.0
2016-08-02 15:23:17.910,0.719,0.156,0.723,39.74135442143347,-147.1661565607048,-34.524861621399346,4.0
2016-08-02 15:23:17.920,0.73,0.148,0.715,45.659175916958475,-145.1287251413208,-38.40879688362692,4.0
2016-08-02 15:23:17.930,0.742,0.191,0.691,51.7114309541702,-146.59357953527766,-40.21252903128766,4.0
2016-08-02 15:23:17.940,0.77,0.234,0.684,53.11621442625413,-149.8653547506254,-36.64946901076989,4.0
2016-08-02 15:23:17.950,0.824,0.273,0.742,48.12398165649761,-151.28923573719976,-30.16275483294798,4.0
2016-08-02 15:23:17.960,0.836,0.262,0.836,41.106665394820276,-150.62903078780408,-27.755492379940065,4.0
2016-08-02 15:23:17.970,0.801,0.199,0.887,38.61013160166772,-150.35511390927755,-29.66560671228376,4.0
2016-08-02 15:23:17.980,0.773,0.148,0.863,44.43017051177589,-151.3944220299035,-30.30951023024181,4.0
2016-08-02 15:23:17.990,0.754,0.145,0.801,55.11417396685384,-152.7268305769784,-27.05965142435661,4.0
2016-08-02 15:23:18.000,0.758,0.223,0.723,61.70343330726847,-153.1394013946475,-20.16107033431364,4.0
2016-08-02 15:23:18.010,0.793,0.336,0.664,58.783133714423826,-153.5535994279661,-11.132041582510292,4.0
2016-08-02 15:23:18.020,0.844,0.395,0.723,47.025219296693734,-154.99741598879072,-1.865241677709406,4.0
2016-08-02 15:23:18.030,0.895,0.383,0.793,32.64829367828978,-156.47260647023325,4.919161793508878,4.0
2016-08-02 15:23:18.040,0.941,0.324,0.852,25.733350243025242,-158.20094323250652,5.465979463123807,4.0
2016-08-02 15:23:18.050,0.984,0.254,0.871,29.835804357882083,-159.19456243225494,2.274095140458576,4.0
2016-08-02 15:23:18.060,1.008,0.227,0.813,39.25057406590821,-156.08416343699972,1.2350064418067135,4.0
2016-08-02 15:23:18.070,1.031,0.266,0.711,47.228248449570735,-151.10313740711175,3.063547849811425,4.0
2016-08-02 15:23:18.080,1.066,0.328,0.641,49.30269101250363,-147.65538682737554,7.459789570589667,4.0
2016-08-02 15:23:18.090,1.082,0.402,0.633,43.68688997173415,-143.6244289875005,13.947590759073528,4.0
2016-08-02 15:23:18.100,1.098,0.438,0.719,31.796425675389596,-141.18435584406572,19.88674258216633,4.0
2016-08-02 15:23:18.110,1.109,0.414,0.742,18.466742037362515,-144.34079855733853,22.65802329907897,4.0
2016-08-02 15:23:18.120,1.117,0.355,0.777,10.129079217768883,-148.6453476097377,21.422993300556023,4.0
2016-08-02 15:23:18.130,1.148,0.293,0.773,9.986705401229512,-149.61906043598117,20.00299148163603,4.0
2016-08-02 15:23:18.140,1.195,0.246,0.711,16.576438285400823,-147.17302045371434,20.920774664317616,4.0
2016-08-02 15:23:18.150,1.223,0.227,0.602,25.90371702012255,-141.4286059598939,21.52666243884087,4.0
2016-08-02 15:23:18.160,1.227,0.238,0.488,32.551557240763216,-134.68271925353028,22.220397026916572,4.0
2016-08-02 15:23:18.170,1.211,0.301,0.527,29.87720129422312,-129.7270607314692,24.54356272541263,4.0
2016-08-02 15:23:18.180,1.199,0.359,0.629,16.23969701681847,-128.5418683632393,26.15233144891636,4.0
2016-08-02 15:23:18.190,1.203,0.352,0.68,0.3228466213864931,-131.58803061197943,25.222356395855527,4.0
2016-08-02 15:23:18.200,1.188,0.293,0.676,-6.942738693401363,-133.6849870772444,23.116213619617103,4.0
2016-08-02 15:23:18.210,1.176,0.215,0.633,-0.6606712025603292,-131.25695777233065,22.75377955970388,4.0
2016-08-02 15:23:18.220,1.207,0.188,0.57,15.207109797650832,-126.30299317307865,24.303471788812484,4.0
2016-08-02 15:23:18.230,1.246,0.23,0.488,28.443555969646994,-119.15576431823938,25.9951604297373,4.0
2016-08-02 15:23:18.240,1.266,0.32,0.418,28.24556193349518,-111.67694524612817,27.88381367856769,4.0
2016-08-02 15:23:18.250,1.262,0.391,0.473,13.05484260799423,-107.89147189692706,29.836665350888445,4.0
2016-08-02 15:23:18.260,1.258,0.375,0.527,-8.599612533394357,-108.06940607531291,30.819529805428317,4.0
2016-08-02 15:23:18.270,1.27,0.293,0.531,-22.611797586751138,-110.53286109611315,29.254453142388197,4.0
2016-08-02 15:23:18.280,1.285,0.184,0.535,-20.982635733989333,-110.9252659216245,25.317430502356196,4.0
2016-08-02 15:23:18.290,1.285,0.113,0.512,-7.249347092158025,-106.05769608686163,21.575405729011017,4.0
2016-08-02 15:23:18.300,1.281,0.125,0.465,8.070054868092264,-99.97522708830978,17.473601503331466,4.0
2016-08-02 15:23:18.310,1.273,0.191,0.426,14.226964556958318,-95.08574381640597,13.232518225568505,4.0
2016-08-02 15:23:18.320,1.273,0.258,0.387,9.002044952969959,-90.35939005923912,11.453175075848403,4.0
2016-08-02 15:23:18.330,1.273,0.281,0.379,-0.5762503218044925,-86.86155257788289,10.095329498029109,4.0
2016-08-02 15:23:18.340,1.246,0.258,0.406,-7.881083978726745,-83.58192191365788,7.854279695931255,4.0
2016-08-02 15:23:18.350,1.219,0.227,0.438,-10.252503126236606,-80.30701215419583,6.154796811850732,4.0
2016-08-02 15:23:18.360,1.211,0.203,0.422,-7.385358198609138,-78.67710776417005,4.020324736020256,4.0
2016-08-02 15:23:18.370,1.203,0.188,0.395,-2.9135920134450735,-75.26715097724971,2.088930598601677,4.0
2016-08-02 15:23:18.380,1.184,0.188,0.359,-1.1801839233447602,-69.35821213520668,1.0053367559333086,4.0
2016-08-02 15:23:18.390,1.168,0.188,0.328,-1.955915822178544,-65.51876550627664,-1.2807175764414191,4.0
2016-08-02 15:23:18.400,1.16,0.188,0.309,-3.2490455585478055,-62.84153121691391,-3.816905179606853,4.0
2016-08-02 15:23:18.410,1.16,0.195,0.301,-4.603066212169331,-59.18029480431713,-5.474526501061961,4.0
2016-08-02 15:23:18.420,1.145,0.195,0.293,-6.382907137456298,-56.080918486731605,-7.842996892100761,4.0
2016-08-02 15:23:18.430,1.125,0.199,0.293,-8.453819455267709,-53.15484185471979,-10.10393158275109,4.0
2016-08-02 15:23:18.440,1.105,0.199,0.289,-9.33786235949727,-49.86333466316194,-11.075328750196649,4.0
2016-08-02 15:23:18.450,1.086,0.199,0.281,-8.276060930903583,-46.86192611796439,-11.443730296744846,4.0
2016-08-02 15:23:18.460,1.066,0.203,0.293,-4.550399907845349,-45.42532545118934,-11.460221297370559,4.0
2016-08-02 15:23:18.470,1.145,0.141,0.527,12.078492586815752,-50.150303858315304,-17.516195954042324,4.0
2016-08-02 15:23:18.480,1.242,0.063,0.719,43.56678170209397,-48.385492400287355,-33.7372977749907,4.0
2016-08-02 15:23:18.490,1.141,0.188,0.77,52.598358953352005,-17.54471720480299,-44.15785169863703,4.0
2016-08-02 15:23:18.500,0.941,0.188,0.953,20.990817452045867,10.083088911645326,-34.55906959802492,4.0
2016-08-02 15:23:18.510,0.98,0.199,0.938,-14.247894019168267,0.10136758228968895,-13.346347144420415,4.0
2016-08-02 15:23:18.520,1.031,0.258,0.785,-42.39478524107621,-1.0542861296034785,3.6769706261281194,4.0
2016-08-02 15:23:18.530,1.027,0.25,0.605,-68.42535201554604,22.739891611113087,15.369486922678355,4.0
2016-08-02 15:23:18.540,0.98,0.145,0.41,-68.63626016380138,26.00477170895111,28.011797072110017,4.0
2016-08-02 15:23:18.550,1.039,0.086,0.234,-47.424636665846215,14.102117770736767,29.187659908275847,4.0
2016-08-02 15:23:18.560,1.109,0.105,0.164,-27.352125552287927,17.830160836464543,17.39870303727468,4.0
2016-08-02 15:23:18.570,1.125,0.016,0.195,-0.2337728914703785,38.27120344525575,15.630282155110768,4.0
2016-08-02 15:23:18.580,1.125,0.074,0.098,35.20295581789965,56.033684240581316,15.237244963392929,4.0
2016-08-02 15:23:18.590,1.078,0.227,0.016,45.810403517306895,45.51020977653726,1.2900958609468345,4.0
2016-08-02 15:23:18.600,1.109,0.316,0.012,24.11710324520155,22.552520799953836,2.6043131310778382,4.0
2016-08-02 15:23:18.610,1.125,0.309,0.012,4.593767037066508,23.23824384100414,16.303388926620354,4.0
2016-08-02 15:23:18.620,1.078,0.223,0.031,0.1858824581522226,31.82492392002834,7.2458609772062825,4.0
2016-08-02 15:23:18.630,1.031,0.156,0.043,5.503786612323925,25.57248771278456,-3.0087838026950626,4.0
2016-08-02 15:23:18.640,1.039,0.152,0.035,19.247804181210064,19.786793014318942,3.5237146195407565,4.0
2016-08-02 15:23:18.650,1.059,0.176,0.02,29.821027924850902,21.592565004348856,2.3437920895070725,4.0
2016-08-02 15:23:18.660,1.051,0.203,0.004,31.804833064603187,24.275420027196112,-4.311692694385055,4.0
2016-08-02 15:23:18.670,1.023,0.23,0.012,31.202440266234408,26.921290988576708,-3.8151353544393314,4.0
2016-08-02 15:23:18.680,1.0,0.234,0.047,28.374208934426928,27.415869985511172,-3.0242180568005446,4.0
2016-08-02 15:23:18.690,0.973,0.219,0.086,23.4461426846146,26.44961778416637,-4.830152512090658,4.0
2016-08-02 15:23:18.700,0.941,0.191,0.129,20.779611977750402,26.085371606375062,-7.6281045880602365,4.0
2016-08-02 15:23:18.710,0.934,0.16,0.184,23.205370681265826,23.96911615821439,-10.395212045802792,4.0
2016-08-02 15:23:18.720,0.957,0.129,0.199,32.09043676790367,21.34586201668114,-11.684806447163314,4.0
2016-08-02 15:23:18.730,0.984,0.141,0.195,46.09388458680833,22.094488432205736,-13.697458339730556,4.0
2016-08-02 15:23:18.740,1.004,0.188,0.191,58.831197333985074,25.62055815765663,-15.911222398711606,4.0
2016-08-02 15:23:18.750,1.012,0.246,0.199,62.502249798750235,29.55352341744902,-14.780818734449852,4.0
2016-08-02 15:23:18.760,1.004,0.301,0.254,53.16726724203701,32.38298877366211,-12.675707648354999,4.0
2016-08-02 15:23:18.770,0.984,0.32,0.305,34.27271716547357,32.89087962881821,-12.432400445556333,4.0
2016-08-02 15:23:18.780,0.984,0.293,0.371,15.647490993476325,32.244059536464064,-11.894741667887136,4.0
2016-08-02 15:23:18.790,1.016,0.25,0.426,8.152928254186085,33.12695599941222,-10.27221711014736,4.0
2016-08-02 15:23:18.800,1.063,0.211,0.469,14.344176591755497,36.558549677030285,-8.959895021029833,4.0
2016-08-02 15:23:18.810,1.094,0.223,0.48,24.374484651066286,41.799124122361455,-8.343302750809155,4.0
2016-08-02 15:23:18.820,1.109,0.297,0.465,26.80401803181052,46.39670240963213,-8.433749755324417,4.0
2016-08-02 15:23:18.830,1.102,0.359,0.516,17.028140767223967,48.816000760790416,-7.97167180343248,4.0
2016-08-02 15:23:18.840,1.105,0.328,0.555,-0.9449010770371546,50.27056831711979,-6.761711526915852,4.0
2016-08-02 15:23:18.850,1.133,0.289,0.57,-13.948635618087694,52.34295564962594,-8.397129636275343,4.0
2016-08-02 15:23:18.860,1.168,0.242,0.598,-13.43768106163199,57.61218198684576,-11.472338223931487,4.0
2016-08-02 15:23:18.870,1.199,0.203,0.594,-7.196431624270193,66.88449644501596,-11.330612114856846,4.0
2016-08-02 15:23:18.880,1.207,0.242,0.586,-7.24090443055524,74.98021185275834,-12.023792874109848,4.0
2016-08-02 15:23:18.890,1.188,0.332,0.637,-17.683886283686192,78.2384387682678,-14.460673620341808,4.0
2016-08-02 15:23:18.900,1.195,0.375,0.66,-36.312573215695224,79.23343618711584,-12.122193028545718,4.0
2016-08-02 15:23:18.910,1.23,0.355,0.703,-55.160405851974524,80.58622704927214,-8.074519736388366,4.0
2016-08-02 15:23:18.920,1.254,0.254,0.742,-63.77464323008904,83.97389147261856,-6.800805740821846,4.0
2016-08-02 15:23:18.930,1.266,0.184,0.711,-59.317254552148725,90.25109314113206,-5.497854744475782,4.0
2016-08-02 15:23:18.940,1.27,0.207,0.727,-49.46925220378922,97.462741271493,-4.365179708706543,4.0
2016-08-02 15:23:18.950,1.258,0.246,0.723,-45.44481631931627,104.17297543199665,-2.7470828110789216,4.0
2016-08-02 15:23:18.960,1.254,0.289,0.668,-52.88620486212539,109.46180080093146,0.22091879443071927,4.0
2016-08-02 15:23:18.970,1.262,0.316,0.672,-67.21160698754503,113.57080326128315,1.639528487792402,4.0
2016-08-02 15:23:18.980,1.258,0.289,0.699,-79.42614525916056,119.01277657477556,3.4463202061025786,4.0
2016-08-02 15:23:18.990,1.258,0.25,0.734,-85.08490867938941,124.17294594173873,6.4165371075303455,4.0
2016-08-02 15:23:19.000,1.262,0.219,0.781,-84.83135048189195,127.4607600435531,8.098841723455084,4.0
2016-08-02 15:23:19.010,1.27,0.191,0.797,-81.54263048814389,131.96289468050395,10.989259422294804,4.0
2016-08-02 15:23:19.020,1.281,0.184,0.805,-78.09734192818287,136.47710456116405,14.84765895048075,4.0
2016-08-02 15:23:19.030,1.297,0.16,0.816,-73.10618747175835,139.05743402277838,16.852471008441718,4.0
2016-08-02 15:23:19.040,1.32,0.137,0.816,-64.39265624684396,142.71769017413408,18.314886177404574,4.0
2016-08-02 15:23:19.050,1.34,0.176,0.824,-57.28154220994753,147.43716493919518,19.743010289052684,4.0
2016-08-02 15:23:19.060,1.359,0.168,0.777,-57.735351375023555,151.21141591815285,20.807862555705494,4.0
2016-08-02 15:23:19.070,1.355,0.156,0.746,-61.49988492753269,155.5836224572616,21.562933810647436,4.0
2016-08-02 15:23:19.080,1.328,0.152,0.723,-61.908216257179504,162.01416898198113,22.434894583911028,4.0
2016-08-02 15:23:19.090,1.285,0.152,0.715,-61.34238467206759,168.3567786745889,25.613363888530422,4.0
2016-08-02 15:23:19.100,1.238,0.141,0.738,-63.73504693525641,170.3468403232958,29.568900696973536,4.0
2016-08-02 15:23:19.110,1.242,0.105,0.797,-65.02238140931567,168.29022522888528,31.968054673866163,4.0
2016-08-02 15:23:19.120,1.289,0.09,0.809,-60.242047724319804,168.79780049923917,34.24005851873174,4.0
2016-08-02 15:23:19.130,1.313,0.066,0.809,-51.1396855534021,174.4047467542906,35.23680648895434,4.0
2016-08-02 15:23:19.140,1.316,0.027,0.742,-43.77971876286149,180.97606381066345,32.97431459441162,4.0
2016-08-02 15:23:19.150,1.258,0.09,0.707,-46.573917594415136,185.53683719286224,28.44203431028622,4.0
2016-08-02 15:23:19.160,1.148,0.105,0.762,-64.11401603146922,183.7951906006172,26.577439409772232,4.0
2016-08-02 15:23:19.170,1.133,0.027,0.742,-80.90199939125297,172.78194336431375,29.49903653838511,4.0
2016-08-02 15:23:19.180,1.16,-0.047,0.734,-74.67336205344503,167.28210324763444,30.749956057882194,4.0
2016-08-02 15:23:19.190,1.141,-0.055,0.734,-52.649449777696425,180.3442764601446,32.20752058600632,4.0
2016-08-02 15:23:19.200,1.039,0.082,0.801,-43.63728447444075,192.09993175822893,37.79124081384954,4.0
2016-08-02 15:23:19.210,0.914,0.141,0.883,-57.111994549071625,180.97116107263957,44.136395342958046,4.0
2016-08-02 15:23:19.220,0.914,0.078,0.898,-70.6094989261978,160.31366875229077,55.32905525901481,4.0
2016-08-02 15:23:19.230,0.977,0.004,0.898,-64.45800953479922,155.94952001983782,66.46323667970191,4.0
2016-08-02 15:23:19.240,0.973,-0.023,0.836,-48.320197827532155,167.74496741650069,67.54453855619843,4.0
2016-08-02 15:23:19.250,0.918,0.016,0.738,-40.27473281564439,174.82111734754181,66.0446609038748,4.0
2016-08-02 15:23:19.260,0.859,0.074,0.738,-45.50784005971382,171.63130690337613,67.49841878818378,4.0
2016-08-02 15:23:19.270,0.844,0.035,0.793,-54.98130801435036,166.20006629873495,69.18574317934252,4.0
2016-08-02 15:23:19.280,0.836,-0.027,0.816,-54.7099759495874,162.5871605564768,68.75491011897297,4.0
2016-08-02 15:23:19.290,0.84,-0.035,0.824,-43.56713424113905,166.37802138766233,66.6387677613053,4.0
2016-08-02 15:23:19.300,0.82,-0.012,0.793,-33.37786285224917,176.53096970723655,67.53260689967163,4.0
2016-08-02 15:23:19.310,0.738,-0.004,0.777,-32.526286016451685,181.4152989898197,68.63947184703318,4.0
2016-08-02 15:23:19.320,0.641,-0.031,0.797,-38.57941273102276,175.8408801555256,66.63404515534327,4.0
2016-08-02 15:23:19.330,0.582,-0.094,0.797,-41.407857043836586,165.64342807920443,67.20877401183049,4.0
2016-08-02 15:23:19.340,0.574,-0.133,0.805,-34.50151587874861,160.63237511178173,69.99151155063257,4.0
2016-08-02 15:23:19.350,0.574,-0.145,0.75,-21.42328746938191,163.81724452131374,71.20506330660632,4.0
2016-08-02 15:23:19.360,0.555,-0.07,0.688,-11.520980457470209,169.21072826115972,71.64195505858764,4.0
2016-08-02 15:23:19.370,0.445,-0.004,0.695,-14.592443648858278,169.5314117974736,71.57977542241326,4.0
2016-08-02 15:23:19.380,0.359,-0.043,0.703,-26.992581268242944,158.21324454487578,72.2365602479851,4.0
2016-08-02 15:23:19.390,0.336,-0.105,0.703,-31.2138960451795,142.83492210938837,72.74540124719957,4.0
2016-08-02 15:23:19.400,0.328,-0.164,0.672,-20.288079798021972,141.70607579205813,71.15577428987086,4.0
2016-08-02 15:23:19.410,0.301,-0.18,0.609,-2.72370430396593,149.7602693627681,69.34445847735614,4.0
2016-08-02 15:23:19.420,0.281,-0.148,0.527,13.344313016998703,152.02430423223237,66.17080552867492,4.0
2016-08-02 15:23:19.430,0.191,-0.043,0.578,19.11567745051386,152.85704827450226,60.12661216267705,4.0
2016-08-02 15:23:19.440,0.047,0.039,0.672,5.6987980456594585,145.77035539566592,57.08214363485865,4.0
2016-08-02 15:23:19.450,0.055,-0.023,0.625,-11.769715946739062,120.42278066617749,60.05318276777301,4.0
2016-08-02 15:23:19.460,0.113,-0.102,0.617,-6.29106480919363,108.26099666078322,62.35663214172301,4.0
2016-08-02 15:23:19.470,0.125,-0.152,0.547,20.60877238735501,125.72814283293263,61.35613321586157,4.0
2016-08-02 15:23:19.480,0.094,-0.133,0.438,46.150421078314636,140.34679963905603,56.64694651623823,4.0
2016-08-02 15:23:19.490,-0.055,0.039,0.48,48.3338960049543,141.76182866779135,46.84703248005147,4.0
2016-08-02 15:23:19.500,-0.227,0.16,0.559,21.97266768488766,129.09152396662557,43.80887238690697,4.0
2016-08-02 15:23:19.510,-0.18,0.043,0.512,-3.8465435851309424,96.5283903016029,49.80545330347558,4.0
2016-08-02 15:23:19.520,-0.109,-0.125,0.543,3.0249240559153785,81.03849418651627,49.38669448488031,4.0
2016-08-02 15:23:19.530,-0.066,-0.18,0.539,37.35215516196885,99.2238820350348,44.05868749148521,4.0
2016-08-02 15:23:19.540,-0.09,-0.109,0.445,68.55444633759072,115.7368653817988,38.83915488870682,4.0
2016-08-02 15:23:19.550,-0.258,0.059,0.457,67.75025866925331,116.0783865306444,30.313412497153188,4.0
2016-08-02 15:23:19.560,-0.367,0.16,0.438,35.64356504677882,98.700077343508,28.22898250936524,4.0
2016-08-02 15:23:19.570,-0.332,0.109,0.418,7.784941065411735,71.62446791519604,33.30999284960919,4.0
2016-08-02 15:23:19.580,-0.313,0.031,0.43,7.3264905961142714,66.80823067657298,32.618177475204995,4.0
2016-08-02 15:23:19.590,-0.32,-0.02,0.402,22.568380692369594,78.47088550567963,29.05063944200987,4.0
2016-08-02 15:23:19.600,-0.359,-0.07,0.367,38.053662384136004,80.03319916033202,25.9208509720522,4.0
2016-08-02 15:23:19.610,-0.414,-0.047,0.344,47.15138778365878,78.34460833995034,19.70142435679839,4.0
2016-08-02 15:23:19.620,-0.473,0.07,0.395,42.273898256212156,74.61193955302673,14.246088659152546,4.0
2016-08-02 15:23:19.630,-0.504,0.129,0.438,23.782349630879605,58.92767616367938,11.539083312091512,4.0
2016-08-02 15:23:19.640,-0.473,0.109,0.434,8.691597166100465,43.127571897365065,10.770488151649184,4.0
2016-08-02 15:23:19.650,-0.453,0.059,0.457,9.436839443386354,40.27787837587765,10.999423789689962,4.0
2016-08-02 15:23:19.660,-0.453,-0.004,0.457,20.287749894486993,43.053083109726515,8.37156817706855,4.0
2016-08-02 15:23:19.670,-0.461,-0.051,0.414,33.62517221826624,42.20224692168833,2.7830052202049362,4.0
2016-08-02 15:23:19.680,-0.5,-0.004,0.402,44.24086566721235,40.39734742948827,-2.2533989863841573,4.0
2016-08-02 15:23:19.690,-0.535,0.098,0.367,43.1162877870081,37.03749601850771,-4.887833097116474,4.0
2016-08-02 15:23:19.700,-0.59,0.168,0.367,27.179944059521805,25.77123210639988,-5.589603599314375,4.0
2016-08-02 15:23:19.710,-0.582,0.141,0.391,8.113564401752996,9.841096597201993,-4.766970514191521,4.0
2016-08-02 15:23:19.720,-0.531,0.039,0.449,3.807094330396161,0.9007264451198533,-4.394681175869222,4.0
2016-08-02 15:23:19.730,-0.523,-0.063,0.516,19.482142300180875,4.329224457392828,-8.396121187588673,4.0
2016-08-02 15:23:19.740,-0.523,-0.055,0.523,40.31094086289179,11.410615290401992,-13.707317131736623,4.0
2016-08-02 15:23:19.750,-0.563,0.051,0.496,46.07972414679344,10.790635716221054,-15.14676911846951,4.0
2016-08-02 15:23:19.760,-0.57,0.105,0.414,32.48568026842184,0.07059898826072253,-14.8755621405288,4.0
2016-08-02 15:23:19.770,-0.555,0.09,0.398,16.481669377848466,-11.815301832254395,-14.874144938529106,4.0
2016-08-02 15:23:19.780,-0.523,0.051,0.402,13.08676321241403,-14.20823883087279,-14.759128790045505,4.0
2016-08-02 15:23:19.790,-0.508,0.012,0.422,16.670624132169763,-12.439276264687594,-16.8459575156889,4.0
2016-08-02 15:23:19.800,-0.523,0.016,0.473,17.319716727097756,-15.172024636051436,-20.914696666205195,4.0
2016-08-02 15:23:19.810,-0.535,0.016,0.551,15.248310220902093,-20.637044199758357,-22.626891584939884,4.0
2016-08-02 15:23:19.820,-0.547,0.0,0.59,13.53993777138307,-27.549384840492355,-22.554206310988107,4.0
2016-08-02 15:23:19.830,-0.523,-0.004,0.59,14.24320073970097,-34.28679625759388,-23.414109478912042,4.0
2016-08-02 15:23:19.840,-0.516,-0.027,0.555,17.98656657905761,-37.76934585311098,-24.24451753659226,4.0
2016-08-02 15:23:19.850,-0.52,-0.02,0.543,22.567978673890433,-39.373480227089885,-24.673208075089438,4.0
2016-08-02 15:23:19.860,-0.504,0.008,0.527,25.3485627995919,-41.34672776059527,-24.311560550144137,4.0
2016-08-02 15:23:19.870,-0.48,0.047,0.531,23.609025641649417,-44.37306184849481,-22.940329311863913,4.0
2016-08-02 15:23:19.880,-0.453,0.063,0.531,16.591180993680496,-49.13909888296026,-22.291936728516518,4.0
2016-08-02 15:23:19.890,-0.434,0.039,0.551,8.702720899181429,-53.66038287801075,-22.848465680753606,4.0
2016-08-02 15:23:19.900,-0.438,0.004,0.59,4.3324669758172885,-54.7495711633798,-23.812764970876657,4.0
2016-08-02 15:23:19.910,-0.422,-0.02,0.609,4.4669867748819705,-54.48215743016411,-24.713475022437617,4.0
2016-08-02 15:23:19.920,-0.406,-0.047,0.617,8.740021290618227,-54.75847339700378,-26.572329322154957,4.0
2016-08-02 15:23:19.930,-0.406,-0.039,0.613,13.804732631291301,-53.99526732776155,-29.592785356570772,4.0
2016-08-02 15:23:19.940,-0.391,-0.012,0.598,14.2337992066256,-55.50984217748137,-31.68462038579289,4.0
2016-08-02 15:23:19.950,-0.387,0.008,0.578,8.784674227694586,-61.79123002238305,-33.42820228862838,4.0
2016-08-02 15:23:19.960,-0.379,0.004,0.555,0.8871675842489044,-68.76722296184829,-34.78827957650828,4.0
2016-08-02 15:23:19.970,-0.344,-0.027,0.512,-6.173375386989487,-74.47331883055612,-33.689889257766055,4.0
2016-08-02 15:23:19.980,-0.289,-0.074,0.488,-8.022739830220468,-77.67872869070644,-33.41551414577466,4.0
2016-08-02 15:23:19.990,-0.23,-0.125,0.48,0.04324974971613482,-75.76315720613407,-36.842836952470506,4.0
2016-08-02 15:23:20.000,-0.164,-0.133,0.5,14.282301219624394,-69.72272317615217,-43.266290303622895,4.0
2016-08-02 15:23:20.010,-0.113,-0.031,0.563,23.645142725610626,-61.14013996501296,-53.95264319091057,4.0
2016-08-02 15:23:20.020,-0.148,0.094,0.555,18.63135780683949,-56.61560964288276,-64.94139716653004,4.0
2016-08-02 15:23:20.030,-0.188,0.086,0.578,-1.3049320903651491,-67.70544510871696,-69.29264877168818,4.0
2016-08-02 15:23:20.040,-0.156,0.016,0.691,-18.65961891331781,-86.95309143293072,-70.00812206627967,4.0
2016-08-02 15:23:20.050,-0.09,-0.031,0.805,-12.537584201981462,-94.42677453229828,-71.56923039025288,4.0
2016-08-02 15:23:20.060,-0.043,-0.031,0.863,11.034084599944517,-91.16795956341693,-72.20241493469676,4.0
2016-08-02 15:23:20.070,-0.039,0.023,0.844,30.0597097234835,-90.90546124766348,-72.27035828962882,4.0
2016-08-02 15:23:20.080,-0.07,0.086,0.824,34.63414019271495,-97.91861723673907,-71.87322001935361,4.0
2016-08-02 15:23:20.090,-0.082,0.113,0.813,26.664459255405742,-109.86664351958146,-68.53851916609847,4.0
2016-08-02 15:23:20.100,-0.035,0.102,0.793,16.970307501169763,-119.74997427412673,-65.52686027707955,4.0
2016-08-02 15:23:20.110,0.004,0.055,0.797,17.917628061187823,-119.75184160522353,-66.14111671626355,4.0
2016-08-02 15:23:20.120,0.043,0.031,0.801,27.349009452112995,-112.8722487359279,-66.32684973811448,4.0
2016-08-02 15:23:20.130,0.055,0.031,0.781,35.594270818333,-107.15007644549871,-63.98922198653737,4.0
2016-08-02 15:23:20.140,0.039,0.074,0.793,38.12693513971411,-104.79288623837986,-61.0515277971341,4.0
2016-08-02 15:23:20.150,0.023,0.109,0.801,34.05276588316039,-106.70373818925435,-56.64222901486509,4.0
2016-08-02 15:23:20.160,0.039,0.078,0.809,27.27958322737976,-112.64499940568669,-51.16838981827431,4.0
2016-08-02 15:23:20.170,0.086,0.031,0.816,24.750834236812132,-118.22286567662064,-47.84374084193931,4.0
2016-08-02 15:23:20.180,0.125,-0.004,0.82,29.32552236647335,-120.70534349936284,-46.26949251624064,4.0
2016-08-02 15:23:20.190,0.152,-0.02,0.828,39.145331344385475,-120.04877008425481,-43.98472409129437,4.0
2016-08-02 15:23:20.200,0.145,-0.004,0.852,47.95448418862987,-117.90197675298779,-40.12725791572001,4.0
2016-08-02 15:23:20.210,0.125,0.031,0.832,49.08918444585225,-119.59237028845652,-34.91925483475708,4.0
2016-08-02 15:23:20.220,0.141,0.055,0.809,44.21104991148308,-126.8989205612223,-29.628088355842777,4.0
2016-08-02 15:23:20.230,0.199,0.051,0.789,39.928778607775094,-133.5048461521089,-26.216179065067234,4.0
2016-08-02 15:23:20.240,0.258,0.047,0.793,38.81262265181772,-135.76462989327084,-26.398144672228426,4.0
2016-08-02 15:23:20.250,0.313,0.07,0.828,40.00039130604923,-136.3931182917825,-28.54968717070969,4.0
2016-08-02 15:23:20.260,0.344,0.113,0.871,41.98814046793516,-137.15499744484396,-27.364518926635842,4.0
2016-08-02 15:23:20.270,0.344,0.145,0.898,42.673036088760846,-139.1901506498078,-20.920828327941273,4.0
2016-08-02 15:23:20.280,0.336,0.148,0.93,40.68961280175621,-143.87514563378957,-12.147541262349751,4.0
2016-08-02 15:23:20.290,0.371,0.125,0.926,38.39769152066768,-149.22207152770596,-4.3979670384343414,4.0
2016-08-02 15:23:20.300,0.426,0.141,0.871,39.10166798011323,-151.57319325496934,-0.5281449444052282,4.0
2016-08-02 15:23:20.310,0.484,0.152,0.809,40.735696251772524,-150.41962018814166,0.23466538851101865,4.0
2016-08-02 15:23:20.320,0.555,0.148,0.77,41.15530727891179,-148.84011992711174,0.7724638148240295,4.0
2016-08-02 15:23:20.330,0.625,0.168,0.781,42.7674529849974,-148.42170494781254,0.6250390416155878,4.0
2016-08-02 15:23:20.340,0.652,0.195,0.82,44.65472352750909,-148.3802405216442,0.6156079289398326,4.0
2016-08-02 15:23:20.350,0.645,0.199,0.895,43.576425438957784,-150.20192373019722,2.63469681547035,4.0
2016-08-02 15:23:20.360,0.652,0.188,0.918,42.0998838100934,-154.99576613941355,4.801503436311335,4.0
2016-08-02 15:23:20.370,0.664,0.172,0.895,44.05107796756634,-158.57640135426024,6.8404875079250855,4.0
2016-08-02 15:23:20.380,0.672,0.164,0.828,48.49363478972417,-157.33931495997177,10.773128512120712,4.0
2016-08-02 15:23:20.390,0.699,0.168,0.734,53.0884907228072,-154.5733330823963,15.854566384398051,4.0
2016-08-02 15:23:20.400,0.734,0.215,0.676,55.964458153888835,-153.97432110806878,20.53243925193275,4.0
2016-08-02 15:23:20.410,0.785,0.254,0.723,53.99402053304233,-155.29009900958488,25.269754121474556,4.0
2016-08-02 15:23:20.420,0.84,0.262,0.77,45.64443048170557,-159.60768748112145,29.37473428878994,4.0
2016-08-02 15:23:20.430,0.898,0.238,0.805,36.39647646928902,-166.5938466513934,29.831709875793322,4.0
2016-08-02 15:23:20.440,0.957,0.223,0.848,34.0314056278599,-170.06518322275633,27.748735987471683,4.0
2016-08-02 15:23:20.450,0.992,0.203,0.816,38.608129948043,-166.52130774927093,27.09569218195441,4.0
2016-08-02 15:23:20.460,1.012,0.207,0.723,44.27729778073458,-160.2976689152558,27.756288392522862,4.0
2016-08-02 15:23:20.470,1.039,0.23,0.633,47.08706891901641,-155.76985164959132,29.24892505792788,4.0
2016-08-02 15:23:20.480,1.055,0.25,0.605,46.3834105441115,-153.02411812716718,31.882824262440046,4.0
2016-08-02 15:23:20.490,1.086,0.301,0.66,40.77573660283848,-153.04948754378364,33.859567538936965,4.0
2016-08-02 15:23:20.500,1.129,0.324,0.777,29.573731178194357,-158.1038214319747,34.27058333990425,4.0
2016-08-02 15:23:20.510,1.184,0.281,0.82,19.14455180084471,-164.39979936441495,32.521212669871545,4.0
2016-08-02 15:23:20.520,1.219,0.219,0.813,16.6760095580375,-164.19793460279044,28.122673057173934,4.0
2016-08-02 15:23:20.530,1.203,0.172,0.785,21.58871725979522,-156.9079319034758,23.094202727898743,4.0
2016-08-02 15:23:20.540,1.152,0.141,0.664,29.971547283774978,-149.20932743245123,18.994181414231594,4.0
2016-08-02 15:23:20.550,1.109,0.176,0.52,36.989284180972085,-145.18654825523794,16.32633029122085,4.0
2016-08-02 15:23:20.560,1.121,0.289,0.527,35.104713320951255,-143.79143466849246,17.52325548329148,4.0
2016-08-02 15:23:20.570,1.195,0.359,0.625,21.214479347392142,-144.0854781811462,22.239655602142623,4.0
2016-08-02 15:23:20.580,1.258,0.332,0.672,3.907444255736463,-145.5852117400259,23.450364409878542,4.0
2016-08-02 15:23:20.590,1.297,0.258,0.711,-5.633943303378194,-145.45101757794987,18.98890953525919,4.0
2016-08-02 15:23:20.600,1.305,0.18,0.695,-4.330891200734298,-141.493637695646,14.796250423243372,4.0
2016-08-02 15:23:20.610,1.289,0.141,0.629,4.090939747059484,-134.97704770591378,11.585083100351873,4.0
2016-08-02 15:23:20.620,1.25,0.16,0.59,10.692893058996853,-128.6256044385291,8.529467466056122,4.0
2016-08-02 15:23:20.630,1.219,0.215,0.59,7.530123811799665,-125.27227449590046,9.087195995588555,4.0
2016-08-02 15:23:20.640,1.215,0.266,0.605,-3.9193045952193923,-126.06188555364884,10.87426194948155,4.0
2016-08-02 15:23:20.650,1.238,0.27,0.648,-16.607357562555432,-127.59605113728554,9.955356207025595,4.0
2016-08-02 15:23:20.660,1.25,0.23,0.652,-24.518389839708938,-125.34653246327107,8.224158350606718,4.0
2016-08-02 15:23:20.670,1.238,0.184,0.648,-25.036879026945282,-119.91994890019538,5.8108638356762885,4.0
2016-08-02 15:23:20.680,1.227,0.133,0.621,-19.400710169523656,-114.13520761773634,2.301011527765803,4.0
2016-08-02 15:23:20.690,1.23,0.117,0.578,-10.755544305337239,-107.614324545937,0.03300032580609269,4.0
2016-08-02 15:23:20.700,1.223,0.156,0.539,-3.88935830099163,-100.58330990852417,-1.0997469509491546,4.0
2016-08-02 15:23:20.710,1.215,0.211,0.531,-4.318801165884989,-95.6407738191858,-1.3853332773845395,4.0
2016-08-02 15:23:20.720,1.211,0.254,0.563,-12.464728629919826,-93.27754377472661,-0.10939611305088806,4.0
2016-08-02 15:23:20.730,1.227,0.25,0.582,-22.07087088868127,-92.18500630996361,0.9898810373171993,4.0
2016-08-02 15:23:20.740,1.234,0.211,0.586,-26.6293949148226,-90.43167673644471,0.903216841965542,4.0
2016-08-02 15:23:20.750,1.227,0.164,0.57,-23.712784976317963,-86.2999539096007,0.5872644504161798,4.0
2016-08-02 15:23:20.760,1.219,0.145,0.535,-15.60722851588849,-80.63899237894906,0.29531119906704645,4.0
2016-08-02 15:23:20.770,1.211,0.145,0.48,-7.75115193895061,-74.82049919916047,0.08964252650424365,4.0
2016-08-02 15:23:20.780,1.195,0.148,0.449,-3.118249691024329,-69.47764135716116,0.10420108647559564,4.0
2016-08-02 15:23:20.790,1.184,0.16,0.449,-0.7272361609587297,-65.30085578389517,-0.1127762585657549,4.0
2016-08-02 15:23:20.800,1.18,0.172,0.469,0.11218349024107695,-62.173716489399894,-0.5764680809835789,4.0
2016-08-02 15:23:20.810,1.172,0.168,0.469,0.16302193637581572,-59.7771649156864,-1.361547317896215,4.0
2016-08-02 15:23:20.820,1.152,0.137,0.457,2.1743324059414286,-57.45352518375668,-2.6102430658057214,4.0
2016-08-02 15:23:20.830,1.145,0.129,0.426,7.288170402247205,-53.92319111706962,-3.2897737809179457,4.0
2016-08-02 15:23:20.840,1.133,0.141,0.391,13.16090870924078,-49.3739570506606,-3.559328534391608,4.0
2016-08-02 15:23:20.850,1.121,0.152,0.363,16.54156136168031,-44.96497868566533,-4.26047173190517,4.0
2016-08-02 15:23:20.860,1.102,0.156,0.352,16.323782934632202,-41.340321983716215,-4.542902151162395,4.0
2016-08-02 15:23:20.870,1.086,0.16,0.352,14.817496793049344,-39.243945733104134,-4.754053755373615,4.0
2016-08-02 15:23:20.880,1.082,0.16,0.352,14.417518967099838,-38.24500703166973,-5.820060761171493,4.0
2016-08-02 15:23:20.890,1.078,0.148,0.344,15.587856884890808,-36.59495212914794,-6.813061786018746,4.0
2016-08-02 15:23:20.900,1.063,0.133,0.332,18.687787572460092,-34.12044396897215,-7.485025054391449,4.0
2016-08-02 15:23:20.910,1.043,0.129,0.313,23.595337478870746,-32.04734260787871,-8.227940190666441,4.0
2016-08-02 15:23:20.920,1.027,0.145,0.293,28.762395960697646,-30.64414728716106,-8.314635330565986,4.0
2016-08-02 15:23:20.930,1.023,0.156,0.277,31.893163716348873,-29.0167978939748,-7.09861020699995,4.0
2016-08-02 15:23:20.940,1.027,0.172,0.289,31.825073120135997,-26.385479169564874,-5.326332875269796,4.0
2016-08-02 15:23:20.950,1.039,0.164,0.371,31.73499997382801,-22.370334104384366,-4.082064166226155,4.0
2016-08-02 15:23:20.960,1.047,0.129,0.441,37.28129333748429,-16.436965312450347,-2.9789708201257294,4.0
2016-08-02 15:23:20.970,1.027,0.07,0.5,49.022417703784384,-8.758070452782672,-1.5174538557637163,4.0
2016-08-02 15:23:20.980,0.996,0.035,0.535,61.699713512571094,0.29821480463726946,0.2285317548651436,4.0
2016-08-02 15:23:20.990,0.965,0.051,0.535,70.2775474638078,8.267146590048746,2.2214101492186495,4.0
2016-08-02 15:23:21.000,0.965,0.102,0.496,71.80989306419448,9.933440897430337,4.998631247969511,4.0
2016-08-02 15:23:21.010,1.004,0.164,0.434,65.07557000949059,8.753969908359394,9.61096099639599,4.0
2016-08-02 15:23:21.020,1.047,0.191,0.352,53.4464536581072,10.923338765313112,12.384935085123065,4.0
2016-08-02 15:23:21.030,1.066,0.188,0.27,44.47665459208618,12.71695333472279,9.691716362004344,4.0
2016-08-02 15:23:21.040,1.074,0.164,0.223,42.70412423426956,14.049169466875242,6.138122810289888,4.0
2016-08-02 15:23:21.050,1.07,0.129,0.156,47.45962624732762,17.079450044636207,4.751494209690568,4.0
2016-08-02 15:23:21.060,1.07,0.125,0.098,55.40122022283251,18.849427425960556,3.108140513159793,4.0
2016-08-02 15:23:21.070,1.059,0.145,0.074,61.77141326128652,20.213967161836354,1.0969734475510249,4.0
2016-08-02 15:23:21.080,1.051,0.176,0.059,63.85990308626131,20.98466725088346,0.21708731742643836,4.0
2016-08-02 15:23:21.090,1.039,0.219,0.035,61.69286305337488,19.332459118236166,-0.010553929158208561,4.0
2016-08-02 15:23:21.100,1.02,0.23,0.02,56.841487634782965,17.55939115250278,-0.42339822554984236,4.0
2016-08-02 15:23:21.110,0.996,0.227,0.012,51.90959269667472,16.32596570063268,-0.4349213400871627,4.0
2016-08-02 15:23:21.120,0.984,0.227,0.012,47.46956003247698,15.1643032795368,-0.14993808822739074,4.0
2016-08-02 15:23:21.130,0.977,0.223,0.008,42.42105902548772,15.075292227888575,-0.5671663877358748,4.0
2016-08-02 15:23:21.140,0.965,0.219,0.004,36.56580102172227,15.614016599989505,-1.3647035244220382,4.0
2016-08-02 15:23:21.150,0.953,0.215,0.008,30.42028245149985,15.857632724801608,-1.8856753008511813,4.0
2016-08-02 15:23:21.160,0.938,0.207,0.023,25.243709241364975,15.322924232827445,-2.3912850310289464,4.0
2016-08-02 15:23:21.170,0.945,0.195,0.027,22.244226690082755,13.698174306838112,-2.9352210544979647,4.0
2016-08-02 15:23:21.180,0.953,0.176,0.02,21.398207947753008,12.234031908121182,-3.106499070425671,4.0
2016-08-02 15:23:21.190,0.957,0.18,0.008,22.08201160938879,12.038694153756758,-2.8508404067388478,4.0
2016-08-02 15:23:21.200,0.969,0.195,0.004,23.01021486472318,12.233657132482591,-2.210724822898702,4.0
2016-08-02 15:23:21.210,0.977,0.223,-0.008,22.091917699055042,12.135585128711707,-1.3164324601978277,4.0
2016-08-02 15:23:21.220,0.98,0.242,-0.012,18.18331398964276,12.06217670129599,-0.43746939081787156,4.0
2016-08-02 15:23:21.230,0.973,0.242,-0.004,12.316384101462969,11.92042451235011,0.5445380298863209,4.0
2016-08-02 15:23:21.240,0.961,0.223,0.0,6.4489396869404345,11.159870547097032,1.5008186993996322,4.0
2016-08-02 15:23:21.250,0.961,0.207,0.0,2.265767870476754,9.653175116958941,1.933866566272687,4.0
2016-08-02 15:23:21.260,0.969,0.195,0.008,0.4642107639077242,8.003941283384247,2.2145050647303646,4.0
2016-08-02 15:23:21.270,0.977,0.191,0.004,-0.33567643864852303,6.75946162634405,2.9190533144102178,4.0
2016-08-02 15:23:21.280,0.984,0.195,-0.008,-1.6875631929152741,5.637863620933022,3.3909157397975265,4.0
2016-08-02 15:23:21.290,0.988,0.195,-0.008,-3.1185829443217403,4.47079907328462,3.280032487195597,4.0
2016-08-02 15:23:21.300,1.0,0.195,-0.004,-4.1525401524140815,3.7896276149527184,3.481363798932513,4.0
2016-08-02 15:23:21.310,1.012,0.199,0.004,-5.417175316440754,3.523354943331536,3.8816858349882866,4.0
2016-08-02 15:23:21.320,1.012,0.203,0.008,-7.081857200636527,3.1750675062691514,3.6359234363770163,4.0
2016-08-02 15:23:21.330,1.008,0.199,0.012,-8.985332889611808,2.782768003121088,3.321276349579202,4.0
2016-08-02 15:23:21.340,1.0,0.191,0.012,-11.283617378271313,2.3430120228119686,3.5330098017977685,4.0
2016-08-02 15:23:21.350,0.996,0.188,0.012,-13.471328600203563,1.5713611419432418,3.6567968297111237,4.0
2016-08-02 15:23:21.360,0.992,0.18,0.012,-14.376030761679306,0.2323300369288614,3.5987928096871764,4.0
2016-08-02 15:23:21.370,0.992,0.168,0.016,-13.797957115098773,-1.4469660002818556,3.8904459073085036,4.0
2016-08-02 15:23:21.380,0.992,0.168,0.016,-12.653053838707,-2.796408668878189,4.270823302716385,4.0
2016-08-02 15:23:21.390,0.996,0.18,0.023,-11.961125648331642,-3.5262384398779294,4.5808496921100526,4.0
2016-08-02 15:23:21.400,0.992,0.191,0.02,-12.51717180462752,-4.04659354884903,5.3378103701857205,4.0
2016-08-02 15:23:21.410,0.988,0.184,0.016,-14.234685908014802,-4.761125460628045,6.253520145593448,4.0
2016-08-02 15:23:21.420,0.988,0.176,0.02,-15.95738480890598,-5.225290836474306,6.746950590240721,4.0
2016-08-02 15:23:21.430,0.984,0.168,0.02,-16.408623769820554,-5.159935120786127,6.951973001116388,4.0
2016-08-02 15:23:21.440,0.988,0.168,0.02,-15.43541456348657,-5.276486678203446,6.978599191656663,4.0
2016-08-02 15:23:21.450,0.988,0.168,0.031,-14.64952894004667,-5.553120232125412,6.92118887223402,4.0
2016-08-02 15:23:21.460,0.988,0.176,0.039,-15.464103440291572,-5.672326538898354,6.806849962379786,4.0
2016-08-02 15:23:21.470,0.984,0.18,0.047,-17.238175320717456,-6.459180906794669,6.577253960626955,4.0
2016-08-02 15:23:21.480,0.988,0.176,0.051,-18.59151436009596,-7.803053336714719,6.58833769254367,4.0
2016-08-02 15:23:21.490,0.988,0.168,0.051,-18.592082344336106,-8.543608317406495,6.738659347691684,4.0
2016-08-02 15:23:21.500,0.98,0.156,0.051,-17.019251712510716,-8.839839519440414,6.5243357324319255,4.0
2016-08-02 15:23:21.510,0.988,0.156,0.051,-14.680192853631663,-9.173288792174613,6.176985706687812,4.0
2016-08-02 15:23:21.520,0.988,0.164,0.039,-12.89364270036197,-9.23947850551377,5.98084291422842,4.0
2016-08-02 15:23:21.530,0.988,0.172,0.035,-12.569568148572621,-9.233083858597649,5.916580382503797,4.0
2016-08-02 15:23:21.540,0.996,0.172,0.039,-13.231545987466395,-9.411654872051342,6.099281124949894,4.0
2016-08-02 15:23:21.550,0.992,0.168,0.047,-13.665820791317177,-9.350872184155376,6.251160029710496,4.0
2016-08-02 15:23:21.560,0.992,0.168,0.051,-13.541974078422488,-9.300641280310174,6.061007079810497,4.0
2016-08-02 15:23:21.570,1.0,0.168,0.047,-12.836095639931623,-9.640004199082501,5.947800907663737,4.0
2016-08-02 15:23:21.580,0.992,0.156,0.047,-11.37072746790744,-9.708087740268718,6.112550532742523,4.0
2016-08-02 15:23:21.590,0.996,0.156,0.051,-9.640350444873558,-9.382145880690022,6.061963321053895,4.0
2016-08-02 15:23:21.600,0.992,0.16,0.051,-8.224202380906682,-9.175918201963995,5.748426739401433,4.0
2016-08-02 15:23:21.610,0.992,0.164,0.051,-7.1321264127120685,-9.033030525304506,5.57856878326774,4.0
2016-08-02 15:23:21.620,0.988,0.168,0.051,-6.442798323171249,-8.832692807382486,5.56801048381827,4.0
2016-08-02 15:23:21.630,0.988,0.164,0.047,-6.27338337815598,-8.681050420486548,5.637609082789957,4.0
2016-08-02 15:23:21.640,0.988,0.16,0.047,-6.189761867745192,-8.738565411770026,5.698379845934627,4.0
2016-08-02 15:23:21.650,0.988,0.156,0.047,-5.659952939059858,-9.000042554073662,5.565841550724466,4.0
2016-08-02 15:23:21.660,0.988,0.156,0.039,-4.766465322633894,-9.142690101039298,5.445021634422959,4.0
2016-08-02 15:23:21.670,1.0,0.152,0.043,-3.9234927858654416,-8.93864474962728,5.449695948483308,4.0
2016-08-02 15:23:21.680,0.996,0.156,0.051,-3.204025251857946,-8.576253671286306,5.218989102560499,4.0
2016-08-02 15:23:21.690,1.0,0.152,0.051,-2.083325471508736,-8.425688043498116,4.769838361495181,4.0
2016-08-02 15:23:21.700,1.004,0.152,0.051,-0.22810492142504085,-8.254213988444006,4.549296496542177,4.0
2016-08-02 15:23:21.710,1.008,0.152,0.051,1.62242313514734,-7.797198274045725,4.55457332248799,4.0
2016-08-02 15:23:21.720,1.008,0.16,0.051,2.5937467812068906,-7.657484863335615,4.42398608336341,4.0
2016-08-02 15:23:21.730,1.016,0.164,0.047,2.6658627434712816,-7.814765906488288,4.326326887941322,4.0
2016-08-02 15:23:21.740,1.008,0.16,0.047,2.3098113351822556,-7.644240114534308,4.475609293950011,4.0
2016-08-02 15:23:21.750,1.008,0.164,0.047,2.047775464866728,-7.5449464250292735,4.445416459975759,4.0
2016-08-02 15:23:21.760,1.016,0.164,0.047,2.132119225862856,-7.7183812253619,4.25880206840133,4.0
2016-08-02 15:23:21.770,1.016,0.168,0.043,2.7530482165761176,-7.340720588036712,4.23973571996278,4.0
2016-08-02 15:23:21.780,1.012,0.164,0.051,4.009699380413137,-6.2775738645476435,4.107538467191134,4.0
2016-08-02 15:23:21.790,1.012,0.16,0.059,5.274484981454907,-5.5788081593282355,3.8101933328036823,4.0
2016-08-02 15:23:21.800,1.004,0.16,0.055,5.950350509811594,-5.815033047351108,3.4438280997775683,4.0
2016-08-02 15:23:21.810,1.004,0.16,0.051,6.099203749591466,-5.98826469793213,2.8502048174122527,4.0
2016-08-02 15:23:21.820,1.008,0.164,0.051,5.824582546491085,-5.296466807775911,2.269021988130474,4.0
2016-08-02 15:23:21.830,1.004,0.164,0.039,5.322815715754869,-4.739103160272618,1.8529243867621483,4.0
2016-08-02 15:23:21.840,1.008,0.172,0.023,4.606077164284329,-4.898858786191351,1.495580242156737,4.0
2016-08-02 15:23:21.850,1.008,0.172,0.023,3.4844172300057696,-4.806754222280399,1.3845916300503394,4.0
2016-08-02 15:23:21.860,1.012,0.168,0.027,2.8100075907189885,-4.145766339922933,1.5377390305542202,4.0
2016-08-02 15:23:21.870,1.012,0.16,0.035,3.415992096876752,-3.3836459317810164,1.593189522085573,4.0
2016-08-02 15:23:21.880,1.016,0.16,0.039,4.494126270213748,-2.8169333736600213,1.290885736960312,4.0
2016-08-02 15:23:21.890,1.016,0.16,0.047,4.978471196157346,-2.5184075994987456,0.9567659938879698,4.0
2016-08-02 15:23:21.900,1.016,0.16,0.047,4.483129400988845,-2.146089748613572,0.7863467698329106,4.0
2016-08-02 15:23:21.910,1.008,0.168,0.047,3.08296692830288,-1.830419706023978,0.34484037565062053,4.0
2016-08-02 15:23:21.920,1.012,0.168,0.047,1.5625015052170148,-1.8626070094507536,-0.055626641675474556,4.0
2016-08-02 15:23:21.930,1.012,0.16,0.039,0.7618967568852552,-1.695006380349216,-0.06670340796724139,4.0
2016-08-02 15:23:21.940,1.012,0.156,0.031,0.7411632779196109,-1.22431432882695,-0.40425789057320693,4.0
2016-08-02 15:23:21.950,1.012,0.156,0.027,1.0412520980648228,-0.7737125698780771,-1.0276251948746777,4.0
2016-08-02 15:23:21.960,1.012,0.16,0.02,1.167351076949074,-0.0760649706064023,-1.3976894287468418,4.0
2016-08-02 15:23:21.970,1.004,0.16,0.016,0.9433433861425295,0.8032233618599639,-1.7901466169533493,4.0
2016-08-02 15:23:21.980,0.996,0.16,0.023,0.43576055848330897,1.0687654584800454,-2.2063700055290325,4.0
2016-08-02 15:23:21.990,1.004,0.172,0.027,-0.1790832473926618,0.5194505851024063,-2.4391003686380746,4.0
2016-08-02 15:23:22.000,1.0,0.172,0.035,-0.5179591943584647,0.31212765379102214,-2.7027866968347434,4.0
2016-08-02 15:24:34.000,0.23,-0.828,-0.477,1.731358317928579,-1.4998223729754636,1.009967335360164,5.0
2016-08-02 15:24:34.010,0.242,-0.824,-0.473,1.2147533782969606,-1.8973452289558705,1.809276021577548,5.0
2016-08-02 15:24:34.020,0.238,-0.848,-0.473,1.185220667494898,-0.6452310803889694,2.3633922101343443,5.0
2016-08-02 15:24:34.030,0.23,-0.855,-0.473,1.3342980861040075,0.5769962519326929,1.7279987495653477,5.0
2016-08-02 15:24:34.040,0.227,-0.852,-0.477,2.144190719399276,0.5300662422774801,0.8658446574124037,5.0
2016-08-02 15:24:34.050,0.234,-0.836,-0.473,2.500879521539505,0.23347624806072784,1.036786578842314,5.0
2016-08-02 15:24:34.060,0.246,-0.82,-0.465,1.6613475144753262,0.2397458615647251,1.2259452542098697,5.0
2016-08-02 15:24:34.070,0.254,-0.813,-0.453,0.8435246924422389,0.7731756534989553,0.6893934289617002,5.0
2016-08-02 15:24:34.080,0.254,-0.82,-0.457,0.6781126319547524,2.5457800719289416,-0.10482207528445359,5.0
2016-08-02 15:24:34.090,0.242,-0.82,-0.465,1.3856208657137592,4.581221719624084,-1.1523005646428528,5.0
2016-08-02 15:24:34.100,0.234,-0.805,-0.473,2.4081393673565703,5.050776791767161,-1.6947637823623714,5.0
2016-08-02 15:24:34.110,0.242,-0.813,-0.48,1.8745908707251302,4.734355547082869,-1.1487152841352652,5.0
2016-08-02 15:24:34.120,0.242,-0.813,-0.461,-0.16591103008944844,4.940091354036538,-1.1833941575514897,5.0
2016-08-02 15:24:34.130,0.246,-0.82,-0.465,-1.1670817512522484,4.907044803411177,-2.0040021560107997,5.0
2016-08-02 15:24:34.140,0.25,-0.836,-0.453,-0.7281185304762985,4.898048000825734,-1.8356111612843056,5.0
2016-08-02 15:24:34.150,0.25,-0.836,-0.445,-0.725028165790714,5.2317902177759725,-1.5151396646614668,5.0
2016-08-02 15:24:34.160,0.25,-0.832,-0.441,-0.6829976679522373,4.618630296209999,-1.782632142304497,5.0
2016-08-02 15:24:34.170,0.25,-0.84,-0.445,-0.14965807617918148,4.036423140748428,-1.437393442402491,5.0
2016-08-02 15:24:34.180,0.25,-0.848,-0.441,0.03367969691907746,3.9917651859584313,-1.2012511157530301,5.0
2016-08-02 15:24:34.190,0.25,-0.852,-0.453,0.45686709134097675,3.0925862429086797,-1.6887959470453722,5.0
2016-08-02 15:24:34.200,0.25,-0.859,-0.465,0.8601920426726419,2.38569197722833,-2.0436308139112205,5.0
2016-08-02 15:24:34.210,0.242,-0.855,-0.461,0.17950525855689012,1.9855946575718637,-2.484444857763677,5.0
2016-08-02 15:24:34.220,0.246,-0.84,-0.453,-0.79616661882712,0.4245211268808444,-2.5166051090139137,5.0
2016-08-02 15:24:34.230,0.262,-0.836,-0.449,-0.993492161294009,-0.7245260742661902,-1.190462906589994,5.0
2016-08-02 15:24:34.240,0.258,-0.852,-0.441,-0.9050763950177217,-0.16071379325210228,-0.2682390262001408,5.0
2016-08-02 15:24:34.250,0.254,-0.855,-0.438,-0.6543558070415648,0.28174731162993566,-0.9383509926202971,5.0
2016-08-02 15:24:34.260,0.258,-0.863,-0.457,0.10170014682271125,0.1315982910389026,-1.3493384577728817,5.0
2016-08-02 15:24:34.270,0.246,-0.879,-0.465,-0.1892928821853121,0.5083487022390891,-1.3550609216506575,5.0
2016-08-02 15:24:34.280,0.238,-0.852,-0.461,-1.8167234837920683,-0.08181853328971123,-1.6265028710040248,5.0
2016-08-02 15:24:34.290,0.262,-0.84,-0.457,-2.536273429620066,-1.7146366315709571,-0.0014327477036738534,5.0
2016-08-02 15:24:34.300,0.273,-0.848,-0.445,-2.592141026613418,-1.2750869793273163,2.4328129667956615,5.0
2016-08-02 15:24:34.310,0.277,-0.859,-0.441,-2.473832741580802,-0.06239624999725006,2.2667333535877128,5.0
2016-08-02 15:24:34.320,0.277,-0.867,-0.449,-1.2248762460522737,-0.027408658379008244,1.7320925756454653,5.0
2016-08-02 15:24:34.330,0.266,-0.863,-0.457,-1.0027358618577211,0.5179349434299054,2.337867409059179,5.0
2016-08-02 15:24:34.340,0.266,-0.852,-0.469,-2.2918068468366797,0.39119468229512877,1.929901564856865,5.0
2016-08-02 15:24:34.350,0.266,-0.852,-0.473,-2.509621492091312,-0.5005399031070442,1.6660353228694977,5.0
2016-08-02 15:24:34.360,0.266,-0.848,-0.473,-2.1548228654758366,0.1727123203469061,2.6506940150514824,5.0
2016-08-02 15:24:34.370,0.266,-0.848,-0.469,-2.26370432184416,0.7938928662721814,3.508768122302518,5.0
2016-08-02 15:24:34.380,0.273,-0.844,-0.461,-2.6609572785154243,0.5610813086096386,4.15712979171075,5.0
2016-08-02 15:24:34.390,0.273,-0.848,-0.453,-3.230182455117482,0.8342880062702362,4.596477495124637,5.0
2016-08-02 15:24:34.400,0.266,-0.848,-0.453,-3.2999033710508514,1.224134748354964,4.589162889188196,5.0
2016-08-02 15:24:34.410,0.258,-0.855,-0.469,-2.8351117862062427,1.50554892372302,4.602114717842624,5.0
2016-08-02 15:24:34.420,0.25,-0.863,-0.484,-1.993386338841825,1.8133214616457716,4.631459120125851,5.0
2016-08-02 15:24:34.430,0.242,-0.859,-0.488,-1.22544543431325,1.8371927485157964,4.774259911041423,5.0
2016-08-02 15:24:34.440,0.246,-0.84,-0.48,-1.6405423573631563,1.459612028017884,5.515450690350647,5.0
2016-08-02 15:24:34.450,0.246,-0.84,-0.477,-2.6635690846632287,1.1119494977043958,6.440271128806581,5.0
2016-08-02 15:24:34.460,0.246,-0.844,-0.461,-2.795914546819093,1.2136262513928482,6.711064936564979,5.0
2016-08-02 15:24:34.470,0.246,-0.852,-0.457,-1.4094916604836518,1.2078415665980038,6.652508993298904,5.0
2016-08-02 15:24:34.480,0.246,-0.867,-0.461,0.6561674806197009,1.1331160035203345,6.651019527000791,5.0
2016-08-02 15:24:34.490,0.242,-0.867,-0.473,1.9550105853517892,1.2518921593536556,5.85401552547447,5.0
2016-08-02 15:24:34.500,0.223,-0.852,-0.48,2.855293670060912,0.819543913351398,4.795495294480615,5.0
2016-08-02 15:24:34.510,0.23,-0.84,-0.48,3.3179457472853024,0.2573658411026758,4.924542564415596,5.0
2016-08-02 15:24:34.520,0.227,-0.844,-0.48,2.3710324175482,0.11017675936562331,5.315261508668008,5.0
2016-08-02 15:24:34.530,0.234,-0.832,-0.465,1.5729479849030508,-0.607073528296575,5.513980099445944,5.0
2016-08-02 15:24:34.540,0.25,-0.836,-0.453,2.3630336532423866,-1.5427874302324494,6.352211290751194,5.0
2016-08-02 15:24:34.550,0.25,-0.848,-0.457,3.505120509701575,-1.330419760561594,6.34830619287581,5.0
2016-08-02 15:24:34.560,0.242,-0.848,-0.461,4.507660544724723,-1.1034425038272957,4.654851462779931,5.0
2016-08-02 15:24:34.570,0.234,-0.832,-0.473,5.659554763034542,-2.265084457881531,3.5864992975297065,5.0
2016-08-02 15:24:34.580,0.242,-0.824,-0.477,5.92547005628956,-3.283435557248255,3.9836639023747002,5.0
2016-08-02 15:24:34.590,0.246,-0.824,-0.473,5.499845121256929,-3.169414648310759,3.8287648554470914,5.0
2016-08-02 15:24:34.600,0.242,-0.828,-0.477,5.648536032369185,-2.8488339739569746,2.41328067718655,5.0
2016-08-02 15:24:34.610,0.227,-0.836,-0.477,5.674144036634576,-2.5629059017142737,1.2935457237883679,5.0
2016-08-02 15:24:34.620,0.234,-0.82,-0.461,4.705625160706679,-2.8605841345733665,1.4227094523639048,5.0
2016-08-02 15:24:34.630,0.25,-0.824,-0.457,3.4647421163901306,-3.6446481018037273,2.135375489883437,5.0
2016-08-02 15:24:34.640,0.25,-0.848,-0.453,3.1454965148008514,-3.0874888427668497,1.8883292766591027,5.0
2016-08-02 15:24:34.650,0.234,-0.855,-0.465,4.621095715716253,-2.0330042833417377,0.36455370388009267,5.0
2016-08-02 15:24:34.660,0.223,-0.867,-0.48,6.260428481352495,-2.2825907669322043,-0.32502600318995156,5.0
2016-08-02 15:24:34.670,0.215,-0.863,-0.488,4.742506532122151,-2.87436504452664,0.060611609670836814,5.0
2016-08-02 15:24:34.680,0.223,-0.84,-0.488,1.3524739027822443,-3.70961768991424,-0.16915203252887517,5.0
2016-08-02 15:24:34.690,0.242,-0.84,-0.477,-0.16110636420979146,-4.426573044258155,0.11626622007289994,5.0
2016-08-02 15:24:34.700,0.246,-0.852,-0.461,-0.2962197820424059,-3.560092291844759,1.0708072416855121,5.0
2016-08-02 15:24:34.710,0.254,-0.852,-0.453,0.1752913566212495,-2.9345981273436186,0.852947770785472,5.0
2016-08-02 15:24:34.720,0.262,-0.844,-0.453,1.6577005252585562,-3.3000567104181004,0.5963338796088641,5.0
2016-08-02 15:24:34.730,0.254,-0.832,-0.457,2.0524909426295164,-2.7628630594457673,0.8603331408453254,5.0
2016-08-02 15:24:34.740,0.25,-0.832,-0.461,1.021224601953465,-2.3830393790674864,0.4024502825423086,5.0
2016-08-02 15:24:34.750,0.238,-0.855,-0.48,0.4417583330297613,-2.5604230227019484,-0.2678495736466533,5.0
2016-08-02 15:24:34.760,0.227,-0.855,-0.473,-0.1752384619352688,-2.309533985089372,-0.8070758542194687,5.0
2016-08-02 15:24:34.770,0.227,-0.832,-0.48,-1.2924047347346965,-3.256903856762624,-0.5845374739488871,5.0
2016-08-02 15:24:34.780,0.234,-0.855,-0.477,-2.5269178374922987,-4.43602376896422,1.0715815393887953,5.0
2016-08-02 15:24:34.790,0.23,-0.879,-0.48,-3.073041947318986,-4.089406548337669,1.7939583711829323,5.0
2016-08-02 15:24:34.800,0.238,-0.879,-0.492,-0.7248712225629383,-4.723837798693801,1.321132364322899,5.0
2016-08-02 15:24:34.810,0.242,-0.867,-0.488,2.0271125794216296,-5.862896056245111,2.2561356914001793,5.0
2016-08-02 15:24:34.820,0.242,-0.863,-0.488,0.9016863969286516,-5.847562613850845,3.0496940677181557,5.0
2016-08-02 15:24:34.830,0.234,-0.891,-0.492,-0.9959075118862988,-6.60878935524471,2.112765352124933,5.0
2016-08-02 15:24:34.840,0.227,-0.891,-0.473,-0.9668054129830371,-7.60644636878395,1.6002261793504653,5.0
2016-08-02 15:24:34.850,0.223,-0.887,-0.477,-0.7779282086539814,-8.115970943652343,2.3545639797217257,5.0
2016-08-02 15:24:34.860,0.227,-0.902,-0.477,-0.6110055487022368,-8.684588165405389,3.528310909350065,5.0
2016-08-02 15:24:34.870,0.219,-0.918,-0.484,-0.12627645088484782,-8.516732262505432,4.017834904445989,5.0
2016-08-02 15:24:34.880,0.223,-0.918,-0.484,0.8734834868887268,-9.295483469476576,4.266362072769052,5.0
2016-08-02 15:24:34.890,0.234,-0.906,-0.492,2.0863429177856987,-11.452036398650984,5.9707555949602344,5.0
2016-08-02 15:24:34.900,0.215,-0.945,-0.516,1.8359093222751919,-12.489151852159178,7.424600178893957,5.0
2016-08-02 15:24:34.910,0.18,-0.973,-0.531,0.2953074385956356,-13.309174648264378,7.197031896825198,5.0
2016-08-02 15:24:34.920,0.164,-0.957,-0.543,-0.4704407701957242,-15.763704573851484,8.788825556675715,5.0
2016-08-02 15:24:34.930,0.184,-0.949,-0.531,-0.467683701068146,-18.769422360365912,14.06614433590245,5.0
2016-08-02 15:24:34.940,0.223,-0.969,-0.496,-1.2849636366827553,-20.66238417475701,19.111835141463537,5.0
2016-08-02 15:24:34.950,0.246,-0.984,-0.48,-0.7438270349415659,-21.07626618758514,21.252069203431446,5.0
2016-08-02 15:24:34.960,0.254,-0.988,-0.504,3.893300434874835,-20.3525561415387,23.33442495689772,5.0
2016-08-02 15:24:34.970,0.215,-1.008,-0.527,8.083488664338985,-19.731082734053572,26.691902078282208,5.0
2016-08-02 15:24:34.980,0.18,-1.016,-0.555,7.205541781720944,-21.8066007796161,29.377723873718864,5.0
2016-08-02 15:24:34.990,0.191,-0.996,-0.57,4.935680332491888,-26.382958013128036,32.51442946481716,5.0
2016-08-02 15:24:35.000,0.191,-0.996,-0.563,5.236734695648149,-29.646781514087465,36.90118641417786,5.0
2016-08-02 15:24:35.010,0.188,-0.996,-0.547,7.429227282066028,-31.29116562381961,40.65889177545551,5.0
2016-08-02 15:24:35.020,0.184,-0.996,-0.523,10.618379138533651,-33.56760691510534,44.7857181920133,5.0
2016-08-02 15:24:35.030,0.184,-0.992,-0.504,13.682872692966484,-35.41253624170832,49.65530149769188,5.0
2016-08-02 15:24:35.040,0.188,-0.992,-0.492,16.49280019289114,-35.928897144541814,52.91216013025341,5.0
2016-08-02 15:24:35.050,0.172,-1.0,-0.512,20.831546514721012,-35.957577219138464,54.73199576918693,5.0
2016-08-02 15:24:35.060,0.148,-0.996,-0.531,25.448802824366854,-35.96856186474583,56.37620970959478,5.0
2016-08-02 15:24:35.070,0.133,-0.977,-0.547,27.138921195472705,-37.08734189587979,58.16433575629205,5.0
2016-08-02 15:24:35.080,0.121,-0.969,-0.555,25.35645882597261,-39.06219701596879,60.18112514660618,5.0
2016-08-02 15:24:35.090,0.098,-0.98,-0.531,21.768304410155608,-40.59462152071985,61.95067372516866,5.0
2016-08-02 15:24:35.100,0.086,-1.004,-0.512,18.470843547604396,-42.37123887523626,63.743663437211666,5.0
2016-08-02 15:24:35.110,0.09,-1.02,-0.504,17.412521355521427,-43.980939080976455,66.02969180212781,5.0
2016-08-02 15:24:35.120,0.074,-1.031,-0.488,19.002305571107556,-43.992555300060395,68.0509490636924,5.0
2016-08-02 15:24:35.130,0.055,-1.027,-0.496,21.525086806582838,-44.0198031112325,69.64803132329513,5.0
2016-08-02 15:24:35.140,0.035,-1.02,-0.5,23.292191740539902,-45.14831490910153,71.75621892501854,5.0
2016-08-02 15:24:35.150,0.027,-0.992,-0.496,23.21587141780471,-46.10436402554316,74.13059573197653,5.0
2016-08-02 15:24:35.160,0.008,-0.988,-0.504,21.40258106151039,-46.84753355259439,75.64381321843152,5.0
2016-08-02 15:24:35.170,-0.023,-1.02,-0.496,18.542105238220223,-47.13968053604019,76.29040004051367,5.0
2016-08-02 15:24:35.180,-0.047,-1.008,-0.465,15.096396103737577,-47.419509513621435,77.61481145883268,5.0
2016-08-02 15:24:35.190,-0.055,-1.008,-0.465,13.324078001618766,-48.59518261524779,81.09172837053029,5.0
2016-08-02 15:24:35.200,-0.066,-1.004,-0.449,12.76425667809395,-48.42952495009183,85.19651002577989,5.0
2016-08-02 15:24:35.210,-0.074,-0.996,-0.449,11.285835985325122,-47.36835632295571,87.86232701746002,5.0
2016-08-02 15:24:35.220,-0.098,-1.012,-0.461,10.298903869130424,-47.44499490888424,89.64871851153495,5.0
2016-08-02 15:24:35.230,-0.129,-1.016,-0.457,8.25743590410327,-47.47544241324443,91.34269479666914,5.0
2016-08-02 15:24:35.240,-0.137,-1.012,-0.441,4.33652492575856,-48.175910758966914,93.72568231328493,5.0
2016-08-02 15:24:35.250,-0.148,-1.02,-0.434,2.207609650961233,-48.812209868496254,96.62152908155785,5.0
2016-08-02 15:24:35.260,-0.164,-1.004,-0.414,1.6482501323352055,-48.02511411785468,98.8021508411405,5.0
2016-08-02 15:24:35.270,-0.164,-0.996,-0.395,1.9012207163070145,-48.4272555089806,101.20908291426542,5.0
2016-08-02 15:24:35.280,-0.176,-0.988,-0.41,2.8919122246431517,-48.79117167019321,103.25007061854008,5.0
2016-08-02 15:24:35.290,-0.203,-0.988,-0.426,2.2366765225139833,-47.61924158766638,102.60650217264872,5.0
2016-08-02 15:24:35.300,-0.242,-0.984,-0.422,-0.11199680785900967,-48.020103975083785,102.0853820842267,5.0
2016-08-02 15:24:35.310,-0.258,-0.953,-0.43,-2.8949925440502957,-49.43504079811446,104.95644533602905,5.0
2016-08-02 15:24:35.320,-0.301,-0.973,-0.441,-5.406225890692724,-49.81355156678545,107.90861625151673,5.0
2016-08-02 15:24:35.330,-0.332,-0.945,-0.426,-6.810865632109047,-51.29328986747774,109.3083650490472,5.0
2016-08-02 15:24:35.340,-0.32,-0.934,-0.391,-6.9011394869719425,-54.02401306350933,112.80208960339553,5.0
2016-08-02 15:24:35.350,-0.301,-0.93,-0.363,-6.632110874151502,-54.43219536136553,116.33733375725812,5.0
2016-08-02 15:24:35.360,-0.281,-0.891,-0.332,-6.370255828649043,-52.756087705810394,115.86490324765968,5.0
2016-08-02 15:24:35.370,-0.262,-0.852,-0.324,-4.654125404750489,-50.84331554449923,114.4334082835731,5.0
2016-08-02 15:24:35.380,-0.277,-0.82,-0.316,-2.1080461009127602,-48.63691177505477,113.12008301968385,5.0
2016-08-02 15:24:35.390,-0.297,-0.813,-0.367,0.7857642515712249,-47.92625987508391,110.1768360440555,5.0
2016-08-02 15:24:35.400,-0.375,-0.867,-0.422,3.707470306867095,-48.18747237093416,108.04222943777583,5.0
2016-08-02 15:24:35.410,-0.434,-0.805,-0.402,3.073853172676366,-49.27635256075628,108.9684367888578,5.0
2016-08-02 15:24:35.420,-0.434,-0.781,-0.406,-0.16121451848260981,-53.0238406322118,112.7376185957259,5.0
2016-08-02 15:24:35.430,-0.473,-0.828,-0.371,-2.766838373698431,-54.65390041395443,116.0398771761975,5.0
2016-08-02 15:24:35.440,-0.465,-0.813,-0.301,-3.3395974448181893,-53.72564598510241,116.56875025894786,5.0
2016-08-02 15:24:35.450,-0.438,-0.828,-0.273,0.5994706712679914,-52.65143526924947,118.13523129806194,5.0
2016-08-02 15:24:35.460,-0.453,-0.797,-0.25,4.183689919317591,-48.765570017526414,119.08128035739406,5.0
2016-08-02 15:24:35.470,-0.434,-0.75,-0.254,4.075422229266778,-47.049249590544676,116.01411577678844,5.0
2016-08-02 15:24:35.480,-0.438,-0.738,-0.285,6.936685043858793,-46.68583448578585,113.59701039218123,5.0
2016-08-02 15:24:35.490,-0.469,-0.695,-0.305,11.723695184884212,-42.43359682787024,111.1460756773203,5.0
2016-08-02 15:24:35.500,-0.5,-0.68,-0.336,13.111172747727325,-41.44011438542104,107.7754750817726,5.0
2016-08-02 15:24:35.510,-0.555,-0.688,-0.352,10.64278466274157,-43.08318275197779,107.59778330594973,5.0
2016-08-02 15:24:35.520,-0.598,-0.641,-0.328,4.547455633766698,-44.530094690918716,108.60572180159747,5.0
2016-08-02 15:24:35.530,-0.613,-0.691,-0.305,-0.12461981097212804,-48.53165255456831,110.44741797146139,5.0
2016-08-02 15:24:35.540,-0.633,-0.699,-0.254,-0.24474835296749828,-49.41463180972637,113.43720201557902,5.0
2016-08-02 15:24:35.550,-0.594,-0.672,-0.203,1.463082665495811,-47.64474071876039,114.50790308525593,5.0
2016-08-02 15:24:35.560,-0.578,-0.691,-0.215,4.82221971747947,-45.68589685000869,113.77591509413318,5.0
2016-08-02 15:24:35.570,-0.605,-0.645,-0.215,8.742742801980274,-41.545989651846824,110.54219334110948,5.0
2016-08-02 15:24:35.580,-0.598,-0.59,-0.25,10.678639080295365,-40.947568727437286,107.52041814011211,5.0
2016-08-02 15:24:35.590,-0.617,-0.57,-0.27,9.301886230604971,-43.04091294971553,106.72913476055261,5.0
2016-08-02 15:24:35.600,-0.605,-0.527,-0.246,4.721364608828446,-44.184414905876594,103.76608402821695,5.0
2016-08-02 15:24:35.610,-0.602,-0.551,-0.254,1.776854895846693,-45.29941750421142,101.17051810886245,5.0
2016-08-02 15:24:35.620,-0.641,-0.539,-0.234,2.240284382007383,-43.861340035512185,100.4952671896004,5.0
2016-08-02 15:24:35.630,-0.625,-0.508,-0.219,2.2131295919177103,-43.42923367909404,99.10034990636625,5.0
2016-08-02 15:24:35.640,-0.645,-0.539,-0.227,1.6076908838176982,-43.785300916671,98.4074850538908,5.0
2016-08-02 15:24:35.650,-0.672,-0.512,-0.203,1.2145750244075855,-41.34639277509251,96.18529799150107,5.0
2016-08-02 15:24:35.660,-0.648,-0.484,-0.203,0.5312642274130988,-40.620136114898294,93.33492050039999,5.0
2016-08-02 15:24:35.670,-0.664,-0.48,-0.207,0.14861840241681384,-39.000023643280784,91.79184470054021,5.0
2016-08-02 15:24:35.680,-0.652,-0.434,-0.199,-0.697379279743467,-35.60663363702393,87.76809847632667,5.0
2016-08-02 15:24:35.690,-0.676,-0.48,-0.27,-0.974009590334929,-33.453948817013824,83.68681725294883,5.0
2016-08-02 15:24:35.700,-0.785,-0.453,-0.281,-1.4419085694229274,-31.26178033038997,81.68652380498978,5.0
2016-08-02 15:24:35.710,-0.781,-0.379,-0.258,-6.656054157217698,-35.065526166245064,82.55259327309362,5.0
2016-08-02 15:24:35.720,-0.762,-0.422,-0.234,-12.666870083613752,-40.41807600436156,85.69150589220554,5.0
2016-08-02 15:24:35.730,-0.773,-0.434,-0.188,-12.78541412928429,-37.88384124226993,82.51745194519324,5.0
2016-08-02 15:24:35.740,-0.742,-0.398,-0.168,-9.548198371292347,-35.158964882254935,76.75902414867903,5.0
2016-08-02 15:24:35.750,-0.766,-0.41,-0.176,-7.490373037934324,-33.568522965119094,74.85013076814704,5.0
2016-08-02 15:24:35.760,-0.793,-0.359,-0.188,-8.049085077476681,-31.36848964577007,70.62318843641225,5.0
2016-08-02 15:24:35.770,-0.828,-0.391,-0.227,-8.817465248404364,-32.5994552070355,67.48086511936815,5.0
2016-08-02 15:24:35.780,-0.91,-0.359,-0.227,-8.10796546120378,-34.58526227592732,69.20269248771503,5.0
2016-08-02 15:24:35.790,-0.898,-0.297,-0.199,-10.481550556834843,-39.05129742138396,72.07815735499601,5.0
2016-08-02 15:24:35.800,-0.875,-0.34,-0.168,-14.808796815220779,-44.120926434936074,75.22869677759643,5.0
2016-08-02 15:24:35.810,-0.898,-0.363,-0.137,-14.314376283410784,-42.132015150361156,74.37300618938387,5.0
2016-08-02 15:24:35.820,-0.902,-0.34,-0.152,-11.164792972170591,-39.028941590065045,71.80438830668244,5.0
2016-08-02 15:24:35.830,-0.988,-0.344,-0.176,-10.951323658210201,-39.70952712368521,73.38578063629147,5.0
2016-08-02 15:24:35.840,-1.023,-0.262,-0.152,-14.491156125673747,-43.8822183935805,76.82441911596985,5.0
2016-08-02 15:24:35.850,-0.953,-0.258,-0.105,-17.45819159514737,-50.72337390039472,82.01283716846005,5.0
2016-08-02 15:24:35.860,-0.918,-0.289,-0.066,-13.854576360517711,-50.71836596517744,84.50784944814876,5.0
2016-08-02 15:24:35.870,-0.898,-0.238,-0.059,-7.289691036394462,-44.633207319184834,80.80855998309428,5.0
2016-08-02 15:24:35.880,-0.91,-0.219,-0.105,-5.898044124598422,-42.14213911568676,78.59233068613592,5.0
2016-08-02 15:24:35.890,-0.984,-0.199,-0.129,-9.521887266409184,-42.52242699072446,78.48047524021298,5.0
2016-08-02 15:24:35.900,-0.988,-0.148,-0.121,-13.851668788032011,-45.93286942119048,79.10107529090742,5.0
2016-08-02 15:24:35.910,-0.973,-0.16,-0.09,-14.66481601957577,-50.67161119183022,82.5831352773858,5.0
2016-08-02 15:24:35.920,-0.965,-0.156,-0.055,-10.53550390635455,-50.45029724641318,84.2284415045087,5.0
2016-08-02 15:24:35.930,-0.945,-0.145,-0.043,-5.288524920422998,-48.3167266033645,84.55929649411846,5.0
2016-08-02 15:24:35.940,-0.957,-0.141,-0.055,-1.2956980381040182,-47.27621967421024,87.25028378972635,5.0
2016-08-02 15:24:35.950,-0.977,-0.09,-0.055,1.083132769500828,-47.4612633857079,89.44065299602543,5.0
2016-08-02 15:24:35.960,-0.973,-0.082,-0.063,1.2487960085322323,-50.85949947593478,91.69614637697613,5.0
2016-08-02 15:24:35.970,-1.016,-0.09,-0.055,2.260135352672302,-53.8036866241591,95.10904473703121,5.0
2016-08-02 15:24:35.980,-1.004,-0.055,-0.035,5.761629056350716,-55.59328326918481,98.07916952746808,5.0
2016-08-02 15:24:35.990,-0.973,-0.043,0.0,9.41920420697674,-58.22623318655247,100.94721923244747,5.0
2016-08-02 15:24:36.000,-0.973,-0.02,0.027,12.961071323134561,-58.05777856139606,102.10886401362774,5.0
2016-08-02 15:24:36.010,-0.922,0.02,0.055,14.945911128386008,-56.7133405538097,101.02929623077158,5.0
2016-08-02 15:24:36.020,-0.879,0.027,0.078,13.778129237770177,-56.014005767863345,98.46734825413873,5.0
2016-08-02 15:24:36.030,-0.859,0.055,0.098,13.87617804248195,-52.0851020081518,93.05099107329684,5.0
2016-08-02 15:24:36.040,-0.863,0.043,0.086,17.91401270643602,-46.41372918275523,86.95334482132466,5.0
2016-08-02 15:24:36.050,-0.859,0.063,0.074,22.75517931607274,-41.32396342673093,81.53026136705327,5.0
2016-08-02 15:24:36.060,-0.875,0.102,0.039,25.54210987044465,-35.646409971306724,74.0505663206556,5.0
2016-08-02 15:24:36.070,-0.902,0.109,0.031,24.22203841906052,-30.416468665841563,64.99936506224404,5.0
2016-08-02 15:24:36.080,-0.914,0.109,0.051,19.48212661025359,-26.916704636981557,56.54536482281954,5.0
2016-08-02 15:24:36.090,-0.906,0.117,0.074,16.283654995155302,-23.73128058698278,49.380159484904176,5.0
2016-08-02 15:24:36.100,-0.934,0.109,0.082,17.29054302131691,-19.068364280860422,43.9445025422175,5.0
2016-08-02 15:24:36.110,-0.953,0.121,0.09,20.488155745207983,-14.645638501680493,39.862681746071324,5.0
2016-08-02 15:24:36.120,-0.961,0.133,0.098,22.110688490879067,-13.144124133867752,35.771300232230104,5.0
2016-08-02 15:24:36.130,-0.957,0.145,0.133,20.652507628340647,-12.836478931700466,30.998717582703165,5.0
2016-08-02 15:24:36.140,-0.949,0.16,0.164,18.894044727052293,-11.462549640601388,26.386019739850127,5.0
2016-08-02 15:24:36.150,-0.949,0.172,0.176,18.165855972213144,-9.697774168605418,22.275851235370638,5.0
2016-08-02 15:24:36.160,-0.953,0.195,0.184,17.47889628884565,-8.063833868310994,18.545478102611487,5.0
2016-08-02 15:24:36.170,-0.977,0.234,0.172,17.52457714624897,-6.106327605374357,15.619715396134776,5.0
2016-08-02 15:24:36.180,-0.977,0.277,0.188,17.521499857567047,-4.172282500824807,13.060506774115524,5.0
2016-08-02 15:24:36.190,-0.965,0.297,0.203,15.586977044842435,-2.277965313640064,9.988196579512358,5.0
2016-08-02 15:24:36.200,-0.973,0.289,0.207,12.943727235334274,1.007551621769142,6.398326690913784,5.0
2016-08-02 15:24:36.210,-0.969,0.285,0.207,10.768822066216808,4.684011427707596,3.2972468281799383,5.0
2016-08-02 15:24:36.220,-0.969,0.285,0.199,7.71823705450892,6.631710046391401,1.2003198844033693,5.0
2016-08-02 15:24:36.230,-0.977,0.281,0.191,4.13721355318151,7.502343140149899,-0.3025560066841303,5.0
2016-08-02 15:24:36.240,-0.969,0.277,0.191,2.770411364162637,7.637297445734244,-0.8545960183598118,5.0
2016-08-02 15:24:36.250,-0.973,0.262,0.191,4.06811677112014,7.444552140498068,-1.0882459489352243,5.0
2016-08-02 15:24:36.260,-0.973,0.25,0.184,6.177875491613958,8.164825807943561,-2.592193133845818,5.0
2016-08-02 15:24:36.270,-0.977,0.234,0.168,7.926893144178251,9.518060409061857,-5.114499411090409,5.0
2016-08-02 15:24:36.280,-0.965,0.23,0.148,8.301865014420077,11.348054828932503,-8.291594784951723,5.0
2016-08-02 15:24:36.290,-0.965,0.219,0.117,6.764898679431189,13.339489608928814,-11.845041049659905,5.0
2016-08-02 15:24:36.300,-0.977,0.242,0.094,3.859586414308828,13.840911269825092,-14.004085196143372,5.0
2016-08-02 15:24:36.310,-0.98,0.254,0.078,-0.21990264042454777,12.465342029962535,-14.099251885038553,5.0
2016-08-02 15:24:36.320,-0.969,0.234,0.086,-3.4109344395263026,11.335306056748802,-13.70374189209573,5.0
2016-08-02 15:24:36.330,-0.969,0.215,0.094,-2.6146768572472685,12.234259961766744,-14.433354259557998,5.0
2016-08-02 15:24:36.340,-0.984,0.188,0.094,0.268041788921901,13.917559781542241,-16.724927958139197,5.0
2016-08-02 15:24:36.350,-0.98,0.199,0.09,1.9106350282096185,14.830782145850048,-20.095616337261884,5.0
2016-08-02 15:24:36.360,-0.957,0.223,0.098,1.7982119684257254,15.707697950160682,-24.583507170887447,5.0
2016-08-02 15:24:36.370,-0.949,0.219,0.102,-0.552220383905395,17.27431655721793,-30.359557988797878,5.0
2016-08-02 15:24:36.380,-0.961,0.203,0.094,-3.1794338490380127,18.840228509996557,-35.508660038924766,5.0
2016-08-02 15:24:36.390,-0.961,0.207,0.09,-3.64014334897764,19.3851921447066,-38.434371600563644,5.0
2016-08-02 15:24:36.400,-0.965,0.199,0.086,-3.427561961011416,19.185838063768447,-40.269170091557356,5.0
2016-08-02 15:24:36.410,-0.965,0.191,0.074,-2.5288601703854336,19.590015361314663,-41.76546792324075,5.0
2016-08-02 15:24:36.420,-0.98,0.188,0.063,-0.40920817991217373,20.62495307343553,-42.94774072890957,5.0
2016-08-02 15:24:36.430,-1.004,0.176,0.051,-0.19497360950809367,21.31278981781032,-44.76102806919506,5.0
2016-08-02 15:24:36.440,-1.016,0.164,0.051,-2.543723109817516,21.354180279055118,-47.27325408405691,5.0
2016-08-02 15:24:36.450,-1.008,0.152,0.063,-4.291769439106491,21.34210337872618,-49.708214217108775,5.0
2016-08-02 15:24:36.460,-1.004,0.133,0.066,-4.564814320352354,22.07291364045711,-51.93169403955889,5.0
2016-08-02 15:24:36.470,-1.0,0.125,0.059,-4.970439268365257,22.986241336455322,-53.728516949039296,5.0
2016-08-02 15:24:36.480,-0.992,0.125,0.051,-6.018820005418805,23.194331320327542,-54.75149996097366,5.0
2016-08-02 15:24:36.490,-0.992,0.113,0.047,-6.833873213077502,23.316164950896496,-55.2384838547654,5.0
2016-08-02 15:24:36.500,-1.0,0.098,0.023,-6.941026311625571,23.907800849027716,-55.39010389557013,5.0
2016-08-02 15:24:36.510,-0.996,0.09,0.012,-7.009782448258583,24.300261154593134,-55.276759081575385,5.0
2016-08-02 15:24:36.520,-0.98,0.086,0.008,-8.341230995845653,23.87977437932159,-55.72075729020051,5.0
2016-08-02 15:24:36.530,-0.988,0.063,0.008,-11.125197515630795,23.323357593535167,-57.276441187564785,5.0
2016-08-02 15:24:36.540,-0.977,0.035,0.02,-13.250223833957609,23.304839914670676,-59.18524784679181,5.0
2016-08-02 15:24:36.550,-0.965,0.02,0.027,-13.645892992577021,23.461028375145524,-61.19140594074398,5.0
2016-08-02 15:24:36.560,-0.949,-0.012,0.027,-13.705056982177378,24.297386851720933,-63.69425256827296,5.0
2016-08-02 15:24:36.570,-0.957,-0.035,0.016,-13.294766084904946,26.130840974269702,-66.09617959247892,5.0
2016-08-02 15:24:36.580,-0.945,-0.039,-0.004,-12.064380931973819,27.489635596661465,-67.9657537473155,5.0
2016-08-02 15:24:36.590,-0.949,-0.051,-0.035,-11.821987460895146,27.962327824614402,-69.54345948936012,5.0
2016-08-02 15:24:36.600,-0.953,-0.051,-0.051,-13.092261262626321,28.06493431341748,-70.72312079591336,5.0
2016-08-02 15:24:36.610,-0.945,-0.059,-0.07,-15.210960743974978,27.662802875161823,-71.53518543640841,5.0
2016-08-02 15:24:36.620,-0.949,-0.09,-0.066,-17.635562160591007,27.646004715388557,-72.28623837944644,5.0
2016-08-02 15:24:36.630,-0.945,-0.113,-0.063,-18.563603732195027,28.419016046048934,-73.16148293935623,5.0
2016-08-02 15:24:36.640,-0.93,-0.129,-0.059,-17.412119651291864,29.077662922367765,-74.26239849462524,5.0
2016-08-02 15:24:36.650,-0.906,-0.145,-0.059,-16.129126560632507,30.105010434366505,-76.1351864244314,5.0
2016-08-02 15:24:36.660,-0.887,-0.133,-0.063,-15.969520856077995,31.514410340350267,-79.29332011231018,5.0
2016-08-02 15:24:36.670,-0.855,-0.137,-0.074,-16.545178608888477,32.252170982359814,-82.94368601600722,5.0
2016-08-02 15:24:36.680,-0.863,-0.188,-0.086,-16.940614944450473,33.320196857843854,-86.64803578813134,5.0
2016-08-02 15:24:36.690,-0.887,-0.172,-0.098,-17.054741171005006,34.46273552981037,-89.93324501554495,5.0
2016-08-02 15:24:36.700,-0.871,-0.18,-0.125,-17.919873111271734,33.7494518767123,-90.78184795836528,5.0
2016-08-02 15:24:36.710,-0.91,-0.238,-0.148,-18.500041232260706,33.56140907117149,-90.36382431158049,5.0
2016-08-02 15:24:36.720,-0.965,-0.246,-0.164,-16.80339529242259,34.26623454434021,-89.87964051288132,5.0
2016-08-02 15:24:36.730,-0.957,-0.242,-0.172,-15.257376200519976,31.62370906479176,-86.41023514487507,5.0
2016-08-02 15:24:36.740,-0.922,-0.281,-0.145,-16.27505140211202,28.21187485664028,-83.3686059106346,5.0
2016-08-02 15:24:36.750,-0.887,-0.301,-0.109,-17.12409379550513,28.17499773093361,-85.54169508293384,5.0
2016-08-02 15:24:36.760,-0.867,-0.352,-0.113,-15.21948579767607,29.59214989811801,-88.60062064760369,5.0
2016-08-02 15:24:36.770,-0.922,-0.387,-0.137,-11.608439446506061,30.713404275349657,-90.00766425729665,5.0
2016-08-02 15:24:36.780,-0.93,-0.348,-0.164,-9.688733017815188,28.801095972864978,-89.36205027531824,5.0
2016-08-02 15:24:36.790,-0.91,-0.379,-0.188,-11.057055419259177,24.311066244510695,-85.55532997458025,5.0
2016-08-02 15:24:36.800,-0.957,-0.418,-0.207,-12.394070547867209,22.87960219853385,-82.85243926372249,5.0
2016-08-02 15:24:36.810,-0.949,-0.402,-0.207,-11.972942650854206,22.131175992675217,-80.4419876803525,5.0
2016-08-02 15:24:36.820,-0.906,-0.434,-0.199,-11.908303691955368,19.55254583598346,-75.46488236361988,5.0
2016-08-02 15:24:36.830,-0.875,-0.461,-0.176,-11.072266767300373,19.893705104770053,-74.22139379462523,5.0
2016-08-02 15:24:36.840,-0.809,-0.457,-0.156,-8.232798977342764,21.740486186589568,-76.5506881607743,5.0
2016-08-02 15:24:36.850,-0.789,-0.496,-0.176,-6.44221230455244,23.207698973717637,-78.01492753651897,5.0
2016-08-02 15:24:36.860,-0.848,-0.52,-0.223,-5.503133941715715,25.118085295385644,-80.06312971285573,5.0
2016-08-02 15:24:36.870,-0.871,-0.492,-0.227,-3.6577634380105533,22.671007242398698,-78.13092788152238,5.0
2016-08-02 15:24:36.880,-0.84,-0.504,-0.227,-4.197826585482775,17.577415027798427,-71.32844347592197,5.0
2016-08-02 15:24:36.890,-0.828,-0.543,-0.211,-6.24459173135441,16.902384663359708,-68.62979567610715,5.0
2016-08-02 15:24:36.900,-0.789,-0.543,-0.191,-4.416354063193702,18.153788974348842,-69.07879036512705,5.0
2016-08-02 15:24:36.910,-0.727,-0.535,-0.184,-1.5969975505725378,19.13193980049191,-68.51772764824294,5.0
2016-08-02 15:24:36.920,-0.691,-0.523,-0.18,-2.348296299888058,21.875286097808708,-71.02145738421879,5.0
2016-08-02 15:24:36.930,-0.656,-0.531,-0.203,-3.4100864629188017,24.57303137194121,-76.18157381621248,5.0
2016-08-02 15:24:36.940,-0.719,-0.57,-0.25,-2.205248379470766,26.858106591567648,-79.78013813083696,5.0
2016-08-02 15:24:36.950,-0.762,-0.531,-0.242,-1.0977055122762738,26.86349570057469,-79.69001592522172,5.0
2016-08-02 15:24:36.960,-0.715,-0.527,-0.23,-2.0708964895458553,22.726906512213944,-75.54297365496066,5.0
2016-08-02 15:24:36.970,-0.707,-0.59,-0.219,-3.550760384758014,22.47407280484711,-74.63812675311571,5.0
2016-08-02 15:24:36.980,-0.703,-0.578,-0.191,-2.5299989931549858,26.458193861684553,-79.13500762647624,5.0
2016-08-02 15:24:36.990,-0.672,-0.582,-0.215,0.024466204843361067,27.70486726078704,-80.53817076626709,5.0
2016-08-02 15:24:37.000,-0.738,-0.629,-0.246,1.0995402451775838,29.70923010922922,-81.42141632189342,5.0
2016-08-02 15:24:37.010,-0.766,-0.609,-0.254,0.9930299921330387,30.310590546357837,-84.07190885133843,5.0
2016-08-02 15:24:37.020,-0.77,-0.637,-0.285,0.24264938785913243,26.61116115776505,-81.58093718561204,5.0
2016-08-02 15:24:37.030,-0.84,-0.668,-0.273,-1.9560026868502582,25.706803614450507,-78.77427496218635,5.0
2016-08-02 15:24:37.040,-0.801,-0.629,-0.219,-4.790168010337335,24.049371819754654,-77.33663114595403,5.0
2016-08-02 15:24:37.050,-0.707,-0.629,-0.176,-7.017797813080746,21.19093227079115,-73.37816703619256,5.0
2016-08-02 15:24:37.060,-0.656,-0.676,-0.156,-6.312516565363512,26.00918171829214,-75.36793444149015,5.0
2016-08-02 15:24:37.070,-0.68,-0.719,-0.207,-0.5535827562450577,33.00623954487393,-81.78058424933104,5.0
2016-08-02 15:24:37.080,-0.785,-0.715,-0.266,4.256964313844937,34.926251832153845,-82.1027679348066,5.0
2016-08-02 15:24:37.090,-0.824,-0.645,-0.27,0.20800460738668458,30.930076600691244,-77.03432185116645,5.0
2016-08-02 15:24:37.100,-0.789,-0.699,-0.258,-8.551936086219232,23.85035333435232,-70.76626767363885,5.0
2016-08-02 15:24:37.110,-0.816,-0.781,-0.223,-11.724645936621275,23.508425001255688,-67.50773657361495,5.0
2016-08-02 15:24:37.120,-0.777,-0.758,-0.18,-8.154143562305048,27.668515384268474,-65.29790105086948,5.0
2016-08-02 15:24:37.130,-0.703,-0.734,-0.168,-6.116707591821324,28.458989216689353,-61.03333555732696,5.0
2016-08-02 15:24:37.140,-0.656,-0.734,-0.152,-8.604767888790434,29.781266018820396,-61.61924443105859,5.0
2016-08-02 15:24:37.150,-0.586,-0.734,-0.145,-9.049237459665061,32.047189393673555,-66.15823974047585,5.0
2016-08-02 15:24:37.160,-0.563,-0.785,-0.203,-4.339912743203887,34.31414662218931,-69.23373700784414,5.0
2016-08-02 15:24:37.170,-0.652,-0.789,-0.266,1.2224817387090363,37.19810099980154,-72.45216465179969,5.0
2016-08-02 15:24:37.180,-0.664,-0.684,-0.285,1.967085104244088,34.07147178144313,-70.3748608247998,5.0
2016-08-02 15:24:37.190,-0.602,-0.684,-0.289,-4.119340246373431,28.050304938872976,-63.28351872429917,5.0
2016-08-02 15:24:37.200,-0.602,-0.785,-0.266,-9.766443611436662,28.56377679727754,-62.675364884973135,5.0
2016-08-02 15:24:37.210,-0.566,-0.805,-0.223,-7.028204215817439,31.57293761193656,-64.61927153639259,5.0
2016-08-02 15:24:37.220,-0.5,-0.785,-0.23,-1.6985614354463907,33.78206310988418,-62.72045791471524,5.0
2016-08-02 15:24:37.230,-0.48,-0.789,-0.254,-1.0457059507884388,37.37229584036348,-64.36556789811438,5.0
2016-08-02 15:24:37.240,-0.465,-0.805,-0.289,0.4899158009928044,39.905993314235786,-68.68878414196766,5.0
2016-08-02 15:24:37.250,-0.504,-0.887,-0.379,5.646934583352129,41.255592638987025,-70.09926101913531,5.0
2016-08-02 15:24:37.260,-0.598,-0.859,-0.387,6.621636658114412,40.33623080531229,-69.65256331841954,5.0
2016-08-02 15:24:37.270,-0.566,-0.801,-0.363,1.362206090656712,34.395402126349566,-65.23005017624884,5.0
2016-08-02 15:24:37.280,-0.523,-0.859,-0.344,-3.111940067423496,31.08803036190355,-60.297722874335804,5.0
2016-08-02 15:24:37.290,-0.52,-0.922,-0.305,-1.7465365482275628,33.94540058877153,-61.2130755293249,5.0
2016-08-02 15:24:37.300,-0.465,-0.891,-0.281,2.8338592097026263,35.57884754655258,-61.82043788376334,5.0
2016-08-02 15:24:37.310,-0.422,-0.875,-0.309,4.20438674525442,35.943909136005836,-60.96494367453261,5.0
2016-08-02 15:24:37.320,-0.418,-0.887,-0.328,3.0589009834378675,36.84263755463112,-63.8361072070478,5.0
2016-08-02 15:24:37.330,-0.406,-0.883,-0.32,5.043141731920215,36.46584051020297,-65.09332530647507,5.0
2016-08-02 15:24:37.340,-0.402,-0.879,-0.344,8.147737909074973,36.83577685909967,-62.74870311322901,5.0
2016-08-02 15:24:37.350,-0.41,-0.844,-0.34,7.959774346632187,36.71727077447538,-61.276062032834204,5.0
2016-08-02 15:24:37.360,-0.371,-0.809,-0.313,6.058101892194232,34.12707868399458,-59.2698571264941,5.0
2016-08-02 15:24:37.370,-0.305,-0.797,-0.273,4.347052966467736,33.22453993987956,-57.29835760655051,5.0
2016-08-02 15:24:37.380,-0.23,-0.777,-0.23,4.1545730307134185,35.226600190621895,-58.98008978009682,5.0
2016-08-02 15:24:37.390,-0.176,-0.836,-0.262,7.725763674221586,38.59835877504173,-63.50522153256152,5.0
2016-08-02 15:24:37.400,-0.23,-0.914,-0.324,13.781667379921545,42.362766009527704,-68.83354121621727,5.0
2016-08-02 15:24:37.410,-0.27,-0.836,-0.355,17.84503451629182,42.46814252710705,-71.0680663464884,5.0
2016-08-02 15:24:37.420,-0.238,-0.781,-0.391,16.0618162600201,39.61058196313155,-68.6371637122068,5.0
2016-08-02 15:24:37.430,-0.242,-0.832,-0.406,9.697671986525023,38.5392702165924,-68.37250375358146,5.0
2016-08-02 15:24:37.440,-0.246,-0.836,-0.363,5.51976470657947,37.893736965619105,-70.8722890500232,5.0
2016-08-02 15:24:37.450,-0.188,-0.828,-0.336,5.350038958667785,38.05023684179276,-70.6196763628107,5.0
2016-08-02 15:24:37.460,-0.168,-0.879,-0.348,5.108664947617736,40.83950528622977,-72.09440031707251,5.0
2016-08-02 15:24:37.470,-0.184,-0.891,-0.355,5.439984184099837,41.760446918156276,-77.22719291876703,5.0
2016-08-02 15:24:37.480,-0.195,-0.91,-0.391,7.206253593275138,40.81032180526398,-79.39883177776724,5.0
2016-08-02 15:24:37.490,-0.227,-0.902,-0.422,6.237936878192082,40.800737785131005,-78.86346012464405,5.0
2016-08-02 15:24:37.500,-0.238,-0.836,-0.406,2.1399380862932538,38.743770217282716,-78.16797988051871,5.0
2016-08-02 15:24:37.510,-0.195,-0.848,-0.406,-2.4002407386645253,36.223232347430596,-77.25442241130357,5.0
2016-08-02 15:24:37.520,-0.172,-0.895,-0.391,-6.631440612843023,36.4956654744353,-78.74387403905887,5.0
2016-08-02 15:24:37.530,-0.148,-0.879,-0.348,-8.886608247432063,36.54874049867125,-81.60587477045692,5.0
2016-08-02 15:24:37.540,-0.113,-0.898,-0.367,-9.396931196910234,36.9001576905402,-82.68020000290616,5.0
2016-08-02 15:24:37.550,-0.137,-0.938,-0.375,-10.137133540266225,38.34341017323737,-83.31298361231113,5.0
2016-08-02 15:24:37.560,-0.145,-0.91,-0.355,-10.397823587430965,37.19829057317425,-82.74960544667621,5.0
2016-08-02 15:24:37.570,-0.094,-0.867,-0.355,-12.159801386579314,35.55916410631499,-80.39170504180404,5.0
2016-08-02 15:24:37.580,-0.074,-0.863,-0.348,-17.413538727907053,35.63554029016069,-80.09240487746996,5.0
2016-08-02 15:24:37.590,-0.039,-0.844,-0.328,-21.116346883673373,35.17000312179675,-81.32281768878337,5.0
2016-08-02 15:24:37.600,-0.02,-0.926,-0.371,-21.101984786608348,35.968471125794736,-82.21922341286715,5.0
2016-08-02 15:24:37.610,-0.059,-0.965,-0.391,-21.19870667967842,36.533996681870605,-83.88239722384756,5.0
2016-08-02 15:24:37.620,-0.051,-0.91,-0.379,-22.483945544995954,33.12403355929829,-83.02242712711192,5.0
2016-08-02 15:24:37.630,-0.004,-0.918,-0.395,-25.079416329427723,31.082957907420756,-79.51809070088325,5.0
2016-08-02 15:24:37.640,0.012,-0.949,-0.398,-28.23019956198431,31.819863706721083,-79.07695338721223,5.0
2016-08-02 15:24:37.650,0.059,-0.922,-0.379,-28.68556794766796,31.50507775041946,-79.52022006775783,5.0
2016-08-02 15:24:37.660,0.109,-0.922,-0.391,-28.38558628895094,33.46026173923569,-78.151830170809,5.0
2016-08-02 15:24:37.670,0.113,-0.953,-0.418,-30.389484717138373,35.97197632460578,-78.88736572909868,5.0
2016-08-02 15:24:37.680,0.117,-0.938,-0.441,-32.107008177587375,34.421853705114394,-80.08005247981988,5.0
2016-08-02 15:24:37.690,0.129,-0.965,-0.473,-33.94604757721843,34.07453987183584,-78.56405277589623,5.0
2016-08-02 15:24:37.700,0.109,-0.941,-0.473,-37.404103623156416,34.96538717674924,-76.17464142843436,5.0
2016-08-02 15:24:37.710,0.133,-0.918,-0.461,-39.18482867634687,33.57665103730959,-72.6590095355736,5.0
2016-08-02 15:24:37.720,0.176,-0.938,-0.465,-39.010495655269324,34.68140569117032,-69.02628243358353,5.0
2016-08-02 15:24:37.730,0.199,-0.938,-0.445,-38.03133997166169,36.85239613684127,-68.34737121277553,5.0
2016-08-02 15:24:37.740,0.246,-0.914,-0.438,-35.67045279095277,36.78146239181284,-68.9421433127359,5.0
2016-08-02 15:24:37.750,0.262,-0.965,-0.469,-34.3959514585395,38.0237393880145,-69.58786684228454,5.0
2016-08-02 15:24:37.760,0.234,-0.914,-0.457,-34.046920962329054,37.097845461339965,-70.12262783945597,5.0
2016-08-02 15:24:37.770,0.258,-0.879,-0.445,-32.121901824675625,33.9846782405944,-67.842191676461,5.0
2016-08-02 15:24:37.780,0.281,-0.906,-0.457,-30.190475571454677,35.41133487610136,-65.06279573095702,5.0
2016-08-02 15:24:37.790,0.281,-0.895,-0.449,-27.26152682049811,35.65981606835204,-65.18949920598257,5.0
2016-08-02 15:24:37.800,0.313,-0.859,-0.434,-21.811016473141844,33.14039915632078,-64.89258781428977,5.0
2016-08-02 15:24:37.810,0.332,-0.867,-0.434,-16.72632502209705,34.793333441314054,-63.84402858327853,5.0
2016-08-02 15:24:37.820,0.348,-0.852,-0.426,-11.200993898372726,35.90613098866244,-64.73303775192994,5.0
2016-08-02 15:24:37.830,0.355,-0.895,-0.473,-4.55174274319157,35.61655450084658,-66.07629946106148,5.0
2016-08-02 15:24:37.840,0.324,-0.914,-0.5,0.11824567603450786,36.99541264341154,-67.13802199391507,5.0
2016-08-02 15:24:37.850,0.293,-0.859,-0.504,4.043506910566423,34.31777187115189,-66.08714352420724,5.0
2016-08-02 15:24:37.860,0.305,-0.879,-0.523,7.41612719589099,31.49815398712126,-61.708465494266946,5.0
2016-08-02 15:24:37.870,0.301,-0.902,-0.508,9.311707000823592,31.937436349731303,-59.49682936552048,5.0
2016-08-02 15:24:37.880,0.313,-0.902,-0.48,13.660790825615702,29.574768050776477,-59.6933050017591,5.0
2016-08-02 15:24:37.890,0.348,-0.891,-0.445,19.22651841242731,29.353673793605736,-57.95190521325341,5.0
2016-08-02 15:24:37.900,0.379,-0.867,-0.426,23.574616703971984,31.950761001737796,-56.83108416640931,5.0
2016-08-02 15:24:37.910,0.402,-0.844,-0.422,29.55262480717808,30.78209821413389,-57.94284348768326,5.0
2016-08-02 15:24:37.920,0.41,-0.914,-0.465,35.11190723478448,30.363355294329338,-60.16917804752092,5.0
2016-08-02 15:24:37.930,0.379,-0.898,-0.465,38.59610310579755,29.469843605098763,-62.57802957002619,5.0
2016-08-02 15:24:37.940,0.371,-0.863,-0.465,41.1393263817323,25.5062992481712,-60.49530413214257,5.0
2016-08-02 15:24:37.950,0.391,-0.895,-0.461,40.20276759065032,25.521540061881737,-55.701136233171994,5.0
2016-08-02 15:24:37.960,0.383,-0.883,-0.445,39.22830868788317,25.330487188025607,-54.47026346932212,5.0
2016-08-02 15:24:37.970,0.406,-0.891,-0.41,41.59926228016782,22.438306634893188,-52.6924715056988,5.0
2016-08-02 15:24:37.980,0.434,-0.906,-0.383,42.716274702297525,24.28782744223055,-48.670701453809016,5.0
2016-08-02 15:24:37.990,0.453,-0.906,-0.387,43.87925517937195,25.28960140216079,-47.69398306297942,5.0
2016-08-02 15:24:38.000,0.457,-0.922,-0.41,45.692594271253824,22.81588443739527,-48.44498284587803,5.0
2016-08-02 15:24:38.010,0.457,-0.926,-0.406,43.68713666822407,22.95693834349947,-47.93061381927448,5.0
2016-08-02 15:24:38.020,0.453,-0.883,-0.391,40.68288995774484,21.853343128921452,-44.9278519510609,5.0
2016-08-02 15:24:38.030,0.477,-0.883,-0.371,37.72531849939815,19.96001722014742,-39.9475872682928,5.0
2016-08-02 15:24:38.040,0.504,-0.887,-0.336,33.32426353844457,20.74370971803802,-37.6193091475242,5.0
2016-08-02 15:24:38.050,0.523,-0.871,-0.316,31.58020839275291,19.74559607343881,-37.06957373081046,5.0
2016-08-02 15:24:38.060,0.547,-0.863,-0.324,31.1389331712022,19.045232461679092,-34.11376823211887,5.0
2016-08-02 15:24:38.070,0.555,-0.895,-0.355,28.17704725892711,20.275198047581128,-31.315239716852812,5.0
2016-08-02 15:24:38.080,0.543,-0.914,-0.379,23.846747268209185,18.669045451741145,-30.241713208729216,5.0
2016-08-02 15:24:38.090,0.531,-0.914,-0.383,16.936615985467053,17.146395190307633,-27.22137005689202,5.0
2016-08-02 15:24:38.100,0.535,-0.867,-0.371,7.2962611238629576,18.606524599485844,-20.575918868491055,5.0
2016-08-02 15:24:38.110,0.539,-0.863,-0.359,-1.8282191886511658,19.545314163194643,-13.291247799306019,5.0
2016-08-02 15:24:38.120,0.555,-0.875,-0.348,-8.792068864258953,18.900719065360335,-9.353226949071932,5.0
2016-08-02 15:24:38.130,0.566,-0.883,-0.332,-12.908755678300576,18.107377971925985,-8.208120522822734,5.0
2016-08-02 15:24:38.140,0.586,-0.863,-0.313,-16.22586019051772,18.60088996214593,-6.74321691348828,5.0
2016-08-02 15:24:38.150,0.598,-0.836,-0.297,-21.330767970080313,19.750982561113222,-5.100043553836579,5.0
2016-08-02 15:24:38.160,0.602,-0.805,-0.301,-26.965133512043824,19.6818991674744,-4.100180426919662,5.0
2016-08-02 15:24:38.170,0.586,-0.805,-0.324,-31.839988320737035,19.220538819650663,-2.898341846012825,5.0
2016-08-02 15:24:38.180,0.563,-0.785,-0.316,-35.70427698924673,18.54754499636314,-1.3037922552011423,5.0
2016-08-02 15:24:38.190,0.543,-0.758,-0.305,-38.420153953575166,16.844022436168164,0.7398433882060385,5.0
2016-08-02 15:24:38.200,0.543,-0.734,-0.305,-41.39589331303348,15.882880413462608,2.8564498081951437,5.0
2016-08-02 15:24:38.210,0.543,-0.73,-0.309,-44.563837364636015,15.959312591233743,3.3235371446576325,5.0
2016-08-02 15:24:38.220,0.539,-0.73,-0.32,-45.445610528655536,15.537986522613949,2.1742069950153216,5.0
2016-08-02 15:24:38.230,0.535,-0.727,-0.328,-44.18762665577381,15.50401996330212,1.2777364196051832,5.0
2016-08-02 15:24:38.240,0.527,-0.723,-0.328,-42.739139502347314,15.761204682632203,0.5870457755524128,5.0
2016-08-02 15:24:38.250,0.531,-0.719,-0.344,-41.159201309036646,14.993761962238374,-1.1014079487226285,5.0
2016-08-02 15:24:38.260,0.523,-0.73,-0.355,-39.59203760630616,14.5074110950504,-3.4179288834537718,5.0
2016-08-02 15:24:38.270,0.516,-0.734,-0.363,-38.07480941623552,14.110955814641013,-5.4770297001262165,5.0
2016-08-02 15:24:38.280,0.508,-0.723,-0.387,-35.85185270334222,12.444980041666945,-6.789241160380966,5.0
2016-08-02 15:24:38.290,0.496,-0.734,-0.418,-34.12257451854835,11.103816971580382,-7.154853876579692,5.0
2016-08-02 15:24:38.300,0.484,-0.746,-0.418,-32.61076779734604,9.916097176404502,-7.548720156474267,5.0
2016-08-02 15:24:38.310,0.496,-0.754,-0.426,-28.835193837552886,8.193698120780248,-8.175949681566678,5.0
2016-08-02 15:24:38.320,0.504,-0.793,-0.438,-24.10067827456242,7.995971912495454,-8.445434574072271,5.0
2016-08-02 15:24:38.330,0.504,-0.809,-0.414,-19.53201012812638,7.482947566363293,-9.138341250309592,5.0
2016-08-02 15:24:38.340,0.504,-0.816,-0.41,-13.610541256954884,4.9774175384520705,-9.188067895581314,5.0
2016-08-02 15:24:38.350,0.516,-0.816,-0.406,-7.162748256827837,4.162226178963373,-7.10640973207729,5.0
2016-08-02 15:24:38.360,0.516,-0.844,-0.391,-0.16685566897981174,4.548303550082201,-4.727953999592332,5.0
2016-08-02 15:24:38.370,0.52,-0.883,-0.391,8.570957066920911,3.679551282085117,-2.586207101068542,5.0
2016-08-02 15:24:38.380,0.527,-0.938,-0.41,17.449579859398526,2.9686725419807867,-0.47376693829678196,5.0
2016-08-02 15:24:38.390,0.523,-0.957,-0.406,25.495780435775206,0.6809433183820931,0.8735955066164693,5.0
2016-08-02 15:24:38.400,0.527,-0.938,-0.395,30.926359156348166,-3.892164757664394,4.308311870694301,5.0
2016-08-02 15:24:38.410,0.543,-0.922,-0.387,31.03776305037448,-7.132248149237026,10.095947046009744,5.0
2016-08-02 15:24:38.420,0.543,-0.902,-0.398,30.22055585531568,-10.42920979837937,13.74820980885885,5.0
2016-08-02 15:24:38.430,0.543,-0.891,-0.402,33.413217955032536,-14.513514813325251,16.29532295101532,5.0
2016-08-02 15:24:38.440,0.547,-0.891,-0.426,38.21958862265931,-15.961745866628192,19.85139280766863,5.0
2016-08-02 15:24:38.450,0.559,-0.867,-0.434,42.333869909667776,-16.517725141127173,22.507707818658165,5.0
2016-08-02 15:24:38.460,0.574,-0.844,-0.41,44.96650408110292,-17.366976654955128,25.130700885841616,5.0
2016-08-02 15:24:38.470,0.605,-0.82,-0.379,45.04837692230207,-16.664743602364883,28.71732803265938,5.0
2016-08-02 15:24:38.480,0.625,-0.82,-0.352,44.110866703909515,-16.691171409941592,31.259375557687555,5.0
2016-08-02 15:24:38.490,0.621,-0.828,-0.344,44.07484940447645,-17.898577684494576,32.98613344877708,5.0
2016-08-02 15:24:38.500,0.609,-0.844,-0.352,44.112079123296546,-17.168754353362075,35.85285872346187,5.0
2016-08-02 15:24:38.510,0.602,-0.848,-0.359,42.61431457905028,-15.722747803662823,39.15839188270304,5.0
2016-08-02 15:24:38.520,0.578,-0.836,-0.363,39.376479478747385,-16.74070186735412,41.71973118067201,5.0
2016-08-02 15:24:38.530,0.559,-0.836,-0.379,33.84988941432121,-18.811501414920485,44.3663013271401,5.0
2016-08-02 15:24:38.540,0.539,-0.84,-0.387,25.394409617032903,-19.80788507285024,46.974179961938106,5.0
2016-08-02 15:24:38.550,0.52,-0.832,-0.391,16.306916716523343,-20.91726100086167,48.98703774349914,5.0
2016-08-02 15:24:38.560,0.523,-0.832,-0.379,9.104531854894823,-21.49658121844646,50.755158111757154,5.0
2016-08-02 15:24:38.570,0.535,-0.844,-0.359,3.6272858897252633,-20.077752508001684,51.560831663661304,5.0
2016-08-02 15:24:38.580,0.523,-0.863,-0.344,-0.7527188691154388,-18.818727399456428,51.65723697275453,5.0
2016-08-02 15:24:38.590,0.516,-0.879,-0.336,-4.962516503553887,-18.828211436835783,52.52765767688773,5.0
2016-08-02 15:24:38.600,0.48,-0.887,-0.34,-10.120766201686774,-19.230211370206984,53.908376149449836,5.0
2016-08-02 15:24:38.610,0.453,-0.887,-0.363,-15.930386257881603,-20.07805488696325,55.5982761988335,5.0
2016-08-02 15:24:38.620,0.426,-0.895,-0.379,-21.97624791622569,-21.098778374441437,57.9824701600537,5.0
2016-08-02 15:24:38.630,0.406,-0.91,-0.395,-28.121984220665254,-22.236426806343175,60.374440629891126,5.0
2016-08-02 15:24:38.640,0.395,-0.918,-0.391,-33.33767983085264,-23.69902561055205,62.40272197102804,5.0
2016-08-02 15:24:38.650,0.391,-0.926,-0.379,-36.3940810812521,-25.157711222242806,64.26252577584296,5.0
2016-08-02 15:24:38.660,0.395,-0.938,-0.375,-37.25427973985947,-26.70975569816697,66.00409806130051,5.0
2016-08-02 15:24:38.670,0.379,-0.949,-0.383,-37.263509006532225,-28.65988040110041,67.56538763671179,5.0
2016-08-02 15:24:38.680,0.367,-0.938,-0.379,-37.23232411066425,-31.355796329456528,69.01434793474638,5.0
2016-08-02 15:24:38.690,0.367,-0.93,-0.395,-37.00657949277158,-34.244128884688756,70.40187365697433,5.0
2016-08-02 15:24:38.700,0.352,-0.938,-0.41,-35.98606162171229,-36.6371682545903,70.84795138484272,5.0
2016-08-02 15:24:38.710,0.336,-0.922,-0.414,-32.948938517816146,-38.834772052181535,71.12033575032842,5.0
2016-08-02 15:24:38.720,0.34,-0.922,-0.414,-29.09644022093818,-39.635769638041566,73.2913574198353,5.0
2016-08-02 15:24:38.730,0.324,-0.941,-0.422,-26.31956043298488,-39.77619730860547,75.31471497403916,5.0
2016-08-02 15:24:38.740,0.309,-0.961,-0.441,-22.888830357592933,-42.22914626942942,75.05176185295966,5.0
2016-08-02 15:24:38.750,0.289,-0.984,-0.477,-18.686488751428975,-44.971563570501495,75.0892055252271,5.0
2016-08-02 15:24:38.760,0.254,-1.0,-0.484,-15.667603655155775,-46.685864451388845,76.758577846002,5.0
2016-08-02 15:24:38.770,0.23,-1.008,-0.488,-12.698471732206059,-49.85316084300662,78.97092437145163,5.0
2016-08-02 15:24:38.780,0.227,-1.031,-0.484,-9.28799273278192,-52.4901722201027,81.01758458166563,5.0
2016-08-02 15:24:38.790,0.219,-1.039,-0.5,-5.8749938197119445,-53.237657031607014,82.13780016013322,5.0
2016-08-02 15:24:38.800,0.223,-1.02,-0.5,-1.418583296322417,-54.028043100230676,83.76363316071706,5.0
2016-08-02 15:24:38.810,0.227,-1.02,-0.504,2.9510803129174175,-53.72701276071757,86.45489220387435,5.0
2016-08-02 15:24:38.820,0.203,-1.016,-0.504,6.696287604045273,-53.82200925317931,87.77691973257903,5.0
2016-08-02 15:24:38.830,0.176,-1.004,-0.508,10.993552002553647,-56.10486768677842,89.06019891128,5.0
2016-08-02 15:24:38.840,0.148,-1.012,-0.504,14.039874151009695,-57.275105463212114,92.33595123228075,5.0
2016-08-02 15:24:38.850,0.125,-0.996,-0.469,15.394442318886282,-58.40251460177008,95.77019521902125,5.0
2016-08-02 15:24:38.860,0.133,-0.98,-0.43,16.864915688908276,-60.07776079100847,98.60463701330652,5.0
2016-08-02 15:24:38.870,0.129,-1.0,-0.414,18.236137718089,-58.81489140226071,100.5778492342738,5.0
2016-08-02 15:24:38.880,0.105,-0.988,-0.391,20.042696243848546,-57.37025834053614,101.817713076275,5.0
2016-08-02 15:24:38.890,0.098,-0.988,-0.379,22.457614101711712,-57.141751524792724,102.84627915463346,5.0
2016-08-02 15:24:38.900,0.051,-1.016,-0.441,24.409683820865503,-56.83531974330546,102.14218345104089,5.0
2016-08-02 15:24:38.910,-0.016,-1.0,-0.457,26.395030850106878,-58.50489762604197,102.88269404328256,5.0
2016-08-02 15:24:38.920,-0.047,-0.996,-0.449,26.338146001236968,-58.61269582679479,108.32894634958626,5.0
2016-08-02 15:24:38.930,-0.07,-0.996,-0.445,21.77356022639902,-56.748480303121454,112.79430910893853,5.0
2016-08-02 15:24:38.940,-0.082,-1.004,-0.402,17.195990244281845,-57.84539916957965,113.72568501236132,5.0
2016-08-02 15:24:38.950,-0.066,-1.016,-0.375,16.93818773585798,-56.6403930494122,114.36174334784465,5.0
2016-08-02 15:24:38.960,-0.078,-1.023,-0.383,17.917282073971126,-52.36337301564249,114.74060494880226,5.0
2016-08-02 15:24:38.970,-0.105,-1.02,-0.379,16.954002735085393,-52.02459046468342,114.92987243993527,5.0
2016-08-02 15:24:38.980,-0.125,-0.984,-0.391,14.514397533004207,-52.51143277299394,116.05643476989039,5.0
2016-08-02 15:24:38.990,-0.164,-0.988,-0.41,10.294495498430475,-52.106956632681744,117.86504731102724,5.0
2016-08-02 15:24:39.000,-0.203,-0.973,-0.375,5.212475193540256,-53.737389648287774,120.69545084411641,5.0
2016-08-02 15:24:39.010,-0.191,-0.965,-0.352,1.4581750951856396,-53.48327824724709,123.469302373603,5.0
2016-08-02 15:24:39.020,-0.191,-0.977,-0.348,-1.9367545873282763,-51.641978081443206,123.987970389158,5.0
2016-08-02 15:24:39.030,-0.191,-0.934,-0.309,-5.389060737046897,-51.57725017125586,124.49717465168773,5.0
2016-08-02 15:24:39.040,-0.172,-0.926,-0.297,-7.652285348042888,-48.983575813569146,125.8639519251256,5.0
2016-08-02 15:24:39.050,-0.195,-0.91,-0.305,-7.900096412108021,-46.11627136165219,124.15192510152534,5.0
2016-08-02 15:24:39.060,-0.234,-0.914,-0.328,-5.1135670766894314,-47.845984031802686,122.20529593105867,5.0
2016-08-02 15:24:39.070,-0.266,-0.902,-0.352,-2.3844534356636613,-48.14901564633513,124.86258484908792,5.0
2016-08-02 15:24:39.080,-0.285,-0.867,-0.375,-4.872514603921837,-47.8265080521662,127.86502964414976,5.0
2016-08-02 15:24:39.090,-0.301,-0.844,-0.359,-11.173457654848697,-51.226919411540905,128.02836045394244,5.0
2016-08-02 15:24:39.100,-0.301,-0.848,-0.332,-15.02003024109171,-52.20576476835704,127.94686266953289,5.0
2016-08-02 15:24:39.110,-0.313,-0.871,-0.293,-14.048036539899828,-50.22952702714392,128.19319525527587,5.0
2016-08-02 15:24:39.120,-0.324,-0.867,-0.277,-11.409878990921731,-49.90705723603547,127.50155966631885,5.0
2016-08-02 15:24:39.130,-0.332,-0.836,-0.27,-9.725740368952334,-50.2679834484678,126.16565419465195,5.0
2016-08-02 15:24:39.140,-0.363,-0.797,-0.285,-9.189560493333756,-51.549969682301004,125.36814683058759,5.0
2016-08-02 15:24:39.150,-0.383,-0.777,-0.305,-9.178119320059366,-53.72007933231441,125.76641919798116,5.0
2016-08-02 15:24:39.160,-0.371,-0.746,-0.305,-9.014158862946857,-53.855296715746746,125.6982187693543,5.0
2016-08-02 15:24:39.170,-0.363,-0.711,-0.297,-9.607050870312271,-52.663665382188384,123.16304295516309,5.0
2016-08-02 15:24:39.180,-0.359,-0.676,-0.277,-11.099997900892403,-51.68392438859827,119.53466841725668,5.0
2016-08-02 15:24:39.190,-0.367,-0.68,-0.277,-10.298375456551142,-49.418315674447705,116.02993537356384,5.0
2016-08-02 15:24:39.200,-0.414,-0.684,-0.281,-6.453192143832913,-46.85865271332952,112.43460565784203,5.0
2016-08-02 15:24:39.210,-0.484,-0.707,-0.32,-3.7189455415546373,-46.85337092599321,110.66761844561967,5.0
2016-08-02 15:24:39.220,-0.57,-0.691,-0.336,-4.467985730030291,-49.53388861951545,112.8082849340507,5.0
2016-08-02 15:24:39.230,-0.617,-0.668,-0.352,-7.408874458457286,-52.980157034877294,117.18886544552541,5.0
2016-08-02 15:24:39.240,-0.648,-0.684,-0.332,-10.310927269198308,-55.306485257386896,119.63526343658408,5.0
2016-08-02 15:24:39.250,-0.652,-0.672,-0.293,-10.588758924774146,-56.09543297451926,119.60767423282363,5.0
2016-08-02 15:24:39.260,-0.613,-0.648,-0.254,-9.087328160970257,-54.87340289244625,118.17877717201355,5.0
2016-08-02 15:24:39.270,-0.594,-0.633,-0.23,-8.956619477726397,-52.58113998240842,114.19868769205334,5.0
2016-08-02 15:24:39.280,-0.582,-0.605,-0.23,-8.183124828653597,-50.99427553814542,110.13004713047943,5.0
2016-08-02 15:24:39.290,-0.59,-0.566,-0.242,-5.597531278809107,-50.016490370779216,107.75019714155648,5.0
2016-08-02 15:24:39.300,-0.605,-0.543,-0.258,-4.9893115921454605,-50.42596091317971,105.08154534468336,5.0
2016-08-02 15:24:39.310,-0.621,-0.52,-0.266,-6.214911204277936,-51.317964949421984,103.0170886073751,5.0
2016-08-02 15:24:39.320,-0.637,-0.484,-0.266,-6.66326056423183,-50.49369041961406,101.5276531771184,5.0
2016-08-02 15:24:39.330,-0.668,-0.504,-0.297,-6.652459231927417,-49.63550902222045,100.09031056001594,5.0
2016-08-02 15:24:39.340,-0.742,-0.5,-0.301,-8.458272867128732,-52.310996803660316,101.98799048305193,5.0
2016-08-02 15:24:39.350,-0.766,-0.445,-0.277,-12.43621970225916,-56.96540795126149,106.61184177176439,5.0
2016-08-02 15:24:39.360,-0.762,-0.469,-0.254,-13.303966405636048,-57.69861227145418,107.37165875370493,5.0
2016-08-02 15:24:39.370,-0.75,-0.484,-0.203,-8.027013998581522,-54.94341072563845,103.40399068167568,5.0
2016-08-02 15:24:39.380,-0.727,-0.469,-0.188,-2.249684820101701,-51.95970878989791,99.23782699212998,5.0
2016-08-02 15:24:39.390,-0.727,-0.461,-0.207,-1.8483869697388564,-50.305481189066484,94.01731558049988,5.0
2016-08-02 15:24:39.400,-0.75,-0.41,-0.219,-5.563889183715115,-51.970147065708645,88.65066125998659,5.0
2016-08-02 15:24:39.410,-0.742,-0.367,-0.234,-8.434154204656963,-53.6256628164128,86.4074651452746,5.0
2016-08-02 15:24:39.420,-0.777,-0.391,-0.238,-9.386584476092754,-53.898170567286385,84.87995914187285,5.0
2016-08-02 15:24:39.430,-0.809,-0.371,-0.227,-10.159248192074491,-55.687452727479155,85.03524778954976,5.0
2016-08-02 15:24:39.440,-0.805,-0.344,-0.207,-9.73881563553559,-55.65235597841597,86.41995618490861,5.0
2016-08-02 15:24:39.450,-0.785,-0.355,-0.199,-6.430420615405025,-51.68761991356984,83.9327739159364,5.0
2016-08-02 15:24:39.460,-0.813,-0.375,-0.219,-2.8901820274363077,-48.9351194171384,82.11270394818274,5.0
2016-08-02 15:24:39.470,-0.898,-0.332,-0.246,-5.956348858999298,-52.61489128405408,86.51967855924548,5.0
2016-08-02 15:24:39.480,-0.945,-0.273,-0.25,-14.469677703020412,-60.80994005654746,93.12271130178023,5.0
2016-08-02 15:24:39.490,-0.941,-0.277,-0.199,-15.949190287822827,-64.68395586008691,96.25671100255707,5.0
2016-08-02 15:24:39.500,-0.91,-0.297,-0.133,-7.686155303547724,-61.04704986797304,95.070026393709,5.0
2016-08-02 15:24:39.510,-0.883,-0.281,-0.109,-0.78478779038235,-56.18818832012325,92.76347174988649,5.0
2016-08-02 15:24:39.520,-0.902,-0.285,-0.148,-0.8780288834312484,-56.257490799513306,91.55803870563385,5.0
2016-08-02 15:24:39.530,-0.949,-0.227,-0.156,-5.053659741244687,-62.41800647055669,93.14884621338993,5.0
2016-08-02 15:24:39.540,-0.957,-0.168,-0.137,-8.28387155449756,-69.35578839156095,97.68255810152502,5.0
2016-08-02 15:24:39.550,-0.922,-0.168,-0.078,-4.971646298111426,-70.11901755130134,100.45500510666645,5.0
2016-08-02 15:24:39.560,-0.891,-0.164,-0.031,3.9618342417813466,-65.83901592856586,100.19576565578686,5.0
2016-08-02 15:24:39.570,-0.898,-0.152,-0.031,9.678685132322801,-62.39428591517192,99.77510281189564,5.0
2016-08-02 15:24:39.580,-0.902,-0.113,-0.043,8.74080083112796,-61.1529643162566,97.24568389456152,5.0
2016-08-02 15:24:39.590,-0.906,-0.094,-0.047,7.048897323196823,-59.2911536053257,90.74237656231374,5.0
2016-08-02 15:24:39.600,-0.902,-0.102,-0.031,8.091047514475424,-54.95076606836976,82.33385623606151,5.0
2016-08-02 15:24:39.610,-0.887,-0.105,-0.016,9.673591202522816,-49.25476413213331,73.06875644936534,5.0
2016-08-02 15:24:39.620,-0.879,-0.105,-0.012,9.422786692394299,-44.09031769788942,63.9158053206565,5.0
2016-08-02 15:24:39.630,-0.887,-0.094,-0.027,6.094051375435101,-40.91697827050457,56.92190036002061,5.0
2016-08-02 15:24:39.640,-0.918,-0.082,-0.047,1.2474049428399212,-40.7854040578579,52.56897969660889,5.0
2016-08-02 15:24:39.650,-0.93,-0.07,-0.035,-1.3508514988547597,-41.705585486294694,49.73044296669173,5.0
2016-08-02 15:24:39.660,-0.93,-0.09,-0.008,0.22218039512995857,-40.224206862859404,48.260058582992926,5.0
2016-08-02 15:24:39.670,-0.93,-0.078,0.016,4.020642947748916,-37.614306229562104,48.03993365313664,5.0
2016-08-02 15:24:39.680,-0.941,-0.047,0.016,5.022789397923074,-36.67822496130908,46.95858759210099,5.0
2016-08-02 15:24:39.690,-0.969,-0.012,0.027,2.174881831069959,-36.27509645987078,43.948991090558,5.0
2016-08-02 15:24:39.700,-0.977,0.0,0.055,0.013434161633481198,-34.65492848916339,39.86798120905254,5.0
2016-08-02 15:24:39.710,-0.973,0.012,0.094,-0.10522673595882318,-31.675444333301314,35.19135381774622,5.0
2016-08-02 15:24:39.720,-0.969,0.039,0.129,-1.2208911669128701,-28.8539460832752,30.773875362676378,5.0
2016-08-02 15:24:39.730,-0.953,0.063,0.164,-3.3653994102256526,-27.176312981635114,27.593659244731022,5.0
2016-08-02 15:24:39.740,-0.949,0.086,0.184,-3.2272032960157837,-24.974844058323328,25.48538287533931,5.0
2016-08-02 15:24:39.750,-0.969,0.09,0.18,-1.487171437590837,-22.718650185776283,24.136931080383732,5.0
2016-08-02 15:24:39.760,-0.973,0.094,0.176,-2.1459199982103616,-22.24741801099331,22.718620995819656,5.0
2016-08-02 15:24:39.770,-0.977,0.117,0.184,-5.16770509104211,-22.336120882871544,20.65093176485548,5.0
2016-08-02 15:24:39.780,-0.977,0.121,0.203,-6.234809705736431,-21.806059608380266,19.19196903672469,5.0
2016-08-02 15:24:39.790,-0.961,0.098,0.234,-3.022560033743895,-20.21910551301536,18.606766328453745,5.0
2016-08-02 15:24:39.800,-0.949,0.09,0.242,0.6411304727385293,-17.98437215959929,17.571208008849425,5.0
2016-08-02 15:24:39.810,-0.965,0.105,0.23,0.3120115675538439,-17.22909040545677,16.084638045325615,5.0
2016-08-02 15:24:39.820,-0.984,0.109,0.203,-1.587510742792306,-17.149655699919194,14.688354952535292,5.0
2016-08-02 15:24:39.830,-0.977,0.102,0.203,-0.8765384093361871,-15.104328270429672,12.70048516398476,5.0
2016-08-02 15:24:39.840,-0.984,0.086,0.195,0.4447504219239097,-12.16258001728832,10.29998796204698,5.0
2016-08-02 15:24:39.850,-0.988,0.102,0.18,-1.0203765239448108,-10.931137613900866,9.074218123885762,5.0
2016-08-02 15:24:39.860,-0.988,0.113,0.164,-3.6808664791820194,-11.058484109813179,8.726025730516206,5.0
2016-08-02 15:24:39.870,-0.98,0.121,0.18,-4.379673294918647,-10.412867029826474,7.561612688573724,5.0
2016-08-02 15:24:39.880,-0.957,0.109,0.207,-2.607836370366956,-7.882492369115219,5.215066322359895,5.0
2016-08-02 15:24:39.890,-0.961,0.098,0.215,-0.29127877304063177,-4.760812896557148,2.3770185684020944,5.0
2016-08-02 15:24:39.900,-0.969,0.102,0.211,0.8740878565951523,-2.90625486034144,-0.8953105758295157,5.0
2016-08-02 15:24:39.910,-0.969,0.109,0.215,1.2682512530760042,-0.972876384442842,-5.081538019075939,5.0
2016-08-02 15:24:39.920,-0.98,0.113,0.207,1.5196704619008583,1.2834011741102818,-9.118921816621494,5.0
2016-08-02 15:24:39.930,-0.973,0.125,0.215,1.360290215275679,2.122384866021976,-11.774731596071815,5.0
2016-08-02 15:24:39.940,-0.973,0.133,0.215,0.7411771796987583,2.8836131777487783,-13.406132503959663,5.0
2016-08-02 15:24:39.950,-0.988,0.133,0.223,0.6554637300860444,3.731458691812948,-14.427137248520726,5.0
2016-08-02 15:24:39.960,-0.988,0.137,0.223,2.142160616262044,4.5656284348621,-15.92298315818666,5.0
2016-08-02 15:24:39.970,-0.992,0.125,0.223,4.1623507179607895,7.1038127574123795,-19.414868941614266,5.0
2016-08-02 15:24:39.980,-0.996,0.117,0.238,5.284082181593707,9.83872838938596,-24.381446689213114,5.0
2016-08-02 15:24:39.990,-0.98,0.109,0.246,6.249847187552375,12.125055494159023,-29.379078563525425,5.0
2016-08-02 15:24:40.000,-0.977,0.102,0.246,7.909000599763262,14.696089948361067,-33.309634656806345,5.0
2016-08-02 15:24:40.010,-0.953,0.105,0.25,9.459403884803649,16.377042570312163,-35.30348118944684,5.0
2016-08-02 15:24:40.020,-0.965,0.098,0.223,10.30562418978385,17.244102555943048,-35.890756149152175,5.0
2016-08-02 15:24:40.030,-0.98,0.09,0.203,10.609959469293884,17.411995734826814,-36.34319445395134,5.0
2016-08-02 15:24:40.040,-0.98,0.082,0.195,9.80569833314988,17.570432826460006,-37.40045345464853,5.0
2016-08-02 15:24:40.050,-0.988,0.063,0.191,8.471457404582743,19.013610728614307,-38.99630868306828,5.0
2016-08-02 15:24:40.060,-0.992,0.035,0.199,9.111437807276785,20.734698573554468,-40.69383788702396,5.0
2016-08-02 15:24:40.070,-0.977,0.02,0.203,11.771726112906268,22.758144870771133,-42.89251457409448,5.0
2016-08-02 15:24:40.080,-0.969,0.016,0.199,13.63765926156198,25.179738276397423,-45.27954086699589,5.0
2016-08-02 15:24:40.090,-0.969,0.016,0.184,13.594176478362819,25.870388529978495,-46.45631324517884,5.0
2016-08-02 15:24:40.100,-0.984,0.012,0.172,12.516749155923492,24.871992300195462,-46.73994543517674,5.0
2016-08-02 15:24:40.110,-0.984,0.008,0.164,10.686582108585544,24.39976019644636,-47.453551858527334,5.0
2016-08-02 15:24:40.120,-0.98,-0.012,0.16,9.233054724302745,25.273882784064597,-48.98459952737705,5.0
2016-08-02 15:24:40.130,-0.988,-0.023,0.168,9.567850904216694,26.800446460054584,-51.12464338020802,5.0
2016-08-02 15:24:40.140,-0.977,-0.035,0.172,10.55369040959922,28.92165230892809,-53.57959961198954,5.0
2016-08-02 15:24:40.150,-0.965,-0.051,0.164,11.70815122943369,31.98009792469714,-56.13309875966287,5.0
2016-08-02 15:24:40.160,-0.961,-0.055,0.137,12.704639451293279,34.18819553998593,-58.26034030121693,5.0
2016-08-02 15:24:40.170,-0.961,-0.035,0.121,10.576086528405684,34.450133389684275,-59.67330197438213,5.0
2016-08-02 15:24:40.180,-0.949,-0.039,0.105,6.650930936184371,34.806833797341135,-61.032608273804975,5.0
2016-08-02 15:24:40.190,-0.949,-0.066,0.098,5.680470922172773,35.753336170985165,-62.47683875726295,5.0
2016-08-02 15:24:40.200,-0.957,-0.078,0.098,5.568537585751509,36.021478224774654,-63.69671045081097,5.0
2016-08-02 15:24:40.210,-0.961,-0.094,0.086,3.4649125284791276,36.1334092585098,-65.37548053535404,5.0
2016-08-02 15:24:40.220,-0.957,-0.117,0.086,2.7887268089982653,36.743668686268144,-68.01158399524348,5.0
2016-08-02 15:24:40.230,-0.918,-0.125,0.105,4.1575131090688355,38.617597631585106,-71.46837681405796,5.0
2016-08-02 15:24:40.240,-0.895,-0.129,0.098,5.041129043501861,42.03311987120418,-75.13489792409298,5.0
2016-08-02 15:24:40.250,-0.926,-0.16,0.063,5.135306984038919,43.10261089304009,-77.04414672130059,5.0
2016-08-02 15:24:40.260,-0.949,-0.145,0.043,3.2823562551425627,40.415293158921536,-76.65484827120434,5.0
2016-08-02 15:24:40.270,-0.922,-0.129,0.027,0.5640406295602176,39.55759055360938,-76.45582317516714,5.0
2016-08-02 15:24:40.280,-0.926,-0.18,0.02,0.8975389258747654,41.36889999505496,-77.06933519922289,5.0
2016-08-02 15:24:40.290,-0.957,-0.188,0.004,1.9581001838010363,40.65386345183684,-76.48690348298247,5.0
2016-08-02 15:24:40.300,-0.938,-0.172,0.016,0.2661084555986442,39.01063209057877,-76.42563330638116,5.0
2016-08-02 15:24:40.310,-0.891,-0.207,0.031,-0.4516927513396412,40.884345984632525,-80.84906305886193,5.0
2016-08-02 15:24:40.320,-0.852,-0.23,0.051,1.6055119388366306,43.99495168939934,-88.36998601012748,5.0
2016-08-02 15:24:40.330,-0.793,-0.234,0.051,3.67705869755369,47.30332482763326,-95.48262607898795,5.0
2016-08-02 15:24:40.340,-0.801,-0.293,-0.004,5.1011534611683365,51.02394935148429,-100.36785403078629,5.0
2016-08-02 15:24:40.350,-0.887,-0.277,-0.055,4.256170147925672,49.44768677501025,-99.84839915078555,5.0
2016-08-02 15:24:40.360,-0.891,-0.246,-0.086,0.5218926615580366,44.98435560268878,-95.55785716117583,5.0
2016-08-02 15:24:40.370,-0.898,-0.309,-0.105,-2.0407078323218615,45.4948965879669,-94.16649683576397,5.0
2016-08-02 15:24:40.380,-0.918,-0.336,-0.105,-3.5423411983659316,45.672417286682155,-94.49250112193963,5.0
2016-08-02 15:24:40.390,-0.875,-0.313,-0.082,-6.58181230665663,43.830665458434964,-93.8725612701443,5.0
2016-08-02 15:24:40.400,-0.816,-0.352,-0.059,-7.528645827819705,46.53885792350261,-96.74233676273133,5.0
2016-08-02 15:24:40.410,-0.777,-0.391,-0.051,-3.1582187383616187,51.11667379207954,-102.47213832452448,5.0
2016-08-02 15:24:40.420,-0.77,-0.434,-0.094,2.035262781884495,54.90046949099517,-105.62114320423854,5.0
2016-08-02 15:24:40.430,-0.883,-0.473,-0.18,0.3245670820108093,53.9496210668591,-103.67330362794947,5.0
2016-08-02 15:24:40.440,-0.965,-0.406,-0.223,-8.499608356957598,44.426890106982555,-96.6112420229694,5.0
2016-08-02 15:24:40.450,-0.934,-0.434,-0.223,-15.766341927741195,39.14845263868759,-90.35528551781817,5.0
2016-08-02 15:24:40.460,-0.953,-0.5,-0.195,-17.628190125567354,40.87979626119015,-87.58495796898748,5.0
2016-08-02 15:24:40.470,-0.91,-0.504,-0.148,-17.73902811859009,39.056442501895006,-84.0359172645573,5.0
2016-08-02 15:24:40.480,-0.816,-0.539,-0.121,-15.771573330389518,41.127908946544,-83.75127986461956,5.0
2016-08-02 15:24:40.490,-0.789,-0.602,-0.152,-9.951982410940163,48.337353520727376,-89.11527824381585,5.0
2016-08-02 15:24:40.500,-0.836,-0.633,-0.199,-6.948706261748102,47.22769899489512,-90.8352272533118,5.0
2016-08-02 15:24:40.510,-0.891,-0.613,-0.242,-12.922606392945035,38.42185757518132,-85.85218313799402,5.0
2016-08-02 15:24:40.520,-0.859,-0.566,-0.238,-21.11630540346107,29.89446879211017,-80.35067357395225,5.0
2016-08-02 15:24:40.530,-0.777,-0.602,-0.188,-21.38747728519232,27.72873957345096,-78.25307518789384,5.0
2016-08-02 15:24:40.540,-0.703,-0.656,-0.148,-13.829023414518812,32.97690497077333,-78.54284600046421,5.0
2016-08-02 15:24:40.550,-0.645,-0.676,-0.164,-5.799746483165647,38.68725998340817,-79.94188215689707,5.0
2016-08-02 15:24:40.560,-0.664,-0.727,-0.258,-3.307166964094411,40.407575033729465,-81.88669509734575,5.0
2016-08-02 15:24:40.570,-0.75,-0.68,-0.348,-7.421187839214049,35.15516772656463,-79.3199246176001,5.0
2016-08-02 15:24:40.580,-0.746,-0.641,-0.375,-14.841913329803674,25.2339360244125,-72.47123972065575,5.0
2016-08-02 15:24:40.590,-0.684,-0.688,-0.332,-19.544981296483776,20.745219601814277,-70.79370920141761,5.0
2016-08-02 15:24:40.600,-0.602,-0.723,-0.266,-16.809363830557107,22.57360873442801,-73.52660946168157,5.0
2016-08-02 15:24:40.610,-0.496,-0.723,-0.227,-9.416128678025256,26.381367888716156,-75.67791774722893,5.0
2016-08-02 15:24:40.620,-0.457,-0.762,-0.246,-3.6354109299021005,30.46363821038856,-81.29279260490446,5.0
2016-08-02 15:24:40.630,-0.504,-0.77,-0.301,-2.1155773304601695,29.511158018640913,-86.62240492156599,5.0
2016-08-02 15:24:40.640,-0.563,-0.707,-0.344,-5.983537888370359,22.60541177908278,-83.65777166545446,5.0
2016-08-02 15:24:40.650,-0.57,-0.672,-0.352,-12.523862960133894,16.579468255259865,-78.31172817892826,5.0
2016-08-02 15:24:40.660,-0.539,-0.691,-0.313,-14.29690864222901,15.586564880648414,-77.61194743871935,5.0
2016-08-02 15:24:40.670,-0.469,-0.703,-0.25,-9.732645242685523,19.172993175844503,-80.07172501633573,5.0
2016-08-02 15:24:40.680,-0.41,-0.707,-0.215,-4.687136687466686,24.45546693059089,-85.17857744715104,5.0
2016-08-02 15:24:40.690,-0.391,-0.703,-0.223,-2.1820436951737308,28.158306949197907,-92.31691560758371,5.0
2016-08-02 15:24:40.700,-0.445,-0.75,-0.285,-1.2977544663829632,30.06404414221313,-96.68557888740978,5.0
2016-08-02 15:24:40.710,-0.586,-0.766,-0.34,-3.1433609111338847,27.349171836187814,-93.27102562321443,5.0
2016-08-02 15:24:40.720,-0.633,-0.719,-0.328,-8.350128329676178,19.656329431851873,-84.64125764646482,5.0
2016-08-02 15:24:40.730,-0.582,-0.734,-0.289,-13.264706590372942,17.571730007309686,-81.58299471287006,5.0
2016-08-02 15:24:40.740,-0.531,-0.785,-0.234,-13.560311364530131,22.398005948148217,-85.58654882792719,5.0
2016-08-02 15:24:40.750,-0.461,-0.793,-0.195,-9.240774998800765,27.16025841249637,-89.01941192172139,5.0
2016-08-02 15:24:40.760,-0.441,-0.816,-0.227,-5.944037531820034,31.897394014263803,-92.46100219669245,5.0
2016-08-02 15:24:40.770,-0.5,-0.805,-0.281,-8.145730221191382,31.58543814004561,-95.37710167786314,5.0
2016-08-02 15:24:40.780,-0.543,-0.801,-0.316,-13.989211479453518,26.064373745987865,-92.7940918375531,5.0
2016-08-02 15:24:40.790,-0.563,-0.816,-0.32,-19.580204821426758,23.935601696278166,-88.22658890061133,5.0
2016-08-02 15:24:40.800,-0.547,-0.813,-0.285,-21.25700912949365,24.04239627155563,-85.47110730449374,5.0
2016-08-02 15:24:40.810,-0.496,-0.871,-0.262,-18.461714638458467,26.666025017761054,-84.2984283312341,5.0
2016-08-02 15:24:40.820,-0.488,-0.914,-0.25,-15.945186017794985,31.00573110820568,-84.85281809214737,5.0
2016-08-02 15:24:40.830,-0.445,-0.852,-0.246,-16.004926821182785,31.443774306474644,-84.45449190604583,5.0
2016-08-02 15:24:40.840,-0.398,-0.891,-0.293,-16.968721160676967,34.379997054688786,-84.0245822742067,5.0
2016-08-02 15:24:40.850,-0.465,-0.949,-0.324,-17.43294772914988,37.86815237755193,-83.95279526259938,5.0
2016-08-02 15:24:40.860,-0.457,-0.883,-0.328,-16.67952483882499,34.70829831684788,-78.78031333341958,5.0
2016-08-02 15:24:40.870,-0.402,-0.898,-0.344,-17.84132181943847,35.83291527298107,-74.10481915183831,5.0
2016-08-02 15:24:40.880,-0.426,-0.973,-0.348,-19.89029201346357,39.26037491942446,-75.03473083051249,5.0
2016-08-02 15:24:40.890,-0.398,-0.945,-0.313,-16.949016747421442,36.38094976861187,-72.56877863559143,5.0
2016-08-02 15:24:40.900,-0.328,-0.918,-0.313,-14.34731444666755,37.94129508205984,-68.34922273016012,5.0
2016-08-02 15:24:40.910,-0.309,-0.93,-0.316,-15.30448762621559,41.28427381879948,-69.48759033700944,5.0
2016-08-02 15:24:40.920,-0.266,-0.895,-0.297,-11.782459838873109,39.9853371670157,-70.70962193039188,5.0
2016-08-02 15:24:40.930,-0.215,-0.934,-0.332,-5.675450246790843,44.97376596836248,-71.20085317153573,5.0
2016-08-02 15:24:40.940,-0.277,-0.961,-0.375,-3.4229620806319696,48.169980115599984,-72.7927169233916,5.0
2016-08-02 15:24:40.950,-0.289,-0.902,-0.383,-3.540838967621128,40.876813558750186,-69.71036375534146,5.0
2016-08-02 15:24:40.960,-0.238,-0.898,-0.371,-5.471708453612376,40.23686993281525,-65.39801851287055,5.0
2016-08-02 15:24:40.970,-0.242,-0.941,-0.371,-6.266181712416557,44.58236199531659,-66.4010427820512,5.0
2016-08-02 15:24:40.980,-0.215,-0.934,-0.336,-1.5101493068691736,43.25904038894096,-66.537949099329,5.0
2016-08-02 15:24:40.990,-0.168,-0.945,-0.348,3.8547265785709017,46.45913773555731,-64.77853758636671,5.0
2016-08-02 15:24:41.000,-0.188,-0.957,-0.379,6.805598911515406,50.34460758804828,-66.2682415276945,5.0
2016-08-02 15:24:41.010,-0.172,-0.938,-0.395,10.230835615213987,47.4299872387771,-67.45923655157594,5.0
2016-08-02 15:24:41.020,-0.164,-0.965,-0.414,11.826579793114785,48.173355654433166,-66.5476334316972,5.0
2016-08-02 15:24:41.030,-0.188,-0.961,-0.414,11.316375415996358,48.396207865693,-65.67069045804516,5.0
2016-08-02 15:24:41.040,-0.164,-0.926,-0.391,12.181948141638083,43.322101687794685,-63.73803454278536,5.0
2016-08-02 15:24:41.050,-0.129,-0.949,-0.387,12.82650535410686,44.060187191791584,-62.39270546574719,5.0
2016-08-02 15:24:41.060,-0.109,-0.969,-0.371,13.609343568089065,46.53633000274817,-63.39699158163519,5.0
2016-08-02 15:24:41.070,-0.074,-0.945,-0.359,16.82548371579204,45.54244112262901,-64.01788031470393,5.0
2016-08-02 15:24:41.080,-0.059,-1.0,-0.398,18.29873250518598,47.80639906009402,-64.49383907524444,5.0
2016-08-02 15:24:41.090,-0.09,-1.0,-0.414,16.564478041478303,46.91917141525729,-65.42809258898045,5.0
2016-08-02 15:24:41.100,-0.086,-0.957,-0.41,14.631211685020366,40.85924669080515,-62.92608867715575,5.0
2016-08-02 15:24:41.110,-0.07,-0.996,-0.41,11.625247900511585,40.60234975827164,-59.098720197107255,5.0
2016-08-02 15:24:41.120,-0.066,-0.996,-0.391,9.621894253034707,40.94123097094205,-58.398441886909055,5.0
2016-08-02 15:24:41.130,-0.02,-0.965,-0.359,10.291488303450462,37.62100409346784,-57.04900549588787,5.0
2016-08-02 15:24:41.140,0.031,-0.949,-0.336,8.305473475710448,38.85375944458219,-55.0291133203996,5.0
2016-08-02 15:24:41.150,0.059,-0.93,-0.336,4.877586078490645,39.31078779172579,-56.19959755851416,5.0
2016-08-02 15:24:41.160,0.109,-0.902,-0.332,4.805818785960854,36.45139273310279,-57.84682124365442,5.0
2016-08-02 15:24:41.170,0.145,-0.941,-0.367,5.075174371611464,38.82113021547758,-59.38687484146662,5.0
2016-08-02 15:24:41.180,0.117,-0.949,-0.383,4.050860465190612,39.81027253963489,-61.88405249650704,5.0
2016-08-02 15:24:41.190,0.113,-0.898,-0.379,2.3170683056614676,34.98739230095178,-60.94389977215538,5.0
2016-08-02 15:24:41.200,0.141,-0.891,-0.371,-2.6037607075199434,34.57002998648613,-57.085808727717264,5.0
2016-08-02 15:24:41.210,0.148,-0.891,-0.363,-7.620273876018056,36.66669019196087,-56.25925555669114,5.0
2016-08-02 15:24:41.220,0.172,-0.883,-0.348,-8.382288064080061,35.6294234235599,-57.51596452742512,5.0
2016-08-02 15:24:41.230,0.199,-0.895,-0.348,-8.928187651031012,36.98575775365901,-58.083434476760736,5.0
2016-08-02 15:24:41.240,0.211,-0.887,-0.355,-9.70668941148158,38.82603283349161,-59.712784360011995,5.0
2016-08-02 15:24:41.250,0.207,-0.934,-0.418,-8.498869322961209,36.95241983674936,-62.305789358124365,5.0
2016-08-02 15:24:41.260,0.16,-0.988,-0.453,-10.223135338880041,34.96890648837106,-64.30729128328265,5.0
2016-08-02 15:24:41.270,0.113,-0.93,-0.438,-14.756157997493943,31.4102859681779,-63.07552299075846,5.0
2016-08-02 15:24:41.280,0.137,-0.91,-0.426,-20.38664942144154,28.075503481555668,-57.37835924178481,5.0
2016-08-02 15:24:41.290,0.16,-0.918,-0.41,-29.006659007104357,28.86951372133161,-54.23957373808297,5.0
2016-08-02 15:24:41.300,0.188,-0.93,-0.395,-32.923350647309256,27.9015964444588,-56.72708498407298,5.0
2016-08-02 15:24:41.310,0.234,-0.926,-0.387,-29.345746630266593,27.58890593941085,-58.36698749231788,5.0
2016-08-02 15:24:41.320,0.254,-0.945,-0.418,-27.077848423364472,31.70560644166521,-58.18725664137892,5.0
2016-08-02 15:24:41.330,0.242,-0.938,-0.445,-27.740425390984118,31.309474868857613,-59.44620627076294,5.0
2016-08-02 15:24:41.340,0.223,-0.934,-0.469,-30.371853615295436,27.039941362038327,-59.807525447341575,5.0
2016-08-02 15:24:41.350,0.215,-0.891,-0.434,-34.81738947330001,25.572657353416172,-56.73897917806646,5.0
2016-08-02 15:24:41.360,0.238,-0.871,-0.402,-36.686564994590356,24.544263821904213,-53.05398959539598,5.0
2016-08-02 15:24:41.370,0.281,-0.875,-0.375,-35.56365451738158,23.876018746289816,-52.02846489157625,5.0
2016-08-02 15:24:41.380,0.32,-0.871,-0.352,-32.891365082777305,25.35701784701589,-52.92320552492924,5.0
2016-08-02 15:24:41.390,0.355,-0.871,-0.367,-29.022495205461826,27.603471316329557,-53.38265363749874,5.0
2016-08-02 15:24:41.400,0.344,-0.934,-0.422,-27.427330288753588,28.841802519488574,-54.24729450040228,5.0
2016-08-02 15:24:41.410,0.301,-0.895,-0.43,-26.17845933108231,25.16369866986451,-55.44456991571282,5.0
2016-08-02 15:24:41.420,0.305,-0.863,-0.438,-22.183086118576696,20.090370368539723,-52.35559658477262,5.0
2016-08-02 15:24:41.430,0.316,-0.91,-0.453,-20.057081527524108,20.883802516129066,-47.71139007652559,5.0
2016-08-02 15:24:41.440,0.32,-0.918,-0.445,-18.27557112888088,20.837435301279054,-48.028289550558554,5.0
2016-08-02 15:24:41.450,0.344,-0.91,-0.438,-13.359613814889622,18.298983059805877,-48.18639494406914,5.0
2016-08-02 15:24:41.460,0.363,-0.918,-0.449,-10.297156085518543,20.716183972954877,-44.77421824208041,5.0
2016-08-02 15:24:41.470,0.363,-0.898,-0.441,-8.113851805155244,21.1457047141604,-43.272946207584575,5.0
2016-08-02 15:24:41.480,0.371,-0.875,-0.43,-3.3246566118164975,17.898114557248036,-42.75503146227672,5.0
2016-08-02 15:24:41.490,0.391,-0.875,-0.418,1.1867133132047591,19.640467916713717,-40.80370933548123,5.0
2016-08-02 15:24:41.500,0.391,-0.855,-0.414,5.932470570692646,20.43617394959352,-40.97726998487761,5.0
2016-08-02 15:24:41.510,0.406,-0.828,-0.406,11.553657289217613,16.974743975980985,-41.945365382775734,5.0
2016-08-02 15:24:41.520,0.426,-0.855,-0.422,15.285812193943727,17.28574354646272,-40.68406697630741,5.0
2016-08-02 15:24:41.530,0.422,-0.918,-0.449,18.00178993401537,18.20672715571721,-41.62898396323485,5.0
2016-08-02 15:24:41.540,0.398,-0.895,-0.445,21.39002288806994,14.19757206026605,-44.28081402623144,5.0
2016-08-02 15:24:41.550,0.391,-0.879,-0.449,23.227991003222616,12.321242013401015,-40.72579756246577,5.0
2016-08-02 15:24:41.560,0.391,-0.898,-0.449,22.55555361108628,14.902786967484285,-34.495518667746154,5.0
2016-08-02 15:24:41.570,0.383,-0.914,-0.453,23.335496238206098,14.273580627039777,-34.00989726563618,5.0
2016-08-02 15:24:41.580,0.398,-0.914,-0.445,25.887948350420928,12.023136150757873,-34.77597324049073,5.0
2016-08-02 15:24:41.590,0.402,-0.918,-0.438,25.558600164079916,13.335989406606858,-32.30379606068505,5.0
2016-08-02 15:24:41.600,0.418,-0.914,-0.43,22.442867489280594,13.513431305639209,-30.30434452047355,5.0
2016-08-02 15:24:41.610,0.43,-0.934,-0.43,19.013302613264788,11.79041592384059,-29.791926990047052,5.0
2016-08-02 15:24:41.620,0.438,-0.934,-0.41,15.882473958402644,11.77141958743341,-28.873526231822673,5.0
2016-08-02 15:24:41.630,0.434,-0.898,-0.398,13.562951919960755,10.804192731213718,-26.057970293521638,5.0
2016-08-02 15:24:41.640,0.445,-0.883,-0.383,10.456915515901887,9.08366629221052,-21.478186078495355,5.0
2016-08-02 15:24:41.650,0.469,-0.875,-0.367,6.404907558366324,9.024643157501327,-18.423725982731494,5.0
2016-08-02 15:24:41.660,0.492,-0.879,-0.355,4.173829554433468,9.058832040508749,-17.502276463801323,5.0
2016-08-02 15:24:41.670,0.504,-0.902,-0.352,2.9624153606985315,9.903511734161315,-16.35257596092326,5.0
2016-08-02 15:24:41.680,0.504,-0.887,-0.348,2.009638584005625,11.046491161916276,-14.959183545388715,5.0
2016-08-02 15:24:41.690,0.504,-0.871,-0.359,1.7338966923606363,10.196006274261459,-12.636314756914278,5.0
2016-08-02 15:24:41.700,0.508,-0.859,-0.355,-0.38275060701293184,9.829935136266629,-8.871727558235278,5.0
2016-08-02 15:24:41.710,0.508,-0.84,-0.344,-4.02022604020053,9.963943207068445,-5.817811089058177,5.0
2016-08-02 15:24:41.720,0.523,-0.828,-0.34,-7.10143249584687,8.830739177262116,-3.5354960794337735,5.0
2016-08-02 15:24:41.730,0.531,-0.84,-0.348,-10.49496779366412,8.765181620299929,-1.5851040069114837,5.0
2016-08-02 15:24:41.740,0.52,-0.824,-0.352,-14.138374778812665,8.89823156212292,-0.8701501027262287,5.0
2016-08-02 15:24:41.750,0.516,-0.801,-0.363,-17.41350695276877,7.647453491377746,0.36692146965623496,5.0
2016-08-02 15:24:41.760,0.512,-0.793,-0.367,-20.63761200414677,7.643728853191065,3.0334469410604052,5.0
2016-08-02 15:24:41.770,0.504,-0.797,-0.379,-22.72027876174741,8.328328048850285,4.606383841265692,5.0
2016-08-02 15:24:41.780,0.5,-0.82,-0.391,-23.088107362558066,7.870538446128936,4.687359472082019,5.0
2016-08-02 15:24:41.790,0.484,-0.848,-0.406,-23.438445483358315,7.695607442166527,4.798738147494705,5.0
2016-08-02 15:24:41.800,0.461,-0.84,-0.406,-24.44247905187524,7.231159305551163,5.337267037901673,5.0
2016-08-02 15:24:41.810,0.449,-0.816,-0.414,-25.645676955970536,5.697299554460733,6.762321518457095,5.0
2016-08-02 15:24:41.820,0.453,-0.809,-0.41,-27.152554613491123,5.052730491144305,8.181532913225166,5.0
2016-08-02 15:24:41.830,0.457,-0.809,-0.406,-27.34419939571331,4.830664019914811,7.731910190689497,5.0
2016-08-02 15:24:41.840,0.465,-0.805,-0.406,-25.201345242865955,4.040001514143317,6.518262801994527,5.0
2016-08-02 15:24:41.850,0.461,-0.805,-0.41,-23.079397396109567,3.9096081225955945,6.134045280837519,5.0
2016-08-02 15:24:41.860,0.449,-0.801,-0.414,-21.7932971444816,3.413743155291528,5.705640778977877,5.0
2016-08-02 15:24:41.870,0.441,-0.793,-0.422,-20.197251729773672,1.6488704644156358,4.969190406411327,5.0
2016-08-02 15:24:41.880,0.438,-0.789,-0.43,-18.660157428918303,0.5032150716139098,5.017644525310149,5.0
2016-08-02 15:24:41.890,0.438,-0.801,-0.418,-16.800847533719637,0.18105948321165014,5.932866137018751,5.0
2016-08-02 15:24:41.900,0.453,-0.828,-0.438,-13.088600091506496,-0.0015115663766235299,6.991652994734116,5.0
2016-08-02 15:24:41.910,0.465,-0.863,-0.473,-8.254474902124883,-0.09368946939145284,7.841857483699322,5.0
2016-08-02 15:24:41.920,0.473,-0.855,-0.484,-4.0832402500325,-1.8765093584852262,9.096448573055769,5.0
2016-08-02 15:24:41.930,0.48,-0.863,-0.5,-1.8461724161125252,-5.536540200317717,11.863660522864395,5.0
2016-08-02 15:24:41.940,0.48,-0.902,-0.516,-1.890754467618164,-9.609633931499587,14.468865600043284,5.0
2016-08-02 15:24:41.950,0.477,-0.902,-0.508,-1.1461999458889602,-14.887172013509543,15.63922124396,5.0
2016-08-02 15:24:41.960,0.488,-0.91,-0.492,2.1057365924383484,-19.162438817807118,18.959856343901837,5.0
2016-08-02 15:24:41.970,0.5,-0.918,-0.477,5.616392000884037,-20.980472558545777,23.790248031870448,5.0
2016-08-02 15:24:41.980,0.516,-0.918,-0.477,9.785332121047839,-25.11884566973138,26.466710737464226,5.0
2016-08-02 15:24:41.990,0.539,-0.934,-0.465,14.963510282009342,-29.561815548882976,29.516275078179003,5.0
2016-08-02 15:24:42.000,0.539,-0.965,-0.492,19.148914977595908,-30.690180497601396,32.82373174563734,5.0
2016-08-02 15:24:42.010,0.527,-0.957,-0.504,22.35964925844549,-34.32009194922594,34.6152724650331,5.0
2016-08-02 15:24:42.020,0.52,-0.934,-0.504,23.91165690636351,-39.48870126439783,39.248701253119,5.0
2016-08-02 15:24:42.030,0.508,-0.949,-0.52,23.597029904823486,-40.95171957132793,46.29299961591285,5.0
2016-08-02 15:24:42.040,0.488,-0.945,-0.496,24.355576151684048,-42.92501089509787,51.48203453254562,5.0
2016-08-02 15:24:42.050,0.48,-0.945,-0.48,26.149759575418326,-45.45047575396323,57.06359243445061,5.0
2016-08-02 15:24:42.060,0.469,-0.973,-0.469,26.500326399695588,-44.622385507281734,63.582490992382155,5.0
2016-08-02 15:24:42.070,0.457,-0.969,-0.445,26.79729175378008,-44.928693432213635,67.41483698999386,5.0
2016-08-02 15:24:42.080,0.453,-0.977,-0.465,28.133912483574083,-46.651772195517616,69.90154120080015,5.0
2016-08-02 15:24:42.090,0.434,-0.984,-0.469,28.610664056263644,-45.646525649057295,73.56139636529177,5.0
2016-08-02 15:24:42.100,0.406,-0.988,-0.48,28.860891430614767,-45.664728341961215,77.09828544753361,5.0
2016-08-02 15:24:42.110,0.387,-0.984,-0.496,28.618533516816623,-47.253946302769855,80.18833416846141,5.0
2016-08-02 15:24:42.120,0.355,-0.996,-0.488,25.5230898811912,-47.20871857060094,83.87293206232067,5.0
2016-08-02 15:24:42.130,0.328,-1.004,-0.469,21.660163858384628,-48.1779779288853,87.51702843849239,5.0
2016-08-02 15:24:42.140,0.309,-1.016,-0.449,19.787965502665433,-49.74137378478517,90.54084508793585,5.0
2016-08-02 15:24:42.150,0.293,-1.027,-0.438,19.49107484331494,-49.21175275281989,93.3951048157688,5.0
2016-08-02 15:24:42.160,0.273,-1.039,-0.434,19.628151253259087,-48.64213747758119,95.88596858295946,5.0
2016-08-02 15:24:42.170,0.25,-1.027,-0.445,18.723511408059522,-48.55739854969413,98.12255817578523,5.0
2016-08-02 15:24:42.180,0.223,-1.012,-0.457,16.490354863474906,-48.34419296172172,100.91435256142056,5.0
2016-08-02 15:24:42.190,0.195,-1.0,-0.461,14.366726365784798,-49.052954321388526,103.5660880935945,5.0
2016-08-02 15:24:42.200,0.176,-1.008,-0.469,12.52270340142086,-49.75879580580212,105.1239609942246,5.0
2016-08-02 15:24:42.210,0.152,-1.008,-0.438,10.049531349063356,-49.75549011037046,106.56368844836449,5.0
2016-08-02 15:24:42.220,0.141,-1.0,-0.418,7.6843426763366836,-49.67629261641189,108.53400390716511,5.0
2016-08-02 15:24:42.230,0.117,-1.027,-0.402,6.514355962583693,-49.47620310779638,110.27828582503815,5.0
2016-08-02 15:24:42.240,0.094,-1.02,-0.395,6.823827016551163,-49.75521759119304,112.05981322420385,5.0
2016-08-02 15:24:42.250,0.086,-1.02,-0.395,7.920506318347508,-49.644525615689446,114.4619414542772,5.0
2016-08-02 15:24:42.260,0.07,-1.016,-0.418,7.743985422537703,-48.2542284829309,116.02869943897669,5.0
2016-08-02 15:24:42.270,0.039,-1.02,-0.445,6.427016483432913,-48.17269474247935,116.16490874845847,5.0
2016-08-02 15:24:42.280,0.004,-1.016,-0.445,5.156568422341845,-49.434180500344105,117.12451410860788,5.0
2016-08-02 15:24:42.290,-0.027,-1.008,-0.449,3.3535398226701627,-50.104947503558805,119.91460847730566,5.0
2016-08-02 15:24:42.300,-0.055,-1.027,-0.441,1.2119445482244122,-51.370065681002934,122.66302569523344,5.0
2016-08-02 15:24:42.310,-0.082,-1.027,-0.43,-0.5283497472541963,-53.201137649089254,124.46579411502388,5.0
2016-08-02 15:24:42.320,-0.094,-1.027,-0.406,-1.0862645204255115,-53.737185108909514,126.7900972700431,5.0
2016-08-02 15:24:42.330,-0.09,-1.027,-0.395,0.007538258108512719,-53.291297616687835,129.41599553479813,5.0
2016-08-02 15:24:42.340,-0.09,-1.004,-0.398,2.0753198161192565,-53.38337714726748,130.42288959819675,5.0
2016-08-02 15:24:42.350,-0.09,-0.965,-0.41,4.559627384593862,-53.52603933923979,130.14585028415019,5.0
2016-08-02 15:24:42.360,-0.121,-0.977,-0.441,5.887771008329427,-53.72950675101763,129.19219750627164,5.0
2016-08-02 15:24:42.370,-0.176,-0.965,-0.43,4.792741995183489,-57.36941549344741,128.50629080740853,5.0
2016-08-02 15:24:42.380,-0.191,-0.93,-0.422,2.7511952043692967,-63.01732529921279,130.63887787184433,5.0
2016-08-02 15:24:42.390,-0.199,-0.906,-0.383,0.5707148402553338,-65.28065731645029,133.43869933840585,5.0
2016-08-02 15:24:42.400,-0.207,-0.906,-0.348,-0.3343355283965942,-65.60265561937051,133.71934344949176,5.0
2016-08-02 15:24:42.410,-0.195,-0.91,-0.313,2.251191421224921,-65.33224782406663,133.668471273751,5.0
2016-08-02 15:24:42.420,-0.199,-0.875,-0.305,6.154863819682264,-63.11341523608806,133.56942699271747,5.0
2016-08-02 15:24:42.430,-0.191,-0.84,-0.313,9.568567093287506,-61.0334820115592,131.45700860979662,5.0
2016-08-02 15:24:42.440,-0.219,-0.855,-0.355,12.753296418952468,-59.58812848045014,128.1799909733914,5.0
2016-08-02 15:24:42.450,-0.277,-0.813,-0.363,13.799225452316854,-60.81569498365326,126.86087647100483,5.0
2016-08-02 15:24:42.460,-0.277,-0.762,-0.359,11.959382150875872,-64.93401430817728,128.15910689843008,5.0
2016-08-02 15:24:42.470,-0.273,-0.754,-0.344,9.50956503778249,-65.45826060470455,126.6769139336155,5.0
2016-08-02 15:24:42.480,-0.285,-0.781,-0.32,10.819131128291312,-63.08275979347293,122.1015793181454,5.0
2016-08-02 15:24:42.490,-0.289,-0.773,-0.293,16.699893762718236,-60.40829624125378,120.49585406494943,5.0
2016-08-02 15:24:42.500,-0.313,-0.766,-0.297,20.266478426277928,-57.01842403419959,119.87444934734782,5.0
2016-08-02 15:24:42.510,-0.34,-0.75,-0.285,19.374099692727842,-56.92956395265876,116.63797749988291,5.0
2016-08-02 15:24:42.520,-0.355,-0.738,-0.32,19.329022863585067,-57.59149447551951,114.00757778025759,5.0
2016-08-02 15:24:42.530,-0.422,-0.809,-0.336,20.06017849662026,-56.208246943044145,113.02451407628942,5.0
2016-08-02 15:24:42.540,-0.457,-0.742,-0.305,19.48298889268318,-58.308149352934706,112.98293750216394,5.0
2016-08-02 15:24:42.550,-0.457,-0.734,-0.305,17.46214005539345,-60.495458090659326,113.82264520770192,5.0
2016-08-02 15:24:42.560,-0.5,-0.73,-0.266,13.658476354041717,-60.49829543724676,113.11596367171903,5.0
2016-08-02 15:24:42.570,-0.484,-0.703,-0.227,12.297081700652281,-62.27190457637092,111.87122829091412,5.0
2016-08-02 15:24:42.580,-0.477,-0.746,-0.219,14.544110863618354,-60.415131789295785,110.7096952279431,5.0
2016-08-02 15:24:42.590,-0.508,-0.73,-0.199,15.874745170702681,-57.62259591559749,107.37336637513864,5.0
2016-08-02 15:24:42.600,-0.504,-0.668,-0.195,15.700726260163757,-59.314683189539764,105.25361133054079,5.0
2016-08-02 15:24:42.610,-0.516,-0.652,-0.195,14.670307601584689,-58.916293457563086,104.21677192755433,5.0
2016-08-02 15:24:42.620,-0.543,-0.656,-0.203,14.31626463775942,-57.1462504887926,101.10906307085345,5.0
2016-08-02 15:24:42.630,-0.598,-0.707,-0.219,15.24502981545555,-56.49888641443141,100.44024795953757,5.0
2016-08-02 15:24:42.640,-0.66,-0.641,-0.191,12.060934913303468,-57.34958152830343,104.23584874228561,5.0
2016-08-02 15:24:42.650,-0.66,-0.578,-0.18,3.8889002322301804,-60.18145258055664,108.51257071917424,5.0
2016-08-02 15:24:42.660,-0.695,-0.656,-0.164,-0.970747561954737,-59.21600898085212,110.25736681549958,5.0
2016-08-02 15:24:42.670,-0.73,-0.66,-0.125,1.6796775250565312,-56.185479316188115,112.20928224220364,5.0
2016-08-02 15:24:42.680,-0.727,-0.637,-0.125,4.6733547440982655,-54.26775476626146,117.34976858712126,5.0
2016-08-02 15:24:42.690,-0.781,-0.621,-0.125,1.585072027140261,-53.29464613387433,121.19897846959958,5.0
2016-08-02 15:24:42.700,-0.777,-0.539,-0.094,-2.78569255975,-55.65039245737522,123.60551671591455,5.0
2016-08-02 15:24:42.710,-0.734,-0.527,-0.082,-2.8967478759976752,-54.77235852389938,124.86799995399073,5.0
2016-08-02 15:24:42.720,-0.75,-0.555,-0.07,-1.1741926940499714,-51.006880052673466,121.0389733485269,5.0
2016-08-02 15:24:42.730,-0.75,-0.52,-0.063,-1.6036251891922213,-52.669898582044,118.50257268779393,5.0
2016-08-02 15:24:42.740,-0.754,-0.473,-0.066,-5.513356760340839,-55.05698266456319,119.11157546909087,5.0
2016-08-02 15:24:42.750,-0.758,-0.441,-0.055,-10.712588738288863,-56.38978056563822,116.66064142817481,5.0
2016-08-02 15:24:42.760,-0.742,-0.418,-0.023,-11.486292007605757,-57.4066345949189,114.46193776373593,5.0
2016-08-02 15:24:42.770,-0.723,-0.43,0.0,-5.797255319126577,-52.776175050656306,112.88754760787354,5.0
2016-08-02 15:24:42.780,-0.738,-0.445,-0.035,0.6708966794254992,-46.97998920062891,108.73207688588917,5.0
2016-08-02 15:24:42.790,-0.781,-0.422,-0.078,1.442308174183272,-46.61896898070556,106.86869322695051,5.0
2016-08-02 15:24:42.800,-0.832,-0.383,-0.109,-4.144142453004411,-50.004367998907185,109.55408804136451,5.0
2016-08-02 15:24:42.810,-0.855,-0.328,-0.117,-11.285380507954972,-54.88165143907037,113.05748183027958,5.0
2016-08-02 15:24:42.820,-0.863,-0.324,-0.082,-13.99984894316155,-57.523084570442506,115.26733234975995,5.0
2016-08-02 15:24:42.830,-0.852,-0.336,-0.043,-10.201069210088916,-55.055463321591844,115.81805911599166,5.0
2016-08-02 15:24:42.840,-0.844,-0.34,-0.031,-3.9610861315168155,-51.326885768866774,114.50232181254839,5.0
2016-08-02 15:24:42.850,-0.852,-0.324,-0.023,-1.3996500948583197,-51.11436408937939,112.10800765297968,5.0
2016-08-02 15:24:42.860,-0.867,-0.273,-0.008,-4.172857346096373,-54.20622454470763,110.11833392741397,5.0
2016-08-02 15:24:42.870,-0.848,-0.242,0.023,-6.834399736881218,-56.322797292183296,108.05051383022199,5.0
2016-08-02 15:24:42.880,-0.828,-0.25,0.07,-2.094155196276729,-53.5435825269012,104.35441728830365,5.0
2016-08-02 15:24:42.890,-0.813,-0.246,0.086,7.309888666588617,-47.13713722484909,99.80562535125237,5.0
2016-08-02 15:24:42.900,-0.824,-0.191,0.063,9.529114576952995,-42.70587498752748,95.33480943989419,5.0
2016-08-02 15:24:42.910,-0.848,-0.129,0.035,2.15833810858169,-42.24558116219944,90.77485844343204,5.0
2016-08-02 15:24:42.920,-0.859,-0.105,0.023,-3.595660013093305,-41.564370245815226,86.37228887942611,5.0
2016-08-02 15:24:42.930,-0.879,-0.125,0.035,-1.8592644020862519,-38.526856877471914,81.30874412839432,5.0
2016-08-02 15:24:42.940,-0.891,-0.141,0.059,1.414718914193597,-34.90956500564822,75.01843522850388,5.0
2016-08-02 15:24:42.950,-0.902,-0.156,0.047,2.1979973164383235,-32.02076313220995,68.90685571608387,5.0
2016-08-02 15:24:42.960,-0.922,-0.152,0.047,1.8689484288140907,-31.096061040130998,64.01784540746947,5.0
2016-08-02 15:24:42.970,-0.918,-0.117,0.055,0.08853661444261973,-31.375257378196277,60.331930241906896,5.0
2016-08-02 15:24:42.980,-0.91,-0.113,0.051,-2.0482384278108534,-30.64789226424105,57.25523346582221,5.0
2016-08-02 15:24:42.990,-0.914,-0.121,0.066,-0.05361993675737087,-29.025835445886614,54.61137910035462,5.0
2016-08-02 15:24:43.000,-0.938,-0.109,0.066,4.159038721392073,-27.174667327713586,53.213511604173014,5.0
2016-08-02 15:24:43.010,-0.941,-0.09,0.047,4.961420273100152,-26.29588004746694,52.38286663889962,5.0
2016-08-02 15:24:43.020,-0.953,-0.039,0.031,3.1723781749815343,-27.01217853192388,51.337451749357875,5.0
2016-08-02 15:24:43.030,-0.961,-0.008,0.031,0.530033199020701,-27.79326650193658,50.8997728533879,5.0
2016-08-02 15:24:43.040,-0.961,0.0,0.055,-2.186540733759899,-27.631699159120785,50.00031067530355,5.0
2016-08-02 15:24:43.050,-0.965,0.004,0.074,-3.0402182259603663,-26.64266150690341,47.817249038937845,5.0
2016-08-02 15:24:43.060,-0.98,0.012,0.098,-4.214379005530675,-26.77549858873056,45.32182952746528,5.0
2016-08-02 15:24:43.070,-0.969,-0.004,0.133,-5.899870732957835,-27.679169209694734,42.27401271922811,5.0
2016-08-02 15:24:43.080,-0.957,0.0,0.164,-3.857884955874259,-26.36347265715854,39.72025329244005,5.0
2016-08-02 15:24:43.090,-0.953,0.023,0.164,-1.0364566514699316,-25.085825635657,38.85727626021858,5.0
2016-08-02 15:24:43.100,-0.953,0.047,0.164,-1.7028676298882988,-25.66673494888411,38.026035120639655,5.0
2016-08-02 15:24:43.110,-0.941,0.066,0.164,-2.611429181548802,-25.43983952032715,36.53916839841194,5.0
2016-08-02 15:24:43.120,-0.945,0.078,0.168,-2.7141497358621773,-24.46311717655088,34.93259778975917,5.0
2016-08-02 15:24:43.130,-0.953,0.07,0.168,-2.529969268832316,-23.816204582686495,33.31520474047748,5.0
2016-08-02 15:24:43.140,-0.953,0.086,0.18,0.593156901571912,-23.134709695516516,32.451630476391614,5.0
2016-08-02 15:24:43.150,-0.945,0.121,0.184,4.683610599617639,-22.259435712380043,32.10613706324398,5.0
2016-08-02 15:24:43.160,-0.941,0.145,0.172,7.003814120508165,-20.503696584742425,31.176524888160415,5.0
2016-08-02 15:24:43.170,-0.965,0.172,0.164,8.533660001247396,-18.957416245900387,29.382568354114444,5.0
2016-08-02 15:24:43.180,-0.98,0.18,0.168,6.549801397951727,-19.125522263043468,25.88623002446509,5.0
2016-08-02 15:24:43.190,-0.992,0.184,0.199,0.5459900264532376,-18.910291724452613,20.744417837740535,5.0
2016-08-02 15:24:43.200,-0.996,0.184,0.242,-3.4577054354106904,-17.00854513305142,16.064236233101305,5.0
2016-08-02 15:24:43.210,-0.996,0.168,0.277,-3.8634911344638345,-14.607433541607799,12.40466668644406,5.0
2016-08-02 15:24:43.220,-0.996,0.168,0.297,-3.6495036885936862,-12.3560527308453,9.194865787075084,5.0
2016-08-02 15:24:43.230,-0.988,0.188,0.301,-3.6597710033778053,-10.579439570775918,6.853958503935334,5.0
2016-08-02 15:24:43.240,-0.992,0.18,0.293,-2.3223355438425344,-8.82500121254082,5.037409139682827,5.0
2016-08-02 15:24:43.250,-0.988,0.16,0.281,1.1994621147527398,-6.3956396821507955,2.909727263517188,5.0
2016-08-02 15:24:43.260,-0.977,0.176,0.262,2.978366060563792,-3.916007453298775,0.21384310953043062,5.0
2016-08-02 15:24:43.270,-0.988,0.191,0.25,-0.09669118188467352,-2.5310625424090363,-2.6225129575960935,5.0
2016-08-02 15:24:43.280,-0.977,0.203,0.258,-3.563981120865454,-1.514192604680981,-4.537185747053259,5.0
2016-08-02 15:24:43.290,-0.973,0.184,0.27,-3.0085482995373223,1.048313341296579,-5.639285797124516,5.0
2016-08-02 15:24:43.300,-0.977,0.18,0.273,-0.8942997092415028,3.658786040815662,-6.946963650224416,5.0
2016-08-02 15:24:43.310,-0.977,0.168,0.285,-0.420429822942766,4.58486599965409,-8.89979708538425,5.0
2016-08-02 15:24:43.320,-0.973,0.156,0.297,0.4032986644324007,5.726892675908369,-11.268205952051645,5.0
2016-08-02 15:24:43.330,-0.969,0.133,0.301,3.8265299204423675,7.66330802292107,-13.300052245376474,5.0
2016-08-02 15:24:43.340,-0.973,0.105,0.285,7.969339699461754,9.258840065220044,-14.632324826958396,5.0
2016-08-02 15:24:43.350,-0.984,0.109,0.266,10.512984964520646,9.996665090879258,-15.426597202211852,5.0
2016-08-02 15:24:43.360,-0.984,0.125,0.246,11.04442091199126,10.181870640921531,-15.971449791930382,5.0
2016-08-02 15:24:43.370,-1.0,0.133,0.23,10.816316983163729,10.718997418262314,-16.563570890840662,5.0
2016-08-02 15:24:43.380,-0.992,0.137,0.23,11.47028819086419,11.49683897033865,-17.595870095905923,5.0
2016-08-02 15:24:43.390,-0.98,0.117,0.234,12.972600358522175,12.772576153882241,-19.551322057990298,5.0
2016-08-02 15:24:43.400,-0.98,0.105,0.242,14.572737362981396,14.158977423209912,-21.64333340820353,5.0
2016-08-02 15:24:43.410,-0.969,0.105,0.242,16.08058033393832,14.475381966537606,-22.899735743841845,5.0
2016-08-02 15:24:43.420,-0.965,0.113,0.234,17.43300242281792,15.214114877627566,-23.82167820460114,5.0
2016-08-02 15:24:43.430,-0.969,0.117,0.219,18.21151620318589,16.562981645008986,-24.735817917838297,5.0
2016-08-02 15:24:43.440,-0.98,0.117,0.211,18.44581604572343,17.210613151272113,-26.130211150606307,5.0
2016-08-02 15:24:43.450,-0.977,0.105,0.207,18.785832698926406,18.71370802447938,-28.939190361885963,5.0
2016-08-02 15:24:43.460,-0.984,0.113,0.207,18.498233185268948,20.953048643665632,-32.64152882784054,5.0
2016-08-02 15:24:43.470,-0.98,0.098,0.211,17.50283855499949,21.960965079011093,-36.468127895461706,5.0
2016-08-02 15:24:43.480,-0.965,0.078,0.219,17.72061237562187,23.165529239547993,-40.32261003446952,5.0
2016-08-02 15:24:43.490,-0.961,0.074,0.211,18.022129833872143,25.243895207437774,-43.602361560615456,5.0
2016-08-02 15:24:43.500,-0.984,0.066,0.195,16.430127199096383,25.81935626768364,-45.78855930016305,5.0
2016-08-02 15:24:43.510,-0.984,0.059,0.195,15.422921883338297,25.218293577244356,-47.275591429182995,5.0
2016-08-02 15:24:43.520,-0.957,0.051,0.199,16.132753192434823,26.010573620402546,-49.094386404090145,5.0
2016-08-02 15:24:43.530,-0.961,0.031,0.188,15.706244607530019,27.482985827730143,-51.26921398603209,5.0
2016-08-02 15:24:43.540,-0.961,0.035,0.176,13.440609124909898,27.181009282852962,-52.85011124104108,5.0
2016-08-02 15:24:43.550,-0.957,0.031,0.168,11.324819419415174,26.481233795581048,-54.617214553610566,5.0
2016-08-02 15:24:43.560,-0.961,0.02,0.164,10.2096402134975,27.527952756879323,-57.20650928254942,5.0
2016-08-02 15:24:43.570,-0.973,0.012,0.16,9.721454291027403,28.92896106215896,-59.31774686142661,5.0
2016-08-02 15:24:43.580,-0.965,-0.004,0.156,9.712570183399675,30.294265309995346,-61.47261098340982,5.0
2016-08-02 15:24:43.590,-0.949,-0.016,0.152,9.319252680147956,32.59967272298442,-65.08430109008253,5.0
2016-08-02 15:24:43.600,-0.941,-0.02,0.145,7.327971541774165,34.51438260262834,-69.12700025052798,5.0
2016-08-02 15:24:43.610,-0.934,-0.035,0.137,4.627350165289118,35.413487320721735,-72.68378754264378,5.0
2016-08-02 15:24:43.620,-0.926,-0.047,0.129,2.57279576275511,36.305837980490324,-76.24913057672057,5.0
2016-08-02 15:24:43.630,-0.922,-0.051,0.117,0.16964061580583933,36.907327584351,-79.6976477780239,5.0
2016-08-02 15:24:43.640,-0.918,-0.066,0.105,-3.137480140685826,37.05028229709231,-82.4790366014704,5.0
2016-08-02 15:24:43.650,-0.918,-0.094,0.098,-5.360348679126241,37.47407934831492,-84.69132961155547,5.0
2016-08-02 15:24:43.660,-0.91,-0.098,0.094,-5.9455631366268,38.334452892381094,-86.53579044744282,5.0
2016-08-02 15:24:43.670,-0.91,-0.125,0.066,-6.289391429473767,39.50471259924302,-87.81380560204217,5.0
2016-08-02 15:24:43.680,-0.926,-0.137,0.047,-6.968917855038901,40.15228875996865,-88.17154959458603,5.0
2016-08-02 15:24:43.690,-0.922,-0.129,0.035,-8.473180656978556,39.765390888065056,-87.82557408258026,5.0
2016-08-02 15:24:43.700,-0.91,-0.152,0.027,-10.05909024567241,40.1416046687924,-88.01023787714848,5.0
2016-08-02 15:24:43.710,-0.926,-0.176,0.023,-10.841623430892135,41.339271936304456,-88.86587349884492,5.0
2016-08-02 15:24:43.720,-0.926,-0.172,0.02,-12.743171541319864,41.234671209503205,-89.5281941278347,5.0
2016-08-02 15:24:43.730,-0.895,-0.188,0.031,-15.104186919922595,41.44983609689128,-91.50239066291147,5.0
2016-08-02 15:24:43.740,-0.859,-0.219,0.047,-14.488849694383532,43.89767049632,-96.15561918606355,5.0
2016-08-02 15:24:43.750,-0.828,-0.23,0.039,-12.118274717411335,46.89955206951083,-101.4425781434362,5.0
2016-08-02 15:24:43.760,-0.852,-0.277,0.0,-11.555152944155457,48.279335519960206,-104.80600198802904,5.0
2016-08-02 15:24:43.770,-0.902,-0.262,-0.035,-14.035074484932558,45.53577281426662,-104.84882101779495,5.0
2016-08-02 15:24:43.780,-0.891,-0.262,-0.047,-17.584590735633114,41.753590586279266,-102.48405578355445,5.0
2016-08-02 15:24:43.790,-0.91,-0.336,-0.059,-17.923898140886372,42.42871360509156,-100.27829941909786,5.0
2016-08-02 15:24:43.800,-0.941,-0.352,-0.059,-15.90733935760969,42.71018845949312,-97.5724741456269,5.0
2016-08-02 15:24:43.810,-0.906,-0.34,-0.055,-15.690742103221838,41.07792292068305,-94.59904924290635,5.0
2016-08-02 15:24:43.820,-0.91,-0.395,-0.055,-15.815025894601789,42.436462175401076,-94.70651140293455,5.0
2016-08-02 15:24:43.830,-0.895,-0.402,-0.035,-14.81312156831397,43.03785830664322,-96.17853928892414,5.0
2016-08-02 15:24:43.840,-0.832,-0.398,-0.031,-13.72972657861318,43.58392764266101,-97.49434786228151,5.0
2016-08-02 15:24:43.850,-0.848,-0.469,-0.066,-11.941851681445218,46.73745145239614,-100.07891638986565,5.0
2016-08-02 15:24:43.860,-0.898,-0.453,-0.09,-11.648458462941347,44.442359331423,-99.45343967811215,5.0
2016-08-02 15:24:43.870,-0.84,-0.406,-0.09,-14.53711508878649,39.94813364604543,-95.7504552499667,5.0
2016-08-02 15:24:43.880,-0.793,-0.473,-0.094,-15.408436746854328,42.31276228020811,-96.79196630038777,5.0
2016-08-02 15:24:43.890,-0.77,-0.508,-0.086,-11.423721837639945,45.38861629091059,-99.9691914188186,5.0
2016-08-02 15:24:43.900,-0.719,-0.52,-0.102,-6.956076631229058,47.72725488338161,-100.09842397053785,5.0
2016-08-02 15:24:43.910,-0.754,-0.605,-0.164,-5.21707179789832,51.29671648917549,-100.22612268750198,5.0
2016-08-02 15:24:43.920,-0.828,-0.605,-0.215,-6.080457329926283,48.114873143708195,-97.50268002969567,5.0
2016-08-02 15:24:43.930,-0.813,-0.594,-0.227,-8.855934880577397,42.366728426768745,-90.60407861530535,5.0
2016-08-02 15:24:43.940,-0.82,-0.664,-0.223,-11.336360710357171,41.57650883857966,-87.35769940526158,5.0
2016-08-02 15:24:43.950,-0.805,-0.691,-0.191,-11.213019025428535,39.51778688386395,-86.05795600176054,5.0
2016-08-02 15:24:43.960,-0.719,-0.691,-0.172,-9.353896422729926,38.70012483787457,-83.48457774701401,5.0
2016-08-02 15:24:43.970,-0.672,-0.723,-0.168,-7.554948666075194,41.98543942576351,-85.29766591007422,5.0
2016-08-02 15:24:43.980,-0.613,-0.715,-0.184,-4.318193997921865,42.37269832441081,-90.35860096624,5.0
2016-08-02 15:24:43.990,-0.613,-0.75,-0.238,-0.3346923743914607,41.45506217997846,-93.59725810641717,5.0
2016-08-02 15:24:44.000,-0.699,-0.73,-0.285,-2.032993276244536,36.63691699864438,-92.41739673691659,5.0
2016-08-02 15:24:44.010,-0.668,-0.672,-0.273,-8.572985394116024,25.739055648383612,-86.82646404292686,5.0
2016-08-02 15:24:44.020,-0.59,-0.719,-0.234,-10.096202595584442,22.787260587285473,-84.46596773880904,5.0
2016-08-02 15:24:44.030,-0.547,-0.766,-0.188,-4.2048676315479465,27.556942126924735,-86.65302587315703,5.0
2016-08-02 15:24:44.040,-0.465,-0.742,-0.16,2.962402196474994,30.16728375227614,-87.31311223474569,5.0
2016-08-02 15:24:44.050,-0.418,-0.77,-0.207,7.482625310114145,34.901831705172505,-90.18313559200948,5.0
2016-08-02 15:24:44.060,-0.48,-0.781,-0.262,8.457033700647893,37.75182588052678,-94.57833688184303,5.0
2016-08-02 15:24:44.070,-0.5,-0.711,-0.301,5.661771913018301,33.324593227222,-91.84957989884074,5.0
2016-08-02 15:24:44.080,-0.488,-0.754,-0.34,1.0970146095580868,32.048055646374365,-87.57480330561842,5.0
2016-08-02 15:24:44.090,-0.523,-0.766,-0.328,-1.9793051578244119,32.83184262817096,-87.20097044719606,5.0
2016-08-02 15:24:44.100,-0.465,-0.75,-0.277,-3.157321116806867,30.517227248945904,-85.26824320593045,5.0
2016-08-02 15:24:44.110,-0.406,-0.816,-0.25,-4.204438917694299,33.06577526608314,-86.11679260918481,5.0
2016-08-02 15:24:44.120,-0.395,-0.82,-0.215,-4.430419877193295,36.17150401166646,-92.1606478010683,5.0
2016-08-02 15:24:44.130,-0.336,-0.793,-0.219,-2.741655700443627,36.38347871008063,-95.8314845137388,5.0
2016-08-02 15:24:44.140,-0.383,-0.879,-0.285,-2.272720037668834,40.29297821663024,-98.63434828468547,5.0
2016-08-02 15:24:44.150,-0.5,-0.813,-0.305,-6.1003558142033585,36.70635110143414,-98.08943257815307,5.0
2016-08-02 15:24:44.160,-0.461,-0.746,-0.285,-12.297207441829912,27.632526960526516,-90.99625096030276,5.0
2016-08-02 15:24:44.170,-0.438,-0.852,-0.273,-15.773366724650183,31.09935745082587,-89.9136143880107,5.0
2016-08-02 15:24:44.180,-0.453,-0.863,-0.234,-13.618903454190407,35.122336028794294,-92.74444181565647,5.0
2016-08-02 15:24:44.190,-0.363,-0.809,-0.199,-10.737065372562189,33.320714458709325,-90.21568989124096,5.0
2016-08-02 15:24:44.200,-0.316,-0.84,-0.215,-11.904592359292716,37.64515024577627,-92.73335335757314,5.0
2016-08-02 15:24:44.210,-0.313,-0.836,-0.215,-11.567435148579248,40.285628171992336,-99.65942223985397,5.0
2016-08-02 15:24:44.220,-0.281,-0.824,-0.246,-7.5113886493553395,40.45114080267943,-101.2218195259066,5.0
2016-08-02 15:24:44.230,-0.375,-0.914,-0.324,-7.896743471423065,43.13596603998677,-100.97586963859311,5.0
2016-08-02 15:24:44.240,-0.453,-0.832,-0.32,-13.363572432724204,36.007380623576665,-96.67954919931212,5.0
2016-08-02 15:24:44.250,-0.363,-0.805,-0.285,-16.951642493753024,29.30838196376458,-89.31030902533361,5.0
2016-08-02 15:24:44.260,-0.328,-0.91,-0.262,-16.787425559661596,37.37142483905008,-90.56218734561767,5.0
2016-08-02 15:24:44.270,-0.309,-0.906,-0.23,-13.152787213610761,41.89907451497578,-94.3306391069772,5.0
2016-08-02 15:24:44.280,-0.223,-0.848,-0.23,-9.788071766182163,41.62197455112584,-93.31833947686755,5.0
2016-08-02 15:24:44.290,-0.199,-0.887,-0.285,-10.470833950910428,47.39321927000218,-96.78002440504355,5.0
2016-08-02 15:24:44.300,-0.223,-0.875,-0.309,-9.277803738084579,47.64287251474755,-102.2122286499204,5.0
2016-08-02 15:24:44.310,-0.195,-0.84,-0.328,-4.992590068829125,44.92286218002691,-101.3871612257432,5.0
2016-08-02 15:24:44.320,-0.199,-0.898,-0.359,-5.70598608818699,47.88325487617991,-101.04579304275212,5.0
2016-08-02 15:24:44.330,-0.227,-0.855,-0.348,-9.031318578227657,45.38680900026553,-102.71454723675795,5.0
2016-08-02 15:24:44.340,-0.168,-0.852,-0.316,-8.528718307208472,42.49251501220574,-100.73366741526792,5.0
2016-08-02 15:24:44.350,-0.16,-0.953,-0.328,-6.8053410153084535,49.55016970538661,-100.9690074812574,5.0
2016-08-02 15:24:44.360,-0.184,-0.969,-0.328,-3.4279152728627076,52.034984395271294,-103.73914871849384,5.0
2016-08-02 15:24:44.370,-0.156,-0.973,-0.359,0.4264140093067824,50.52239175392308,-101.90467736780074,5.0
2016-08-02 15:24:44.380,-0.207,-1.094,-0.422,-1.5287544378639617,55.069313973009585,-100.56601225614654,5.0
2016-08-02 15:24:44.390,-0.262,-1.027,-0.418,-3.7975551147342195,51.39482004486407,-98.87451861712171,5.0
2016-08-02 15:24:44.400,-0.195,-0.949,-0.391,-5.092871292891904,42.89839266716528,-91.20772487218764,5.0
2016-08-02 15:24:44.410,-0.141,-0.996,-0.371,-12.084995059876775,44.73761541147153,-87.48416387833862,5.0
2016-08-02 15:24:44.420,-0.09,-1.02,-0.328,-14.324945004028653,45.194879448612085,-89.27378459775629,5.0
2016-08-02 15:24:44.430,-0.004,-1.027,-0.305,-8.14790798696562,44.89577945416318,-88.07979181028986,5.0
2016-08-02 15:24:44.440,0.0,-1.133,-0.359,-6.4287142142006495,51.29624820335019,-88.88317275492795,5.0
2016-08-02 15:24:44.450,-0.07,-1.078,-0.379,-6.934849532887039,47.33322352558626,-89.75494594597029,5.0
2016-08-02 15:24:44.460,-0.012,-0.98,-0.352,-6.683109791648105,37.332664040680164,-80.4067677700408,5.0
2016-08-02 15:24:44.470,0.066,-0.988,-0.344,-11.602539620641995,39.26432940546667,-71.31974970090945,5.0
2016-08-02 15:24:44.480,0.109,-1.004,-0.324,-13.934617043353558,40.585908797132404,-71.83311669226214,5.0
2016-08-02 15:24:44.490,0.184,-0.973,-0.309,-8.753563208502017,38.503136451580964,-72.20355325450421,5.0
2016-08-02 15:24:44.500,0.207,-1.039,-0.352,-5.667785679591241,44.58755409529895,-71.74409554822155,5.0
2016-08-02 15:24:44.510,0.168,-1.035,-0.383,-5.700358686905069,45.29017618896275,-74.85744574056557,5.0
2016-08-02 15:24:44.520,0.156,-0.973,-0.395,-4.857331961861971,36.99741862656513,-73.64732590819678,5.0
2016-08-02 15:24:44.530,0.195,-0.969,-0.375,-6.533131148384461,37.022788879336176,-67.3832200346991,5.0
2016-08-02 15:24:44.540,0.211,-0.961,-0.371,-8.524541901215477,39.89889544632734,-65.33906699112624,5.0
2016-08-02 15:24:44.550,0.234,-0.945,-0.359,-5.279193821280652,36.84234588773416,-66.2648844117688,5.0
2016-08-02 15:24:44.560,0.262,-0.961,-0.352,-1.691912012174031,37.92074652635449,-66.05685049856515,5.0
2016-08-02 15:24:44.570,0.277,-0.93,-0.352,-0.6567286559426868,40.58016225083338,-67.42650801262795,5.0
2016-08-02 15:24:44.580,0.297,-0.918,-0.375,0.7482313569025446,37.93701827312122,-69.63564200147911,5.0
2016-08-02 15:24:44.590,0.297,-0.93,-0.387,0.7836777468195978,37.81759531358563,-71.07259318018656,5.0
2016-08-02 15:24:44.600,0.281,-0.879,-0.375,1.3549202933674,39.18268096124801,-71.8558198227364,5.0
2016-08-02 15:24:44.610,0.289,-0.914,-0.387,3.788414419334905,38.151328462160315,-70.15666571333799,5.0
2016-08-02 15:24:44.620,0.277,-0.926,-0.383,3.3668524622203413,39.28067424804911,-69.19648863653262,5.0
2016-08-02 15:24:44.630,0.266,-0.879,-0.363,3.267606096598046,38.57404296533473,-70.83641389553844,5.0
2016-08-02 15:24:44.640,0.293,-0.855,-0.332,4.924179000877261,36.638325094642305,-70.08118928807002,5.0
2016-08-02 15:24:44.650,0.32,-0.863,-0.309,4.653365956894248,39.371454285209644,-68.9629912807055,5.0
2016-08-02 15:24:44.660,0.348,-0.859,-0.309,7.029645937988815,40.37673438986358,-71.68398552119984,5.0
2016-08-02 15:24:44.670,0.359,-0.918,-0.348,11.186211571993272,40.03493562967122,-75.36510381489205,5.0
2016-08-02 15:24:44.680,0.336,-0.91,-0.355,11.432656284040771,41.71022368356429,-78.37861464749784,5.0
2016-08-02 15:24:44.690,0.309,-0.84,-0.352,10.849497124424662,38.853758599075434,-78.8626215682226,5.0
2016-08-02 15:24:44.700,0.336,-0.816,-0.32,9.22278169894658,36.04681044103702,-74.92394847552143,5.0
2016-08-02 15:24:44.710,0.371,-0.832,-0.285,6.067220493529997,38.908920160612595,-72.73364320525141,5.0
2016-08-02 15:24:44.720,0.414,-0.832,-0.27,7.831020797887051,40.46118846917837,-75.80814573264614,5.0
2016-08-02 15:24:44.730,0.441,-0.867,-0.277,11.919225592666978,41.21140905415248,-78.87245935691803,5.0
2016-08-02 15:24:44.740,0.43,-0.879,-0.297,12.970450892251407,43.04986612596523,-80.4591685022454,5.0
2016-08-02 15:24:44.750,0.418,-0.852,-0.328,13.946069801167575,40.67319016507304,-80.63676866961389,5.0
2016-08-02 15:24:44.760,0.414,-0.93,-0.348,12.706871792463334,38.01497381010498,-77.90956817864581,5.0
2016-08-02 15:24:44.770,0.41,-0.93,-0.344,8.973540929756751,38.33954122445817,-76.24013235773218,5.0
2016-08-02 15:24:44.780,0.434,-0.918,-0.324,9.577503160030487,36.449278372206535,-75.61149413115564,5.0
2016-08-02 15:24:44.790,0.473,-0.922,-0.305,10.03417501851196,35.47992860640367,-72.32005256045608,5.0
2016-08-02 15:24:44.800,0.492,-0.93,-0.309,6.381462712150303,36.33212527968773,-70.12911075040728,5.0
2016-08-02 15:24:44.810,0.527,-0.906,-0.305,4.584562466385317,33.64162261115655,-69.61023467805887,5.0
2016-08-02 15:24:44.820,0.555,-0.941,-0.324,2.5195659614357133,32.41757159877305,-66.96150717875531,5.0
2016-08-02 15:24:44.830,0.563,-0.941,-0.316,-1.4062163810615576,33.381731147726235,-64.7069116571081,5.0
2016-08-02 15:24:44.840,0.578,-0.891,-0.305,-1.8131795188902298,30.296813086509616,-63.18575242947923,5.0
2016-08-02 15:24:44.850,0.602,-0.895,-0.297,-1.853912024262064,28.254413603827047,-58.27519301679676,5.0
2016-08-02 15:24:44.860,0.617,-0.887,-0.297,-4.843123803496039,29.27420117039149,-53.23489049679437,5.0
2016-08-02 15:24:44.870,0.633,-0.859,-0.305,-7.3836236939720505,27.02576795594133,-51.412045556864186,5.0
2016-08-02 15:24:44.880,0.645,-0.883,-0.32,-11.919098797677208,24.69765360483665,-48.624537418885055,5.0
2016-08-02 15:24:44.890,0.645,-0.867,-0.309,-18.578884053161925,24.983216561157214,-44.577407486139194,5.0
2016-08-02 15:24:44.900,0.648,-0.84,-0.301,-21.38452739194135,23.439398297172044,-40.542892535610406,5.0
2016-08-02 15:24:44.910,0.656,-0.844,-0.301,-22.700834818462944,22.596137733489677,-34.821024684540205,5.0
2016-08-02 15:24:44.920,0.656,-0.852,-0.305,-24.409609983161,23.45772169236084,-30.500223667891664,5.0
2016-08-02 15:24:44.930,0.66,-0.848,-0.305,-23.391600133424095,21.384953238195582,-28.84381097035927,5.0
2016-08-02 15:24:44.940,0.656,-0.852,-0.324,-23.925897333897705,19.158602060120515,-25.797840875744143,5.0
2016-08-02 15:24:44.950,0.637,-0.848,-0.332,-28.197779481116854,18.322713986067182,-21.77525574510584,5.0
2016-08-02 15:24:44.960,0.629,-0.824,-0.324,-31.189284666399253,15.580350089440408,-18.165407245623523,5.0
2016-08-02 15:24:44.970,0.637,-0.848,-0.324,-32.61102854260355,13.835098683273898,-13.421172356104721,5.0
2016-08-02 15:24:44.980,0.633,-0.852,-0.32,-33.22705845555659,13.806956940892714,-9.132428695779682,5.0
2016-08-02 15:24:44.990,0.629,-0.848,-0.316,-31.882140059102774,11.384337513217066,-6.458498357635335,5.0
2016-08-02 15:24:45.000,0.621,-0.828,-0.32,-31.417626468875724,8.63057818567624,-3.320544170889179,5.0
2016-08-02 15:24:45.010,0.621,-0.813,-0.324,-32.111162702310565,7.148296258382982,-0.48224941934716936,5.0
2016-08-02 15:24:45.020,0.625,-0.801,-0.332,-30.285979432534123,4.7677407152122875,0.8999768233374635,5.0
2016-08-02 15:24:45.030,0.625,-0.797,-0.34,-26.846068082526998,3.2584123063722226,2.3950857298030854,5.0
2016-08-02 15:24:45.040,0.617,-0.809,-0.332,-23.551059865109703,2.9868906332292138,3.9654938094490886,5.0
2016-08-02 15:24:45.050,0.609,-0.789,-0.332,-19.45468452642588,1.360015084108154,4.858742384934715,5.0
2016-08-02 15:24:45.060,0.602,-0.785,-0.344,-15.893143112644868,-0.40715448862273407,6.473038149124594,5.0
2016-08-02 15:24:45.070,0.586,-0.789,-0.34,-13.844331621396194,-1.3953785488460255,8.664643809522268,5.0
2016-08-02 15:24:45.080,0.578,-0.781,-0.328,-10.577294042206244,-3.454022371542087,9.923682438302825,5.0
2016-08-02 15:24:45.090,0.59,-0.789,-0.313,-6.036662005265945,-5.141567548465554,11.209681487210391,5.0
2016-08-02 15:24:45.100,0.594,-0.805,-0.32,-2.276165029819112,-5.1019059977421914,12.030792366413884,5.0
2016-08-02 15:24:45.110,0.586,-0.809,-0.324,2.4590821989709557,-5.8052972050259255,11.366597623051778,5.0
2016-08-02 15:24:45.120,0.566,-0.848,-0.355,8.13426096482994,-6.4329333467453775,12.072191985737247,5.0
2016-08-02 15:24:45.130,0.539,-0.887,-0.375,11.740641475436382,-6.121654683678943,14.156516948239815,5.0
2016-08-02 15:24:45.140,0.527,-0.859,-0.375,14.412229095125078,-7.9264068747642,15.940955881484955,5.0
2016-08-02 15:24:45.150,0.551,-0.871,-0.375,16.91261552376659,-9.485434482192224,19.65267011518334,5.0
2016-08-02 15:24:45.160,0.563,-0.91,-0.383,17.988957233125806,-8.36801153678189,23.360504892005736,5.0
2016-08-02 15:24:45.170,0.574,-0.891,-0.391,19.474493566377166,-9.01500442853978,24.572135016890627,5.0
2016-08-02 15:24:45.180,0.594,-0.879,-0.375,20.06921443876147,-10.61607895770751,27.772618994486148,5.0
2016-08-02 15:24:45.190,0.602,-0.875,-0.379,17.755512135845777,-10.70790175708487,32.485967523005726,5.0
2016-08-02 15:24:45.200,0.609,-0.871,-0.363,16.197763697675708,-12.999860494148425,34.63904516599015,5.0
2016-08-02 15:24:45.210,0.617,-0.871,-0.34,15.865424812666342,-15.518731406580185,37.151571084645,5.0
2016-08-02 15:24:45.220,0.617,-0.859,-0.309,15.29781944281093,-15.163307711873786,41.78373208519122,5.0
2016-08-02 15:24:45.230,0.613,-0.895,-0.32,15.459571220038576,-15.828942255392638,46.37597505999787,5.0
2016-08-02 15:24:45.240,0.598,-0.941,-0.32,14.982161052665528,-17.809358658387723,50.029027082296054,5.0
2016-08-02 15:24:45.250,0.586,-0.902,-0.32,13.859068299910907,-19.394535532176622,53.46455052827372,5.0
2016-08-02 15:24:45.260,0.582,-0.918,-0.34,11.977375978659511,-20.15194843412776,60.04578053524697,5.0
2016-08-02 15:24:45.270,0.586,-0.938,-0.352,8.481580646791906,-19.208324914580302,67.83525371951632,5.0
2016-08-02 15:24:45.280,0.574,-0.953,-0.379,7.286403478680642,-19.595322304292026,71.35399395565364,5.0
2016-08-02 15:24:45.290,0.559,-1.004,-0.387,6.1474792820766675,-20.67857545538152,74.90008427079337,5.0
2016-08-02 15:24:45.300,0.531,-1.012,-0.387,0.7575793198616272,-20.412859058563654,81.19377878189295,5.0
2016-08-02 15:24:45.310,0.512,-1.008,-0.371,-3.659318270573021,-22.711554845652156,86.76181315818977,5.0
2016-08-02 15:24:45.320,0.508,-1.039,-0.352,-5.897056285557094,-25.15650795658908,92.69733644634704,5.0
2016-08-02 15:24:45.330,0.5,-1.051,-0.352,-7.2299502506525695,-25.54146783402376,97.68200437192534,5.0
2016-08-02 15:24:45.340,0.484,-1.059,-0.359,-6.52322925837336,-28.003547488794357,100.32000568671668,5.0
2016-08-02 15:24:45.350,0.461,-1.055,-0.367,-7.134626806239519,-30.691490132710204,103.98480724379712,5.0
2016-08-02 15:24:45.360,0.438,-1.031,-0.379,-8.680448869730252,-32.62260147194339,107.6644993736722,5.0
2016-08-02 15:24:45.370,0.422,-1.047,-0.395,-8.789970859374062,-34.85707601643481,110.194789352193,5.0
2016-08-02 15:24:45.380,0.402,-1.039,-0.383,-8.706748955206768,-35.43018606745707,113.16712460720952,5.0
2016-08-02 15:24:45.390,0.387,-1.031,-0.371,-7.398047892776408,-36.17091354418587,116.18723698415766,5.0
2016-08-02 15:24:45.400,0.379,-1.047,-0.371,-5.20288595325966,-37.384029813574,118.82150294077312,5.0
2016-08-02 15:24:45.410,0.367,-1.027,-0.379,-3.3586140272946956,-37.48179334540195,120.36131891964979,5.0
2016-08-02 15:24:45.420,0.348,-1.031,-0.387,-1.1390787340416935,-37.95023193782199,121.147111091432,5.0
2016-08-02 15:24:45.430,0.316,-1.023,-0.41,0.24786188487753494,-38.261277742496716,122.14127728531196,5.0
2016-08-02 15:24:45.440,0.281,-1.008,-0.422,0.7841950857099744,-39.0358497723734,122.86715080383601,5.0
2016-08-02 15:24:45.450,0.262,-1.004,-0.406,1.7142596588994512,-40.88650274845976,124.46615000554075,5.0
2016-08-02 15:24:45.460,0.246,-1.012,-0.41,2.94785618065203,-41.5630197865365,126.03496210565172,5.0
2016-08-02 15:24:45.470,0.227,-0.996,-0.402,5.106856860903133,-42.4813846686243,125.40756146323005,5.0
2016-08-02 15:24:45.480,0.203,-1.004,-0.391,7.720128250927388,-43.7594001203347,125.27637225926642,5.0
2016-08-02 15:24:45.490,0.184,-1.016,-0.379,10.515048300474795,-43.44056521712749,126.45995867107717,5.0
2016-08-02 15:24:45.500,0.156,-0.992,-0.383,14.949187853435777,-43.66369033906444,127.07102539003981,5.0
2016-08-02 15:24:45.510,0.137,-1.016,-0.383,19.02683492614697,-44.02273700875829,128.19261097599903,5.0
2016-08-02 15:24:45.520,0.121,-1.016,-0.379,21.04726436371383,-43.50029113311088,128.50086090039906,5.0
2016-08-02 15:24:45.530,0.109,-0.984,-0.387,23.894400946949183,-44.85477976519347,126.80504365492102,5.0
2016-08-02 15:24:45.540,0.098,-0.969,-0.395,26.753672828070407,-46.279417018123084,126.41746709823403,5.0
2016-08-02 15:24:45.550,0.07,-0.961,-0.395,27.192820565220913,-46.355926764706965,126.7524489949761,5.0
2016-08-02 15:24:45.560,0.051,-0.961,-0.387,27.811363929918066,-48.08870266453655,125.82096417191764,5.0
2016-08-02 15:24:45.570,0.027,-0.973,-0.359,28.964360049716795,-49.50280772293467,125.69414850212104,5.0
2016-08-02 15:24:45.580,0.008,-0.949,-0.34,29.581828361298523,-49.36394402247321,127.13368880848358,5.0
2016-08-02 15:24:45.590,0.008,-0.957,-0.328,31.229295509691795,-49.75703407044991,128.6879935384858,5.0
2016-08-02 15:24:45.600,-0.004,-0.969,-0.336,33.04823125697914,-49.626095511167435,128.3758805803121,5.0
2016-08-02 15:24:45.610,-0.02,-0.934,-0.324,34.15828628538897,-49.928581736550136,126.83445137081395,5.0
2016-08-02 15:24:45.620,-0.035,-0.953,-0.336,33.838811647140616,-50.88640244205478,126.65578973634513,5.0
2016-08-02 15:24:45.630,-0.082,-0.949,-0.313,31.379965891719458,-51.41686617985125,126.54837754958444,5.0
2016-08-02 15:24:45.640,-0.113,-0.949,-0.297,30.618786016392008,-53.327083627544724,126.16890602133688,5.0
2016-08-02 15:24:45.650,-0.152,-1.004,-0.309,31.339483276820168,-54.20656182031468,127.0554110863751,5.0
2016-08-02 15:24:45.660,-0.199,-0.992,-0.285,30.10794291726503,-54.21083374117751,129.13786937853322,5.0
2016-08-02 15:24:45.670,-0.199,-0.961,-0.277,28.13180872445287,-56.01641090467574,132.7621540240898,5.0
2016-08-02 15:24:45.680,-0.223,-1.008,-0.281,24.732007408435347,-56.688714386427435,134.28450390414326,5.0
2016-08-02 15:24:45.690,-0.242,-0.961,-0.289,21.68594400058111,-58.45488576834643,132.8006110991267,5.0
2016-08-02 15:24:45.700,-0.23,-0.922,-0.293,20.84691552426572,-61.05932501468846,134.21642343098142,5.0
2016-08-02 15:24:45.710,-0.238,-0.891,-0.285,16.198318176247312,-60.64087887105872,135.847666800558,5.0
2016-08-02 15:24:45.720,-0.254,-0.852,-0.273,9.846437950511026,-63.1877833405173,134.0158769126736,5.0
2016-08-02 15:24:45.730,-0.246,-0.848,-0.242,7.56268400168058,-66.88196284091867,133.6673894839424,5.0
2016-08-02 15:24:45.740,-0.258,-0.836,-0.199,5.79967869168069,-66.10647631010315,134.35888695926604,5.0
2016-08-02 15:24:45.750,-0.25,-0.797,-0.172,4.103806918155731,-66.04964090637601,133.11892313957392,5.0
2016-08-02 15:24:45.760,-0.273,-0.848,-0.184,3.596441963429906,-65.12776657941015,130.82790608750187,5.0
2016-08-02 15:24:45.770,-0.332,-0.84,-0.176,1.9027607902828765,-62.60690566751434,129.04230295565895,5.0
2016-08-02 15:24:45.780,-0.352,-0.766,-0.141,-2.289837646005513,-63.70981492767889,130.8958143676469,5.0
2016-08-02 15:24:45.790,-0.371,-0.809,-0.148,-9.828918911057587,-63.91292189027335,132.6437518906307,5.0
2016-08-02 15:24:45.800,-0.406,-0.793,-0.148,-15.954963047294388,-62.990947906698636,130.2045096306834,5.0
2016-08-02 15:24:45.810,-0.41,-0.766,-0.148,-17.704939686261408,-63.2660216853783,129.5307205552932,5.0
2016-08-02 15:24:45.820,-0.43,-0.77,-0.156,-21.62815851855553,-60.566584838321546,129.85474712586094,5.0
2016-08-02 15:24:45.830,-0.449,-0.711,-0.145,-27.763550529784993,-59.85986239832711,127.33707462844231,5.0
2016-08-02 15:24:45.840,-0.465,-0.742,-0.152,-31.493932572307152,-61.862276838221945,125.53989766714909,5.0
2016-08-02 15:24:45.850,-0.512,-0.727,-0.117,-34.4009562537328,-60.183023104322466,124.52565381378284,5.0
2016-08-02 15:24:45.860,-0.523,-0.695,-0.105,-37.489933440396065,-58.477267312090945,124.04172829368883,5.0
2016-08-02 15:24:45.870,-0.559,-0.707,-0.09,-40.59166278911643,-57.60792664011602,124.68681074392734,5.0
2016-08-02 15:24:45.880,-0.57,-0.648,-0.066,-43.14924161178488,-56.615623837070665,124.71759986561456,5.0
2016-08-02 15:24:45.890,-0.551,-0.609,-0.047,-44.40163891083998,-55.84972326146945,124.05721108685108,5.0
2016-08-02 15:24:45.900,-0.555,-0.621,-0.059,-44.931747633954686,-52.22946428933544,120.03901330956677,5.0
2016-08-02 15:24:45.910,-0.563,-0.59,-0.059,-43.665601726430076,-49.26863789915446,113.00720842416496,5.0
2016-08-02 15:24:45.920,-0.578,-0.59,-0.082,-42.562446751951875,-47.585874027513,107.3881511362217,5.0
2016-08-02 15:24:45.930,-0.652,-0.57,-0.086,-45.019820587538014,-46.42064829057628,103.0735363462595,5.0
2016-08-02 15:24:45.940,-0.68,-0.516,-0.082,-48.52006144882472,-49.350338218136926,101.48202291301772,5.0
2016-08-02 15:24:45.950,-0.719,-0.547,-0.078,-49.46234065855882,-49.932640032675785,102.00128473900425,5.0
2016-08-02 15:24:45.960,-0.75,-0.539,-0.059,-46.42889428353553,-47.3016849953328,100.80886294449961,5.0
2016-08-02 15:24:45.970,-0.75,-0.547,-0.055,-40.87960347259959,-46.519304819135186,99.43739209891564,5.0
2016-08-02 15:24:45.980,-0.797,-0.551,-0.063,-36.83839688607397,-45.202756314000126,97.95579560878217,5.0
2016-08-02 15:24:45.990,-0.813,-0.48,-0.051,-36.06148337982344,-46.96005693643392,96.5520643404949,5.0
2016-08-02 15:24:46.000,-0.82,-0.496,-0.059,-36.49698510942224,-50.10700653648307,96.64443064500357,5.0
2016-08-02 15:24:46.010,-0.855,-0.492,-0.047,-34.39370885000646,-50.344717651740034,95.93511941570229,5.0
2016-08-02 15:24:46.020,-0.871,-0.461,-0.043,-30.529933222971742,-52.92194172780453,96.71546907882147,5.0
2016-08-02 15:24:46.030,-0.883,-0.438,-0.016,-28.252807794962656,-55.166808399500525,99.71815282786218,5.0
2016-08-02 15:24:46.040,-0.871,-0.41,0.02,-25.018046945685672,-54.7229522360171,100.32819429521088,5.0
2016-08-02 15:24:46.050,-0.828,-0.41,0.043,-17.04794592768262,-52.93724231491575,99.23353059211017,5.0
2016-08-02 15:24:46.060,-0.848,-0.43,0.051,-6.191735089118084,-48.215902964273965,97.93761626745571,5.0
2016-08-02 15:24:46.070,-0.891,-0.406,0.016,0.7752211816610016,-46.739918033939915,98.42415966105493,5.0
2016-08-02 15:24:46.080,-0.934,-0.375,-0.012,0.5900699098069748,-51.35651002120686,102.99083334950821,5.0
2016-08-02 15:24:46.090,-0.945,-0.34,-0.008,-0.9792056266715884,-55.97695619472587,107.92892270323952,5.0
2016-08-02 15:24:46.100,-0.926,-0.309,0.031,1.0830333678158295,-57.791723372083325,111.3411867405141,5.0
2016-08-02 15:24:46.110,-0.875,-0.309,0.082,7.524289536213987,-55.44670169253004,113.73989061545078,5.0
2016-08-02 15:24:46.120,-0.852,-0.32,0.098,17.943377984323156,-49.53448895041825,113.52090804860777,5.0
2016-08-02 15:24:46.130,-0.855,-0.293,0.086,26.91198304100597,-45.68565201181481,112.23863747156003,5.0
2016-08-02 15:24:46.140,-0.855,-0.273,0.074,31.106575624793724,-45.54374771245559,112.03387283075394,5.0
2016-08-02 15:24:46.150,-0.844,-0.246,0.074,35.57997713483134,-45.02808603269339,111.52741315886227,5.0
2016-08-02 15:24:46.160,-0.82,-0.242,0.078,42.13771624188207,-42.21497693964185,110.11194895761459,5.0
2016-08-02 15:24:46.170,-0.82,-0.242,0.074,46.800426240630536,-37.85230587667121,108.10114493773213,5.0
2016-08-02 15:24:46.180,-0.84,-0.199,0.047,45.957426840584716,-35.18861408467272,104.9541002320912,5.0
2016-08-02 15:24:46.190,-0.848,-0.156,0.047,39.61466481741909,-34.99204686644615,100.99829717127915,5.0
2016-08-02 15:24:46.200,-0.82,-0.168,0.066,36.949118323436494,-30.755374463667028,95.88352583939863,5.0
2016-08-02 15:24:46.210,-0.816,-0.176,0.078,44.135240569657746,-21.261901234171074,88.68576668775643,5.0
2016-08-02 15:24:46.220,-0.836,-0.172,0.063,51.20441399387455,-13.397019176698354,80.81559523357603,5.0
2016-08-02 15:24:46.230,-0.875,-0.141,0.016,49.520672521753085,-10.39027417607969,73.36479412790368,5.0
2016-08-02 15:24:46.240,-0.906,-0.082,0.004,43.39948913620674,-10.44895742231379,65.495859500146,5.0
2016-08-02 15:24:46.250,-0.926,-0.074,0.008,39.67332125524472,-9.580813072033031,57.30849903689101,5.0
2016-08-02 15:24:46.260,-0.93,-0.09,0.035,40.80097458084224,-6.30194888973026,49.39750607907539,5.0
2016-08-02 15:24:46.270,-0.941,-0.082,0.063,43.14488001222118,-4.169312833645231,41.59566485575771,5.0
2016-08-02 15:24:46.280,-0.945,-0.047,0.082,41.96112800132709,-4.300424689318541,34.1956162359817,5.0
2016-08-02 15:24:46.290,-0.938,-0.035,0.105,39.710553185209946,-3.8634776751118007,27.815265362569058,5.0
2016-08-02 15:24:46.300,-0.941,-0.004,0.117,39.919416339473145,-1.8830804772742362,23.214253467039477,5.0
2016-08-02 15:24:46.310,-0.957,0.035,0.102,39.4783071405608,0.2508138497750341,20.366844794539674,5.0
2016-08-02 15:24:46.320,-0.973,0.051,0.082,37.723001527833944,1.8539809309295545,17.53534563128539,5.0
2016-08-02 15:24:46.330,-0.973,0.051,0.082,38.62466507041929,3.774538634475438,14.360008782057164,5.0
2016-08-02 15:24:46.340,-0.977,0.102,0.086,38.40161276729365,5.496799481172534,11.677472106401906,5.0
2016-08-02 15:24:46.350,-0.98,0.152,0.094,32.19870660349619,5.84128744901648,9.005807428996821,5.0
2016-08-02 15:24:46.360,-0.984,0.156,0.117,26.624248457385054,6.455076061930436,6.442137078796271,5.0
2016-08-02 15:24:46.370,-0.988,0.137,0.145,25.864744087566635,8.357662867206152,4.104455535338305,5.0
2016-08-02 15:24:46.380,-0.977,0.145,0.164,24.11192893081474,10.02095733451063,0.6765795621431623,5.0
2016-08-02 15:24:46.390,-0.984,0.137,0.168,20.02945043305108,11.113385622746433,-3.7844867502117348,5.0
2016-08-02 15:24:46.400,-0.996,0.113,0.172,18.004800394793246,12.19119149425132,-8.090076927155163,5.0
2016-08-02 15:24:46.410,-0.984,0.105,0.184,17.54917545310372,13.869777331423759,-12.828188406087387,5.0
2016-08-02 15:24:46.420,-0.98,0.117,0.172,14.839305761813632,15.809238811174119,-18.09878580266902,5.0
2016-08-02 15:24:46.430,-0.984,0.121,0.16,10.37767015391102,16.08532341586814,-22.062074552868197,5.0
2016-08-02 15:24:46.440,-0.977,0.102,0.145,7.868886207698079,16.249654292607236,-24.57910173809981,5.0
2016-08-02 15:24:46.450,-0.988,0.09,0.117,6.878742159869605,17.799526751536423,-26.592018085116877,5.0
2016-08-02 15:24:46.460,-1.004,0.082,0.086,3.9829200174267436,17.446382379080767,-28.051924713148424,5.0
2016-08-02 15:24:46.470,-1.0,0.074,0.074,0.6408811153262198,16.04095192727018,-29.41969987020133,5.0
2016-08-02 15:24:46.480,-1.0,0.07,0.082,-0.3530876111150636,16.87620566329519,-30.983384977970047,5.0
2016-08-02 15:24:46.490,-1.0,0.059,0.078,-1.2036174758931828,18.099484217028994,-32.52874984015544,5.0
2016-08-02 15:24:46.500,-1.004,0.039,0.066,-2.643941486957929,18.82966303881001,-34.17508448084405,5.0
2016-08-02 15:24:46.510,-1.008,0.039,0.066,-3.20050650323744,19.708136120745817,-35.766445495343305,5.0
2016-08-02 15:24:46.520,-0.992,0.031,0.063,-4.573735103926722,20.069312063793003,-37.77996229458644,5.0
2016-08-02 15:24:46.530,-0.996,0.016,0.059,-6.6601150473484605,20.607391654424447,-40.46430881219912,5.0
2016-08-02 15:24:46.540,-1.0,0.004,0.063,-7.724416476645226,20.804065938495395,-42.886785114987354,5.0
2016-08-02 15:24:46.550,-0.984,0.0,0.078,-8.701961584396553,20.59233899936253,-45.9084100827786,5.0
2016-08-02 15:24:46.560,-0.969,-0.012,0.082,-9.333434095239342,21.932296548012964,-50.72288123589475,5.0
2016-08-02 15:24:46.570,-0.949,-0.023,0.086,-8.53832025598259,23.811306434902285,-56.1181266026843,5.0
2016-08-02 15:24:46.580,-0.941,-0.039,0.082,-7.1492766275302255,25.37443034780424,-60.96899201091547,5.0
2016-08-02 15:24:46.590,-0.949,-0.043,0.07,-6.501675291250397,26.916401054901137,-64.66678587828031,5.0
2016-08-02 15:24:46.600,-0.945,-0.027,0.055,-7.324634226209007,27.22082467271073,-66.95538372369398,5.0
2016-08-02 15:24:46.610,-0.941,-0.043,0.043,-7.978419671173423,27.57361896731859,-68.72629885315763,5.0
2016-08-02 15:24:46.620,-0.953,-0.07,0.027,-6.607247891486197,29.177631632505125,-70.31220483380967,5.0
2016-08-02 15:24:46.630,-0.953,-0.066,0.02,-5.543261108919138,29.97807999833261,-72.22427069614324,5.0
2016-08-02 15:24:46.640,-0.945,-0.074,0.023,-6.684308763206596,29.876464551859563,-75.69755012262323,5.0
2016-08-02 15:24:46.650,-0.934,-0.098,0.035,-7.553233909990225,30.12743563036512,-80.21433880029308,5.0
2016-08-02 15:24:46.660,-0.898,-0.113,0.047,-6.37842085136178,31.20206036391305,-84.70560751543128,5.0
2016-08-02 15:24:46.670,-0.879,-0.152,0.047,-3.9032660380569446,33.603562061081135,-89.19234588401888,5.0
2016-08-02 15:24:46.680,-0.879,-0.152,0.035,-2.157900481518621,35.27328885600038,-93.49775047922408,5.0
2016-08-02 15:24:46.690,-0.863,-0.145,0.023,-2.6083323546683155,35.200510389839586,-97.74078180859459,5.0
2016-08-02 15:24:46.700,-0.84,-0.176,0.016,-2.4237157054207916,36.680087234688884,-102.70384244616474,5.0
2016-08-02 15:24:46.710,-0.82,-0.199,0.012,0.2897171182207176,39.74449036700951,-108.38490735371859,5.0
2016-08-02 15:24:46.720,-0.793,-0.191,0.0,1.9970463070146134,41.72757784190003,-114.45097608365359,5.0
2016-08-02 15:24:46.730,-0.77,-0.234,-0.027,1.8846417668215607,43.79334783731348,-120.97227286195182,5.0
2016-08-02 15:24:46.740,-0.785,-0.258,-0.055,1.9840250137314177,45.75195681409283,-126.59091177554356,5.0
2016-08-02 15:24:46.750,-0.809,-0.258,-0.082,-0.17190623026536778,44.848055211010234,-129.00614556651053,5.0
2016-08-02 15:24:46.760,-0.816,-0.281,-0.102,-5.292740893854223,43.407407175017084,-128.8814086962753,5.0
2016-08-02 15:24:46.770,-0.828,-0.328,-0.102,-8.727980699493337,44.119725790519574,-128.6276427858208,5.0
2016-08-02 15:24:46.780,-0.805,-0.352,-0.074,-9.598854319987064,45.06018443638927,-129.1169016806961,5.0
2016-08-02 15:24:46.790,-0.746,-0.371,-0.047,-9.811038301757504,47.593419393704195,-131.6753067879186,5.0
2016-08-02 15:24:46.800,-0.719,-0.449,-0.059,-8.968655790543886,53.39249152395565,-136.51221594387238,5.0
2016-08-02 15:24:46.810,-0.758,-0.496,-0.082,-9.169159358402332,57.05168512521862,-139.42097316574765,5.0
2016-08-02 15:24:46.820,-0.801,-0.477,-0.121,-14.634571780878723,55.25019064197967,-137.00490778109736,5.0
2016-08-02 15:24:46.830,-0.805,-0.48,-0.16,-23.82139340511465,52.91409847208503,-131.57533531241359,5.0
2016-08-02 15:24:46.840,-0.789,-0.523,-0.18,-28.714022993946628,54.83402886357075,-127.1179148208777,5.0
2016-08-02 15:24:46.850,-0.746,-0.523,-0.172,-26.904991446598054,59.141359250700575,-124.1741015360907,5.0
2016-08-02 15:24:46.860,-0.676,-0.523,-0.148,-26.622912986103803,62.15697422696749,-123.41223526950571,5.0
2016-08-02 15:24:46.870,-0.617,-0.563,-0.145,-30.842169735961264,64.20241843799458,-126.78469977415291,5.0
2016-08-02 15:24:46.880,-0.582,-0.57,-0.133,-32.92979433112315,67.2996100932078,-131.0845043713477,5.0
2016-08-02 15:24:46.890,-0.578,-0.641,-0.172,-31.2508813281638,71.72086179562629,-132.1887031666706,5.0
2016-08-02 15:24:46.900,-0.645,-0.641,-0.203,-30.16027796086823,73.28956697579768,-129.5130028667,5.0
2016-08-02 15:24:46.910,-0.617,-0.566,-0.219,-31.70688281157014,70.42217624305542,-123.88139545839314,5.0
2016-08-02 15:24:46.920,-0.574,-0.621,-0.238,-33.91220845684255,71.48775006482923,-121.42456137902568,5.0
2016-08-02 15:24:46.930,-0.602,-0.676,-0.258,-32.42705727105631,75.97260084772718,-123.10508239014851,5.0
2016-08-02 15:24:46.940,-0.559,-0.641,-0.238,-26.959971601275857,76.52190076607542,-121.43841660875533,5.0
2016-08-02 15:24:46.950,-0.527,-0.703,-0.285,-23.0076448299981,78.95334592417908,-121.14425733782315,5.0
2016-08-02 15:24:46.960,-0.59,-0.734,-0.328,-21.560300107267256,80.18215211283419,-125.18980617275358,5.0
2016-08-02 15:24:46.970,-0.555,-0.66,-0.316,-19.38187536900528,73.887451377823,-123.75747780805915,5.0
2016-08-02 15:24:46.980,-0.504,-0.715,-0.344,-17.398579935213064,73.32019365881591,-122.12432905355301,5.0
2016-08-02 15:24:46.990,-0.531,-0.758,-0.352,-14.729397045784568,75.87922698269105,-126.37751638819748,5.0
2016-08-02 15:24:47.000,-0.469,-0.691,-0.309,-8.815593518530553,71.58934319708695,-126.45367092988948,5.0
2016-08-02 15:24:47.010,-0.387,-0.711,-0.324,-4.311389038227253,72.95857203084174,-126.26351939765645,5.0
2016-08-02 15:24:47.020,-0.402,-0.742,-0.344,-1.9825714912278922,76.10959211399575,-132.46344228109376,5.0
2016-08-02 15:24:47.030,-0.34,-0.688,-0.332,5.365447745507241,72.02049602408121,-134.71180417858164,5.0
2016-08-02 15:24:47.040,-0.293,-0.785,-0.398,14.463234476667177,75.53179300609959,-135.41127635122976,5.0
2016-08-02 15:24:47.050,-0.355,-0.824,-0.457,18.547151111176245,79.721867210006,-141.0298119038661,5.0
2016-08-02 15:24:47.060,-0.352,-0.742,-0.465,20.913858836675907,71.14303105419003,-141.0825527228812,5.0
2016-08-02 15:24:47.070,-0.324,-0.824,-0.488,19.073483300165716,66.60156510567087,-138.214183712367,5.0
2016-08-02 15:24:47.080,-0.344,-0.875,-0.461,12.944756369251255,65.90582293149566,-140.73375954566833,5.0
2016-08-02 15:24:47.090,-0.273,-0.852,-0.418,14.802190544777392,60.67532639901884,-139.57884907702785,5.0
2016-08-02 15:24:47.100,-0.238,-0.965,-0.43,19.67467637471112,64.12456725560423,-136.65583187996535,5.0
2016-08-02 15:24:47.110,-0.238,-0.973,-0.422,18.662842450762497,67.52550146331056,-138.28820579395642,5.0
2016-08-02 15:24:47.120,-0.18,-0.902,-0.434,19.167736009003235,60.60680285983878,-136.3916072032025,5.0
2016-08-02 15:24:47.130,-0.16,-0.969,-0.473,15.80217957929965,58.71716180793759,-134.23618439864129,5.0
2016-08-02 15:24:47.140,-0.16,-0.977,-0.48,7.1311578396653985,56.95073345201178,-135.28671860714087,5.0
2016-08-02 15:24:47.150,-0.105,-0.934,-0.465,6.164383551136278,49.99771747091866,-129.98614891512022,5.0
2016-08-02 15:24:47.160,-0.066,-1.02,-0.469,4.517180774226255,51.736159465479616,-124.139239670944,5.0
2016-08-02 15:24:47.170,-0.059,-1.012,-0.445,-2.082862329846259,53.41190535398897,-123.68460227947386,5.0
2016-08-02 15:24:47.180,0.016,-0.945,-0.406,-2.3393060202373364,48.350410584250426,-117.75316037499707,5.0
2016-08-02 15:24:47.190,0.09,-0.93,-0.383,-3.62276912325024,50.739234213693706,-109.13197886475481,5.0
2016-08-02 15:24:47.200,0.137,-0.965,-0.395,-7.58957134240062,53.97940805351209,-108.7135837318377,5.0
2016-08-02 15:24:47.210,0.176,-0.941,-0.398,-3.4327336368021215,49.54635703840219,-111.66014063090094,5.0
2016-08-02 15:24:47.220,0.191,-0.98,-0.445,0.5147430040795439,49.132268733934325,-111.95933077545268,5.0
2016-08-02 15:24:47.230,0.168,-0.984,-0.469,-2.932806886848464,49.41612590575717,-111.64979713473687,5.0
2016-08-02 15:24:47.240,0.18,-0.879,-0.457,-5.459062283851177,41.63251812616293,-109.8713089387103,5.0
2016-08-02 15:24:47.250,0.238,-0.859,-0.441,-7.543041156914013,37.89466776202943,-105.1083800574285,5.0
2016-08-02 15:24:47.260,0.273,-0.879,-0.422,-12.672667571766139,41.33309562657695,-102.79670984946239,5.0
2016-08-02 15:24:47.270,0.324,-0.887,-0.41,-11.852635421363882,40.180507831725336,-105.13404286136607,5.0
2016-08-02 15:24:47.280,0.352,-0.949,-0.441,-5.899310352900177,38.27672225931948,-108.40149973490489,5.0
2016-08-02 15:24:47.290,0.336,-0.938,-0.453,-4.808843457954844,38.414177003929396,-112.88279811226832,5.0
2016-08-02 15:24:47.300,0.32,-0.863,-0.465,-3.010476064813238,32.635853985215846,-115.24503976170624,5.0
2016-08-02 15:24:47.310,0.309,-0.965,-0.52,-1.380364400805047,29.130515173299372,-110.78206687448471,5.0
2016-08-02 15:24:47.320,0.273,-0.98,-0.508,-8.023037943748555,30.889290917931252,-107.75176981124541,5.0
2016-08-02 15:24:47.330,0.277,-0.922,-0.492,-11.870827952605653,26.14189213834441,-108.95166185568013,5.0
2016-08-02 15:24:47.340,0.316,-0.938,-0.48,-13.074148760489006,23.994382967964306,-104.77873455694068,5.0
2016-08-02 15:24:47.350,0.344,-0.934,-0.473,-20.0597728971278,29.54307443449298,-99.06906705442513,5.0
2016-08-02 15:24:47.360,0.395,-0.91,-0.469,-20.178975589357286,28.205503885742026,-99.71160577030264,5.0
2016-08-02 15:24:47.370,0.441,-0.938,-0.488,-14.57531409512887,26.714463763218887,-100.95654728806247,5.0
2016-08-02 15:24:47.380,0.457,-0.898,-0.473,-13.712939769942775,31.51597268150305,-100.07210611134958,5.0
2016-08-02 15:24:47.390,0.461,-0.871,-0.488,-11.522544098778503,29.817795512861736,-98.87051661120843,5.0
2016-08-02 15:24:47.400,0.469,-0.902,-0.477,-10.783045036426625,26.309811545651343,-96.03942562750984,5.0
2016-08-02 15:24:47.410,0.469,-0.844,-0.441,-12.708679113811987,27.469375861046966,-93.49288244038085,5.0
2016-08-02 15:24:47.420,0.496,-0.855,-0.426,-8.577655877524135,27.117132155928132,-90.7086937202008,5.0
2016-08-02 15:24:47.430,0.516,-0.895,-0.43,-4.74562593688448,28.944359114451043,-86.56294585727264,5.0
2016-08-02 15:24:47.440,0.523,-0.871,-0.426,-3.3896677963585895,30.90296254148158,-86.30732082171549,5.0
2016-08-02 15:24:47.450,0.535,-0.832,-0.43,2.329382813347719,27.39408011623101,-87.68999166407889,5.0
2016-08-02 15:24:47.460,0.539,-0.828,-0.43,6.358247439720573,26.70685735663597,-85.20740490357169,5.0
2016-08-02 15:24:47.470,0.551,-0.793,-0.422,7.437217175281653,27.5431278134768,-83.44506971880826,5.0
2016-08-02 15:24:47.480,0.574,-0.762,-0.43,11.06012954980185,24.336812009235654,-84.29135504302174,5.0
2016-08-02 15:24:47.490,0.598,-0.766,-0.414,13.67649744393332,24.04744909328671,-84.240008742392,5.0
2016-08-02 15:24:47.500,0.602,-0.738,-0.398,15.866792749607693,25.515952735273334,-84.25033721284358,5.0
2016-08-02 15:24:47.510,0.609,-0.77,-0.395,20.347423986278066,23.572279741086028,-84.141625984978,5.0
2016-08-02 15:24:47.520,0.609,-0.789,-0.375,22.791376200448344,22.799283709013075,-82.86433749121213,5.0
2016-08-02 15:24:47.530,0.602,-0.773,-0.375,25.459032629479758,22.659821258687405,-82.25095002498227,5.0
2016-08-02 15:24:47.540,0.594,-0.848,-0.398,30.237772226672973,20.626508676148113,-81.01232676926254,5.0
2016-08-02 15:24:47.550,0.582,-0.848,-0.402,32.32882583278984,19.208138103697912,-79.777809769189,5.0
2016-08-02 15:24:47.560,0.586,-0.828,-0.406,33.9100916321735,16.49041064657911,-79.85829491210467,5.0
2016-08-02 15:24:47.570,0.609,-0.813,-0.395,34.10842308486916,14.031979265476242,-77.29705840808802,5.0
2016-08-02 15:24:47.580,0.621,-0.832,-0.395,30.167502017988433,14.435291300496125,-74.14276592757153,5.0
2016-08-02 15:24:47.590,0.641,-0.832,-0.379,28.773453413307394,12.680746176178662,-74.43379022967082,5.0
2016-08-02 15:24:47.600,0.645,-0.828,-0.371,30.15869230192495,10.11671599258326,-73.63726764279049,5.0
2016-08-02 15:24:47.610,0.641,-0.832,-0.371,29.604657803181965,9.582149518699088,-69.24708398193341,5.0
2016-08-02 15:24:47.620,0.629,-0.852,-0.371,27.565205559632233,6.829397935726314,-64.53176302954421,5.0
2016-08-02 15:24:47.630,0.641,-0.855,-0.344,23.04287039983128,2.787797682140474,-60.334198108580566,5.0
2016-08-02 15:24:47.640,0.664,-0.844,-0.32,15.779835752805422,0.6947842077661776,-55.67924044278935,5.0
2016-08-02 15:24:47.650,0.695,-0.832,-0.309,7.979675179867784,-0.8521445730567954,-50.99233263248827,5.0
2016-08-02 15:24:47.660,0.715,-0.84,-0.309,1.0946005140123982,-1.385248009835946,-45.78848313876175,5.0
2016-08-02 15:24:47.670,0.723,-0.871,-0.324,-2.8402803350317245,-0.04340158697611077,-38.96334213008143,5.0
2016-08-02 15:24:47.680,0.727,-0.891,-0.344,-3.516563194366006,0.5644800790188976,-31.931183711812984,5.0
2016-08-02 15:24:47.690,0.719,-0.918,-0.348,-2.229975263420331,0.3587216326882163,-24.821906212129107,5.0
2016-08-02 15:24:47.700,0.711,-0.938,-0.32,0.5053967575012994,1.8857721881840401,-14.770515263317378,5.0
2016-08-02 15:24:47.710,0.719,-0.934,-0.289,3.668189659778891,4.530904662615082,-3.5596160507451455,5.0
2016-08-02 15:24:47.720,0.73,-0.938,-0.262,7.752086957528487,7.5261399368812265,5.6383899661886066,5.0
2016-08-02 15:24:47.730,0.734,-0.941,-0.25,14.103106118961955,11.802327036535571,14.213196548071792,5.0
2016-08-02 15:24:47.740,0.73,-0.914,-0.262,20.54525705359638,15.753927771629652,21.58136306496891,5.0
2016-08-02 15:24:47.750,0.715,-0.867,-0.281,23.490379503438994,17.754937408614552,26.390487029877598,5.0
2016-08-02 15:24:47.760,0.695,-0.828,-0.301,22.674705844067393,18.6357004597234,30.505643337763896,5.0
2016-08-02 15:24:47.770,0.68,-0.797,-0.32,20.460548393817025,18.679695824407887,34.64802215644822,5.0
2016-08-02 15:24:47.780,0.664,-0.781,-0.309,18.051294232151374,17.78001643635167,38.459762208316874,5.0
2016-08-02 15:24:47.790,0.66,-0.797,-0.297,15.550836788122737,16.47320832313741,42.00961145214473,5.0
2016-08-02 15:24:47.800,0.66,-0.797,-0.289,13.650019487314067,14.861057995361323,43.708989715563874,5.0
2016-08-02 15:24:47.810,0.66,-0.789,-0.277,11.898189109091112,13.154884194372208,42.92304220832406,5.0
2016-08-02 15:24:47.820,0.645,-0.797,-0.273,9.290575326294128,12.238173223101725,42.349736447663446,5.0
2016-08-02 15:24:47.830,0.609,-0.793,-0.289,7.385215891507812,11.137004371606366,42.923609104159944,5.0
2016-08-02 15:24:47.840,0.582,-0.789,-0.309,6.57794743270287,8.227387433046065,43.442001842258485,5.0
2016-08-02 15:24:47.850,0.57,-0.766,-0.32,3.9234428305273856,5.092876508757996,44.116185147775575,5.0
2016-08-02 15:24:47.860,0.566,-0.754,-0.309,-0.8678487427539077,3.4877338942786924,44.63293257549711,5.0
2016-08-02 15:24:47.870,0.57,-0.758,-0.289,-5.424281342021949,2.2211444527283453,44.582925127325446,5.0
2016-08-02 15:24:47.880,0.578,-0.785,-0.258,-8.863493250184963,0.046728376119142434,44.09007733362246,5.0
2016-08-02 15:24:47.890,0.586,-0.82,-0.246,-10.962049686206306,-2.193793515354449,43.163689340040854,5.0
2016-08-02 15:24:47.900,0.578,-0.855,-0.242,-12.15467876002375,-3.755574925635152,43.198023147273524,5.0
2016-08-02 15:24:47.910,0.574,-0.844,-0.254,-13.727665000507827,-5.599198428022383,43.627011727238255,5.0
2016-08-02 15:24:47.920,0.555,-0.867,-0.273,-15.736194162825386,-7.579923395534628,43.715218899563645,5.0
2016-08-02 15:24:47.930,0.531,-0.891,-0.313,-17.015687463750822,-8.670793982070546,45.991543221283806,5.0
2016-08-02 15:24:47.940,0.508,-0.902,-0.344,-17.609373509583893,-10.092520267360872,49.74237004266443,5.0
2016-08-02 15:24:47.950,0.496,-0.934,-0.328,-19.516190641552306,-11.907414144686244,53.060123972702364,5.0
2016-08-02 15:24:47.960,0.523,-0.938,-0.316,-22.45517146498766,-12.632758844727421,56.84950821255924,5.0
2016-08-02 15:24:47.970,0.574,-0.938,-0.309,-23.175159497138388,-12.071322322787967,61.45240436413952,5.0
2016-08-02 15:24:47.980,0.613,-0.957,-0.336,-21.69715470796085,-9.47694999933141,66.7950577560063,5.0
2016-08-02 15:24:47.990,0.621,-0.98,-0.367,-20.337336843932253,-7.877403394346909,70.7850235993123,5.0
2016-08-02 15:24:48.000,0.602,-0.984,-0.391,-19.011439595824548,-11.276284683229736,72.92006588157128,5.0
2016-08-02 15:24:48.010,0.574,-0.984,-0.387,-17.62266538190516,-15.380582439235145,78.34871196072908,5.0
2016-08-02 15:24:48.020,0.547,-1.0,-0.355,-16.61812257284787,-17.204495729782927,87.5040233229022,5.0
2016-08-02 15:24:48.030,0.535,-1.02,-0.336,-13.316724158964883,-21.414721539086536,93.96136092528269,5.0
2016-08-02 15:24:48.040,0.547,-1.055,-0.328,-5.007248974130204,-27.728358987660336,97.22059421610022,5.0
2016-08-02 15:24:48.050,0.566,-1.043,-0.332,0.13576361905866596,-28.09007855003329,102.28161498276064,5.0
2016-08-02 15:24:48.060,0.535,-0.973,-0.367,-5.305870379882884,-25.190500329482894,107.31264637202503,5.0
2016-08-02 15:24:48.070,0.504,-1.035,-0.375,-6.437641937767108,-32.35842558103665,107.72871506010856,5.0
2016-08-02 15:24:48.080,0.504,-1.051,-0.402,4.535827525232067,-43.17316591786458,107.2704324051656,5.0
2016-08-02 15:24:48.090,0.469,-1.063,-0.391,13.331219196769613,-42.32688204680298,111.04126237077355,5.0
2016-08-02 15:24:48.100,0.414,-1.07,-0.406,17.649456499107366,-39.45198968899217,116.36507103883767,5.0
2016-08-02 15:24:48.110,0.379,-1.07,-0.391,20.861198300134717,-44.64054292838455,119.35413691294434,5.0
2016-08-02 15:24:48.120,0.355,-1.086,-0.355,22.0895517820683,-48.0664847486661,122.56781318664127,5.0
2016-08-02 15:24:48.130,0.336,-1.094,-0.336,25.841835521572577,-46.366898183617764,127.28204680092334,5.0
2016-08-02 15:24:48.140,0.316,-1.098,-0.344,29.760540267245748,-46.271351059612975,129.12198356459663,5.0
2016-08-02 15:24:48.150,0.289,-1.094,-0.355,30.302056210393687,-47.32458816139618,129.31053759251665,5.0
2016-08-02 15:24:48.160,0.254,-1.07,-0.367,31.938423193223407,-46.72452342801442,132.4598189481909,5.0
2016-08-02 15:24:48.170,0.219,-1.082,-0.387,34.32717327469467,-46.02845093587794,136.49575078772423,5.0
2016-08-02 15:24:48.180,0.199,-1.063,-0.395,34.416224538828,-45.78716181907943,138.26420097632644,5.0
2016-08-02 15:24:48.190,0.188,-1.063,-0.355,33.26982538888553,-45.533002027640094,139.27141466080187,5.0
2016-08-02 15:24:48.200,0.18,-1.07,-0.332,30.514469281375767,-44.75693067101631,141.458882063577,5.0
2016-08-02 15:24:48.210,0.168,-1.078,-0.316,26.83324514890564,-43.19187244726226,143.29044257334357,5.0
2016-08-02 15:24:48.220,0.152,-1.07,-0.297,25.71748747710284,-41.7045184118512,144.094926380086,5.0
2016-08-02 15:24:48.230,0.113,-1.066,-0.297,25.35069852087885,-39.65757709327627,146.0659873827834,5.0
2016-08-02 15:24:48.240,0.07,-1.059,-0.266,22.5855488197743,-37.98856171780585,148.55584421771732,5.0
2016-08-02 15:24:48.250,0.059,-1.012,-0.277,19.408408354682326,-38.83254225070486,149.40200088568292,5.0
2016-08-02 15:24:48.260,0.035,-0.992,-0.289,15.664368058700303,-39.68202839687071,149.7812878048891,5.0
2016-08-02 15:24:48.270,0.035,-0.98,-0.277,9.784491655095145,-39.076345809431764,150.48179973140654,5.0
2016-08-02 15:24:48.280,0.039,-0.934,-0.262,4.3802476610172265,-39.51954485990927,150.08014101063927,5.0
2016-08-02 15:24:48.290,0.039,-0.941,-0.246,-0.1692682474996985,-40.28024226234972,149.19930287088442,5.0
2016-08-02 15:24:48.300,0.027,-0.926,-0.223,-4.564565351389005,-39.740743407460315,148.33969544157966,5.0
2016-08-02 15:24:48.310,0.012,-0.918,-0.227,-6.645016928061183,-39.24736143977678,146.41574730788776,5.0
2016-08-02 15:24:48.320,-0.039,-0.926,-0.238,-8.553075845031978,-39.265891558441005,143.91396070053014,5.0
2016-08-02 15:24:48.330,-0.082,-0.863,-0.23,-12.446128360197356,-40.64106504635153,141.8880574282893,5.0
2016-08-02 15:24:48.340,-0.125,-0.887,-0.254,-15.970146783722349,-43.125343389809125,141.13913360285736,5.0
2016-08-02 15:24:48.350,-0.164,-0.875,-0.246,-19.17991497213456,-44.4409503755266,140.3577121588986,5.0
2016-08-02 15:24:48.360,-0.164,-0.813,-0.23,-21.951657262362232,-45.19511157070644,138.6019680672601,5.0
2016-08-02 15:24:48.370,-0.152,-0.82,-0.246,-24.309947015954393,-44.60490235679269,137.32586223240762,5.0
2016-08-02 15:24:48.380,-0.16,-0.797,-0.27,-27.232932206697264,-43.42378099797774,134.05401699692476,5.0
2016-08-02 15:24:48.390,-0.168,-0.797,-0.281,-28.26761318242712,-45.19611007698292,128.46696053294139,5.0
2016-08-02 15:24:48.400,-0.223,-0.863,-0.305,-28.48626675007839,-47.05604681171691,124.09577332206226,5.0
2016-08-02 15:24:48.410,-0.289,-0.844,-0.293,-30.085501364139635,-49.09779746497577,120.7069128351213,5.0
2016-08-02 15:24:48.420,-0.34,-0.852,-0.293,-31.782289087704875,-52.41603941264103,120.45691292878794,5.0
2016-08-02 15:24:48.430,-0.387,-0.867,-0.297,-34.39010720172041,-51.95272299211112,123.5298595689863,5.0
2016-08-02 15:24:48.440,-0.398,-0.844,-0.309,-35.912058196954675,-51.13261426939631,124.8807435124839,5.0
2016-08-02 15:24:48.450,-0.363,-0.82,-0.289,-34.46270106519519,-52.02183681075043,125.00135082576723,5.0
2016-08-02 15:24:48.460,-0.328,-0.797,-0.301,-33.82507010062071,-49.70999828544883,123.95582251595235,5.0
2016-08-02 15:24:48.470,-0.328,-0.773,-0.289,-34.091908409482095,-49.14231153395758,119.57961977789338,5.0
2016-08-02 15:24:48.480,-0.324,-0.75,-0.301,-32.88705543625701,-51.74045117450776,114.88243766882084,5.0
2016-08-02 15:24:48.490,-0.391,-0.797,-0.309,-31.46248139735929,-52.91623875158295,111.9824701379356,5.0
2016-08-02 15:24:48.500,-0.461,-0.754,-0.293,-30.73488342355529,-56.3763149607168,111.78425898570396,5.0
2016-08-02 15:24:48.510,-0.48,-0.754,-0.277,-30.44216465495743,-60.061638871015525,115.00795280642674,5.0
2016-08-02 15:24:48.520,-0.496,-0.742,-0.266,-29.98951478714023,-60.06982588642995,117.12161153699574,5.0
2016-08-02 15:24:48.530,-0.496,-0.75,-0.254,-27.601235631999153,-61.25556829573979,115.73929455135638,5.0
2016-08-02 15:24:48.540,-0.488,-0.738,-0.254,-23.721480415481512,-61.654348129215165,113.39844897364164,5.0
2016-08-02 15:24:48.550,-0.516,-0.734,-0.281,-21.2681682520387,-60.18894320109111,110.67625615138594,5.0
2016-08-02 15:24:48.560,-0.555,-0.68,-0.266,-21.814134883166044,-63.42371039551313,109.53649898472078,5.0
2016-08-02 15:24:48.570,-0.527,-0.621,-0.258,-23.962287322568713,-66.78804216818051,111.16321045836202,5.0
2016-08-02 15:24:48.580,-0.547,-0.676,-0.27,-23.39359481587756,-64.42879837392366,110.4164461934223,5.0
2016-08-02 15:24:48.590,-0.566,-0.656,-0.25,-17.737127620107874,-62.60542173180198,107.44957221025302,5.0
2016-08-02 15:24:48.600,-0.582,-0.672,-0.258,-11.100771138370716,-61.407902453079224,107.08188503906699,5.0
2016-08-02 15:24:48.610,-0.641,-0.656,-0.281,-8.896412023538048,-59.10452892647369,106.63870079377133,5.0
2016-08-02 15:24:48.620,-0.707,-0.664,-0.309,-10.865004539407293,-62.11845297608269,106.55775573649294,5.0
2016-08-02 15:24:48.630,-0.781,-0.68,-0.305,-14.651365955907245,-67.93467897360141,111.53746501934371,5.0
2016-08-02 15:24:48.640,-0.789,-0.633,-0.285,-19.164683553896896,-71.72925395276998,118.11635796505038,5.0
2016-08-02 15:24:48.650,-0.781,-0.637,-0.273,-21.909707229999068,-74.95228503993714,122.36674649612686,5.0
2016-08-02 15:24:48.660,-0.762,-0.602,-0.215,-22.34730125349997,-76.37583814014259,124.8975715254945,5.0
2016-08-02 15:24:48.670,-0.711,-0.57,-0.184,-22.811134547785088,-75.81641550233198,126.27387709191873,5.0
2016-08-02 15:24:48.680,-0.684,-0.508,-0.148,-23.465057471298117,-74.96178409806218,126.10696039559468,5.0
2016-08-02 15:24:48.690,-0.684,-0.488,-0.152,-21.98005747250337,-74.65350282167694,124.49248616378867,5.0
2016-08-02 15:24:48.700,-0.691,-0.473,-0.133,-17.72308581010164,-74.0705568483687,124.36406002261543,5.0
2016-08-02 15:24:48.710,-0.672,-0.41,-0.129,-13.864095946627465,-71.49892225599288,125.82791456742433,5.0
2016-08-02 15:24:48.720,-0.668,-0.375,-0.133,-11.769220771806854,-67.68709630321015,125.24412172147606,5.0
2016-08-02 15:24:48.730,-0.703,-0.355,-0.133,-9.650272075634012,-64.16455837350918,123.65514041488827,5.0
2016-08-02 15:24:48.740,-0.73,-0.344,-0.148,-7.203130830852173,-61.20747334194749,123.7248039571852,5.0
2016-08-02 15:24:48.750,-0.773,-0.344,-0.16,-4.97194965503877,-59.880523729576524,123.56105413090563,5.0
2016-08-02 15:24:48.760,-0.793,-0.316,-0.16,-4.597030790031338,-61.698488151736846,121.6858521290404,5.0
2016-08-02 15:24:48.770,-0.793,-0.324,-0.156,-6.235338319630323,-63.279275952690405,118.79126777036309,5.0
2016-08-02 15:24:48.780,-0.793,-0.348,-0.133,-6.248544918490493,-62.43890953964945,113.54855239603097,5.0
2016-08-02 15:24:48.790,-0.789,-0.332,-0.09,-5.044306298102585,-61.988031122078695,106.576043257377,5.0
2016-08-02 15:24:48.800,-0.785,-0.301,-0.074,-6.254420126535617,-61.11558119141063,100.37543240466788,5.0
2016-08-02 15:24:48.810,-0.793,-0.328,-0.078,-7.439959455160176,-59.69969998958616,93.98048300642343,5.0
2016-08-02 15:24:48.820,-0.805,-0.313,-0.07,-4.364735059582906,-58.9984046545183,88.39359454914063,5.0
2016-08-02 15:24:48.830,-0.809,-0.277,-0.105,-0.32891359468315085,-57.084501521356,86.23348448720192,5.0
2016-08-02 15:24:48.840,-0.848,-0.223,-0.117,-1.7030356242433418,-55.920786866762164,85.63078414229626,5.0
2016-08-02 15:24:48.850,-0.863,-0.176,-0.113,-7.117981584142569,-56.434805652599835,84.84419160746452,5.0
2016-08-02 15:24:48.860,-0.875,-0.168,-0.09,-9.153543233936833,-53.83967562552294,82.78988214435873,5.0
2016-08-02 15:24:48.870,-0.895,-0.172,-0.055,-6.7433500186521425,-49.076482748273044,78.06235871295925,5.0
2016-08-02 15:24:48.880,-0.922,-0.148,-0.027,-6.750513240380993,-46.71260888612772,73.72439597476841,5.0
2016-08-02 15:24:48.890,-0.93,-0.117,0.027,-10.818917655470774,-46.33845068757962,70.81237592767356,5.0
2016-08-02 15:24:48.900,-0.938,-0.129,0.074,-11.232577887270397,-45.41992952153616,66.72373740559904,5.0
2016-08-02 15:24:48.910,-0.918,-0.129,0.121,-4.329503047394783,-42.59438446178625,62.91423275039534,5.0
2016-08-02 15:24:48.920,-0.91,-0.094,0.137,2.3233068110674155,-39.28559721602535,59.867119324914945,5.0
2016-08-02 15:24:48.930,-0.922,-0.031,0.137,3.0967535329052374,-38.49033377344063,56.618910400348696,5.0
2016-08-02 15:24:48.940,-0.93,-0.016,0.129,3.4304236893848614,-39.76732530885451,54.769663455781405,5.0
2016-08-02 15:24:48.950,-0.957,0.016,0.133,7.500663194234953,-39.92207807540098,54.1195120225149,5.0
2016-08-02 15:24:48.960,-0.98,0.039,0.129,11.114603601084445,-39.05727292610599,53.37116495661267,5.0
2016-08-02 15:24:48.970,-0.984,0.043,0.137,13.340094796629232,-37.84450642438144,51.42559768354741,5.0
2016-08-02 15:24:48.980,-0.984,0.055,0.141,16.87095714101889,-34.81327170975943,47.72174998519953,5.0
2016-08-02 15:24:48.990,-0.98,0.086,0.16,17.85721152513734,-31.962833412731754,43.42124313322249,5.0
2016-08-02 15:24:49.000,-0.957,0.105,0.195,14.552590795735837,-29.780626050898817,37.8954962434265,5.0
2016-08-02 15:24:49.010,-0.949,0.078,0.215,13.595175606231894,-25.24222153445509,31.038994135745185,5.0
2016-08-02 15:24:49.020,-0.934,0.07,0.223,16.583763761105896,-20.677644011177556,24.896261703613266,5.0
2016-08-02 15:24:49.030,-0.922,0.066,0.207,18.957542435414567,-17.59517329326005,19.363973171115255,5.0
2016-08-02 15:24:49.040,-0.953,0.074,0.184,19.411741944807968,-14.872343140494818,14.93624804996734,5.0
2016-08-02 15:24:49.050,-0.973,0.105,0.168,17.556833362567023,-14.744411660867282,12.877892349793191,5.0
2016-08-02 15:24:49.060,-0.988,0.125,0.176,14.074996651061797,-14.880394030076987,11.576068301650475,5.0
2016-08-02 15:24:49.070,-1.012,0.121,0.191,12.867838822080515,-12.568015931660192,9.903222488240765,5.0
2016-08-02 15:24:49.080,-1.004,0.105,0.227,14.689784579423355,-10.29422083105074,7.675115282812655,5.0
2016-08-02 15:24:49.090,-0.996,0.109,0.25,16.776551732332187,-7.260973880555699,3.9086894823660523,5.0
2016-08-02 15:24:49.100,-0.992,0.109,0.27,17.52228913215812,-3.528065810058905,-0.9149179202661266,5.0
2016-08-02 15:24:49.110,-0.969,0.113,0.297,17.63909134637624,-0.9715164766026376,-6.088500693982067,5.0
2016-08-02 15:24:49.120,-0.957,0.113,0.309,18.26284044155082,2.2758064600721104,-11.534992972191358,5.0
2016-08-02 15:24:49.130,-0.977,0.125,0.297,17.706710994536728,5.35722316376214,-15.830165316901246,5.0
2016-08-02 15:24:49.140,-0.992,0.121,0.289,16.275769785142174,6.334161425836635,-18.141278900299866,5.0
2016-08-02 15:24:49.150,-0.996,0.121,0.285,17.610106461463776,7.943471065887139,-19.532383429745057,5.0
2016-08-02 15:24:49.160,-0.984,0.125,0.27,19.797572393922646,11.120647733018075,-21.115926481907316,5.0
2016-08-02 15:24:49.170,-0.992,0.113,0.254,19.2957043657456,13.456265689555822,-23.056331902701157,5.0
2016-08-02 15:24:49.180,-0.988,0.098,0.242,18.067324728105547,14.127011956320308,-24.569150240932956,5.0
2016-08-02 15:24:49.190,-0.973,0.078,0.25,17.727042854245717,14.366560268298471,-25.53548123027345,5.0
2016-08-02 15:24:49.200,-0.969,0.074,0.246,17.61864103511424,15.493084747204819,-26.541229933907317,5.0
2016-08-02 15:24:49.210,-0.988,0.043,0.219,17.780382102335075,16.798627534019015,-27.067754561112704,5.0
2016-08-02 15:24:49.220,-0.992,0.027,0.207,17.738186694543,16.993713847507372,-27.602087807229218,5.0
2016-08-02 15:24:49.230,-0.98,0.031,0.207,15.77705190723206,17.55105813323342,-29.901082481562725,5.0
2016-08-02 15:24:49.240,-0.988,0.02,0.191,12.402363292338084,19.3228306550553,-33.144486312708594,5.0
2016-08-02 15:24:49.250,-0.973,-0.004,0.188,11.336111403198327,20.779333922849904,-35.729089235124476,5.0
2016-08-02 15:24:49.260,-0.961,-0.023,0.172,12.838949579526831,23.10811665810121,-38.22952257891452,5.0
2016-08-02 15:24:49.270,-0.965,-0.023,0.148,12.429660116775198,26.055454385503648,-40.72394638823966,5.0
2016-08-02 15:24:49.280,-0.965,-0.02,0.129,8.835984275089974,26.188839351276073,-42.657795398024305,5.0
2016-08-02 15:24:49.290,-0.961,-0.023,0.125,5.193456887668141,25.384849254643058,-44.814161759724115,5.0
2016-08-02 15:24:49.300,-0.953,-0.035,0.125,2.9741472659166863,26.435460158790132,-47.61444663064841,5.0
2016-08-02 15:24:49.310,-0.953,-0.059,0.121,1.5311018411516246,27.824927363564168,-50.51794164973264,5.0
2016-08-02 15:24:49.320,-0.957,-0.082,0.121,1.1020673866936785,29.03579093180194,-53.38148418538894,5.0
2016-08-02 15:24:49.330,-0.953,-0.082,0.121,0.93480694110204,30.39419699433238,-56.35153717391983,5.0
2016-08-02 15:24:49.340,-0.953,-0.078,0.113,-1.186160503125726,31.14069529254365,-59.10623014617334,5.0
2016-08-02 15:24:49.350,-0.953,-0.082,0.102,-4.9895661598881755,31.157301865877276,-61.33511155461066,5.0
2016-08-02 15:24:49.360,-0.941,-0.09,0.102,-8.233339436079545,31.513125892120726,-63.69134900976048,5.0
2016-08-02 15:24:49.370,-0.918,-0.109,0.102,-9.838108822842115,33.37615551796709,-67.06839138673438,5.0
2016-08-02 15:24:49.380,-0.91,-0.125,0.086,-9.766042285856859,36.38663613856546,-70.91777811996808,5.0
2016-08-02 15:24:49.390,-0.922,-0.141,0.066,-9.48431509803495,38.6400576386702,-73.22272377495679,5.0
2016-08-02 15:24:49.400,-0.934,-0.148,0.047,-11.246672295731031,39.08946216138807,-73.61884400413265,5.0
2016-08-02 15:24:49.410,-0.941,-0.152,0.035,-14.449628187243068,38.5989394341519,-73.56589576706043,5.0
2016-08-02 15:24:49.420,-0.938,-0.172,0.027,-16.89522410240807,38.450008470348116,-73.17956485869882,5.0
2016-08-02 15:24:49.430,-0.941,-0.191,0.016,-18.945466798328887,38.768920596828785,-72.72984264949596,5.0
2016-08-02 15:24:49.440,-0.945,-0.184,0.008,-23.040257863073066,37.619233803553456,-73.06705525151065,5.0
2016-08-02 15:24:49.450,-0.918,-0.188,0.016,-28.871372314620594,34.538310028973555,-74.21007738605861,5.0
2016-08-02 15:24:49.460,-0.859,-0.215,0.039,-31.449210866015342,33.70709502808142,-77.64499398386633,5.0
2016-08-02 15:24:49.470,-0.793,-0.234,0.063,-28.312349729210155,37.67645484964534,-84.56545364905973,5.0
2016-08-02 15:24:49.480,-0.758,-0.266,0.043,-23.115348406994386,43.547268666179306,-92.72428685217304,5.0
2016-08-02 15:24:49.490,-0.781,-0.266,0.016,-19.582465913383793,46.963824315299746,-99.05274666051322,5.0
2016-08-02 15:24:49.500,-0.793,-0.242,-0.012,-18.290240224264178,46.94199323194109,-102.62760629364486,5.0
2016-08-02 15:24:49.510,-0.762,-0.273,-0.051,-16.74022481042804,48.71721902746867,-105.84368346796617,5.0
2016-08-02 15:24:49.520,-0.793,-0.305,-0.102,-14.155319250458,53.67190280664011,-109.74233625776812,5.0
2016-08-02 15:24:49.530,-0.828,-0.262,-0.133,-15.640620352904449,54.16876696092839,-110.09587079674807,5.0
2016-08-02 15:24:49.540,-0.816,-0.285,-0.148,-21.70764488226817,50.86631018840576,-107.71296334086135,5.0
2016-08-02 15:24:49.550,-0.82,-0.359,-0.137,-24.599188692348537,51.30321542288322,-109.20672680174786,5.0
2016-08-02 15:24:49.560,-0.797,-0.363,-0.098,-23.244149520943637,53.16932934478543,-112.87829995152059,5.0
2016-08-02 15:24:49.570,-0.738,-0.363,-0.074,-22.951689746192503,54.55487477811136,-115.29402477739282,5.0
2016-08-02 15:24:49.580,-0.719,-0.418,-0.09,-22.23429780806027,58.05689466560146,-119.89086637230533,5.0
2016-08-02 15:24:49.590,-0.695,-0.406,-0.094,-17.799063394919408,61.13210261330411,-125.41574642126281,5.0
2016-08-02 15:24:49.600,-0.668,-0.438,-0.148,-12.509888155788097,64.95762328040223,-128.40411084406367,5.0
2016-08-02 15:24:49.610,-0.758,-0.465,-0.227,-11.411955858816473,68.18609480604171,-129.49935343095558,5.0
2016-08-02 15:24:49.620,-0.801,-0.375,-0.234,-17.026417415715482,61.92614265654128,-126.0006300348212,5.0
2016-08-02 15:24:49.630,-0.746,-0.402,-0.211,-24.848518916194227,55.381080179393756,-120.71533910339934,5.0
2016-08-02 15:24:49.640,-0.723,-0.504,-0.16,-25.853966507754794,59.333209697611494,-122.01222576014231,5.0
2016-08-02 15:24:49.650,-0.66,-0.516,-0.102,-18.38498862896149,64.32934038078483,-125.52167079639,5.0
2016-08-02 15:24:49.660,-0.617,-0.609,-0.152,-8.527774109355159,71.69764907578431,-127.63792095834094,5.0
2016-08-02 15:24:49.670,-0.797,-0.723,-0.277,-0.6140573806263221,80.41014753225672,-129.93365164872233,5.0
2016-08-02 15:24:49.680,-0.898,-0.629,-0.332,2.4622816798998595,74.40970925718098,-123.19171737315608,5.0
2016-08-02 15:24:49.690,-0.895,-0.637,-0.387,-2.544238421843785,64.1463665863713,-111.82381216633688,5.0
2016-08-02 15:24:49.700,-0.973,-0.75,-0.391,-12.284898660639172,60.039545564144724,-109.16556228821378,5.0
2016-08-02 15:24:49.710,-0.914,-0.742,-0.289,-17.38871867401619,51.59952536746023,-104.4228109438207,5.0
2016-08-02 15:24:49.720,-0.766,-0.734,-0.203,-16.49279546580796,48.70947146658537,-95.36123164978969,5.0
2016-08-02 15:24:49.730,-0.641,-0.738,-0.148,-14.257250462130923,55.60702596506583,-95.70710753459295,5.0
2016-08-02 15:24:49.740,-0.488,-0.699,-0.117,-7.089616249339068,59.183527669510106,-100.56587583954338,5.0
2016-08-02 15:24:49.750,-0.402,-0.695,-0.152,6.493881364814671,64.78121447136219,-105.59982841681997,5.0
2016-08-02 15:24:49.760,-0.441,-0.734,-0.242,18.002258609440517,71.60590852684166,-112.94784592937414,5.0
2016-08-02 15:24:49.770,-0.496,-0.664,-0.316,23.48926698819183,67.67781808557615,-113.55232026855742,5.0
2016-08-02 15:24:49.780,-0.453,-0.59,-0.344,23.576149071776495,59.36631643273045,-107.76706166285939,5.0
2016-08-02 15:24:49.790,-0.398,-0.633,-0.34,18.420545082057064,55.45824640267527,-108.40637627669763,5.0
2016-08-02 15:24:49.800,-0.363,-0.672,-0.277,15.743846719109026,53.92972973519101,-114.55140961790289,5.0
2016-08-02 15:24:49.810,-0.301,-0.742,-0.238,22.836208328512228,56.29442399907852,-117.7516989316906,5.0
2016-08-02 15:24:49.820,-0.293,-0.859,-0.289,33.20315740387689,63.73062934319967,-122.03002825458498,5.0
2016-08-02 15:24:49.830,-0.363,-0.855,-0.348,39.503666490393165,65.87588803864115,-128.93022378369,5.0
2016-08-02 15:24:49.840,-0.391,-0.832,-0.402,41.42777045471658,60.380393394530444,-130.0840636969154,5.0
2016-08-02 15:24:49.850,-0.426,-0.867,-0.484,36.54025034688072,57.14613929241149,-128.23152388409764,5.0
2016-08-02 15:24:49.860,-0.469,-0.859,-0.5,26.858364426091235,51.42480894794873,-128.5219067320053,5.0
2016-08-02 15:24:49.870,-0.406,-0.855,-0.449,20.560955834601465,42.390506132357764,-126.95731076473857,5.0
2016-08-02 15:24:49.880,-0.363,-0.941,-0.43,18.024971953390022,43.437195536068465,-126.42417315936865,5.0
2016-08-02 15:24:49.890,-0.359,-0.945,-0.367,16.763294817029777,45.896680877269745,-129.07281813756094,5.0
2016-08-02 15:24:49.900,-0.305,-0.887,-0.328,16.690440381683615,42.720889844616956,-127.9093658210603,5.0
2016-08-02 15:24:49.910,-0.277,-0.918,-0.332,14.40718226073498,45.96247601775959,-124.36507937920295,5.0
2016-08-02 15:24:49.920,-0.254,-0.875,-0.316,12.115750140677516,48.91333338244616,-123.179833041158,5.0
2016-08-02 15:24:49.930,-0.184,-0.844,-0.289,13.984184097802768,47.39553098813725,-121.25013743615806,5.0
2016-08-02 15:24:49.940,-0.145,-0.906,-0.293,13.82380606499969,51.51150084682375,-120.65547489979525,5.0
2016-08-02 15:24:49.950,-0.125,-0.871,-0.285,11.110321050000364,52.72067416661411,-123.41580855161129,5.0
2016-08-02 15:24:49.960,-0.074,-0.836,-0.277,11.265172412396105,48.72093907350666,-122.61283553983691,5.0
2016-08-02 15:24:49.970,-0.055,-0.918,-0.281,10.317055969777279,51.0772464706878,-120.48522063002486,5.0
2016-08-02 15:24:49.980,-0.035,-0.902,-0.262,9.068812455085443,52.38654188856839,-122.18049301876854,5.0
2016-08-02 15:24:49.990,0.004,-0.887,-0.262,11.260778665532424,49.153228554688795,-121.65444141197153,5.0
2016-08-02 15:24:50.000,0.0,-0.969,-0.301,10.54747074396272,51.00120480560932,-120.60297330105897,5.0
2016-08-02 15:24:50.010,-0.016,-0.973,-0.328,8.37175184468699,50.53571728602352,-123.99757750116606,5.0
2016-08-02 15:24:50.020,0.012,-0.938,-0.332,10.185209813489775,44.240267279041944,-124.80675864744612,5.0
2016-08-02 15:24:50.030,0.031,-0.98,-0.375,9.316267033157551,43.12837882799937,-122.96592720957753,5.0
2016-08-02 15:24:50.040,0.035,-0.977,-0.359,5.105287695847116,41.4581330960835,-124.52106766453868,5.0
2016-08-02 15:24:50.050,0.086,-0.953,-0.344,3.6922211015609134,35.53995295084252,-125.27251761796559,5.0
2016-08-02 15:24:50.060,0.109,-1.027,-0.367,0.908146390125724,36.45115393533532,-124.56929103612651,5.0
2016-08-02 15:24:50.070,0.105,-0.98,-0.348,-3.855673659512113,37.5462269815232,-126.7748015175344,5.0
2016-08-02 15:24:50.080,0.141,-0.98,-0.348,-4.526094781046854,33.74153430438276,-126.66754503007843,5.0
2016-08-02 15:24:50.090,0.148,-1.047,-0.371,-5.538636723590514,36.26147169916891,-123.31420522887282,5.0
2016-08-02 15:24:50.100,0.156,-0.98,-0.359,-9.028971836063032,38.5075413884521,-123.06280032953272,5.0
2016-08-02 15:24:50.110,0.211,-0.941,-0.348,-10.86426967297109,35.777940815316825,-121.4162222856887,5.0
2016-08-02 15:24:50.120,0.25,-0.969,-0.352,-14.620685946034953,39.479316019395554,-116.70980196489622,5.0
2016-08-02 15:24:50.130,0.293,-0.934,-0.34,-17.808367827090045,42.96235526728604,-116.17312750703942,5.0
2016-08-02 15:24:50.140,0.355,-0.91,-0.332,-15.731347549840564,41.63789608757071,-116.60800273770917,5.0
2016-08-02 15:24:50.150,0.379,-0.949,-0.332,-15.522487223245879,45.28791505250918,-114.45945323420692,5.0
2016-08-02 15:24:50.160,0.395,-0.922,-0.309,-16.92175265974367,47.17684759725887,-114.45135430587138,5.0
2016-08-02 15:24:50.170,0.434,-0.883,-0.293,-14.560493976646985,43.69604866977015,-114.04286807224462,5.0
2016-08-02 15:24:50.180,0.457,-0.938,-0.301,-14.171211961213508,45.67392849675327,-109.90290042225917,5.0
2016-08-02 15:24:50.190,0.457,-0.934,-0.324,-16.830120590367653,47.882512737856956,-108.46953198844159,5.0
2016-08-02 15:24:50.200,0.469,-0.906,-0.336,-16.77705229132661,42.945837401280016,-109.40878203655674,5.0
2016-08-02 15:24:50.210,0.488,-0.926,-0.355,-17.35040977609522,40.3465953044445,-106.06657455314264,5.0
2016-08-02 15:24:50.220,0.5,-0.906,-0.371,-19.344186586412373,40.7136020525886,-102.20078158330438,5.0
2016-08-02 15:24:50.230,0.531,-0.922,-0.367,-17.322072048151544,37.3718497719628,-100.60720837036756,5.0
2016-08-02 15:24:50.240,0.559,-0.969,-0.359,-15.108703684721135,36.05426552812777,-98.09045184108226,5.0
2016-08-02 15:24:50.250,0.563,-0.957,-0.367,-14.67450523414588,36.60704389858917,-96.60436663440139,5.0
2016-08-02 15:24:50.260,0.559,-1.004,-0.387,-12.720470920472764,32.87486927749553,-95.51608411268253,5.0
2016-08-02 15:24:50.270,0.547,-0.992,-0.379,-12.35812860388741,30.23289927208555,-91.43442963744768,5.0
2016-08-02 15:24:50.280,0.547,-0.984,-0.402,-12.35269384393284,29.914753040372222,-86.17509496768503,5.0
2016-08-02 15:24:50.290,0.563,-0.977,-0.398,-11.046240090864098,28.187525914343286,-80.88274618989956,5.0
2016-08-02 15:24:50.300,0.59,-0.953,-0.383,-12.538313346445024,27.42354721436971,-76.27804974104404,5.0
2016-08-02 15:24:50.310,0.629,-0.922,-0.363,-14.127650987633604,26.62651258963536,-73.50175348400259,5.0
2016-08-02 15:24:50.320,0.66,-0.895,-0.344,-14.244798702707076,24.821953522925668,-70.5119075071637,5.0
2016-08-02 15:24:50.330,0.672,-0.871,-0.328,-14.234294631025659,23.979965212650853,-66.45524464790078,5.0
2016-08-02 15:24:50.340,0.66,-0.871,-0.324,-11.217405520195124,22.46755663018985,-62.06344483512615,5.0
2016-08-02 15:24:50.350,0.652,-0.863,-0.313,-7.301677718330946,19.925882659924987,-57.3208188890327,5.0
2016-08-02 15:24:50.360,0.656,-0.805,-0.309,-5.6294115023735305,17.449073501521948,-52.91298402954067,5.0
2016-08-02 15:24:50.370,0.66,-0.797,-0.313,-4.458647235478047,15.224441757669105,-47.49384931993736,5.0
2016-08-02 15:24:50.380,0.664,-0.813,-0.324,-3.5473231560994805,14.617222407833076,-40.89297856620232,5.0
2016-08-02 15:24:50.390,0.676,-0.805,-0.336,-1.8313425136858306,14.338796086218355,-37.58825849413726,5.0
2016-08-02 15:24:50.400,0.688,-0.793,-0.348,1.467062929603137,12.950682610902906,-36.71038690077678,5.0
2016-08-02 15:24:50.410,0.691,-0.793,-0.359,2.527339337119013,12.83955784297925,-33.694153578051676,5.0
2016-08-02 15:24:50.420,0.688,-0.789,-0.367,0.8811432267028542,12.831046526330852,-29.753047114285728,5.0
2016-08-02 15:24:50.430,0.672,-0.84,-0.375,-0.5728503644583994,10.771675355659642,-26.312826691400854,5.0
2016-08-02 15:24:50.440,0.66,-0.828,-0.34,-1.325093546235026,8.662520745561787,-22.80553506249121,5.0
2016-08-02 15:24:50.450,0.641,-0.828,-0.328,-0.2619881829960144,6.074860119109963,-18.871286799178417,5.0
2016-08-02 15:24:50.460,0.633,-0.863,-0.348,0.9672915170135298,2.9007688254898882,-13.923989462116575,5.0
2016-08-02 15:24:50.470,0.625,-0.875,-0.359,-0.28077995325632893,0.5810763960733641,-10.518191977451458,5.0
2016-08-02 15:24:50.480,0.629,-0.879,-0.363,-1.2038532110185747,-2.0967209769194297,-8.986256073678344,5.0
2016-08-02 15:24:50.490,0.633,-0.879,-0.363,-2.2678945605325023,-3.788001108739917,-5.606803578223902,5.0
2016-08-02 15:24:50.500,0.617,-0.883,-0.359,-4.993719843710085,-4.587507563778132,-1.4468837775655035,5.0
2016-08-02 15:24:50.510,0.609,-0.906,-0.355,-5.419830828895456,-7.012960183804052,1.9544955748898327,5.0
2016-08-02 15:24:50.520,0.59,-0.906,-0.359,-3.7303977195761724,-8.405933351781506,5.908803983855769,5.0
2016-08-02 15:24:50.530,0.578,-0.898,-0.352,-3.261760320155696,-7.953862329259533,10.334485595443324,5.0
2016-08-02 15:24:50.540,0.574,-0.895,-0.344,-3.586995413644469,-7.063112649529097,16.093624261557522,5.0
2016-08-02 15:24:50.550,0.574,-0.91,-0.332,-2.7789559805172357,-5.1196387532912695,22.52787886351536,5.0
2016-08-02 15:24:50.560,0.57,-0.922,-0.297,0.23051808066672697,-4.445035694922414,26.670125590454496,5.0
2016-08-02 15:24:50.570,0.574,-0.938,-0.277,3.9754546907798307,-5.137932254662079,29.641203957951337,5.0
2016-08-02 15:24:50.580,0.578,-0.926,-0.27,6.361791682811676,-4.558037334221787,32.91219102813807,5.0
2016-08-02 15:24:50.590,0.574,-0.902,-0.27,8.000706563040954,-4.706694790445342,35.020664702892226,5.0
2016-08-02 15:24:50.600,0.563,-0.898,-0.297,8.761297197812226,-6.391187111371105,37.39781478424611,5.0
2016-08-02 15:24:50.610,0.543,-0.906,-0.32,6.926243809865426,-7.633804990651026,41.04887443393609,5.0
2016-08-02 15:24:50.620,0.539,-0.898,-0.313,4.180695424104052,-9.17074887893279,43.04822304513269,5.0
2016-08-02 15:24:50.630,0.539,-0.902,-0.328,2.6744951322416113,-10.463534472953562,44.51237231907724,5.0
2016-08-02 15:24:50.640,0.531,-0.934,-0.34,1.0185223479054364,-9.69284281383666,48.21914461138811,5.0
2016-08-02 15:24:50.650,0.527,-0.93,-0.336,-0.688763660300676,-8.935963665627726,50.966530505692766,5.0
2016-08-02 15:24:50.660,0.531,-0.914,-0.34,-1.4114508354573956,-8.885059370760368,51.70271035257882,5.0
2016-08-02 15:24:50.670,0.531,-0.914,-0.34,-2.981193572010687,-7.162712880465719,54.279457838879786,5.0
2016-08-02 15:24:50.680,0.523,-0.91,-0.324,-4.188271685000354,-6.104874071538454,57.514355621681304,5.0
2016-08-02 15:24:50.690,0.531,-0.91,-0.32,-2.0458464821777778,-7.372708074981805,59.188434868146246,5.0
2016-08-02 15:24:50.700,0.535,-0.902,-0.316,0.004312401697203705,-6.4934522697661174,60.84482290881954,5.0
2016-08-02 15:24:50.710,0.535,-0.863,-0.309,-0.5538779453702051,-3.9925153778067983,61.47221435883159,5.0
2016-08-02 15:24:50.720,0.52,-0.875,-0.32,-0.14530811804695815,-3.397827566017918,62.29235820188198,5.0
2016-08-02 15:24:50.730,0.512,-0.906,-0.34,1.962638836895568,-2.38804670955075,65.44340762215072,5.0
2016-08-02 15:24:50.740,0.512,-0.883,-0.348,4.027921009143736,-1.0351274166627347,66.63357640545067,5.0
2016-08-02 15:24:50.750,0.516,-0.887,-0.344,5.538371031445335,-0.45504123516990613,67.41051546322001,5.0
2016-08-02 15:24:50.760,0.504,-0.91,-0.344,4.875608171116186,1.9714302346336883,72.02620825360597,5.0
2016-08-02 15:24:50.770,0.492,-0.914,-0.328,2.626892290162478,3.7656009782009243,75.32530546054502,5.0
2016-08-02 15:24:50.780,0.484,-0.941,-0.316,1.777714067690581,3.6043251303470587,77.10296462965604,5.0
2016-08-02 15:24:50.790,0.473,-0.965,-0.324,3.1767361752756544,4.534996241472129,80.95323792828465,5.0
2016-08-02 15:24:50.800,0.453,-0.969,-0.32,5.556107825758353,2.208394769201639,82.27138843123515,5.0
2016-08-02 15:24:50.810,0.445,-0.973,-0.336,5.44206402315281,-3.9903431797138964,80.44751135690743,5.0
2016-08-02 15:24:50.820,0.426,-0.973,-0.34,2.964797715616996,-6.149428995626944,80.8400500828564,5.0
2016-08-02 15:24:50.830,0.402,-0.988,-0.328,3.5897262090629356,-5.764155798673517,84.07251808893746,5.0
2016-08-02 15:24:50.840,0.379,-1.0,-0.336,5.7095547754037925,-7.528835312286262,87.0279405939887,5.0
2016-08-02 15:24:50.850,0.363,-0.996,-0.332,5.750638624288232,-8.689768935926885,89.07138781078719,5.0
2016-08-02 15:24:50.860,0.348,-1.012,-0.336,6.56625868428905,-8.688887515371293,92.29720128770168,5.0
2016-08-02 15:24:50.870,0.332,-1.008,-0.332,7.453272202301656,-9.51054958572447,95.15080093510721,5.0
2016-08-02 15:24:50.880,0.309,-1.012,-0.332,7.3935694096297055,-10.079617112245161,96.55177280006818,5.0
2016-08-02 15:24:50.890,0.297,-1.031,-0.324,7.739469544867994,-9.8148371456726,99.26414415804138,5.0
2016-08-02 15:24:50.900,0.285,-1.02,-0.324,7.09999384526721,-10.569249254930883,101.59133710310505,5.0
2016-08-02 15:24:50.910,0.27,-1.02,-0.332,6.044193290111689,-12.678750977203862,101.64945668849265,5.0
2016-08-02 15:24:50.920,0.25,-1.023,-0.332,5.379587724265348,-13.733239747579306,102.44726240854584,5.0
2016-08-02 15:24:50.930,0.23,-1.027,-0.352,5.027703468546504,-13.747869324432964,104.27451799159223,5.0
2016-08-02 15:24:50.940,0.207,-1.02,-0.359,5.643449803805797,-14.931378524114002,105.5273740444913,5.0
2016-08-02 15:24:50.950,0.191,-1.023,-0.352,5.326018060378685,-16.36654450301939,107.14184073481178,5.0
2016-08-02 15:24:50.960,0.172,-1.016,-0.352,3.8649319774735247,-17.138346704422595,108.83679233140417,5.0
2016-08-02 15:24:50.970,0.172,-1.008,-0.359,3.6201098324369307,-18.11028308254563,109.65638825673778,5.0
2016-08-02 15:24:50.980,0.176,-0.984,-0.352,3.588201104752735,-18.14241400842542,110.89375080488679,5.0
2016-08-02 15:24:50.990,0.176,-0.98,-0.355,1.6903901623290114,-17.394325163401476,112.27297924658855,5.0
2016-08-02 15:24:51.000,0.152,-0.977,-0.332,-1.1270351422139733,-18.771773199923892,111.75108535227201,5.0
2016-08-02 15:24:51.010,0.145,-0.965,-0.313,-2.70294606080818,-21.642133193011453,110.38480987344235,5.0
2016-08-02 15:24:51.020,0.117,-0.977,-0.32,-3.1088081422296785,-22.93199523493999,109.92908160435837,5.0
2016-08-02 15:24:51.030,0.086,-0.961,-0.305,-3.6922020338131993,-24.064662807623456,109.15652124916919,5.0
2016-08-02 15:24:51.040,0.066,-0.945,-0.316,-4.221993229304502,-27.230747259129082,108.50922722677734,5.0
2016-08-02 15:24:51.050,0.059,-0.961,-0.336,-5.1700160796536,-29.249421042897062,109.59215562574295,5.0
2016-08-02 15:24:51.060,0.059,-0.938,-0.336,-6.524565764783225,-29.227057497856656,109.91624400940022,5.0
2016-08-02 15:24:51.070,0.059,-0.957,-0.352,-6.4338740277974455,-30.24460947078686,108.14616791288246,5.0
2016-08-02 15:24:51.080,0.023,-0.961,-0.344,-6.265148530788756,-31.759408424323993,106.20457380702274,5.0
2016-08-02 15:24:51.090,-0.008,-0.945,-0.348,-6.976440785294175,-33.940715184693914,104.83388870642273,5.0
2016-08-02 15:24:51.100,-0.055,-1.0,-0.348,-7.343357044828718,-37.45480526949835,104.22749879784801,5.0
2016-08-02 15:24:51.110,-0.09,-0.969,-0.336,-7.831168076615129,-40.58007298141607,103.71710332517355,5.0
2016-08-02 15:24:51.120,-0.113,-0.992,-0.348,-8.24893844993397,-43.566255085674186,103.44809182053895,5.0
2016-08-02 15:24:51.130,-0.137,-0.988,-0.332,-10.251948095721584,-45.5954795406766,104.0792992349071,5.0
2016-08-02 15:24:51.140,-0.145,-0.957,-0.316,-14.529293558488309,-46.78618774820883,104.90134150034855,5.0
2016-08-02 15:24:51.150,-0.121,-0.969,-0.324,-17.271963015061093,-47.50157908873514,106.79027735819288,5.0
2016-08-02 15:24:51.160,-0.117,-0.957,-0.355,-18.054938932454462,-45.6995517016628,108.20538947177215,5.0
2016-08-02 15:24:51.170,-0.113,-0.93,-0.348,-18.431298567530355,-44.75063015001499,107.31291471962109,5.0
2016-08-02 15:24:51.180,-0.117,-0.918,-0.363,-19.423103136406862,-45.36222642853188,106.95707961690695,5.0
2016-08-02 15:24:51.190,-0.156,-0.949,-0.371,-22.07553222821338,-45.30436782242696,106.83313514578435,5.0
2016-08-02 15:24:51.200,-0.203,-0.938,-0.348,-23.732144990346846,-48.439538208336,106.0411369061516,5.0
2016-08-02 15:24:51.210,-0.227,-0.941,-0.332,-23.608967208048767,-51.75405833852865,107.58250756486605,5.0
2016-08-02 15:24:51.220,-0.25,-0.93,-0.309,-24.598503059585873,-51.49077322947952,109.85669440727155,5.0
2016-08-02 15:24:51.230,-0.262,-0.91,-0.293,-25.054770199095536,-53.524644993390055,109.87284935907496,5.0
2016-08-02 15:24:51.240,-0.262,-0.945,-0.32,-22.320216734596265,-55.79815565941074,109.28598034117601,5.0
2016-08-02 15:24:51.250,-0.297,-0.973,-0.359,-18.519241570255815,-54.433681657395134,107.87527649827305,5.0
2016-08-02 15:24:51.260,-0.34,-0.926,-0.367,-17.190730456212577,-56.207634754026124,106.60696577967508,5.0
2016-08-02 15:24:51.270,-0.367,-0.902,-0.375,-20.8599767432636,-61.01667598769083,108.84900400735656,5.0
2016-08-02 15:24:51.280,-0.406,-0.906,-0.387,-27.1461208720728,-64.48173532202328,111.77566535238128,5.0
2016-08-02 15:24:51.290,-0.398,-0.895,-0.359,-30.420929873119015,-68.7249486837661,113.278379483355,5.0
2016-08-02 15:24:51.300,-0.367,-0.887,-0.324,-30.409644346293547,-70.01978613295442,114.6848179321595,5.0
2016-08-02 15:24:51.310,-0.363,-0.883,-0.332,-29.34674148488827,-67.31995136172159,114.2322419458263,5.0
2016-08-02 15:24:51.320,-0.363,-0.895,-0.324,-26.594809577059934,-68.00885003855043,113.24018577250823,5.0
2016-08-02 15:24:51.330,-0.348,-0.863,-0.34,-22.37935003954045,-68.54629103973585,113.89043002051987,5.0
2016-08-02 15:24:51.340,-0.359,-0.824,-0.363,-20.518876307997253,-66.20039376495012,113.55762446712512,5.0
2016-08-02 15:24:51.350,-0.379,-0.777,-0.344,-24.41567028182883,-69.18850515154955,112.67319889591295,5.0
2016-08-02 15:24:51.360,-0.383,-0.754,-0.324,-30.973005789401306,-74.72324844667611,113.12097935535171,5.0
2016-08-02 15:24:51.370,-0.406,-0.785,-0.316,-33.854560063950316,-75.80497966180153,112.63223236802196,5.0
2016-08-02 15:24:51.380,-0.438,-0.801,-0.289,-32.07845748616046,-76.45161992366926,110.40785099617501,5.0
2016-08-02 15:24:51.390,-0.473,-0.762,-0.262,-29.7525754210537,-78.27492753284216,109.07983674586959,5.0
2016-08-02 15:24:51.400,-0.523,-0.711,-0.25,-31.10250058358802,-80.28092715499346,109.73399861731099,5.0
2016-08-02 15:24:51.410,-0.555,-0.676,-0.227,-35.93545883290993,-84.68005799991205,110.37240235551221,5.0
2016-08-02 15:24:51.420,-0.551,-0.676,-0.211,-38.08940885141044,-87.0894389912865,109.38180195386181,5.0
2016-08-02 15:24:51.430,-0.563,-0.719,-0.219,-34.01588187536259,-82.81998697450626,107.11695352507147,5.0
2016-08-02 15:24:51.440,-0.609,-0.688,-0.207,-28.463797597305597,-77.46033819300162,104.98872334645156,5.0
2016-08-02 15:24:51.450,-0.664,-0.664,-0.258,-28.057393117291017,-75.11232390568858,105.09531139152666,5.0
2016-08-02 15:24:51.460,-0.793,-0.641,-0.25,-36.225427029991955,-75.95582428826484,108.79849557885039,5.0
2016-08-02 15:24:51.470,-0.82,-0.59,-0.23,-48.2987953416373,-80.22851421479193,116.74202096688063,5.0
2016-08-02 15:24:51.480,-0.824,-0.617,-0.207,-53.79801910940751,-79.16592945086185,125.94489438038278,5.0
2016-08-02 15:24:51.490,-0.832,-0.621,-0.18,-50.81494124238831,-70.61595710337514,131.71521652864925,5.0
2016-08-02 15:24:51.500,-0.813,-0.57,-0.145,-47.17455718527234,-64.5380714704326,136.5881013158458,5.0
2016-08-02 15:24:51.510,-0.82,-0.527,-0.164,-48.40609791447805,-61.91349451940175,141.27282662960965,5.0
2016-08-02 15:24:51.520,-0.82,-0.461,-0.148,-51.95688960239205,-64.32750649876553,142.72813048249992,5.0
2016-08-02 15:24:51.530,-0.75,-0.418,-0.09,-52.11240326117137,-68.70724352809872,143.95473412039965,5.0
2016-08-02 15:24:51.540,-0.695,-0.426,-0.07,-46.09502752514369,-64.50199932994674,142.59125407434374,5.0
2016-08-02 15:24:51.550,-0.711,-0.449,-0.09,-35.982947493585044,-59.87653803991162,136.30645975825817,5.0
2016-08-02 15:24:51.560,-0.773,-0.422,-0.125,-29.657915857081456,-62.7691494831701,134.08177874241335,5.0
2016-08-02 15:24:51.570,-0.859,-0.359,-0.145,-32.64904298235676,-69.5788135838362,138.7966597443375,5.0
2016-08-02 15:24:51.580,-0.852,-0.293,-0.117,-39.02352183976154,-79.62575971470102,145.0942588864941,5.0
2016-08-02 15:24:51.590,-0.801,-0.313,-0.055,-37.15108224101364,-84.33699421941134,148.71645404199677,5.0
2016-08-02 15:24:51.600,-0.777,-0.367,-0.02,-22.7059480654898,-78.7749213954554,147.5386991266251,5.0
2016-08-02 15:24:51.610,-0.742,-0.332,-0.039,-5.38034117113617,-72.68501129883852,144.82072354142917,5.0
2016-08-02 15:24:51.620,-0.734,-0.254,-0.078,1.5318168574483058,-70.7300057271963,142.07002664667397,5.0
2016-08-02 15:24:51.630,-0.742,-0.176,-0.082,-1.6660316972623148,-72.99419800030986,137.392601954032,5.0
2016-08-02 15:24:51.640,-0.699,-0.148,-0.055,-1.8597265449293905,-75.64232868118566,132.92734329957648,5.0
2016-08-02 15:24:51.650,-0.668,-0.188,-0.055,8.748048204285565,-69.11559363811764,127.42513035856743,5.0
2016-08-02 15:24:51.660,-0.695,-0.18,-0.082,22.204831382254945,-57.57388342481195,118.53476991069543,5.0
2016-08-02 15:24:51.670,-0.734,-0.129,-0.113,26.826913451719644,-51.353300510252865,110.51571882217937,5.0
2016-08-02 15:24:51.680,-0.773,-0.102,-0.121,21.787891899238765,-49.20242526445066,102.94430719409303,5.0
2016-08-02 15:24:51.690,-0.785,-0.094,-0.09,15.553839507967435,-47.540957184225434,92.10164219581961,5.0
2016-08-02 15:24:51.700,-0.813,-0.125,-0.051,15.748602139028119,-43.288180668600944,80.81998707772527,5.0
2016-08-02 15:24:51.710,-0.867,-0.164,-0.039,21.06271520548935,-36.321437086102556,71.8143911586595,5.0
2016-08-02 15:24:51.720,-0.887,-0.141,-0.027,25.067763041705867,-31.937229537797798,64.55564324529064,5.0
2016-08-02 15:24:51.730,-0.895,-0.102,-0.031,25.138869520363883,-29.085064348524387,58.533563529868395,5.0
2016-08-02 15:24:51.740,-0.934,-0.078,-0.039,23.36404897175748,-25.81018538383629,53.62617788883236,5.0
2016-08-02 15:24:51.750,-0.941,-0.055,-0.027,23.36253449584504,-24.823370045597134,50.10333332126477,5.0
2016-08-02 15:24:51.760,-0.949,-0.016,-0.008,24.431975862881053,-23.508250310321223,46.94209794993547,5.0
2016-08-02 15:24:51.770,-0.965,0.043,0.016,22.600175555464006,-20.617677158992564,43.283715251292406,5.0
2016-08-02 15:24:51.780,-0.969,0.07,0.039,19.625887852455016,-18.804212186887643,39.82794183488171,5.0
2016-08-02 15:24:51.790,-0.961,0.082,0.082,19.643639896248548,-15.999253316220663,35.81914981790841,5.0
2016-08-02 15:24:51.800,-0.961,0.094,0.121,21.122624565635736,-11.593618754920323,30.549205888400746,5.0
2016-08-02 15:24:51.810,-0.977,0.129,0.141,20.055138690607322,-8.984606338580642,25.55156274409944,5.0
2016-08-02 15:24:51.820,-0.953,0.148,0.176,17.524643564586526,-7.826512768827595,21.56723943185373,5.0
2016-08-02 15:24:51.830,-0.957,0.145,0.184,18.713233205000712,-4.68044347387395,18.23043175899382,5.0
2016-08-02 15:24:51.840,-0.973,0.152,0.18,22.462573667196885,-0.8636520493707757,16.196101664867427,5.0
2016-08-02 15:24:51.850,-0.977,0.172,0.16,22.837361809314768,0.5566848747457616,14.998062057539851,5.0
2016-08-02 15:24:51.860,-1.004,0.172,0.129,20.075306912464086,1.3091998834338248,13.224826742114839,5.0
2016-08-02 15:24:51.870,-1.004,0.176,0.121,17.153120522751546,1.9928562794984948,11.44832620491087,5.0
2016-08-02 15:24:51.880,-1.016,0.18,0.105,14.140722469710727,2.7290869787510603,10.040812933802167,5.0
2016-08-02 15:24:51.890,-1.035,0.164,0.102,12.006954727186647,4.195218623417296,8.760398431316164,5.0
2016-08-02 15:24:51.900,-1.012,0.152,0.117,12.287027439777617,4.8348696874717625,7.493888979852788,5.0
2016-08-02 15:24:51.910,-1.004,0.121,0.121,13.208351095723685,6.443099270178839,5.041239484394803,5.0
2016-08-02 15:24:51.920,-1.012,0.105,0.117,12.5497119127967,7.949796863414667,2.1081667499892784,5.0
2016-08-02 15:24:51.930,-0.992,0.094,0.113,11.376680741975445,6.270897641073441,0.4344022051971773,5.0
2016-08-02 15:24:51.940,-0.973,0.098,0.105,11.069859347819715,5.771076599912127,-1.0724695165976414,5.0
2016-08-02 15:24:51.950,-0.977,0.105,0.09,11.162013835147219,7.240073257961177,-2.76311939625335,5.0
2016-08-02 15:24:51.960,-0.996,0.09,0.063,11.707698627732368,7.479511853423137,-3.253661961247007,5.0
2016-08-02 15:24:51.970,-1.0,0.102,0.031,12.786677775507197,7.936243514686099,-3.217835667073432,5.0
2016-08-02 15:24:51.980,-1.004,0.125,0.02,12.039085829790357,9.19860090360692,-4.252872916203271,5.0
2016-08-02 15:24:51.990,-1.0,0.125,0.023,8.690897840693165,10.692188216428098,-6.8117606964618655,5.0
2016-08-02 15:24:52.000,-1.008,0.117,0.035,6.034198263304953,12.851033605292209,-10.227720151668441,5.0
2016-08-02 15:24:52.010,-0.992,0.105,0.047,5.242790395147688,14.843523638937487,-13.707924898966791,5.0
2016-08-02 15:24:52.020,-0.973,0.098,0.059,5.014326831415757,16.68040718282698,-17.493957260982413,5.0
2016-08-02 15:24:52.030,-0.969,0.102,0.059,5.470427953905096,19.020615357200207,-21.26231801608225,5.0
2016-08-02 15:24:52.040,-0.977,0.098,0.047,5.967589669620614,20.14320333388333,-24.202067810090277,5.0
2016-08-02 15:24:52.050,-0.988,0.098,0.031,5.263497218083397,19.19472676658623,-26.850109426973404,5.0
2016-08-02 15:24:52.060,-1.0,0.094,0.031,4.321176043818544,18.129944287287646,-29.48560296398569,5.0
2016-08-02 15:24:52.070,-1.012,0.086,0.027,4.423188072653211,17.7347605239268,-31.638085342767663,5.0
2016-08-02 15:24:52.080,-1.008,0.07,0.031,5.583299602770754,17.969468049931663,-33.72732309995801,5.0
2016-08-02 15:24:52.090,-0.988,0.07,0.039,7.486616139442285,19.36543640874785,-36.44265198809401,5.0
2016-08-02 15:24:52.100,-0.977,0.066,0.031,9.041315640028536,21.214369270949714,-39.952832910730265,5.0
2016-08-02 15:24:52.110,-0.969,0.055,0.023,10.141235248138784,23.22089743598433,-44.038672765077784,5.0
2016-08-02 15:24:52.120,-0.98,0.051,0.008,12.144314963964867,25.539845022094163,-47.84125087070457,5.0
2016-08-02 15:24:52.130,-0.977,0.051,-0.008,13.572726648442659,26.96009600669535,-51.039278646663895,5.0
2016-08-02 15:24:52.140,-0.965,0.047,-0.016,12.813087555195198,27.550859372372777,-54.28406333428251,5.0
2016-08-02 15:24:52.150,-0.969,0.035,-0.02,11.936688646109209,28.023478326698964,-57.27772946807649,5.0
2016-08-02 15:24:52.160,-0.973,0.016,-0.035,11.924543541110218,27.51210943336706,-59.20592888268401,5.0
2016-08-02 15:24:52.170,-0.977,0.0,-0.047,12.026331439100684,26.54464167151804,-60.66321761123372,5.0
2016-08-02 15:24:52.180,-0.969,-0.004,-0.051,12.162670422270951,26.391501180072314,-62.891576526099556,5.0
2016-08-02 15:24:52.190,-0.961,-0.016,-0.047,12.009053253472107,26.716202815972544,-65.95273209769206,5.0
2016-08-02 15:24:52.200,-0.945,-0.031,-0.039,12.24652529920263,27.682504371099206,-69.13301027314729,5.0
2016-08-02 15:24:52.210,-0.938,-0.039,-0.043,13.55907672813553,29.311140260686138,-72.18872573893886,5.0
2016-08-02 15:24:52.220,-0.934,-0.055,-0.059,14.738597087847712,30.58635465073767,-75.22937462795923,5.0
2016-08-02 15:24:52.230,-0.934,-0.055,-0.074,15.260688337894763,31.42621465474155,-78.24736838237615,5.0
2016-08-02 15:24:52.240,-0.93,-0.059,-0.082,15.173587729198854,31.95502562534282,-80.98479309940018,5.0
2016-08-02 15:24:52.250,-0.926,-0.07,-0.086,13.821718621448488,32.10187187244105,-83.6369755160975,5.0
2016-08-02 15:24:52.260,-0.914,-0.09,-0.086,11.678645679942587,32.45774664621979,-86.91071145709338,5.0
2016-08-02 15:24:52.270,-0.891,-0.121,-0.082,10.366427569499177,33.42540678412823,-91.06848134651595,5.0
2016-08-02 15:24:52.280,-0.863,-0.141,-0.07,10.644905161528504,35.0553957467005,-95.94864567793124,5.0
2016-08-02 15:24:52.290,-0.832,-0.164,-0.074,11.82908490620628,37.465486351078695,-101.16339150010366,5.0
2016-08-02 15:24:52.300,-0.84,-0.191,-0.105,12.816974264336814,40.03164651644542,-105.64912786193264,5.0
2016-08-02 15:24:52.310,-0.871,-0.191,-0.133,12.174374712396101,40.452239999766235,-107.69559940428242,5.0
2016-08-02 15:24:52.320,-0.879,-0.215,-0.152,9.647518239933172,38.6558743904433,-107.42707027006057,5.0
2016-08-02 15:24:52.330,-0.883,-0.25,-0.164,8.0335980878606,38.26973960753092,-107.49244722365727,5.0
2016-08-02 15:24:52.340,-0.875,-0.242,-0.172,7.034475401170118,38.59984602439952,-108.56767735937747,5.0
2016-08-02 15:24:52.350,-0.848,-0.238,-0.164,2.706584699015006,36.75616025668606,-109.4426559304527,5.0
2016-08-02 15:24:52.360,-0.828,-0.309,-0.16,-2.334770350992942,35.60399178742913,-111.34214567911243,5.0
2016-08-02 15:24:52.370,-0.836,-0.355,-0.141,-3.6880257428520578,36.00376651219875,-114.4329695945612,5.0
2016-08-02 15:24:52.380,-0.824,-0.363,-0.129,-5.53328108689162,34.33482793827805,-115.7949392758268,5.0
2016-08-02 15:24:52.390,-0.809,-0.391,-0.129,-12.274562605193239,32.21906795222054,-115.9716818058815,5.0
2016-08-02 15:24:52.400,-0.82,-0.422,-0.125,-20.6685406645492,31.731681667717517,-116.50050143750207,5.0
2016-08-02 15:24:52.410,-0.816,-0.445,-0.121,-27.055582896046268,31.065452889635896,-114.68381331108377,5.0
2016-08-02 15:24:52.420,-0.824,-0.5,-0.141,-32.44679026389496,32.322143569495466,-110.41949551654102,5.0
2016-08-02 15:24:52.430,-0.844,-0.496,-0.145,-38.75429786226209,34.78967441294887,-106.3211785010144,5.0
2016-08-02 15:24:52.440,-0.793,-0.488,-0.141,-45.68895502043252,35.65579860126911,-102.76452929314607,5.0
2016-08-02 15:24:52.450,-0.758,-0.559,-0.152,-50.98753156912825,41.247515283543144,-101.44299145970658,5.0
2016-08-02 15:24:52.460,-0.766,-0.59,-0.18,-52.91341774409945,50.628914361030326,-102.16218082313324,5.0
2016-08-02 15:24:52.470,-0.742,-0.566,-0.207,-53.225690814957275,55.08538597916174,-100.5343871072006,5.0
2016-08-02 15:24:52.480,-0.723,-0.57,-0.242,-55.79022840648588,57.854093476036326,-97.31863488574584,5.0
2016-08-02 15:24:52.490,-0.715,-0.563,-0.273,-61.0215708381047,60.8375167984979,-95.54030792822633,5.0
2016-08-02 15:24:52.500,-0.688,-0.555,-0.285,-63.76065386791177,61.69882183266205,-92.9651498467497,5.0
2016-08-02 15:24:52.510,-0.711,-0.645,-0.32,-61.32013423068862,65.2146883226516,-89.47822934544547,5.0
2016-08-02 15:24:52.520,-0.77,-0.656,-0.348,-58.9964620993657,67.44471956715773,-85.89753442824897,5.0
2016-08-02 15:24:52.530,-0.723,-0.59,-0.352,-59.729946642318126,63.251059801273705,-80.17182264323316,5.0
2016-08-02 15:24:52.540,-0.688,-0.609,-0.355,-60.06143180030853,62.71872000330866,-76.67160087751668,5.0
2016-08-02 15:24:52.550,-0.684,-0.629,-0.34,-56.84056965242439,65.95912079667633,-77.88993872079536,5.0
2016-08-02 15:24:52.560,-0.617,-0.602,-0.32,-47.647881590542084,64.92385040309414,-77.90709957263802,5.0
2016-08-02 15:24:52.570,-0.566,-0.641,-0.355,-36.60929615306878,66.18743104334247,-78.92850088216713,5.0
2016-08-02 15:24:52.580,-0.582,-0.672,-0.398,-30.711251620607065,69.44101752476139,-84.89660261633895,5.0
2016-08-02 15:24:52.590,-0.582,-0.625,-0.434,-24.578375255475095,66.75655435903425,-88.79528039311285,5.0
2016-08-02 15:24:52.600,-0.621,-0.695,-0.512,-15.10221114051011,64.49005713938358,-88.34784651228591,5.0
2016-08-02 15:24:52.610,-0.719,-0.711,-0.527,-10.793211123559782,61.614950942460695,-87.748402646935,5.0
2016-08-02 15:24:52.620,-0.668,-0.617,-0.488,-10.173104904205154,51.02802771431089,-85.01771871138757,5.0
2016-08-02 15:24:52.630,-0.566,-0.613,-0.43,-7.849777094745741,45.055464347404154,-82.29137938924696,5.0
2016-08-02 15:24:52.640,-0.492,-0.672,-0.375,-5.248096245020887,48.156437396326595,-86.24534817131064,5.0
2016-08-02 15:24:52.650,-0.398,-0.672,-0.332,4.119077145349076,50.30206771213965,-91.87513920936493,5.0
2016-08-02 15:24:52.660,-0.348,-0.711,-0.395,20.84020564917523,55.535566262192205,-95.45488422049758,5.0
2016-08-02 15:24:52.670,-0.434,-0.758,-0.473,31.524002661056016,61.75478673763554,-101.93980128638756,5.0
2016-08-02 15:24:52.680,-0.488,-0.652,-0.523,35.34502100548444,54.963005127720535,-105.45928980361356,5.0
2016-08-02 15:24:52.690,-0.43,-0.578,-0.52,36.30308704676864,42.70884301384224,-101.19671465733016,5.0
2016-08-02 15:24:52.700,-0.367,-0.617,-0.48,30.501566885317864,38.37609529230895,-100.96204344625089,5.0
2016-08-02 15:24:52.710,-0.313,-0.66,-0.402,27.38745007403224,37.38764067515416,-106.88875015002482,5.0
2016-08-02 15:24:52.720,-0.23,-0.715,-0.359,38.30114507943595,39.909809990627764,-109.0909782336091,5.0
2016-08-02 15:24:52.730,-0.23,-0.863,-0.406,52.716997443038565,49.58871396641106,-111.85794288820016,5.0
2016-08-02 15:24:52.740,-0.297,-0.848,-0.449,61.073341468877786,53.816667330846386,-118.94614014861918,5.0
2016-08-02 15:24:52.750,-0.313,-0.781,-0.504,66.30154770718286,48.2751134459834,-120.61900950607648,5.0
2016-08-02 15:24:52.760,-0.367,-0.816,-0.555,62.47849185491191,44.43431836268917,-118.09948105643062,5.0
2016-08-02 15:24:52.770,-0.406,-0.793,-0.555,47.90880317867094,38.14106423579312,-118.0260589692002,5.0
2016-08-02 15:24:52.780,-0.34,-0.809,-0.512,38.54049085251147,27.750935875315577,-115.60066936415933,5.0
2016-08-02 15:24:52.790,-0.297,-0.895,-0.48,36.05737852292422,28.726186161598523,-112.40973851447687,5.0
2016-08-02 15:24:52.800,-0.273,-0.906,-0.434,33.13353578633301,34.056642543190364,-113.41306470585181,5.0
2016-08-02 15:24:52.810,-0.219,-0.898,-0.43,34.70667034776516,33.13126835550375,-113.39012105889667,5.0
2016-08-02 15:24:52.820,-0.23,-0.965,-0.449,35.966252343591904,36.92935088737733,-112.26305086355237,5.0
2016-08-02 15:24:52.830,-0.238,-0.902,-0.449,31.384923829779844,39.3058420043197,-112.25607265183012,5.0
2016-08-02 15:24:52.840,-0.195,-0.867,-0.445,28.02850679228503,33.57825995561824,-109.21839830865055,5.0
2016-08-02 15:24:52.850,-0.176,-0.914,-0.445,21.452226809577972,33.216590014615136,-106.71195429585148,5.0
2016-08-02 15:24:52.860,-0.172,-0.91,-0.426,9.741993338018315,33.38006251569537,-107.9723205048553,5.0
2016-08-02 15:24:52.870,-0.109,-0.867,-0.395,3.783033097478419,28.764911576709146,-105.85465793046194,5.0
2016-08-02 15:24:52.880,-0.055,-0.895,-0.387,0.4889640666080457,32.24677694995495,-101.47044221508038,5.0
2016-08-02 15:24:52.890,-0.031,-0.91,-0.387,-3.9456975458849244,37.94311558865732,-101.2908850573464,5.0
2016-08-02 15:24:52.900,0.016,-0.891,-0.391,-3.1042270133472347,37.31902020251747,-102.17810935421812,5.0
2016-08-02 15:24:52.910,0.027,-0.938,-0.43,-1.6611533782214674,40.0695117059514,-102.39121309144508,5.0
2016-08-02 15:24:52.920,0.008,-0.918,-0.453,-5.123066282174545,42.0610400558735,-104.3380037013514,5.0
2016-08-02 15:24:52.930,0.012,-0.879,-0.461,-8.573095205734777,35.2932522348469,-104.67763955316377,5.0
2016-08-02 15:24:52.940,0.02,-0.949,-0.477,-13.000603791145194,31.421882490243966,-102.19610725556902,5.0
2016-08-02 15:24:52.950,-0.004,-0.984,-0.473,-20.10032610110355,32.251995058183304,-101.62437827895057,5.0
2016-08-02 15:24:52.960,0.02,-0.953,-0.453,-22.54861472282009,28.271826341719986,-101.00426352655163,5.0
2016-08-02 15:24:52.970,0.059,-0.977,-0.461,-22.166928510606844,26.928312413664603,-96.63851511511798,5.0
2016-08-02 15:24:52.980,0.082,-0.98,-0.465,-25.364356116296523,30.69664994277458,-93.80829990819875,5.0
2016-08-02 15:24:52.990,0.121,-0.973,-0.492,-25.944693138517813,28.81128341738597,-95.12210018552403,5.0
2016-08-02 15:24:53.000,0.117,-1.059,-0.539,-24.93693386750354,26.809746112446824,-96.46100906179124,5.0
2016-08-02 15:24:53.010,0.094,-1.02,-0.531,-29.28562923220886,28.23111822868887,-96.18476862196158,5.0
2016-08-02 15:24:53.020,0.102,-0.977,-0.543,-32.126446246735796,23.967259214059148,-92.53994338392442,5.0
2016-08-02 15:24:53.030,0.121,-1.016,-0.531,-33.706878511021976,20.684246567063298,-85.36090783440781,5.0
2016-08-02 15:24:53.040,0.137,-1.023,-0.516,-38.02758260267103,22.28753832726673,-80.38771737800879,5.0
2016-08-02 15:24:53.050,0.188,-0.988,-0.477,-36.61302695913225,19.560568784676498,-78.11272018299428,5.0
2016-08-02 15:24:53.060,0.254,-0.969,-0.449,-32.77792442079603,18.367467891074767,-74.35265498579793,5.0
2016-08-02 15:24:53.070,0.293,-0.973,-0.449,-32.709858949518704,22.756129600333974,-71.18833947436546,5.0
2016-08-02 15:24:53.080,0.309,-0.965,-0.473,-29.407751877734743,23.274863250559616,-71.03781680789581,5.0
2016-08-02 15:24:53.090,0.293,-1.012,-0.5,-24.525790183472658,21.547633763489184,-71.45553367048518,5.0
2016-08-02 15:24:53.100,0.266,-0.965,-0.492,-22.77761160027031,20.857382128808833,-69.58337166479131,5.0
2016-08-02 15:24:53.110,0.273,-0.918,-0.488,-20.142606045523845,17.23842980432691,-63.66430720621522,5.0
2016-08-02 15:24:53.120,0.305,-0.93,-0.461,-17.763576782097047,15.25297124226689,-56.262558998574,5.0
2016-08-02 15:24:53.130,0.336,-0.938,-0.457,-16.44759522878323,17.368105265489955,-53.08047251679132,5.0
2016-08-02 15:24:53.140,0.355,-0.953,-0.465,-10.468792906119909,17.964559115000647,-53.19825331075032,5.0
2016-08-02 15:24:53.150,0.355,-0.969,-0.48,-2.5329885360237037,18.441803780566637,-52.78795192704109,5.0
2016-08-02 15:24:53.160,0.344,-0.914,-0.484,2.8499269112050323,18.56287711726392,-52.10952154611163,5.0
2016-08-02 15:24:53.170,0.348,-0.883,-0.48,7.534213541735038,15.246255802232419,-49.49634362594078,5.0
2016-08-02 15:24:53.180,0.363,-0.879,-0.469,10.276315004858194,14.257810712490002,-44.9727678855884,5.0
2016-08-02 15:24:53.190,0.371,-0.891,-0.457,12.920094533790966,15.827353060853172,-43.17927765143711,5.0
2016-08-02 15:24:53.200,0.375,-0.934,-0.477,18.459738483030442,15.565190521377954,-43.78776130042271,5.0
2016-08-02 15:24:53.210,0.355,-0.918,-0.469,22.53793315413329,16.03426571167054,-44.2492316755606,5.0
2016-08-02 15:24:53.220,0.344,-0.883,-0.465,25.278319982876592,15.451370437341078,-43.339839099761974,5.0
2016-08-02 15:24:53.230,0.348,-0.906,-0.477,28.235183073183514,13.556881820044868,-39.66743498752999,5.0
2016-08-02 15:24:53.240,0.34,-0.906,-0.461,29.364525378434887,14.412324693798189,-37.11288303688059,5.0
2016-08-02 15:24:53.250,0.348,-0.898,-0.445,32.85527723972291,14.017578195631794,-37.691849937650616,5.0
2016-08-02 15:24:53.260,0.355,-0.91,-0.438,38.54646675498837,13.264452727562603,-36.56074302740972,5.0
2016-08-02 15:24:53.270,0.355,-0.895,-0.426,40.99199355267349,15.521173757452678,-34.291314503632684,5.0
2016-08-02 15:24:53.280,0.359,-0.891,-0.426,43.73119098597306,14.980280751489408,-34.00120617013479,5.0
2016-08-02 15:24:53.290,0.367,-0.914,-0.418,47.87818357359477,13.547608857292623,-33.50173907666652,5.0
2016-08-02 15:24:53.300,0.363,-0.91,-0.418,49.33141868622944,15.317189008827418,-32.86632227467206,5.0
2016-08-02 15:24:53.310,0.363,-0.887,-0.41,49.84453203405244,14.876079958563277,-33.20101038288314,5.0
2016-08-02 15:24:53.320,0.371,-0.863,-0.387,49.3043900433388,13.307067293771485,-32.035402449776214,5.0
2016-08-02 15:24:53.330,0.379,-0.863,-0.371,46.410536561757056,14.526679041256502,-30.2379075095091,5.0
2016-08-02 15:24:53.340,0.391,-0.855,-0.355,45.36768425971994,15.111940865369323,-30.416284668988837,5.0
2016-08-02 15:24:53.350,0.402,-0.836,-0.344,46.46474331160334,15.229398275664627,-31.287202627919307,5.0
2016-08-02 15:24:53.360,0.41,-0.816,-0.336,46.187167303727506,17.071455193562166,-31.693715724818283,5.0
2016-08-02 15:24:53.370,0.418,-0.809,-0.332,44.97433965362471,18.07342940148948,-32.21383683305365,5.0
2016-08-02 15:24:53.380,0.418,-0.809,-0.324,43.7384948091452,17.629193350964947,-33.41836956533749,5.0
2016-08-02 15:24:53.390,0.422,-0.809,-0.309,42.1670215128863,17.357753372856003,-35.17231281895836,5.0
2016-08-02 15:24:53.400,0.43,-0.785,-0.293,40.818837606660544,17.32153935852537,-36.24660523972165,5.0
2016-08-02 15:24:53.410,0.441,-0.758,-0.273,39.00857937888188,17.644975580529564,-36.43946299151249,5.0
2016-08-02 15:24:53.420,0.461,-0.746,-0.27,35.41645964704877,18.23950709815185,-37.20360850790546,5.0
2016-08-02 15:24:53.430,0.488,-0.754,-0.27,30.96055937010591,18.713349825622824,-39.62540866620941,5.0
2016-08-02 15:24:53.440,0.492,-0.785,-0.285,26.84446373632818,19.578405345469495,-43.799955897765194,5.0
2016-08-02 15:24:53.450,0.469,-0.785,-0.273,23.18634403008117,20.126907301587046,-48.74773695220155,5.0
2016-08-02 15:24:53.460,0.441,-0.77,-0.27,20.140063319312276,18.895825187936556,-51.163939914867,5.0
2016-08-02 15:24:53.470,0.422,-0.789,-0.27,16.24003120805824,17.82520913779754,-48.2985437948585,5.0
2016-08-02 15:24:53.480,0.43,-0.793,-0.277,10.837053579265943,17.93802490077651,-44.11010603666617,5.0
2016-08-02 15:24:53.490,0.457,-0.793,-0.293,6.904713614240086,16.419977884470505,-43.70118539985503,5.0
2016-08-02 15:24:53.500,0.484,-0.797,-0.305,3.5353492923929477,14.532032613397558,-45.19152677342856,5.0
2016-08-02 15:24:53.510,0.531,-0.809,-0.301,-2.7927748628626796,14.467691618226505,-46.79664172380551,5.0
2016-08-02 15:24:53.520,0.539,-0.797,-0.285,-9.925700955792813,13.232339816006219,-49.34710026424698,5.0
2016-08-02 15:24:53.530,0.543,-0.813,-0.27,-15.8008977198987,11.745935466841773,-49.73098435130642,5.0
2016-08-02 15:24:53.540,0.539,-0.816,-0.262,-20.494643623276094,13.712990595569536,-46.09310460690745,5.0
2016-08-02 15:24:53.550,0.543,-0.82,-0.273,-23.208377702764132,16.132288887590395,-41.788974835294525,5.0
2016-08-02 15:24:53.560,0.559,-0.824,-0.297,-26.531038014520668,16.47100660196858,-38.60405044999298,5.0
2016-08-02 15:24:53.570,0.574,-0.824,-0.32,-32.4947422545313,16.552078478320922,-36.62464718443839,5.0
2016-08-02 15:24:53.580,0.586,-0.809,-0.324,-38.98753946552439,15.729913726662902,-36.12245572498878,5.0
2016-08-02 15:24:53.590,0.59,-0.805,-0.309,-45.355687445142564,13.896431351008765,-34.566032418671014,5.0
2016-08-02 15:24:53.600,0.598,-0.82,-0.289,-50.591333188220446,13.28798166472771,-30.262495523125978,5.0
2016-08-02 15:24:53.610,0.609,-0.828,-0.273,-51.692424522583224,13.108111196361868,-25.515274658015027,5.0
2016-08-02 15:24:53.620,0.633,-0.852,-0.289,-49.97597335442264,12.696892929966582,-21.48409800651183,5.0
2016-08-02 15:24:53.630,0.648,-0.867,-0.313,-49.72479158306681,13.502259018968404,-18.221406505676992,5.0
2016-08-02 15:24:53.640,0.637,-0.848,-0.352,-50.85535522486897,13.483906772258766,-15.91869853517231,5.0
2016-08-02 15:24:53.650,0.621,-0.859,-0.379,-51.96335355742618,11.454360356686774,-11.268963960955944,5.0
2016-08-02 15:24:53.660,0.613,-0.883,-0.391,-52.765450528753775,10.271805081984285,-3.139966959494408,5.0
2016-08-02 15:24:53.670,0.617,-0.898,-0.395,-50.16910759427816,8.865914873069814,3.79564501445315,5.0
2016-08-02 15:24:53.680,0.629,-0.914,-0.375,-44.24585485004151,6.304849765441952,9.086961789473415,5.0
2016-08-02 15:24:53.690,0.641,-0.922,-0.348,-38.0975243260582,5.6193405283714775,15.509119711667298,5.0
2016-08-02 15:24:53.700,0.656,-0.926,-0.332,-30.23133100042965,5.20346225974061,20.330145089582945,5.0
2016-08-02 15:24:53.710,0.66,-0.922,-0.34,-21.26979461287489,3.3047050805044536,21.563240656918637,5.0
2016-08-02 15:24:53.720,0.641,-0.883,-0.352,-14.615483978788127,2.839168043567491,22.90654530124452,5.0
2016-08-02 15:24:53.730,0.605,-0.852,-0.383,-9.627022502255748,3.3883314596306082,26.77110223798218,5.0
2016-08-02 15:24:53.740,0.578,-0.836,-0.406,-6.582496376483582,2.4742842468785744,31.589590067832702,5.0
2016-08-02 15:24:53.750,0.559,-0.816,-0.422,-6.403413838077411,0.4191101106708144,35.41034494275885,5.0
2016-08-02 15:24:53.760,0.547,-0.801,-0.438,-7.188039138019812,-1.9234490507967008,38.30096115224543,5.0
2016-08-02 15:24:53.770,0.539,-0.797,-0.422,-8.543486195254566,-4.0977904961251985,40.850163393949884,5.0
2016-08-02 15:24:53.780,0.539,-0.797,-0.398,-9.195585528617878,-6.009747424674889,42.18746855907151,5.0
2016-08-02 15:24:53.790,0.551,-0.816,-0.379,-6.378651676418592,-7.128670180125445,42.725477419586326,5.0
2016-08-02 15:24:53.800,0.555,-0.824,-0.367,-1.5048043196169445,-6.9455299418991014,43.61128519453109,5.0
2016-08-02 15:24:53.810,0.547,-0.828,-0.383,2.7960579204371276,-7.151418217285983,43.80171596443489,5.0
2016-08-02 15:24:53.820,0.535,-0.844,-0.391,5.925050260048216,-7.970952116292633,43.623953302042246,5.0
2016-08-02 15:24:53.830,0.52,-0.848,-0.406,7.876682892936681,-8.324296346932172,44.635763481818564,5.0
2016-08-02 15:24:53.840,0.516,-0.844,-0.418,8.485288154558171,-9.563139958511744,46.35814266071867,5.0
2016-08-02 15:24:53.850,0.508,-0.879,-0.434,6.995635117963735,-11.175259849222336,48.620281423494774,5.0
2016-08-02 15:24:53.860,0.508,-0.918,-0.422,5.038266821933339,-12.124812633846863,51.135297142049204,5.0
2016-08-02 15:24:53.870,0.512,-0.965,-0.441,6.089169813951375,-13.362956505343764,52.936701603591175,5.0
2016-08-02 15:24:53.880,0.516,-0.992,-0.441,8.770779749665321,-12.9965589682194,55.691259551250724,5.0
2016-08-02 15:24:53.890,0.496,-0.992,-0.457,8.869800800071067,-11.914047871032755,60.065850910181034,5.0
2016-08-02 15:24:53.900,0.477,-1.0,-0.473,6.530625598451413,-14.70365128383048,63.78052811426973,5.0
2016-08-02 15:24:53.910,0.465,-0.996,-0.48,4.395361579157927,-18.52763567438604,67.25116434741113,5.0
2016-08-02 15:24:53.920,0.449,-0.984,-0.469,2.9997609898156528,-19.484557333516797,71.84590562559822,5.0
2016-08-02 15:24:53.930,0.441,-0.984,-0.461,2.0310151825037743,-19.550815485154782,76.76300844077628,5.0
2016-08-02 15:24:53.940,0.441,-0.988,-0.426,2.2586235660736227,-18.98525343812236,81.50538942347207,5.0
2016-08-02 15:24:53.950,0.449,-0.98,-0.379,4.513583770178444,-17.70599755172206,85.48416027000208,5.0
2016-08-02 15:24:53.960,0.461,-0.984,-0.371,7.679040514508978,-16.717240485315457,88.12169046122456,5.0
2016-08-02 15:24:53.970,0.453,-0.973,-0.379,8.805218151037142,-15.211812026663214,89.69717401865854,5.0
2016-08-02 15:24:53.980,0.434,-0.934,-0.371,8.327307311669271,-13.750993084879873,90.8993735066601,5.0
2016-08-02 15:24:53.990,0.41,-0.934,-0.395,8.356696237651136,-12.641566043454624,93.70821161435332,5.0
2016-08-02 15:24:54.000,0.371,-0.938,-0.402,8.116640690258313,-10.76492371238027,98.2134502819299,5.0
2016-08-02 15:24:54.010,0.355,-0.953,-0.398,9.576798788361144,-9.797114196428257,101.56169796685975,5.0
2016-08-02 15:24:54.020,0.34,-0.984,-0.398,13.125810815602257,-10.358796628270898,103.22476750101526,5.0
2016-08-02 15:24:54.030,0.324,-0.988,-0.383,15.23424423267095,-10.477746578365315,104.53587092931724,5.0
2016-08-02 15:24:54.040,0.316,-1.0,-0.391,17.63341297410151,-11.396575320271772,105.93793598455893,5.0
2016-08-02 15:24:54.050,0.297,-1.035,-0.406,20.373092763313693,-13.654761437790324,106.8191738570842,5.0
2016-08-02 15:24:54.060,0.27,-1.016,-0.41,21.081645618194106,-15.912985472146296,106.23013103906729,5.0
2016-08-02 15:24:54.070,0.242,-1.031,-0.426,21.824869083123957,-18.88255130717651,106.19333123253253,5.0
2016-08-02 15:24:54.080,0.219,-1.031,-0.43,21.437832489190704,-21.285982845504236,108.2506534129927,5.0
2016-08-02 15:24:54.090,0.199,-1.023,-0.438,19.049507034307826,-22.879794827957774,109.35296030522439,5.0
2016-08-02 15:24:54.100,0.191,-1.0,-0.406,17.366184760236504,-24.91230925508528,109.06101531972804,5.0
2016-08-02 15:24:54.110,0.188,-0.988,-0.391,16.110136868964645,-24.65100056735429,110.2462385748999,5.0
2016-08-02 15:24:54.120,0.18,-1.008,-0.391,16.08756887624227,-22.65654742149594,111.96654659800626,5.0
2016-08-02 15:24:54.130,0.18,-1.008,-0.371,18.739441315658194,-22.292759721606036,111.74403208089379,5.0
2016-08-02 15:24:54.140,0.172,-1.0,-0.395,22.266106328717573,-21.88345171976539,110.45659300987663,5.0
2016-08-02 15:24:54.150,0.148,-0.992,-0.395,23.4367880911913,-20.31175483679617,110.12398559926545,5.0
2016-08-02 15:24:54.160,0.113,-0.961,-0.406,21.061520543795382,-20.30189698869379,110.85325958476686,5.0
2016-08-02 15:24:54.170,0.078,-0.988,-0.402,16.98371515577386,-22.212047076494358,112.43706129181732,5.0
2016-08-02 15:24:54.180,0.051,-0.992,-0.375,12.335418727374355,-23.530715573941922,114.33858264827326,5.0
2016-08-02 15:24:54.190,0.039,-0.988,-0.348,9.441299754331293,-23.518373504619504,115.40876771709046,5.0
2016-08-02 15:24:54.200,0.023,-1.008,-0.305,8.523166165570732,-21.721177394608283,115.74127376802363,5.0
2016-08-02 15:24:54.210,0.0,-0.988,-0.281,6.603886648913541,-18.61428303002879,114.67807816734629,5.0
2016-08-02 15:24:54.220,-0.02,-0.961,-0.27,4.879900251035597,-16.630840629659854,112.9573230790766,5.0
2016-08-02 15:24:54.230,-0.043,-0.941,-0.285,3.102703277207776,-13.687529051415883,113.6297591602263,5.0
2016-08-02 15:24:54.240,-0.074,-0.934,-0.301,0.7042787772550638,-8.94977414338463,115.7459509044225,5.0
2016-08-02 15:24:54.250,-0.094,-0.902,-0.305,0.32277287850689607,-6.83505028186544,117.64010682748186,5.0
2016-08-02 15:24:54.260,-0.102,-0.902,-0.328,-0.5736705939411898,-5.538833124661901,120.49580537493291,5.0
2016-08-02 15:24:54.270,-0.125,-0.938,-0.344,-4.290887161290804,-2.7893501463785295,122.70547687972733,5.0
2016-08-02 15:24:54.280,-0.133,-0.891,-0.32,-7.465297351235844,-2.951354639764242,122.8347586373233,5.0
2016-08-02 15:24:54.290,-0.129,-0.895,-0.332,-9.81534737949053,-4.320474639729406,123.56371592817143,5.0
2016-08-02 15:24:54.300,-0.141,-0.914,-0.316,-13.251050809416832,-3.7810093966842446,124.22719999158014,5.0
2016-08-02 15:24:54.310,-0.137,-0.941,-0.336,-14.333183813100252,-6.08895490875997,121.97397306349268,5.0
2016-08-02 15:24:54.320,-0.141,-0.969,-0.355,-11.728980817528704,-9.688602941338205,118.68862404488786,5.0
2016-08-02 15:24:54.330,-0.176,-0.934,-0.367,-10.342375894366272,-10.729449883949602,116.83084028353053,5.0
2016-08-02 15:24:54.340,-0.207,-0.941,-0.395,-11.324078837224796,-14.487185449061204,116.8272532921362,5.0
2016-08-02 15:24:54.350,-0.238,-0.914,-0.398,-13.50346985292385,-21.678000362128145,118.27624037332579,5.0
2016-08-02 15:24:54.360,-0.246,-0.906,-0.383,-16.674898119827063,-28.93586097492633,120.1981698342015,5.0
2016-08-02 15:24:54.370,-0.227,-0.926,-0.359,-18.51281280485985,-35.69826227318827,121.54329377716624,5.0
2016-08-02 15:24:54.380,-0.219,-0.949,-0.352,-16.703810910864373,-39.988831938594636,119.94220986092208,5.0
2016-08-02 15:24:54.390,-0.211,-0.953,-0.348,-10.47172487675142,-42.46435795184944,115.61449024599055,5.0
2016-08-02 15:24:54.400,-0.23,-0.938,-0.371,-4.237705296634909,-44.38702405956508,112.39244313872172,5.0
2016-08-02 15:24:54.410,-0.277,-0.887,-0.383,-3.9537355660684557,-46.84522517389037,111.45874174801267,5.0
2016-08-02 15:24:54.420,-0.324,-0.918,-0.418,-7.137236589998917,-52.57179304426726,111.94116748430952,5.0
2016-08-02 15:24:54.430,-0.371,-0.898,-0.391,-9.239062117096136,-59.29326377490234,113.60955273080393,5.0
2016-08-02 15:24:54.440,-0.379,-0.871,-0.375,-10.525140662633845,-64.5877408646752,116.97220521703821,5.0
2016-08-02 15:24:54.450,-0.395,-0.871,-0.336,-12.13731743290952,-68.54083606410374,120.51208181549742,5.0
2016-08-02 15:24:54.460,-0.426,-0.887,-0.348,-13.293791642993822,-71.10065260815101,120.20720304680924,5.0
2016-08-02 15:24:54.470,-0.488,-0.906,-0.316,-13.529697168893275,-74.86343967689419,118.60012793794228,5.0
2016-08-02 15:24:54.480,-0.492,-0.836,-0.277,-15.394179310168113,-78.93667278443417,120.95386297018004,5.0
2016-08-02 15:24:54.490,-0.512,-0.809,-0.273,-19.33245186802675,-80.16803485547956,124.58149870425623,5.0
2016-08-02 15:24:54.500,-0.535,-0.762,-0.238,-23.090412634404377,-82.18244728918305,127.10604574734961,5.0
2016-08-02 15:24:54.510,-0.484,-0.699,-0.191,-26.120821949351175,-85.37526910766171,130.1373770793549,5.0
2016-08-02 15:24:54.520,-0.449,-0.672,-0.172,-28.621886402646844,-83.9281553347448,131.011997331313,5.0
2016-08-02 15:24:54.530,-0.438,-0.66,-0.168,-29.869903174479866,-80.68846307186315,127.14686565777997,5.0
2016-08-02 15:24:54.540,-0.461,-0.695,-0.184,-27.672112214608667,-77.23120848554456,123.1279326360125,5.0
2016-08-02 15:24:54.550,-0.496,-0.633,-0.176,-23.31509152581578,-70.4913104567294,122.70454572329695,5.0
2016-08-02 15:24:54.560,-0.469,-0.539,-0.199,-21.827681076915503,-65.39652940753176,122.70360373354262,5.0
2016-08-02 15:24:54.570,-0.496,-0.563,-0.258,-24.000566663753247,-59.895093592166,119.60299446748222,5.0
2016-08-02 15:24:54.580,-0.543,-0.555,-0.258,-25.57052585664287,-51.74999354501373,115.10049252851958,5.0
2016-08-02 15:24:54.590,-0.551,-0.559,-0.277,-24.47882126770992,-46.2323820225162,113.26592326716943,5.0
2016-08-02 15:24:54.600,-0.609,-0.566,-0.301,-25.68878989076473,-40.97384478324974,112.83578405322172,5.0
2016-08-02 15:24:54.610,-0.664,-0.555,-0.305,-32.643325605360204,-40.58068790415439,110.67068747404265,5.0
2016-08-02 15:24:54.620,-0.699,-0.559,-0.281,-40.541022000921636,-46.52619295006578,110.05177946508557,5.0
2016-08-02 15:24:54.630,-0.727,-0.566,-0.262,-44.87002756823575,-48.37431515310628,111.64582328794427,5.0
2016-08-02 15:24:54.640,-0.715,-0.566,-0.238,-45.49829679553752,-49.03560581929552,110.2067065074388,5.0
2016-08-02 15:24:54.650,-0.715,-0.563,-0.234,-42.585020301643375,-48.807503224473194,105.5861588988485,5.0
2016-08-02 15:24:54.660,-0.742,-0.555,-0.262,-38.331095173378,-44.41879353677851,101.74903375903656,5.0
2016-08-02 15:24:54.670,-0.777,-0.461,-0.246,-38.51183574096726,-45.71104019179244,100.49404095340192,5.0
2016-08-02 15:24:54.680,-0.777,-0.391,-0.246,-42.63068825223209,-51.2228074828449,101.47058536366363,5.0
2016-08-02 15:24:54.690,-0.793,-0.402,-0.219,-41.1730320628309,-51.954447889172386,102.57200260957907,5.0
2016-08-02 15:24:54.700,-0.777,-0.43,-0.164,-30.20780768181401,-50.442331154191784,101.82492721783298,5.0
2016-08-02 15:24:54.710,-0.785,-0.422,-0.152,-17.759857146823006,-47.21576521025116,99.71965583117621,5.0
2016-08-02 15:24:54.720,-0.848,-0.355,-0.156,-14.369774901147043,-45.13315966864435,97.5377776298022,5.0
2016-08-02 15:24:54.730,-0.859,-0.301,-0.133,-20.23476927448577,-51.448028133132375,96.6153660272832,5.0
2016-08-02 15:24:54.740,-0.84,-0.313,-0.07,-22.98742514060719,-57.36391116057553,96.7632410705296,5.0
2016-08-02 15:24:54.750,-0.797,-0.309,-0.016,-15.169078316995677,-53.779522092458045,95.09232759962288,5.0
2016-08-02 15:24:54.760,-0.785,-0.301,-0.023,-2.979753723759691,-46.45713400233103,91.7361991698863,5.0
2016-08-02 15:24:54.770,-0.844,-0.285,-0.074,6.751065162331309,-40.87567552753393,89.23572515331136,5.0
2016-08-02 15:24:54.780,-0.898,-0.227,-0.109,11.224729295068393,-40.616078340572834,88.94584585553487,5.0
2016-08-02 15:24:54.790,-0.938,-0.211,-0.137,10.719614845862225,-44.31513983452649,91.50287646134427,5.0
2016-08-02 15:24:54.800,-0.969,-0.207,-0.137,10.333734147319289,-46.35180851492842,94.55193466527997,5.0
2016-08-02 15:24:54.810,-0.961,-0.215,-0.102,12.978866553782936,-47.054643897541894,96.38088198677221,5.0
2016-08-02 15:24:54.820,-0.965,-0.254,-0.07,17.08801772517323,-46.4893420853338,97.9171397125426,5.0
2016-08-02 15:24:54.830,-0.949,-0.234,-0.043,20.480303587377488,-45.380217366837606,99.13145240025023,5.0
2016-08-02 15:24:54.840,-0.906,-0.207,-0.031,21.418175326355428,-45.75050813397184,99.96277215433452,5.0
2016-08-02 15:24:54.850,-0.91,-0.199,-0.027,21.42756917367065,-44.70286155542429,100.39360002417237,5.0
2016-08-02 15:24:54.860,-0.875,-0.164,-0.02,23.740140919526745,-42.90918713601848,101.19561995202903,5.0
2016-08-02 15:24:54.870,-0.848,-0.121,-0.035,29.57050335786636,-40.52931583309237,102.30374635741036,5.0
2016-08-02 15:24:54.880,-0.859,-0.109,-0.07,36.602257016346094,-35.283850471646474,101.6722548760163,5.0
2016-08-02 15:24:54.890,-0.871,-0.055,-0.086,38.955099496760866,-31.872606809630284,99.65238600415114,5.0
2016-08-02 15:24:54.900,-0.883,-0.035,-0.098,34.384471425056056,-31.00593533767755,94.92966402620569,5.0
2016-08-02 15:24:54.910,-0.91,-0.055,-0.074,27.263618532874208,-29.25384756599052,85.37581800621327,5.0
2016-08-02 15:24:54.920,-0.91,-0.082,-0.012,21.269272386959976,-28.85925856474904,75.07103685204746,5.0
2016-08-02 15:24:54.930,-0.879,-0.066,0.051,16.55252853230877,-29.065293489911088,67.2363306108337,5.0
2016-08-02 15:24:54.940,-0.855,-0.059,0.082,15.433644863347059,-25.621163102227687,61.59860045560308,5.0
2016-08-02 15:24:54.950,-0.867,-0.082,0.086,23.443059582730662,-19.240669458774875,59.10185732115967,5.0
2016-08-02 15:24:54.960,-0.902,-0.051,0.039,36.97081681332026,-12.891250840931693,58.58991783920427,5.0
2016-08-02 15:24:54.970,-0.969,0.023,-0.047,40.871602210077654,-9.775796494429748,56.728460742684256,5.0
2016-08-02 15:24:54.980,-1.008,0.066,-0.082,31.059714708405227,-12.723385059093111,52.412526973629305,5.0
2016-08-02 15:24:54.990,-1.0,0.063,-0.055,20.27614121509064,-16.454149903620046,46.201693139104165,5.0
2016-08-02 15:24:55.000,-1.012,0.051,-0.023,15.153467520122451,-14.62773493132193,40.010567519955906,5.0
2016-08-02 15:24:55.010,-0.98,0.074,0.039,12.261105039677883,-12.807230261830158,36.40479484729823,5.0
2016-08-02 15:24:55.020,-0.938,0.078,0.074,11.440137504997884,-12.73665565901845,34.441487583903566,5.0
2016-08-02 15:24:55.030,-0.941,0.047,0.082,16.662636412396132,-8.172122051692417,32.65286567917691,5.0
2016-08-02 15:24:55.040,-0.938,0.066,0.07,26.882641908526985,-3.0538267472420126,31.813203136549483,5.0
2016-08-02 15:24:55.050,-0.965,0.098,0.031,31.651547558469908,-1.0336265302248924,30.41951929288988,5.0
2016-08-02 15:24:55.060,-1.004,0.145,0.0,25.787729750983445,-0.22647552238539337,27.18123359226359,5.0
2016-08-02 15:24:55.070,-1.02,0.164,0.0,16.26894469559575,-2.51076004235982,23.593787781697014,5.0
2016-08-02 15:24:55.080,-1.02,0.156,0.027,8.393171020215593,-4.7005144184893535,20.111562032001004,5.0
2016-08-02 15:24:55.090,-0.992,0.156,0.07,4.652156083214574,-3.3474048190813077,16.550876412547566,5.0
2016-08-02 15:24:55.100,-0.969,0.145,0.086,5.845975383253684,-0.8775889063729422,13.490590280107378,5.0
2016-08-02 15:24:55.110,-0.969,0.129,0.086,7.8876701998971654,1.7118467132585438,11.283517998003473,5.0
2016-08-02 15:24:55.120,-0.965,0.137,0.07,8.74788425490191,3.049994934438183,9.868244915224443,5.0
2016-08-02 15:24:55.130,-0.984,0.16,0.055,7.710046016684367,2.7000997662775563,8.59113648720288,5.0
2016-08-02 15:24:55.140,-0.988,0.156,0.055,4.2881042196522134,2.25175742014744,7.182106456550855,5.0
2016-08-02 15:24:55.150,-0.992,0.164,0.051,1.72282098688403,2.3885548244675636,6.380842234298704,5.0
2016-08-02 15:24:55.160,-0.992,0.188,0.051,-0.9947973097499907,3.3510838514018824,5.657947791701467,5.0
2016-08-02 15:24:55.170,-1.008,0.188,0.043,-6.561199312029102,3.8924358122484817,4.224562053818492,5.0
2016-08-02 15:24:55.180,-0.996,0.195,0.047,-10.550542615828391,3.900426365866264,3.1864118468511022,5.0
2016-08-02 15:24:55.190,-0.996,0.18,0.031,-10.81892998032602,5.410229426949909,2.198334777037995,5.0
2016-08-02 15:24:55.200,-1.008,0.164,0.027,-10.944563080011031,7.232140383970755,0.14196321911907878,5.0
2016-08-02 15:24:55.210,-0.996,0.152,0.027,-11.847351745238932,7.35888728434157,-1.917220614731674,5.0
2016-08-02 15:24:55.220,-1.004,0.145,0.027,-12.390474116308155,7.617095525085957,-3.8235114459220436,5.0
2016-08-02 15:24:55.230,-1.016,0.133,0.023,-12.674833759331886,8.069530491265878,-5.570317132531347,5.0
2016-08-02 15:24:55.240,-1.004,0.137,0.02,-12.517415823443503,7.148820363074863,-6.318245856559954,5.0
2016-08-02 15:24:55.250,-0.996,0.141,0.016,-11.767433573436206,6.958291560522774,-7.516877578985188,5.0
2016-08-02 15:24:55.260,-0.996,0.129,0.004,-11.117791803951304,7.756074903053767,-9.757439297433402,5.0
2016-08-02 15:24:55.270,-0.98,0.129,0.0,-10.577348455546595,7.695715419846696,-11.745305048217547,5.0
2016-08-02 15:24:55.280,-0.969,0.137,-0.004,-9.604259541956193,8.31370033953855,-14.070725015750497,5.0
2016-08-02 15:24:55.290,-0.961,0.137,-0.016,-7.621337903601749,10.35983082687306,-17.145416502080373,5.0
2016-08-02 15:24:55.300,-0.988,0.125,-0.043,-4.908350816861731,12.344671736642312,-19.782141874405788,5.0
2016-08-02 15:24:55.310,-1.008,0.129,-0.047,-3.553716169867916,12.660183851033148,-21.636792616888993,5.0
2016-08-02 15:24:55.320,-1.0,0.133,-0.043,-3.889535389069499,11.132867348218587,-23.511206266661723,5.0
2016-08-02 15:24:55.330,-1.008,0.113,-0.031,-3.2102592451997407,10.58267821491452,-25.36419626041673,5.0
2016-08-02 15:24:55.340,-1.0,0.094,-0.027,-0.12242840017284518,10.989648936164475,-26.040891489165762,5.0
2016-08-02 15:24:55.350,-0.984,0.09,-0.023,4.055192711395115,10.877242947114134,-26.423279518133576,5.0
2016-08-02 15:24:55.360,-0.98,0.09,-0.023,7.372638973657908,11.371385552538664,-28.407398657379172,5.0
2016-08-02 15:24:55.370,-0.973,0.086,-0.027,9.238593607694483,11.844298016089706,-31.478980120069746,5.0
2016-08-02 15:24:55.380,-0.988,0.086,-0.039,10.424627727515137,12.495119197572457,-34.847662019043824,5.0
2016-08-02 15:24:55.390,-1.004,0.09,-0.047,11.014117330692816,13.446269899833261,-38.66853842932667,5.0
2016-08-02 15:24:55.400,-0.988,0.094,-0.031,10.982505779373419,13.444378842982584,-43.03763179899121,5.0
2016-08-02 15:24:55.410,-0.969,0.09,-0.012,11.698345092382652,14.925344364106424,-48.14601750816313,5.0
2016-08-02 15:24:55.420,-0.945,0.078,0.0,14.004009183505897,17.95837184054544,-53.40494960169498,5.0
2016-08-02 15:24:55.430,-0.938,0.063,0.004,16.988100591292838,19.572318238029297,-57.7727449241287,5.0
2016-08-02 15:24:55.440,-0.941,0.047,-0.012,19.388109425716223,20.251358672572927,-61.28387369616378,5.0
2016-08-02 15:24:55.450,-0.945,0.039,-0.023,20.424533604431474,20.33498869004224,-64.97932315410284,5.0
2016-08-02 15:24:55.460,-0.965,0.027,-0.047,20.182634019400858,19.602106269691213,-69.09141442974087,5.0
2016-08-02 15:24:55.470,-0.969,0.031,-0.051,19.817242597237783,18.849645436642888,-72.57843549590018,5.0
2016-08-02 15:24:55.480,-0.941,0.023,-0.035,20.233230832667342,18.722265651089753,-76.0545249154271,5.0
2016-08-02 15:24:55.490,-0.93,0.0,-0.031,21.42905757399366,20.348459395001385,-80.80165763730582,5.0
2016-08-02 15:24:55.500,-0.926,-0.023,-0.039,23.485634471553706,22.54636574668715,-85.35061967154628,5.0
2016-08-02 15:24:55.510,-0.906,-0.023,-0.051,25.14639008587965,23.3758909419648,-88.82726162954307,5.0
2016-08-02 15:24:55.520,-0.895,-0.023,-0.07,23.573697999286004,23.76980588399337,-92.88616293536035,5.0
2016-08-02 15:24:55.530,-0.914,-0.039,-0.074,19.492469665077564,23.82938606207476,-97.29683602353143,5.0
2016-08-02 15:24:55.540,-0.906,-0.059,-0.066,16.944705210568333,23.218765964094793,-100.45939787887175,5.0
2016-08-02 15:24:55.550,-0.895,-0.086,-0.055,17.00369510545266,23.9149002621645,-103.57132523849262,5.0
2016-08-02 15:24:55.560,-0.883,-0.105,-0.059,17.231656667005122,26.315363418398075,-108.29139942915208,5.0
2016-08-02 15:24:55.570,-0.875,-0.102,-0.059,15.082421644443126,27.597051662923008,-113.78438029649442,5.0
2016-08-02 15:24:55.580,-0.848,-0.109,-0.055,10.44850398696026,27.08960418210424,-119.03995749174311,5.0
2016-08-02 15:24:55.590,-0.84,-0.152,-0.055,6.316014010319742,27.725307746809147,-123.91588318919791,5.0
2016-08-02 15:24:55.600,-0.832,-0.168,-0.059,5.250356604093315,29.64675463803985,-127.73145299817375,5.0
2016-08-02 15:24:55.610,-0.813,-0.164,-0.055,5.509621065569355,30.219456302955564,-129.93675294420524,5.0
2016-08-02 15:24:55.620,-0.785,-0.199,-0.066,4.395720080332422,30.987174428318923,-132.44319068922314,5.0
2016-08-02 15:24:55.630,-0.789,-0.211,-0.094,2.9976123299873123,33.58545606314766,-136.65312461594175,5.0
2016-08-02 15:24:55.640,-0.789,-0.207,-0.109,1.0392623044570861,34.35525947366271,-139.72359418658525,5.0
2016-08-02 15:24:55.650,-0.801,-0.258,-0.129,-4.340412212687553,33.26590072321991,-140.92483973079092,5.0
2016-08-02 15:24:55.660,-0.84,-0.262,-0.148,-11.32455829018729,32.660732827928186,-141.88467717828476,5.0
2016-08-02 15:24:55.670,-0.84,-0.285,-0.141,-17.11604029392083,30.092858857654274,-140.2980137755815,5.0
2016-08-02 15:24:55.680,-0.832,-0.391,-0.133,-21.08423504459762,28.760149329541026,-137.0513018652632,5.0
2016-08-02 15:24:55.690,-0.863,-0.414,-0.109,-22.43167747171546,31.546259039809648,-135.07799742010116,5.0
2016-08-02 15:24:55.700,-0.828,-0.379,-0.082,-25.83478082396756,31.068710682907863,-132.02019899045607,5.0
2016-08-02 15:24:55.710,-0.766,-0.418,-0.07,-34.109053366380294,28.920978010897898,-130.14014148060255,5.0
2016-08-02 15:24:55.720,-0.715,-0.469,-0.063,-38.798156076805846,31.67169949906741,-133.42240536998125,5.0
2016-08-02 15:24:55.730,-0.637,-0.465,-0.047,-36.40904750464121,35.052787564399786,-137.99629030411086,5.0
2016-08-02 15:24:55.740,-0.566,-0.488,-0.066,-33.64382347561214,38.993906887969665,-142.88236335248249,5.0
2016-08-02 15:24:55.750,-0.582,-0.539,-0.148,-32.80327798806587,44.85572835453317,-149.6800894224337,5.0
2016-08-02 15:24:55.760,-0.609,-0.473,-0.203,-33.30679505796594,44.72816848027509,-152.12574671942176,5.0
2016-08-02 15:24:55.770,-0.582,-0.449,-0.238,-37.24466689838215,39.9238810984569,-147.21974748235294,5.0
2016-08-02 15:24:55.780,-0.563,-0.516,-0.254,-43.66043988630315,39.162721343763614,-143.95360055282373,5.0
2016-08-02 15:24:55.790,-0.531,-0.559,-0.227,-47.84791466287908,40.30218212976364,-146.0569982953888,5.0
2016-08-02 15:24:55.800,-0.48,-0.633,-0.203,-46.70794059811007,42.728386705348385,-147.54697593885786,5.0
2016-08-02 15:24:55.810,-0.484,-0.73,-0.219,-41.88353616624337,50.0337128542985,-148.98500150397516,5.0
2016-08-02 15:24:55.820,-0.492,-0.738,-0.254,-35.87328039345785,55.49745836478152,-152.30972833124673,5.0
2016-08-02 15:24:55.830,-0.547,-0.824,-0.371,-29.32501868084988,57.56723832122725,-153.95383328077386,5.0
2016-08-02 15:24:55.840,-0.699,-0.855,-0.477,-27.543543717067323,58.76935199892781,-152.8093696850488,5.0
2016-08-02 15:24:55.850,-0.75,-0.773,-0.492,-35.41735474910036,49.92856102023122,-146.06572937773458,5.0
2016-08-02 15:24:55.860,-0.711,-0.789,-0.477,-48.740013381253554,37.46039445664889,-134.97788213857194,5.0
2016-08-02 15:24:55.870,-0.66,-0.859,-0.41,-59.24450540801314,35.68943150751122,-129.81900728808154,5.0
2016-08-02 15:24:55.880,-0.527,-0.832,-0.313,-58.93944265275534,37.80580128071448,-129.6485833064117,5.0
2016-08-02 15:24:55.890,-0.441,-0.879,-0.313,-50.69864692669478,43.740352957491936,-129.11877613670887,5.0
2016-08-02 15:24:55.900,-0.48,-0.863,-0.34,-45.16685676320055,53.852130412461044,-131.074582932128,5.0
2016-08-02 15:24:55.910,-0.465,-0.77,-0.352,-40.969617773364895,53.26455940687718,-129.54128790801428,5.0
2016-08-02 15:24:55.920,-0.41,-0.758,-0.367,-37.435219942752965,48.74195810851108,-122.31078233116645,5.0
2016-08-02 15:24:55.930,-0.395,-0.773,-0.371,-39.37600776112757,50.8231375671139,-120.661350433428,5.0
2016-08-02 15:24:55.940,-0.328,-0.734,-0.316,-39.189770486454776,48.92137450552847,-121.45301536768648,5.0
2016-08-02 15:24:55.950,-0.227,-0.719,-0.266,-33.272640316043905,46.32801778439408,-117.83076785332253,5.0
2016-08-02 15:24:55.960,-0.156,-0.77,-0.266,-27.523850100688026,50.582885060788655,-118.68176913557124,5.0
2016-08-02 15:24:55.970,-0.117,-0.789,-0.281,-19.566839565279782,53.250114181258176,-126.06190417445377,5.0
2016-08-02 15:24:55.980,-0.09,-0.785,-0.32,-8.99263137792063,54.515855005198404,-131.94123014412975,5.0
2016-08-02 15:24:55.990,-0.117,-0.82,-0.387,-1.7333004095292552,58.27279882502244,-134.75863545429385,5.0
2016-08-02 15:24:56.000,-0.168,-0.84,-0.438,2.62134879052465,57.362117751745785,-136.42477422087381,5.0
2016-08-02 15:24:56.010,-0.164,-0.883,-0.457,6.89999599856163,51.737827624768755,-136.83954890648218,5.0
2016-08-02 15:24:56.020,-0.148,-0.887,-0.461,10.86229727603326,49.813674327114825,-135.98188689127102,5.0
2016-08-02 15:24:56.030,-0.102,-0.898,-0.457,15.514638388346977,50.21319346796515,-134.50035302241793,5.0
2016-08-02 15:24:56.040,-0.059,-0.922,-0.465,20.400606536139794,49.471724743625686,-134.02942651647567,5.0
2016-08-02 15:24:56.050,-0.027,-0.945,-0.488,23.08904020033802,50.09189396362903,-135.832370685516,5.0
2016-08-02 15:24:56.060,-0.008,-1.008,-0.516,25.59452780717513,49.54621769868298,-138.13336706764562,5.0
2016-08-02 15:24:56.070,-0.023,-1.063,-0.551,27.81407945642152,46.04088328885189,-140.19272422383793,5.0
2016-08-02 15:24:56.080,-0.047,-0.988,-0.523,26.85423536881515,42.02954681569055,-141.12033146839508,5.0
2016-08-02 15:24:56.090,-0.02,-0.965,-0.477,24.447964254334103,37.72046500526952,-136.92775803502872,5.0
2016-08-02 15:24:56.100,0.039,-0.949,-0.422,19.96505224682659,36.34950557688051,-130.43090123013985,5.0
2016-08-02 15:24:56.110,0.137,-0.926,-0.383,15.91380307615727,38.090203106989534,-128.07802616104118,5.0
2016-08-02 15:24:56.120,0.223,-0.957,-0.391,18.92862046491391,40.691916108927515,-128.5559461498821,5.0
2016-08-02 15:24:56.130,0.242,-1.0,-0.398,23.364240219335308,46.13650100732927,-129.88595868798677,5.0
2016-08-02 15:24:56.140,0.242,-0.938,-0.398,25.026816227705513,48.4391907655902,-132.08356890123792,5.0
2016-08-02 15:24:56.150,0.23,-0.992,-0.438,25.641585483361442,46.01615973822306,-130.96844301769656,5.0
2016-08-02 15:24:56.160,0.176,-0.996,-0.406,19.6727022324752,46.990056450414556,-125.84005729183167,5.0
2016-08-02 15:24:56.170,0.184,-0.969,-0.367,11.552721221245484,46.26476354096271,-120.58468040345034,5.0
2016-08-02 15:24:56.180,0.254,-0.984,-0.328,8.279373625957305,43.61282560606253,-113.89941236014236,5.0
2016-08-02 15:24:56.190,0.32,-0.98,-0.34,4.567713390018899,48.549967349094466,-107.27942130886356,5.0
2016-08-02 15:24:56.200,0.379,-0.984,-0.355,3.780849336490434,52.7607469357652,-105.30332502388181,5.0
2016-08-02 15:24:56.210,0.402,-1.047,-0.395,6.593166098750759,51.494597655650814,-105.14251049634063,5.0
2016-08-02 15:24:56.220,0.395,-0.996,-0.398,3.815770452120526,50.81381145936963,-104.8071149595392,5.0
2016-08-02 15:24:56.230,0.398,-0.988,-0.406,-1.3187307301121673,46.29130287199744,-102.81494483176866,5.0
2016-08-02 15:24:56.240,0.402,-1.012,-0.387,-6.816272508655082,41.39219595978899,-95.99271018778603,5.0
2016-08-02 15:24:56.250,0.414,-1.008,-0.375,-13.464526901713505,42.05158537407375,-89.18318622625574,5.0
2016-08-02 15:24:56.260,0.449,-1.02,-0.379,-14.543475474167472,40.38026686136111,-85.90162743814275,5.0
2016-08-02 15:24:56.270,0.473,-0.988,-0.391,-14.661288223244284,37.888607435412524,-82.95870155584821,5.0
2016-08-02 15:24:56.280,0.5,-0.941,-0.391,-19.46250766140064,38.339225396750514,-79.71611966777196,5.0
2016-08-02 15:24:56.290,0.523,-0.957,-0.422,-23.854888261874226,36.99702701796453,-75.28971277874244,5.0
2016-08-02 15:24:56.300,0.516,-0.98,-0.426,-28.041128422592397,36.51914839227584,-70.72182527945172,5.0
2016-08-02 15:24:56.310,0.504,-0.906,-0.402,-30.89399920926975,36.02838927695012,-69.921901185826,5.0
2016-08-02 15:24:56.320,0.516,-0.895,-0.391,-29.573978426276597,33.2336750026918,-67.69651456156048,5.0
2016-08-02 15:24:56.330,0.523,-0.867,-0.395,-30.183933620765952,35.808635021917425,-60.35555305422742,5.0
2016-08-02 15:24:56.340,0.531,-0.84,-0.391,-33.04163320766184,39.554358963305596,-56.17712041864151,5.0
2016-08-02 15:24:56.350,0.555,-0.809,-0.387,-33.526616648098724,37.460332693634896,-56.83563455244038,5.0
2016-08-02 15:24:56.360,0.574,-0.773,-0.367,-34.13586406668526,37.70995601408003,-56.6538951508208,5.0
2016-08-02 15:24:56.370,0.594,-0.754,-0.363,-33.04602310749642,39.99565725347212,-55.84182355353719,5.0
2016-08-02 15:24:56.380,0.598,-0.789,-0.383,-27.761874365066177,38.93475868452835,-55.869056215882445,5.0
2016-08-02 15:24:56.390,0.586,-0.77,-0.391,-23.670320035841474,38.48020713265178,-57.11856638211743,5.0
2016-08-02 15:24:56.400,0.578,-0.727,-0.391,-21.415562752308254,37.454351165570465,-58.890795750845356,5.0
2016-08-02 15:24:56.410,0.57,-0.762,-0.434,-20.227763675504754,35.21091540601131,-57.15120653783776,5.0
2016-08-02 15:24:56.420,0.555,-0.773,-0.434,-22.512630238742553,35.233415740932074,-54.07330259270997,5.0
2016-08-02 15:24:56.430,0.555,-0.777,-0.449,-22.885840628902265,33.0105165291636,-55.28052052772409,5.0
2016-08-02 15:24:56.440,0.563,-0.801,-0.473,-19.34225996462682,29.467939691606176,-55.85007001491744,5.0
2016-08-02 15:24:56.450,0.563,-0.809,-0.48,-18.506243489630446,30.159771686507682,-52.904348950243964,5.0
2016-08-02 15:24:56.460,0.566,-0.797,-0.48,-18.185063556438614,28.86792967801241,-52.09976525180574,5.0
2016-08-02 15:24:56.470,0.582,-0.789,-0.469,-15.577309743713347,24.822575905576954,-51.79408669774836,5.0
2016-08-02 15:24:56.480,0.59,-0.793,-0.453,-14.285395152025984,24.77339421397046,-48.19536172013613,5.0
2016-08-02 15:24:56.490,0.605,-0.789,-0.43,-12.009763954113328,24.750960063823253,-44.9835134446719,5.0
2016-08-02 15:24:56.500,0.629,-0.773,-0.426,-6.533619248796537,22.317843922633433,-44.169883601059944,5.0
2016-08-02 15:24:56.510,0.652,-0.754,-0.406,-1.0590091990350932,22.128919411198005,-43.057551738664735,5.0
2016-08-02 15:24:56.520,0.672,-0.727,-0.402,2.46381486423862,23.106501652250696,-40.965128145891434,5.0
2016-08-02 15:24:56.530,0.695,-0.691,-0.406,3.8142559536052802,22.4715146018533,-39.484014541821416,5.0
2016-08-02 15:24:56.540,0.695,-0.688,-0.406,3.6954075422638493,21.55723851148178,-38.238263669852444,5.0
2016-08-02 15:24:56.550,0.695,-0.688,-0.402,3.5658670050548613,20.99048076544526,-36.29019453669128,5.0
2016-08-02 15:24:56.560,0.695,-0.68,-0.398,4.477585548367769,19.598513404013225,-34.469505711495316,5.0
2016-08-02 15:24:56.570,0.703,-0.672,-0.383,5.939370880505466,17.9893352084544,-32.7133979677303,5.0
2016-08-02 15:24:56.580,0.703,-0.672,-0.379,6.788683636724825,17.475565940183866,-30.494548814752903,5.0
2016-08-02 15:24:56.590,0.715,-0.672,-0.387,8.050161269586432,16.71558403550499,-29.180777196439372,5.0
2016-08-02 15:24:56.600,0.711,-0.66,-0.383,10.76403825751467,15.180271734703563,-29.398777521942566,5.0
2016-08-02 15:24:56.610,0.703,-0.656,-0.387,13.800568152681599,14.410392159504053,-29.41943878773255,5.0
2016-08-02 15:24:56.620,0.695,-0.676,-0.406,15.854419243149794,13.597778134255393,-27.913996031491735,5.0
2016-08-02 15:24:56.630,0.68,-0.715,-0.402,16.523085984065,11.480146369184082,-26.329585944883696,5.0
2016-08-02 15:24:56.640,0.668,-0.723,-0.395,17.81530608252338,8.397902675375933,-26.324102833729015,5.0
2016-08-02 15:24:56.650,0.652,-0.777,-0.398,21.388899471035018,5.414968617771329,-25.652256942306963,5.0
2016-08-02 15:24:56.660,0.645,-0.82,-0.41,24.45691940097298,4.326870714914893,-22.570362854843907,5.0
2016-08-02 15:24:56.670,0.641,-0.848,-0.43,25.56524455209626,3.5103956987589884,-19.649419865743628,5.0
2016-08-02 15:24:56.680,0.641,-0.887,-0.449,25.629243300723225,0.5648864988465445,-17.029284980239538,5.0
2016-08-02 15:24:56.690,0.641,-0.918,-0.445,24.373676185333494,-2.2086257898240587,-12.59627520694579,5.0
2016-08-02 15:24:56.700,0.637,-0.93,-0.449,24.77030368904571,-4.493362860004263,-7.8576687030154915,5.0
2016-08-02 15:24:56.710,0.629,-0.902,-0.461,26.92796796855364,-7.662193341609953,-3.5009960483893803,5.0
2016-08-02 15:24:56.720,0.617,-0.863,-0.465,24.527879944100746,-9.751883937698715,2.3788761537364946,5.0
2016-08-02 15:24:56.730,0.609,-0.832,-0.457,17.816481024655236,-10.910134270058975,8.925431609542509,5.0
2016-08-02 15:24:56.740,0.609,-0.813,-0.43,12.288410486776742,-12.768438964469714,14.055770383624452,5.0
2016-08-02 15:24:56.750,0.629,-0.813,-0.383,9.516671417707785,-14.044647472927775,18.035494850119495,5.0
2016-08-02 15:24:56.760,0.652,-0.801,-0.324,9.461425442555704,-13.185817527909073,21.541933606687405,5.0
2016-08-02 15:24:56.770,0.66,-0.789,-0.293,11.448616228598038,-10.405259710632148,24.633460010284164,5.0
2016-08-02 15:24:56.780,0.652,-0.773,-0.281,12.28031574842835,-7.677609180565455,27.830098292247705,5.0
2016-08-02 15:24:56.790,0.648,-0.762,-0.281,10.391897647214677,-7.068846993717804,30.63203812993803,5.0
2016-08-02 15:24:56.800,0.645,-0.75,-0.289,8.58132531309867,-8.19304544680986,32.12278057588492,5.0
2016-08-02 15:24:56.810,0.645,-0.766,-0.293,8.152223466613904,-9.157551445291878,33.88747134678835,5.0
2016-08-02 15:24:56.820,0.637,-0.766,-0.293,7.26347749443719,-9.283489020893676,36.30446375831732,5.0
2016-08-02 15:24:56.830,0.621,-0.77,-0.305,5.940947439970143,-9.475247123679411,37.79432496179624,5.0
2016-08-02 15:24:56.840,0.609,-0.801,-0.316,4.521633347117192,-10.15839149696628,39.90889497385489,5.0
2016-08-02 15:24:56.850,0.594,-0.832,-0.332,2.8323956029223,-11.194340381470191,43.468362788558665,5.0
2016-08-02 15:24:56.860,0.578,-0.879,-0.344,2.372711909976705,-13.367584956877248,46.39527706891402,5.0
2016-08-02 15:24:56.870,0.582,-0.914,-0.34,1.667133799007645,-15.734508216007104,48.42536426317966,5.0
2016-08-02 15:24:56.880,0.57,-0.934,-0.348,-1.091194592214074,-16.541624728273348,50.27583743893199,5.0
2016-08-02 15:24:56.890,0.555,-0.973,-0.379,-3.7785546240250047,-17.813525629947492,53.10991896003231,5.0
2016-08-02 15:24:56.900,0.531,-0.988,-0.395,-6.438098221139577,-21.190166271019553,57.128273176368964,5.0
2016-08-02 15:24:56.910,0.523,-1.0,-0.422,-9.277780645399817,-25.41021357283086,60.08700226060601,5.0
2016-08-02 15:24:56.920,0.527,-0.996,-0.434,-11.378202373681717,-29.179208451098305,62.65226479944789,5.0
2016-08-02 15:24:56.930,0.523,-1.0,-0.418,-13.94116578795397,-31.307187913682867,66.90830260605694,5.0
2016-08-02 15:24:56.940,0.543,-1.016,-0.395,-15.86236961190927,-31.799377146092635,71.60258426129599,5.0
2016-08-02 15:24:56.950,0.547,-1.023,-0.371,-15.335052170120797,-30.88827599318534,75.4714386496113,5.0
2016-08-02 15:24:56.960,0.547,-1.023,-0.336,-11.974685714223593,-28.62500930204058,79.55743544329805,5.0
2016-08-02 15:24:56.970,0.563,-1.004,-0.348,-6.729400035066803,-26.519510029272993,84.73706461094392,5.0
2016-08-02 15:24:56.980,0.566,-0.977,-0.379,-5.090563032833181,-25.518801778564004,89.07877688526227,5.0
2016-08-02 15:24:56.990,0.574,-0.949,-0.418,-8.79484549379644,-25.058410102137785,91.16415492935477,5.0
2016-08-02 15:24:57.000,0.566,-0.949,-0.422,-11.563227702116711,-22.467687089684915,95.93701947544137,5.0
2016-08-02 15:24:57.010,0.578,-0.965,-0.43,-9.416238818545493,-17.733109825142304,106.04436647324708,5.0
2016-08-02 15:24:57.020,0.578,-0.977,-0.418,-4.746118026553689,-16.736427455187687,112.86581108759442,5.0
2016-08-02 15:24:57.030,0.574,-0.984,-0.395,-0.2855301989535872,-19.2938115242885,113.58443563290321,5.0
2016-08-02 15:24:57.040,0.547,-0.953,-0.375,5.170562181100103,-20.28386265843211,116.8510759816466,5.0
2016-08-02 15:24:57.050,0.516,-0.996,-0.387,11.919511583230939,-20.731413633428105,123.9096915315603,5.0
2016-08-02 15:24:57.060,0.488,-1.004,-0.395,18.152016050135664,-22.35999652043877,128.86960881500298,5.0
2016-08-02 15:24:57.070,0.457,-1.004,-0.406,23.87016446635684,-24.877640755285373,130.22461304246355,5.0
2016-08-02 15:24:57.080,0.43,-1.016,-0.418,28.049766762451778,-27.16092469711361,132.0202461409652,5.0
2016-08-02 15:24:57.090,0.402,-1.02,-0.445,29.838770677996365,-28.11377056703719,135.8109170529763,5.0
2016-08-02 15:24:57.100,0.359,-1.039,-0.457,31.54788320456463,-30.59803461094011,137.9975663245688,5.0
2016-08-02 15:24:57.110,0.32,-1.063,-0.449,32.644114375339115,-34.302975035484195,139.16049087448567,5.0
2016-08-02 15:24:57.120,0.281,-1.051,-0.43,32.0960259485723,-35.92605839956606,141.53155437367366,5.0
2016-08-02 15:24:57.130,0.246,-1.082,-0.41,32.275148993643555,-37.19208699887142,144.35645956363186,5.0
2016-08-02 15:24:57.140,0.223,-1.086,-0.383,32.35114382851717,-38.57948431591812,147.27707067761438,5.0
2016-08-02 15:24:57.150,0.207,-1.09,-0.387,32.992151083398895,-39.382155889017056,148.86037768800986,5.0
2016-08-02 15:24:57.160,0.188,-1.102,-0.402,36.31500075534908,-40.40573597975711,149.15126132814095,5.0
2016-08-02 15:24:57.170,0.16,-1.07,-0.426,37.994834320477196,-40.451909120159186,149.83558694694278,5.0
2016-08-02 15:24:57.180,0.125,-1.027,-0.43,35.72715661472111,-41.05022848612704,150.88001456928203,5.0
2016-08-02 15:24:57.190,0.094,-1.047,-0.406,29.838930138055453,-43.142489525567456,153.50133939643356,5.0
2016-08-02 15:24:57.200,0.078,-1.059,-0.367,21.748286432310262,-44.086618725225875,157.02836521656735,5.0
2016-08-02 15:24:57.210,0.066,-1.059,-0.336,18.224852177616583,-44.71828509667813,158.917531801372,5.0
2016-08-02 15:24:57.220,0.059,-1.063,-0.313,18.59595592519171,-44.21970732254996,161.12959526581048,5.0
2016-08-02 15:24:57.230,0.039,-1.059,-0.316,16.26847217255829,-41.00823393504592,164.49945650931014,5.0
2016-08-02 15:24:57.240,0.027,-1.008,-0.328,12.94821742002739,-39.047725064304544,166.59893317908887,5.0
2016-08-02 15:24:57.250,0.008,-0.977,-0.344,9.722054837735367,-38.11239813468973,168.02502308662767,5.0
2016-08-02 15:24:57.260,-0.02,-0.965,-0.324,4.002253569954745,-35.67421480875578,169.69458499303443,5.0
2016-08-02 15:24:57.270,-0.043,-0.945,-0.316,-1.521562529131534,-35.09943532824565,170.28351078530304,5.0
2016-08-02 15:24:57.280,-0.074,-0.949,-0.32,-4.663273822266572,-36.97469530197396,169.7905787704065,5.0
2016-08-02 15:24:57.290,-0.105,-0.898,-0.289,-7.014576184750457,-38.536803054453095,169.83738584577878,5.0
2016-08-02 15:24:57.300,-0.117,-0.91,-0.293,-8.28921153143104,-39.77027638133248,171.3081589946182,5.0
2016-08-02 15:24:57.310,-0.125,-0.902,-0.305,-8.97711083764475,-40.13663757081546,172.4273935569226,5.0
2016-08-02 15:24:57.320,-0.137,-0.875,-0.328,-9.834633626397475,-40.34940926033728,171.1955024887006,5.0
2016-08-02 15:24:57.330,-0.156,-0.891,-0.355,-9.839668246848104,-42.0925304236232,168.93553117670507,5.0
2016-08-02 15:24:57.340,-0.191,-0.855,-0.367,-11.316521219325026,-44.59487047722206,166.61057738672406,5.0
2016-08-02 15:24:57.350,-0.227,-0.824,-0.363,-15.112526429755452,-49.38838718820418,164.72992769653268,5.0
2016-08-02 15:24:57.360,-0.262,-0.824,-0.344,-19.11782628550366,-55.60972724336502,164.50853021702062,5.0
2016-08-02 15:24:57.370,-0.277,-0.773,-0.301,-23.205676591157577,-59.47652260249757,164.30070978961894,5.0
2016-08-02 15:24:57.380,-0.262,-0.75,-0.262,-23.98036792320425,-61.849741696073465,163.56020137975585,5.0
2016-08-02 15:24:57.390,-0.277,-0.852,-0.324,-19.80809375312515,-60.889135701701115,161.5237525177005,5.0
2016-08-02 15:24:57.400,-0.324,-0.773,-0.305,-14.833003180182384,-57.930958087331916,156.20229098405,5.0
2016-08-02 15:24:57.410,-0.328,-0.695,-0.301,-10.824456622222801,-59.48311295205117,153.3270089301789,5.0
2016-08-02 15:24:57.420,-0.363,-0.715,-0.309,-11.492397609645735,-60.31352494628334,154.67969232130196,5.0
2016-08-02 15:24:57.430,-0.402,-0.688,-0.313,-16.771794460559544,-59.98129492649973,152.53471375071078,5.0
2016-08-02 15:24:57.440,-0.422,-0.703,-0.305,-18.489268240661538,-64.90160166747185,148.49555786270344,5.0
2016-08-02 15:24:57.450,-0.465,-0.668,-0.266,-19.478511269509497,-67.60102434693574,147.6074405841987,5.0
2016-08-02 15:24:57.460,-0.457,-0.598,-0.25,-24.55664794011226,-67.47075880185488,147.9799191484433,5.0
2016-08-02 15:24:57.470,-0.461,-0.617,-0.242,-27.735465736524343,-68.4296686159899,147.85745284169624,5.0
2016-08-02 15:24:57.480,-0.465,-0.566,-0.207,-27.20405324631424,-65.30658447681438,145.13554400836108,5.0
2016-08-02 15:24:57.490,-0.438,-0.551,-0.211,-23.7681619339412,-60.944636843891615,140.6619136119919,5.0
2016-08-02 15:24:57.500,-0.48,-0.598,-0.266,-17.694573790652857,-56.41353278311176,136.71702332537487,5.0
2016-08-02 15:24:57.510,-0.539,-0.535,-0.281,-12.937997554521665,-52.39522255147652,131.9935635292174,5.0
2016-08-02 15:24:57.520,-0.609,-0.52,-0.293,-13.151084042125415,-54.88458630692218,129.41963668785343,5.0
2016-08-02 15:24:57.530,-0.688,-0.488,-0.27,-21.21376218866557,-60.141242544116324,131.04773970000898,5.0
2016-08-02 15:24:57.540,-0.703,-0.492,-0.23,-32.059584486267795,-66.63567140088007,132.91730197959285,5.0
2016-08-02 15:24:57.550,-0.707,-0.559,-0.199,-34.70475813422688,-71.91167889493443,132.95727451960758,5.0
2016-08-02 15:24:57.560,-0.688,-0.52,-0.152,-29.704633477496202,-70.45794613178404,130.82486450094143,5.0
2016-08-02 15:24:57.570,-0.672,-0.477,-0.152,-26.01154398994244,-68.7175565463468,128.10039175722014,5.0
2016-08-02 15:24:57.580,-0.684,-0.422,-0.156,-27.47497649254894,-69.21227758495674,126.68355526593072,5.0
2016-08-02 15:24:57.590,-0.668,-0.383,-0.141,-29.822135093574857,-69.27661973362984,124.67268327483038,5.0
2016-08-02 15:24:57.600,-0.656,-0.375,-0.125,-27.34706001242546,-67.5147573915246,120.7988420297527,5.0
2016-08-02 15:24:57.610,-0.66,-0.367,-0.141,-21.357359900772902,-61.30090171494953,114.99389686159822,5.0
2016-08-02 15:24:57.620,-0.691,-0.352,-0.18,-17.022324631720277,-55.77224480044056,108.38152858237308,5.0
2016-08-02 15:24:57.630,-0.762,-0.332,-0.203,-17.64755193648326,-55.0243524317318,104.61589241197117,5.0
2016-08-02 15:24:57.640,-0.828,-0.285,-0.195,-23.268361522460626,-57.95696469999933,104.94209645423246,5.0
2016-08-02 15:24:57.650,-0.863,-0.309,-0.16,-29.480019913637978,-63.08850735064971,107.56676839157586,5.0
2016-08-02 15:24:57.660,-0.887,-0.359,-0.133,-29.59432668290221,-64.88174769307845,109.54246990132226,5.0
2016-08-02 15:24:57.670,-0.906,-0.367,-0.117,-21.84740597018466,-62.86372602098278,109.70929923017127,5.0
2016-08-02 15:24:57.680,-0.902,-0.293,-0.113,-14.813721065224396,-61.607687068974926,110.25354463068918,5.0
2016-08-02 15:24:57.690,-0.891,-0.254,-0.129,-15.713329176477355,-61.33102683380251,110.38240897426923,5.0
2016-08-02 15:24:57.700,-0.883,-0.223,-0.105,-19.01526287761002,-62.29228269124272,108.51480318750518,5.0
2016-08-02 15:24:57.710,-0.848,-0.188,-0.07,-18.428020156459496,-63.27624722224631,106.88853783172023,5.0
2016-08-02 15:24:57.720,-0.832,-0.172,-0.055,-14.582821897873934,-59.843636916490055,105.31630403072745,5.0
2016-08-02 15:24:57.730,-0.84,-0.152,-0.055,-9.935847691526547,-54.77653622850322,102.09758393272436,5.0
2016-08-02 15:24:57.740,-0.855,-0.117,-0.039,-7.529883720982127,-52.913074159043134,98.89250569006047,5.0
2016-08-02 15:24:57.750,-0.867,-0.082,-0.02,-7.931122792257437,-51.888642409080305,96.24245097324231,5.0
2016-08-02 15:24:57.760,-0.875,-0.066,0.012,-8.862915416852756,-51.261427542780574,92.48823903309217,5.0
2016-08-02 15:24:57.770,-0.875,-0.078,0.043,-7.9870989366305025,-51.244632004082014,87.89528068144259,5.0
2016-08-02 15:24:57.780,-0.875,-0.082,0.066,-3.506498212666165,-48.99433327446062,82.83315009023909,5.0
2016-08-02 15:24:57.790,-0.883,-0.07,0.078,1.4965652595762364,-46.02264163969812,76.70831063918139,5.0
2016-08-02 15:24:57.800,-0.902,-0.055,0.059,2.5822329809379685,-44.3871897018913,70.66848228611809,5.0
2016-08-02 15:24:57.810,-0.914,-0.016,0.059,1.217848033385029,-43.83605345835917,66.3100357532766,5.0
2016-08-02 15:24:57.820,-0.898,0.023,0.074,0.13521913030121635,-43.792814079007,63.45141385213232,5.0
2016-08-02 15:24:57.830,-0.906,0.027,0.098,1.5592330733615303,-41.514412122291084,60.75519252813328,5.0
2016-08-02 15:24:57.840,-0.938,0.027,0.094,7.535447642637596,-36.59629389646507,57.86023904578718,5.0
2016-08-02 15:24:57.850,-0.957,0.043,0.086,14.007539817105712,-32.49629446392562,55.156931583145415,5.0
2016-08-02 15:24:57.860,-0.965,0.078,0.078,14.860459498505008,-30.430156380076056,51.38953438890954,5.0
2016-08-02 15:24:57.870,-0.973,0.09,0.086,11.339087054977684,-29.30723830557147,46.02277794207764,5.0
2016-08-02 15:24:57.880,-0.953,0.094,0.121,8.458780837665586,-29.00690501765748,40.78277238535455,5.0
2016-08-02 15:24:57.890,-0.938,0.086,0.16,7.4734557251628635,-28.290694276957037,36.338216879601546,5.0
2016-08-02 15:24:57.900,-0.938,0.098,0.195,7.460494151898018,-26.129346434941127,32.43126104267721,5.0
2016-08-02 15:24:57.910,-0.93,0.105,0.227,8.753921490223568,-23.776121505151178,28.877506985616833,5.0
2016-08-02 15:24:57.920,-0.93,0.082,0.219,12.529422233213534,-19.789724844699705,24.528833933187308,5.0
2016-08-02 15:24:57.930,-0.969,0.074,0.184,18.177161750661664,-14.150280808668667,19.278514495839453,5.0
2016-08-02 15:24:57.940,-0.992,0.129,0.168,20.49131138038575,-11.9979159965596,15.035780744817679,5.0
2016-08-02 15:24:57.950,-0.984,0.164,0.172,16.315276915754236,-13.284961786998773,12.097447548508644,5.0
2016-08-02 15:24:57.960,-0.969,0.152,0.188,12.342409118002085,-12.909655253439773,9.432556939859637,5.0
2016-08-02 15:24:57.970,-0.945,0.148,0.203,14.30513903158993,-9.950796575443178,7.347987098283783,5.0
2016-08-02 15:24:57.980,-0.938,0.164,0.199,17.0614338611308,-6.363027422504121,5.412690744511467,5.0
2016-08-02 15:24:57.990,-0.941,0.176,0.203,15.817108232421317,-4.4078082929797056,2.691109922296996,5.0
2016-08-02 15:24:58.000,-0.93,0.168,0.223,13.62400713525207,-4.170465554744047,-0.78413135546691,5.0
2016-08-02 15:24:58.010,-0.926,0.137,0.23,13.45562957848559,-1.6379420870483,-5.164708748862276,5.0
2016-08-02 15:24:58.020,-0.965,0.137,0.207,13.817311919615967,2.6114747751162546,-9.667155273849803,5.0
2016-08-02 15:24:58.030,-1.004,0.137,0.195,11.914877610942945,4.193839128639796,-13.222056420947517,5.0
2016-08-02 15:24:58.040,-1.059,0.141,0.188,7.646416345145768,4.742744368618268,-15.831700500231552,5.0
2016-08-02 15:24:58.050,-1.09,0.145,0.191,3.8216738910998993,5.174931406247545,-16.568646889093053,5.0
2016-08-02 15:24:58.060,-1.063,0.129,0.227,2.5341134569288943,4.117769930718739,-15.682305377714602,5.0
2016-08-02 15:24:58.070,-1.043,0.098,0.246,4.890028820423737,5.529374145311398,-15.355608255356097,5.0
2016-08-02 15:24:58.080,-1.02,0.113,0.25,9.919182709430743,8.898185672205098,-15.081854129999627,5.0
2016-08-02 15:24:58.090,-0.992,0.133,0.25,12.202523639087957,9.850760314186553,-14.856039266167116,5.0
2016-08-02 15:24:58.100,-1.0,0.148,0.219,9.781882611651655,11.186855367131034,-16.592527803546012,5.0
2016-08-02 15:24:58.110,-1.012,0.168,0.211,6.928678561657246,12.605921803319085,-18.664864001792793,5.0
2016-08-02 15:24:58.120,-0.992,0.16,0.223,5.023184376501115,12.174240352691822,-20.18406323268404,5.0
2016-08-02 15:24:58.130,-0.988,0.148,0.207,3.912593221493923,14.810421740061297,-22.85347667764937,5.0
2016-08-02 15:24:58.140,-0.988,0.129,0.195,4.795826067916082,19.156352081866324,-25.774155946631527,5.0
2016-08-02 15:24:58.150,-0.965,0.117,0.188,5.646528683600453,20.65175624528844,-28.689119713684114,5.0
2016-08-02 15:24:58.160,-0.957,0.102,0.16,4.589915291266485,22.173039184653376,-32.660228977651045,5.0
2016-08-02 15:24:58.170,-0.953,0.078,0.133,3.3247544021611692,23.77363646681215,-36.165923588703,5.0
2016-08-02 15:24:58.180,-0.941,0.059,0.125,3.0533684668868113,23.508652554482854,-38.601837210694654,5.0
2016-08-02 15:24:58.190,-0.945,0.035,0.117,3.187029586820694,24.209249761564884,-41.23693771918202,5.0
2016-08-02 15:24:58.200,-0.953,0.023,0.102,2.924027751671014,25.56476875594565,-43.555945024560884,5.0
2016-08-02 15:24:58.210,-0.957,0.016,0.094,2.133665375755373,25.47369200956098,-45.22527713894091,5.0
2016-08-02 15:24:58.220,-0.961,-0.004,0.086,1.4641749766096592,25.98904483522999,-47.34493453763608,5.0
2016-08-02 15:24:58.230,-0.961,-0.016,0.07,1.3043778189960082,27.37635506380361,-49.976223525398865,5.0
2016-08-02 15:24:58.240,-0.965,-0.02,0.059,1.383387132535875,28.011242817724614,-52.81232830841648,5.0
2016-08-02 15:24:58.250,-0.969,-0.027,0.047,1.6795781373322352,28.700022242246888,-55.76625284455211,5.0
2016-08-02 15:24:58.260,-0.965,-0.023,0.047,1.964899721267802,29.122987363682245,-58.46241512298027,5.0
2016-08-02 15:24:58.270,-0.949,-0.035,0.059,1.0792897497074136,28.394018746407845,-61.442975162388294,5.0
2016-08-02 15:24:58.280,-0.945,-0.051,0.059,-0.31274128392387956,28.39869800090795,-65.24163725342885,5.0
2016-08-02 15:24:58.290,-0.941,-0.059,0.066,-0.08270266166700888,29.500920333399268,-68.8534461631645,5.0
2016-08-02 15:24:58.300,-0.938,-0.074,0.07,0.9321151549350807,30.287005008880506,-71.68103418043424,5.0
2016-08-02 15:24:58.310,-0.934,-0.082,0.059,1.4509710070507018,31.381174472507084,-74.46790941391566,5.0
2016-08-02 15:24:58.320,-0.941,-0.082,0.043,2.160344647052783,32.37877836769341,-77.00246638422534,5.0
2016-08-02 15:24:58.330,-0.938,-0.082,0.023,2.3296207607610637,32.14551691663135,-78.51341609567282,5.0
2016-08-02 15:24:58.340,-0.926,-0.094,0.016,1.5530670636531374,32.263106724437286,-80.03279735127731,5.0
2016-08-02 15:24:58.350,-0.918,-0.098,0.012,1.1480734178428684,33.38951009721585,-82.76827206060564,5.0
2016-08-02 15:24:58.360,-0.898,-0.105,0.008,0.7895187581853299,34.398888337657525,-86.21635098838804,5.0
2016-08-02 15:24:58.370,-0.895,-0.141,0.004,0.29933693740850736,35.82596141951468,-89.87525597035179,5.0
2016-08-02 15:24:58.380,-0.895,-0.156,0.008,0.9749714890130243,37.54213103503191,-93.53662875496471,5.0
2016-08-02 15:24:58.390,-0.879,-0.156,0.012,2.0381444848923094,38.08320647563469,-96.3864835814095,5.0
2016-08-02 15:24:58.400,-0.859,-0.18,0.0,2.511469672090681,38.51223604148104,-99.19129142203622,5.0
2016-08-02 15:24:58.410,-0.852,-0.203,-0.004,3.484012284221511,39.67106652400977,-103.40415236779731,5.0
2016-08-02 15:24:58.420,-0.824,-0.199,-0.004,4.148445436974724,40.373936965389476,-107.83975236665412,5.0
2016-08-02 15:24:58.430,-0.793,-0.203,-0.012,2.9661721897016986,41.257865295051985,-111.96131709323559,5.0
2016-08-02 15:24:58.440,-0.762,-0.242,-0.023,2.022433156482186,42.95141337253963,-117.59684783111146,5.0
2016-08-02 15:24:58.450,-0.734,-0.246,-0.031,3.675290739200449,44.88796561048237,-124.50308878481884,5.0
2016-08-02 15:24:58.460,-0.719,-0.297,-0.07,6.839935046774825,47.34074792469876,-131.04693873515785,5.0
2016-08-02 15:24:58.470,-0.738,-0.32,-0.113,8.882056211704612,49.006520502793734,-137.0230130287644,5.0
2016-08-02 15:24:58.480,-0.75,-0.285,-0.141,7.2300295767003995,47.388932813066376,-141.01656269449649,5.0
2016-08-02 15:24:58.490,-0.727,-0.305,-0.145,1.5765611781561155,43.863079769964244,-142.05120130037562,5.0
2016-08-02 15:24:58.500,-0.711,-0.387,-0.152,-3.141557149446573,42.60266065230659,-143.8569430946074,5.0
2016-08-02 15:24:58.510,-0.672,-0.418,-0.133,-2.702272891426551,44.35711834419777,-148.1371330327175,5.0
2016-08-02 15:24:58.520,-0.648,-0.457,-0.141,-0.5439430435259549,47.27663386078766,-151.73772557242228,5.0
2016-08-02 15:24:58.530,-0.727,-0.598,-0.188,-1.239571892197622,49.334540945818745,-154.61394388571426,5.0
2016-08-02 15:24:58.540,-0.805,-0.57,-0.203,-4.854872230349271,46.83587531949718,-155.4131731256599,5.0
2016-08-02 15:24:58.550,-0.816,-0.52,-0.238,-11.673872202022352,41.76233596739935,-149.2761495748288,5.0
2016-08-02 15:24:58.560,-0.836,-0.586,-0.262,-22.589434262377072,39.77961695440899,-140.7615098503455,5.0
2016-08-02 15:24:58.570,-0.789,-0.59,-0.234,-33.120241871553034,37.40784855275949,-135.98892038882724,5.0
2016-08-02 15:24:58.580,-0.684,-0.574,-0.207,-39.03713372544716,35.8035004459539,-132.00861231068725,5.0
2016-08-02 15:24:58.590,-0.672,-0.676,-0.23,-43.70443307663177,40.81274268209615,-131.37306626746673,5.0
2016-08-02 15:24:58.600,-0.68,-0.703,-0.199,-46.4450146107728,43.5041767908275,-134.29030857847664,5.0
2016-08-02 15:24:58.610,-0.625,-0.645,-0.168,-44.235456487386834,42.4018051261655,-129.4159189459489,5.0
2016-08-02 15:24:58.620,-0.578,-0.676,-0.188,-43.63257293559047,45.72460574013387,-122.07593497059943,5.0
2016-08-02 15:24:58.630,-0.543,-0.691,-0.172,-45.277643674202054,46.699063382660334,-124.4195169103099,5.0
2016-08-02 15:24:58.640,-0.48,-0.672,-0.164,-42.173099453063344,45.24302555061244,-126.6601405041248,5.0
2016-08-02 15:24:58.650,-0.453,-0.695,-0.203,-37.812326511345674,49.568605922900105,-124.61680718992687,5.0
2016-08-02 15:24:58.660,-0.473,-0.727,-0.227,-35.88428296495785,52.36321924889239,-126.6776780114875,5.0
2016-08-02 15:24:58.670,-0.461,-0.707,-0.25,-31.329494023863866,50.66911478693361,-127.69196404200625,5.0
2016-08-02 15:24:58.680,-0.449,-0.77,-0.332,-24.110608477116628,52.688797673735614,-124.40699400177193,5.0
2016-08-02 15:24:58.690,-0.484,-0.813,-0.391,-18.518987628129935,55.62611010106828,-123.9496255582552,5.0
2016-08-02 15:24:58.700,-0.477,-0.785,-0.398,-14.672397939323938,53.36485499524548,-124.02420848514649,5.0
2016-08-02 15:24:58.710,-0.469,-0.828,-0.422,-14.409166921168893,49.86555259949297,-122.13819811531334,5.0
2016-08-02 15:24:58.720,-0.496,-0.891,-0.43,-19.22254725690705,46.19603824267122,-124.09829223121466,5.0
2016-08-02 15:24:58.730,-0.488,-0.914,-0.41,-21.130394295817663,39.82846117588688,-126.58496464415583,5.0
2016-08-02 15:24:58.740,-0.496,-0.988,-0.426,-15.507930751819003,37.54927177674398,-124.09645279011983,5.0
2016-08-02 15:24:58.750,-0.531,-0.988,-0.438,-9.405409898041674,39.34340132764146,-121.421075159153,5.0
2016-08-02 15:24:58.760,-0.496,-0.91,-0.41,-7.236379160456446,35.03117763875573,-118.65138347441204,5.0
2016-08-02 15:24:58.770,-0.43,-0.879,-0.383,-9.557709511139006,28.849298110759847,-114.46918950688863,5.0
2016-08-02 15:24:58.780,-0.348,-0.832,-0.32,-14.484261131045397,27.023412699925093,-114.25499130682266,5.0
2016-08-02 15:24:58.790,-0.246,-0.789,-0.27,-13.639877642718796,27.070766970627837,-115.73956028330748,5.0
2016-08-02 15:24:58.800,-0.207,-0.852,-0.293,-6.327113934541304,32.64862769130804,-115.91834016741024,5.0
2016-08-02 15:24:58.810,-0.234,-0.863,-0.285,0.2833156350527333,39.489481877936655,-118.73856890242465,5.0
2016-08-02 15:24:58.820,-0.23,-0.852,-0.285,5.6375842569514845,38.87688948667547,-120.22044889311499,5.0
2016-08-02 15:24:58.830,-0.273,-0.918,-0.301,9.009847941006582,39.16540856378714,-117.15546425354225,5.0
2016-08-02 15:24:58.840,-0.297,-0.91,-0.285,9.279055274526891,41.1845959228674,-115.60563543349842,5.0
2016-08-02 15:24:58.850,-0.254,-0.906,-0.258,10.13117216600745,38.53056945416246,-114.15806247760699,5.0
2016-08-02 15:24:58.860,-0.219,-0.918,-0.262,9.635588543686529,40.584391905295035,-110.66912305633471,5.0
2016-08-02 15:24:58.870,-0.168,-0.887,-0.258,6.333985715689943,45.409431861576344,-110.5236012696118,5.0
2016-08-02 15:24:58.880,-0.102,-0.898,-0.277,6.086396452796647,45.20288877173944,-111.83630412451821,5.0
2016-08-02 15:24:58.890,-0.113,-1.023,-0.328,8.45809762227951,49.30442148772913,-112.65174580414912,5.0
2016-08-02 15:24:58.900,-0.121,-0.938,-0.301,10.283795877930753,52.904310181336285,-116.55525296947368,5.0
2016-08-02 15:24:58.910,-0.074,-0.883,-0.285,12.007917692534397,48.4754332528277,-118.17375287166425,5.0
2016-08-02 15:24:58.920,-0.063,-0.918,-0.316,9.472416417987485,49.79195639709053,-114.36014345395549,5.0
2016-08-02 15:24:58.930,-0.051,-0.926,-0.301,4.323107854584281,52.965071047752865,-113.5914322415071,5.0
2016-08-02 15:24:58.940,0.02,-0.945,-0.277,5.104782315050269,48.644379965511995,-115.77461152985109,5.0
2016-08-02 15:24:58.950,0.063,-1.012,-0.305,7.474606223303747,51.636386628585946,-115.82398298336068,5.0
2016-08-02 15:24:58.960,0.078,-0.961,-0.309,6.48567672374781,58.040145757321795,-117.99508212740497,5.0
2016-08-02 15:24:58.970,0.109,-0.973,-0.34,7.298763677346818,54.507218020768576,-120.93680907538794,5.0
2016-08-02 15:24:58.980,0.121,-1.0,-0.402,7.252565110458512,54.716814189757116,-118.83739938153772,5.0
2016-08-02 15:24:58.990,0.129,-0.953,-0.422,2.636072776874611,59.010357976565835,-115.93113295147488,5.0
2016-08-02 15:24:59.000,0.164,-0.953,-0.406,-2.426464059759201,55.61083748937346,-114.20320806210252,5.0
2016-08-02 15:24:59.010,0.203,-1.012,-0.387,-9.26952894041806,55.522539265414544,-110.30548167842217,5.0
2016-08-02 15:24:59.020,0.242,-0.992,-0.344,-16.721414189357706,60.255283815200464,-107.43969521181491,5.0
2016-08-02 15:24:59.030,0.297,-1.008,-0.344,-17.254994601738908,60.35719690064741,-106.48941863846628,5.0
2016-08-02 15:24:59.040,0.32,-1.051,-0.363,-14.944088370520081,64.16111503005956,-103.03324880531717,5.0
2016-08-02 15:24:59.050,0.324,-1.012,-0.379,-15.072522545012944,70.06002532606036,-100.1964216464869,5.0
2016-08-02 15:24:59.060,0.336,-0.98,-0.395,-14.017021260307164,67.04884389290436,-100.08991052838135,5.0
2016-08-02 15:24:59.070,0.344,-0.98,-0.402,-15.564096882158928,64.26837319194428,-96.86450376010836,5.0
2016-08-02 15:24:59.080,0.352,-0.953,-0.383,-22.41145368584084,65.44553939794905,-91.61675061685557,5.0
2016-08-02 15:24:59.090,0.395,-0.926,-0.367,-26.710530117067975,61.647442180671746,-89.02698606571768,5.0
2016-08-02 15:24:59.100,0.43,-0.938,-0.363,-28.441430624738082,58.60933053647548,-86.8516283093321,5.0
2016-08-02 15:24:59.110,0.457,-0.906,-0.355,-30.908003101323633,60.2016097145872,-84.82755427725624,5.0
2016-08-02 15:24:59.120,0.473,-0.934,-0.375,-29.685898152007145,58.14921911260815,-84.33305825509728,5.0
2016-08-02 15:24:59.130,0.477,-0.941,-0.395,-26.704320308172722,54.51275530647168,-83.27769881703061,5.0
2016-08-02 15:24:59.140,0.469,-0.898,-0.41,-25.920260434316233,52.58558169419684,-82.10613295310453,5.0
2016-08-02 15:24:59.150,0.473,-0.938,-0.434,-24.332398025659916,48.21359386293018,-79.83611009466594,5.0
2016-08-02 15:24:59.160,0.469,-0.969,-0.43,-24.69038915217432,44.427543003383036,-75.4256183411919,5.0
2016-08-02 15:24:59.170,0.477,-0.938,-0.418,-27.04645566819397,40.68703989999992,-74.39747911022073,5.0
2016-08-02 15:24:59.180,0.5,-0.938,-0.406,-25.500591001146653,33.88687374825322,-74.77508715418115,5.0
2016-08-02 15:24:59.190,0.512,-0.934,-0.422,-25.29061095549779,32.643689713615785,-70.38986286180945,5.0
2016-08-02 15:24:59.200,0.512,-0.91,-0.445,-27.31464890362475,34.30985499754999,-66.55111262233342,5.0
2016-08-02 15:24:59.210,0.52,-0.883,-0.465,-25.006871866608396,29.092000742753395,-66.33545263237802,5.0
2016-08-02 15:24:59.220,0.52,-0.863,-0.477,-22.822589598989516,24.5141597982457,-64.622607559139,5.0
2016-08-02 15:24:59.230,0.535,-0.824,-0.469,-23.407724559933637,23.42562086640966,-60.905576933156475,5.0
2016-08-02 15:24:59.240,0.555,-0.809,-0.449,-23.986272266369713,19.74238122314773,-57.961205073358656,5.0
2016-08-02 15:24:59.250,0.578,-0.828,-0.434,-25.397513640085595,17.19173577787791,-55.63249664032642,5.0
2016-08-02 15:24:59.260,0.586,-0.816,-0.406,-25.284834556628386,17.173316461160596,-54.23491126074914,5.0
2016-08-02 15:24:59.270,0.594,-0.805,-0.414,-21.25232446659742,15.397320245282026,-54.48660143764644,5.0
2016-08-02 15:24:59.280,0.59,-0.801,-0.426,-18.32710955396775,13.859378842727173,-52.990419395244004,5.0
2016-08-02 15:24:59.290,0.578,-0.789,-0.434,-19.304311831614115,13.63311096207031,-48.69557364543738,5.0
2016-08-02 15:24:59.300,0.582,-0.785,-0.469,-18.689094980734428,11.19745774671821,-45.549580799158825,5.0
2016-08-02 15:24:59.310,0.586,-0.809,-0.488,-15.342128141104173,8.67732211451174,-43.377558155859475,5.0
2016-08-02 15:24:59.320,0.582,-0.797,-0.48,-13.450390946510893,8.320181642712765,-40.47264174006671,5.0
2016-08-02 15:24:59.330,0.59,-0.785,-0.473,-12.240256178414798,5.5434716138638995,-38.545024340890464,5.0
2016-08-02 15:24:59.340,0.602,-0.789,-0.461,-11.53159747928051,1.3942341546659656,-37.122392600388615,5.0
2016-08-02 15:24:59.350,0.605,-0.789,-0.438,-11.896693055172815,0.45373878213368646,-35.13438133594515,5.0
2016-08-02 15:24:59.360,0.617,-0.789,-0.422,-9.662920797755884,-0.027700698980237276,-34.065155526185535,5.0
2016-08-02 15:24:59.370,0.617,-0.789,-0.434,-4.718841838676816,-0.5236090658000636,-33.45127225255875,5.0
2016-08-02 15:24:59.380,0.617,-0.773,-0.441,-0.7194628874395612,1.086307816975643,-32.2783410516947,5.0
2016-08-02 15:24:59.390,0.602,-0.746,-0.441,1.1376787648019675,1.4455051225759508,-31.689720216081184,5.0
2016-08-02 15:24:59.400,0.59,-0.73,-0.445,1.413620762124053,0.28138720401118583,-31.093536755310716,5.0
2016-08-02 15:24:59.410,0.578,-0.73,-0.422,1.3234085243791291,0.8924474837120655,-29.041820515410098,5.0
2016-08-02 15:24:59.420,0.57,-0.742,-0.406,3.220284959096448,1.356474643103246,-27.162366028310846,5.0
2016-08-02 15:24:59.430,0.57,-0.773,-0.406,8.116461720481276,-0.3043825074778386,-26.81141962285931,5.0
2016-08-02 15:24:59.440,0.563,-0.801,-0.391,12.369343309232546,-1.806940000385031,-27.017062157638954,5.0
2016-08-02 15:24:59.450,0.559,-0.816,-0.375,14.317505759875935,-3.1136965098204743,-27.06546930890012,5.0
2016-08-02 15:24:59.460,0.563,-0.863,-0.387,16.932834548179002,-5.301394306329737,-25.964505730315523,5.0
2016-08-02 15:24:59.470,0.555,-0.883,-0.398,19.590315175704514,-6.320629883797729,-23.726180157532763,5.0
2016-08-02 15:24:59.480,0.543,-0.918,-0.406,21.874019168855316,-6.695524582170169,-21.142936953252235,5.0
2016-08-02 15:24:59.490,0.531,-0.973,-0.414,26.005828109755143,-8.101962638547276,-15.624090674394761,5.0
2016-08-02 15:24:59.500,0.535,-1.023,-0.387,31.759339063418622,-9.125228425750272,-6.48113294540935,5.0
2016-08-02 15:24:59.510,0.566,-1.063,-0.328,40.3677727938299,-10.0540599581655,1.8309012079480282,5.0
2016-08-02 15:24:59.520,0.605,-1.043,-0.289,51.74422262195989,-10.44655894836999,7.0743535082282225,5.0
2016-08-02 15:24:59.530,0.621,-0.996,-0.277,60.86234558704305,-8.647665447641053,10.41801081638597,5.0
2016-08-02 15:24:59.540,0.609,-0.961,-0.301,64.90901366047466,-6.745893119202401,13.170901397015111,5.0
2016-08-02 15:24:59.550,0.586,-0.906,-0.34,64.37410482199215,-6.706446526483928,15.630423221692293,5.0
2016-08-02 15:24:59.560,0.566,-0.875,-0.387,60.53423344664023,-8.522911865014546,18.222609021469946,5.0
2016-08-02 15:24:59.570,0.547,-0.871,-0.434,53.7829441311254,-10.695656033949067,22.991742800953325,5.0
2016-08-02 15:24:59.580,0.539,-0.898,-0.434,43.78393996102882,-11.736779608255869,29.554352819509965,5.0
2016-08-02 15:24:59.590,0.555,-0.914,-0.383,33.588973732683726,-12.891512154710878,35.28926663515819,5.0
2016-08-02 15:24:59.600,0.566,-0.945,-0.328,26.716261120478634,-13.618934588358403,40.51809214578191,5.0
2016-08-02 15:24:59.610,0.582,-0.973,-0.285,22.857343602164654,-12.16599697363425,46.57966537170199,5.0
2016-08-02 15:24:59.620,0.59,-0.984,-0.281,20.75856032036782,-9.989790105510973,52.71402376615724,5.0
2016-08-02 15:24:59.630,0.594,-0.965,-0.301,18.66007628573744,-8.785584364690747,57.61021756412673,5.0
2016-08-02 15:24:59.640,0.586,-0.941,-0.332,13.762715852126682,-8.469732053560215,61.50529020988935,5.0
2016-08-02 15:24:59.650,0.574,-0.926,-0.336,6.630803632200458,-8.72498710060336,65.79726804125121,5.0
2016-08-02 15:24:59.660,0.555,-0.93,-0.348,0.10672090705750636,-9.408942600731834,70.98420721564753,5.0
2016-08-02 15:24:59.670,0.539,-0.934,-0.352,-6.141061426118558,-9.901379417294642,76.06581581660816,5.0
2016-08-02 15:24:59.680,0.535,-0.945,-0.328,-12.167931249702367,-10.341301303574571,80.25694982803702,5.0
2016-08-02 15:24:59.690,0.535,-0.973,-0.32,-15.790842987484007,-10.789576136643927,84.35719720307014,5.0
2016-08-02 15:24:59.700,0.527,-0.977,-0.324,-17.649750153766004,-10.242375825406565,88.32368194670325,5.0
2016-08-02 15:24:59.710,0.508,-0.984,-0.332,-19.23696237229729,-9.707714932509354,91.66031713853349,5.0
2016-08-02 15:24:59.720,0.48,-0.996,-0.375,-20.84969418618916,-10.4735884804889,95.64660799901723,5.0
2016-08-02 15:24:59.730,0.457,-0.992,-0.402,-23.63849311733358,-12.806134026484692,99.08440773055786,5.0
2016-08-02 15:24:59.740,0.441,-0.996,-0.418,-26.84786356655924,-16.72049327400279,100.78571456961414,5.0
2016-08-02 15:24:59.750,0.43,-0.984,-0.414,-28.91349632643451,-19.824700583363995,103.79787938709897,5.0
2016-08-02 15:24:59.760,0.422,-0.984,-0.391,-29.918902429888682,-21.846495547690544,108.02325161377193,5.0
2016-08-02 15:24:59.770,0.422,-1.016,-0.379,-29.703730694013096,-24.55605583755647,110.84857467996444,5.0
2016-08-02 15:24:59.780,0.422,-1.012,-0.375,-28.354477348998913,-26.493409099878285,112.4102503391417,5.0
2016-08-02 15:24:59.790,0.418,-1.004,-0.383,-25.766449252566375,-27.889707376461573,113.25567644793661,5.0
2016-08-02 15:24:59.800,0.402,-1.016,-0.418,-22.9223366077736,-29.47481494811965,114.9693266460068,5.0
2016-08-02 15:24:59.810,0.371,-1.0,-0.445,-22.16501721192603,-30.21192740429163,117.72522602728971,5.0
2016-08-02 15:24:59.820,0.344,-0.992,-0.461,-22.942781375115235,-32.41124121159896,119.5248917168467,5.0
2016-08-02 15:24:59.830,0.313,-0.98,-0.461,-24.39680518124169,-35.68237178830985,121.8199298492591,5.0
2016-08-02 15:24:59.840,0.289,-0.988,-0.441,-26.19308436124136,-37.297584565139246,125.34739638526713,5.0
2016-08-02 15:24:59.850,0.273,-1.023,-0.41,-25.518534175945028,-39.46872469037535,128.00251331549754,5.0
2016-08-02 15:24:59.860,0.27,-1.043,-0.406,-21.724233310752258,-42.2821606409438,129.515111962834,5.0
2016-08-02 15:24:59.870,0.266,-1.02,-0.406,-16.736776405888445,-43.913341665166456,130.22375177462322,5.0
2016-08-02 15:24:59.880,0.254,-1.027,-0.434,-11.730099498690898,-45.22838397470488,130.95521988716865,5.0
2016-08-02 15:24:59.890,0.219,-1.012,-0.453,-9.03374501714202,-46.24455228761183,132.10278676881188,5.0
2016-08-02 15:24:59.900,0.18,-0.988,-0.469,-9.029490267722426,-48.43856132727741,132.28784420984056,5.0
2016-08-02 15:24:59.910,0.145,-1.0,-0.469,-9.397495427013633,-51.96246521128412,132.89868924640749,5.0
2016-08-02 15:24:59.920,0.105,-0.973,-0.445,-9.604890958311305,-53.79571793843844,135.54635811480682,5.0
2016-08-02 15:24:59.930,0.094,-0.988,-0.434,-7.60524917681797,-55.350553363731414,138.18153740033137,5.0
2016-08-02 15:24:59.940,0.09,-0.984,-0.422,-3.0579247350419645,-56.579992362935194,139.83663723245834,5.0
2016-08-02 15:24:59.950,0.078,-0.969,-0.438,0.4736039920206946,-55.005827028434695,140.1954180443267,5.0
2016-08-02 15:24:59.960,0.055,-0.953,-0.43,2.798845265517887,-54.29392425185938,139.0346485008129,5.0
2016-08-02 15:24:59.970,0.023,-0.949,-0.449,3.516327085128133,-55.428351591700824,138.33830188612865,5.0
2016-08-02 15:24:59.980,-0.027,-0.938,-0.453,2.3420371751624804,-55.69448925050641,138.2424334565674,5.0
2016-08-02 15:24:59.990,-0.059,-0.875,-0.426,1.925894185880694,-57.03426396430363,137.96710843010422,5.0
2016-08-02 15:25:00.000,-0.082,-0.875,-0.418,2.0901565586285993,-58.684620114742174,139.2164877647055,5.0
2016-08-02 15:25:00.010,-0.082,-0.84,-0.383,1.532405110870071,-57.73220777142947,141.20162869568128,5.0
2016-08-02 15:25:00.020,-0.063,-0.773,-0.348,1.565276406763596,-57.108974302014666,140.39653027178818,5.0
2016-08-02 15:25:00.030,-0.031,-0.758,-0.34,3.303533072321688,-56.53518607903706,137.40128629051088,5.0
2016-08-02 15:25:00.040,-0.016,-0.73,-0.324,5.7316149723602585,-52.616164306057904,134.12412037603903,5.0
2016-08-02 15:25:00.050,-0.016,-0.746,-0.344,9.174951120083259,-49.40442689361899,129.19296063867944,5.0
2016-08-02 15:25:00.060,-0.055,-0.742,-0.348,13.290449454930332,-47.85451062528807,123.11321009787113,5.0
2016-08-02 15:25:00.070,-0.102,-0.707,-0.352,15.532568259765451,-45.30025019042783,118.19110766621446,5.0
2016-08-02 15:25:00.080,-0.156,-0.73,-0.387,15.650308935638536,-44.78842869748292,114.42808116839242,5.0
2016-08-02 15:25:00.090,-0.227,-0.777,-0.422,12.467445783359404,-44.819792517419316,111.24442240852616,5.0
2016-08-02 15:25:00.100,-0.309,-0.816,-0.438,7.56142268636866,-44.42543138177045,108.3930229953047,5.0
2016-08-02 15:25:00.110,-0.375,-0.879,-0.453,7.095797134083218,-47.363610679121486,107.17801265935368,5.0
2016-08-02 15:25:00.120,-0.43,-0.93,-0.465,9.751368499930718,-49.44558729422475,108.97136834146778,5.0
2016-08-02 15:25:00.130,-0.477,-0.941,-0.48,11.012945399948926,-50.080305957111676,110.79124173184249,5.0
2016-08-02 15:25:00.140,-0.5,-0.938,-0.484,10.412513146526193,-54.683411809626406,110.95656122824,5.0
2016-08-02 15:25:00.150,-0.512,-0.906,-0.449,6.57893062217147,-59.93639545950073,112.12122313454194,5.0
2016-08-02 15:25:00.160,-0.512,-0.883,-0.41,0.33085174661523564,-63.11729050386788,114.29103148742075,5.0
2016-08-02 15:25:00.170,-0.504,-0.844,-0.355,-5.616549144934115,-65.6504329649621,116.12164462666418,5.0
2016-08-02 15:25:00.180,-0.48,-0.789,-0.32,-9.73600649142705,-65.69635156745336,118.62658743367467,5.0
2016-08-02 15:25:00.190,-0.48,-0.789,-0.32,-9.709344100205183,-62.48582974673453,121.43828293140777,5.0
2016-08-02 15:25:00.200,-0.52,-0.754,-0.305,-8.552517008082454,-59.090751065000426,122.558731295142,5.0
2016-08-02 15:25:00.210,-0.516,-0.664,-0.277,-10.44241866811777,-58.93939098386693,123.74349447972511,5.0
2016-08-02 15:25:00.220,-0.527,-0.676,-0.254,-13.692176349247177,-58.94078155729582,127.74282510912184,5.0
2016-08-02 15:25:00.230,-0.539,-0.656,-0.211,-16.759076297235758,-56.280504491244315,130.7087667292055,5.0
2016-08-02 15:25:00.240,-0.527,-0.648,-0.176,-15.879301911116947,-54.95540781693238,130.3761142787769,5.0
2016-08-02 15:25:00.250,-0.543,-0.645,-0.172,-10.874076396107721,-52.54003235556702,130.28180922411337,5.0
2016-08-02 15:25:00.260,-0.574,-0.594,-0.164,-8.760179051853651,-48.368746336883916,129.5162297648807,5.0
2016-08-02 15:25:00.270,-0.594,-0.59,-0.199,-8.587923712905667,-48.08666860605205,127.68091306092836,5.0
2016-08-02 15:25:00.280,-0.66,-0.602,-0.227,-7.188096452273491,-47.792461838232015,127.27375181339588,5.0
2016-08-02 15:25:00.290,-0.691,-0.559,-0.238,-7.279680776284723,-47.86039407735807,127.52251644112472,5.0
2016-08-02 15:25:00.300,-0.672,-0.52,-0.219,-8.964290275162304,-51.45797848418089,129.10290239206245,5.0
2016-08-02 15:25:00.310,-0.645,-0.527,-0.23,-10.608148256013227,-51.23123536227194,129.51530655208418,5.0
2016-08-02 15:25:00.320,-0.656,-0.57,-0.25,-9.991208697657136,-48.769545754253826,124.03902537991848,5.0
2016-08-02 15:25:00.330,-0.68,-0.543,-0.266,-6.594462862057657,-50.134545158670136,117.79643863963705,5.0
2016-08-02 15:25:00.340,-0.711,-0.512,-0.289,-6.781683858877095,-53.1353018270091,116.24500971340962,5.0
2016-08-02 15:25:00.350,-0.711,-0.469,-0.273,-13.532490925986849,-57.85970067100675,116.27175566766951,5.0
2016-08-02 15:25:00.360,-0.688,-0.496,-0.273,-18.370445660755575,-61.973988414520264,115.0100756890596,5.0
2016-08-02 15:25:00.370,-0.695,-0.539,-0.27,-13.373739655808748,-59.62851025641922,113.02384567750286,5.0
2016-08-02 15:25:00.380,-0.707,-0.539,-0.297,-1.7629351402816438,-54.57146877229728,110.31005084883381,5.0
2016-08-02 15:25:00.390,-0.766,-0.512,-0.332,5.434156912118157,-54.44447879413817,107.37649179812232,5.0
2016-08-02 15:25:00.400,-0.785,-0.418,-0.301,-0.4240989363336527,-61.0768993783777,106.06443099070323,5.0
2016-08-02 15:25:00.410,-0.77,-0.418,-0.285,-13.890457224678151,-68.6814743514922,106.440836462934,5.0
2016-08-02 15:25:00.420,-0.766,-0.445,-0.23,-19.7979892809204,-69.03205263430434,106.41120833837209,5.0
2016-08-02 15:25:00.430,-0.719,-0.453,-0.184,-12.75515335614385,-64.84016877486592,103.86133248313749,5.0
2016-08-02 15:25:00.440,-0.719,-0.449,-0.215,-1.4429265423145516,-58.852573317995294,100.30706906968928,5.0
2016-08-02 15:25:00.450,-0.773,-0.371,-0.238,3.8863479126104563,-52.68156874516945,98.15014599514957,5.0
2016-08-02 15:25:00.460,-0.793,-0.301,-0.25,0.045899231192053636,-55.47327762050267,97.42444958459629,5.0
2016-08-02 15:25:00.470,-0.809,-0.309,-0.215,-7.460307720655635,-60.01234118566889,98.57513176881298,5.0
2016-08-02 15:25:00.480,-0.832,-0.332,-0.16,-10.035228753731063,-58.299007693258616,98.97583525309436,5.0
2016-08-02 15:25:00.490,-0.824,-0.332,-0.109,-8.040404513619308,-59.293162579019075,96.92394939250822,5.0
2016-08-02 15:25:00.500,-0.824,-0.313,-0.063,-7.96056257595793,-60.56543694555626,95.28352174910178,5.0
2016-08-02 15:25:00.510,-0.832,-0.313,-0.039,-8.912178651701213,-58.70792689291015,92.91659551479205,5.0
2016-08-02 15:25:00.520,-0.836,-0.328,-0.023,-6.138041011547722,-58.42388514918457,89.43553770866326,5.0
2016-08-02 15:25:00.530,-0.836,-0.313,-0.035,-0.07459408323583439,-56.10955083745904,87.42490800774266,5.0
2016-08-02 15:25:00.540,-0.859,-0.266,-0.059,4.19666487131311,-51.98309300379936,85.51928299842443,5.0
2016-08-02 15:25:00.550,-0.879,-0.23,-0.094,2.5026314299427357,-51.60866446473902,83.59694820206393,5.0
2016-08-02 15:25:00.560,-0.887,-0.195,-0.109,-3.5685496502384555,-52.65244318282426,83.37695692462802,5.0
2016-08-02 15:25:00.570,-0.887,-0.184,-0.105,-9.936813452973192,-52.10281572068037,83.65356477311771,5.0
2016-08-02 15:25:00.580,-0.879,-0.176,-0.063,-14.541127775600287,-51.02083742400622,83.16416130873665,5.0
2016-08-02 15:25:00.590,-0.863,-0.184,-0.027,-16.322587452650254,-48.354906352960164,81.96701782938825,5.0
2016-08-02 15:25:00.600,-0.875,-0.184,0.004,-14.694479187421225,-43.316423886381266,80.06755007594641,5.0
2016-08-02 15:25:00.610,-0.871,-0.184,0.008,-10.7167062027531,-38.8395151359625,77.14505439453774,5.0
2016-08-02 15:25:00.620,-0.875,-0.168,0.0,-6.6983027298295275,-35.76849521437187,73.24312872276609,5.0
2016-08-02 15:25:00.630,-0.902,-0.148,-0.012,-3.9767312630568528,-33.69924588247015,69.13239450529868,5.0
2016-08-02 15:25:00.640,-0.895,-0.082,-0.004,-3.593351241999285,-33.870753994948714,65.48384064142772,5.0
2016-08-02 15:25:00.650,-0.902,-0.031,-0.016,-7.193503573609162,-34.08577467123063,62.23080724971689,5.0
2016-08-02 15:25:00.660,-0.926,-0.016,-0.004,-11.890250193360869,-33.70665913617093,59.48937305533147,5.0
2016-08-02 15:25:00.670,-0.934,-0.012,0.008,-10.384295305461297,-35.01006439598364,58.594000582135806,5.0
2016-08-02 15:25:00.680,-0.961,-0.004,0.012,-0.30290894017686343,-34.25412212226373,59.38337949576834,5.0
2016-08-02 15:25:00.690,-0.992,0.02,0.016,14.482569362523519,-30.819232479038384,59.651407992634155,5.0
2016-08-02 15:25:00.700,-0.988,0.055,0.059,28.797789297004428,-30.254662678489034,57.57180292327956,5.0
2016-08-02 15:25:00.710,-0.973,0.09,0.098,36.804811977915726,-29.469198591914576,52.01195003160761,5.0
2016-08-02 15:25:00.720,-0.973,0.133,0.121,36.18124962472457,-25.24368572142346,44.36203501755435,5.0
2016-08-02 15:25:00.730,-0.965,0.172,0.16,30.55174210557447,-23.902182696546685,36.920013386308156,5.0
2016-08-02 15:25:00.740,-0.953,0.207,0.184,24.409570293837778,-24.45976442462704,30.471664100682872,5.0
2016-08-02 15:25:00.750,-0.961,0.203,0.176,21.731349676694073,-20.930271351311646,26.43382049704015,5.0
2016-08-02 15:25:00.760,-0.965,0.191,0.145,24.2418840109711,-17.269554421537837,23.856531531660536,5.0
2016-08-02 15:25:00.770,-0.988,0.211,0.113,27.85959368584594,-16.090103558075423,20.288406263625692,5.0
2016-08-02 15:25:00.780,-1.027,0.242,0.094,26.775982049945377,-15.235460351931616,17.27105100303897,5.0
2016-08-02 15:25:00.790,-1.035,0.273,0.121,21.337956643797124,-16.980864725614154,15.576988664859202,5.0
2016-08-02 15:25:00.800,-0.996,0.27,0.18,18.23864862758014,-19.038025816041333,13.656219779913226,5.0
2016-08-02 15:25:00.810,-0.969,0.23,0.223,21.8701053715856,-14.706830149300483,11.624195586014679,5.0
2016-08-02 15:25:00.820,-0.965,0.215,0.227,30.40200666945796,-7.160793239061591,9.171383157491569,5.0
2016-08-02 15:25:00.830,-0.973,0.23,0.238,37.92157197664193,-2.713541755409277,5.496284036663893,5.0
2016-08-02 15:25:00.840,-0.98,0.242,0.23,39.84590188844204,-0.3194936987124153,1.6085796943987243,5.0
2016-08-02 15:25:00.850,-0.984,0.246,0.227,39.245557163083966,1.7949147836640122,-1.8211455160178007,5.0
2016-08-02 15:25:00.860,-0.992,0.246,0.211,39.44216054787508,3.987569902683229,-5.66308224981327,5.0
2016-08-02 15:25:00.870,-1.0,0.254,0.211,37.805755561496184,6.400823406695251,-10.002210654882632,5.0
2016-08-02 15:25:00.880,-1.004,0.254,0.211,33.47775767626512,7.163662859281168,-14.551545798461195,5.0
2016-08-02 15:25:00.890,-1.008,0.227,0.211,29.217462251633634,6.807908681619087,-19.081221225914877,5.0
2016-08-02 15:25:00.900,-1.004,0.172,0.203,28.371833710138706,7.814257085113212,-22.31131208143942,5.0
2016-08-02 15:25:00.910,-1.0,0.148,0.176,32.90086148686646,10.572100685835988,-23.752651258173408,5.0
2016-08-02 15:25:00.920,-0.992,0.168,0.152,38.79186864581166,13.57748363821183,-24.073432669441523,5.0
2016-08-02 15:25:00.930,-0.992,0.176,0.121,38.769196997399035,14.6292591008398,-24.696140876450464,5.0
2016-08-02 15:25:00.940,-1.004,0.164,0.105,33.07741672533943,14.034966344302823,-26.60082789955091,5.0
2016-08-02 15:25:00.950,-0.992,0.148,0.113,27.667400275653776,12.683452445308854,-28.753012211319458,5.0
2016-08-02 15:25:00.960,-0.98,0.125,0.129,23.31832332775633,11.513922005985012,-31.44269013983923,5.0
2016-08-02 15:25:00.970,-0.984,0.098,0.133,19.568930398339038,12.811241180762957,-35.18625907499488,5.0
2016-08-02 15:25:00.980,-0.984,0.086,0.137,18.728416977434225,14.646751909663486,-38.15344199568739,5.0
2016-08-02 15:25:00.990,-0.973,0.09,0.129,19.18046023404591,15.502476460745033,-40.59861166647155,5.0
2016-08-02 15:25:01.000,-0.992,0.078,0.105,17.723212597258613,17.985082417833063,-43.59643934923561,5.0
2016-08-02 15:25:01.010,-0.992,0.074,0.102,14.909416954516221,19.63786726640908,-45.73626497791302,5.0
2016-08-02 15:25:01.020,-0.965,0.074,0.109,12.127619181094406,18.048392632725694,-47.345219191922446,5.0
2016-08-02 15:25:01.030,-0.953,0.051,0.113,9.86427444322019,17.64311241786879,-49.97695986142101,5.0
2016-08-02 15:25:01.040,-0.957,0.023,0.109,8.96291801969291,19.271950475795983,-52.83655373827415,5.0
2016-08-02 15:25:01.050,-0.953,0.016,0.113,9.197000970545494,19.959610382705307,-55.690885899470715,5.0
2016-08-02 15:25:01.060,-0.953,0.004,0.098,8.477742478966796,20.668447867143247,-59.32140096928214,5.0
2016-08-02 15:25:01.070,-0.965,0.008,0.086,5.500442198712714,21.657648628975124,-62.91300644074748,5.0
2016-08-02 15:25:01.080,-0.953,0.004,0.078,0.709347337259565,21.206278874536217,-65.5930682837946,5.0
2016-08-02 15:25:01.090,-0.941,-0.02,0.066,-4.038669160542092,21.03933898853206,-67.62068738313997,5.0
2016-08-02 15:25:01.100,-0.945,-0.047,0.059,-6.252675532313953,22.49237481615626,-69.27860675348786,5.0
2016-08-02 15:25:01.110,-0.941,-0.059,0.055,-6.3709297697963505,23.47250889334807,-70.92344949622422,5.0
2016-08-02 15:25:01.120,-0.93,-0.063,0.051,-7.14173876393628,23.6309972479017,-73.24454154065629,5.0
2016-08-02 15:25:01.130,-0.922,-0.074,0.047,-8.969718831427416,23.95310688061856,-76.45096487324557,5.0
2016-08-02 15:25:01.140,-0.902,-0.094,0.051,-10.567701200996353,24.01010600499489,-80.17659609690809,5.0
2016-08-02 15:25:01.150,-0.875,-0.117,0.047,-11.02998937101593,24.536961447628546,-84.51905032251958,5.0
2016-08-02 15:25:01.160,-0.848,-0.141,0.039,-9.820855024754765,26.721822790348803,-89.80013942528592,5.0
2016-08-02 15:25:01.170,-0.84,-0.145,0.027,-8.06663705079393,29.42426524408502,-95.68284461489894,5.0
2016-08-02 15:25:01.180,-0.828,-0.137,0.012,-8.734506600260747,30.918275217325334,-101.53226856183608,5.0
2016-08-02 15:25:01.190,-0.813,-0.152,-0.004,-12.969973772492263,31.204642111839846,-106.89759312254978,5.0
2016-08-02 15:25:01.200,-0.797,-0.172,-0.008,-17.48743617982712,31.632387261351596,-111.94284750542926,5.0
2016-08-02 15:25:01.210,-0.758,-0.188,-0.008,-19.158046690416267,33.3111353316813,-117.21888553767823,5.0
2016-08-02 15:25:01.220,-0.73,-0.242,-0.031,-18.123811094787367,36.581095776951145,-122.85077722252444,5.0
2016-08-02 15:25:01.230,-0.746,-0.266,-0.063,-14.987406532297507,39.80962470882069,-128.34971103772185,5.0
2016-08-02 15:25:01.240,-0.746,-0.234,-0.066,-12.389616968919182,40.08585703293926,-132.68099056985983,5.0
2016-08-02 15:25:01.250,-0.727,-0.246,-0.094,-14.485707512354177,38.861082106036825,-135.8640269903603,5.0
2016-08-02 15:25:01.260,-0.719,-0.25,-0.113,-20.74187565741587,39.041966869610235,-139.44000397630182,5.0
2016-08-02 15:25:01.270,-0.695,-0.258,-0.102,-27.35147564914805,38.775002607955884,-143.604084792677,5.0
2016-08-02 15:25:01.280,-0.66,-0.309,-0.086,-31.368870856054663,38.66885473229904,-147.5382360048926,5.0
2016-08-02 15:25:01.290,-0.664,-0.398,-0.094,-30.596130152707175,41.34422024584845,-151.65668838139442,5.0
2016-08-02 15:25:01.300,-0.699,-0.41,-0.086,-26.741910827435298,42.559785114747804,-155.42082576727972,5.0
2016-08-02 15:25:01.310,-0.711,-0.43,-0.086,-25.781840935976124,40.42526949731679,-156.89301555868437,5.0
2016-08-02 15:25:01.320,-0.758,-0.473,-0.129,-29.743165842595214,39.21129890062873,-156.07493569871434,5.0
2016-08-02 15:25:01.330,-0.793,-0.457,-0.133,-34.91912275125651,37.940000358997665,-154.04617262537937,5.0
2016-08-02 15:25:01.340,-0.75,-0.473,-0.129,-38.264445281320214,36.806127285281434,-151.49683808945483,5.0
2016-08-02 15:25:01.350,-0.727,-0.543,-0.145,-38.51660349037203,40.576883896167416,-150.25180778444062,5.0
2016-08-02 15:25:01.360,-0.707,-0.555,-0.145,-35.80541864604988,45.222005143487294,-151.04284360509553,5.0
2016-08-02 15:25:01.370,-0.691,-0.609,-0.16,-33.70341366066006,47.05549340722753,-151.8939026069022,5.0
2016-08-02 15:25:01.380,-0.738,-0.641,-0.188,-35.07390342115342,49.628910835450796,-150.92008745783463,5.0
2016-08-02 15:25:01.390,-0.762,-0.586,-0.199,-38.63947232275553,50.42529754010059,-147.0158412604008,5.0
2016-08-02 15:25:01.400,-0.727,-0.57,-0.223,-43.33940875375123,49.76966416230249,-141.32310966987043,5.0
2016-08-02 15:25:01.410,-0.762,-0.719,-0.27,-47.09406725148058,52.98486637617705,-137.04428525193026,5.0
2016-08-02 15:25:01.420,-0.793,-0.738,-0.234,-46.02719080357696,55.580829968393054,-132.903751289654,5.0
2016-08-02 15:25:01.430,-0.715,-0.684,-0.195,-42.98005234278115,56.81183246723235,-126.6044593516942,5.0
2016-08-02 15:25:01.440,-0.684,-0.727,-0.199,-43.550009526801986,61.3675720243492,-122.70835110097273,5.0
2016-08-02 15:25:01.450,-0.668,-0.73,-0.172,-44.250972218784234,63.24847680677457,-122.68498122236916,5.0
2016-08-02 15:25:01.460,-0.578,-0.727,-0.156,-39.24563035151003,63.172203007379295,-121.83558712464,5.0
2016-08-02 15:25:01.470,-0.582,-0.852,-0.23,-30.594255461166238,68.93871964270744,-121.37501399030688,5.0
2016-08-02 15:25:01.480,-0.664,-0.852,-0.273,-23.111950423421547,71.8181180183546,-121.03221378472273,5.0
2016-08-02 15:25:01.490,-0.621,-0.746,-0.281,-20.32371556712151,67.17733065761031,-115.37514257528628,5.0
2016-08-02 15:25:01.500,-0.586,-0.758,-0.297,-23.837381870571317,64.84714011256844,-109.51177490500092,5.0
2016-08-02 15:25:01.510,-0.543,-0.797,-0.273,-27.277923070974698,63.75971429555469,-109.34322747052643,5.0
2016-08-02 15:25:01.520,-0.426,-0.789,-0.219,-22.412149381394684,63.018126820948865,-109.6117965403639,5.0
2016-08-02 15:25:01.530,-0.324,-0.816,-0.215,-11.619500112505298,68.98922042129479,-110.01414167653468,5.0
2016-08-02 15:25:01.540,-0.309,-0.883,-0.277,-1.299188089706278,74.29202417645594,-114.42063753184955,5.0
2016-08-02 15:25:01.550,-0.332,-0.879,-0.336,6.456544923044985,72.26358932995112,-118.1541693538426,5.0
2016-08-02 15:25:01.560,-0.348,-0.832,-0.371,10.024014325624874,69.26995253548718,-117.03668535896183,5.0
2016-08-02 15:25:01.570,-0.355,-0.816,-0.391,8.86033612978348,66.13593604643614,-114.22111049539564,5.0
2016-08-02 15:25:01.580,-0.336,-0.824,-0.383,6.768036349986969,60.94789891194737,-112.5532729962691,5.0
2016-08-02 15:25:01.590,-0.277,-0.855,-0.348,7.934850739700432,58.82072321565491,-112.20377229607945,5.0
2016-08-02 15:25:01.600,-0.207,-0.883,-0.316,12.838813396770242,61.430239964674584,-113.60529124037569,5.0
2016-08-02 15:25:01.610,-0.148,-0.898,-0.316,20.192314335484955,64.29790009056526,-116.71233590233233,5.0
2016-08-02 15:25:01.620,-0.121,-0.922,-0.344,28.86643431242024,65.84545744918861,-120.52606636950361,5.0
2016-08-02 15:25:01.630,-0.141,-0.977,-0.41,35.803402878591086,66.22282174734801,-124.05492214054519,5.0
2016-08-02 15:25:01.640,-0.184,-0.934,-0.438,37.26378486673729,63.13645152849215,-125.59621223355761,5.0
2016-08-02 15:25:01.650,-0.191,-0.863,-0.445,32.60070549125334,57.839518240628195,-123.8033105884654,5.0
2016-08-02 15:25:01.660,-0.18,-0.867,-0.43,24.69032504242117,54.28648370163134,-120.78152899243995,5.0
2016-08-02 15:25:01.670,-0.129,-0.863,-0.371,19.688459664504506,52.30127718705863,-120.0335122242197,5.0
2016-08-02 15:25:01.680,-0.031,-0.875,-0.324,20.82734036198867,53.33711251184517,-121.88001616545074,5.0
2016-08-02 15:25:01.690,0.031,-0.91,-0.305,24.35382983506843,58.72341311471287,-125.52650113241415,5.0
2016-08-02 15:25:01.700,0.066,-0.859,-0.285,28.50673378774646,62.33054914222746,-130.11413334172815,5.0
2016-08-02 15:25:01.710,0.082,-0.836,-0.313,32.27784538211644,62.40315409599276,-132.43098696520465,5.0
2016-08-02 15:25:01.720,0.07,-0.906,-0.363,30.872758960828605,61.80658522884134,-132.79503684107502,5.0
2016-08-02 15:25:01.730,0.063,-0.84,-0.359,25.49489756295833,57.805357342053725,-134.542215955409,5.0
2016-08-02 15:25:01.740,0.105,-0.82,-0.332,18.90466635140826,53.93364627368242,-135.08352640714878,5.0
2016-08-02 15:25:01.750,0.137,-0.875,-0.316,10.488115918102453,55.613179046067216,-133.6475143320214,5.0
2016-08-02 15:25:01.760,0.16,-0.879,-0.305,5.831632788839653,55.85163629437976,-134.8695730913193,5.0
2016-08-02 15:25:01.770,0.207,-0.898,-0.297,5.7549112634600466,55.14879303154248,-136.29903248496805,5.0
2016-08-02 15:25:01.780,0.23,-1.023,-0.336,2.993748764068026,60.3623269517942,-135.19294210419562,5.0
2016-08-02 15:25:01.790,0.223,-0.992,-0.348,-0.2514382391234635,62.65328554322943,-136.0200199477571,5.0
2016-08-02 15:25:01.800,0.223,-0.941,-0.363,-4.234089652638636,59.74906422885645,-135.88936072566563,5.0
2016-08-02 15:25:01.810,0.238,-0.949,-0.402,-17.406177663907847,61.97984953495882,-129.8004466919764,5.0
2016-08-02 15:25:01.820,0.242,-0.926,-0.438,-32.97761422286203,63.02414131665025,-125.00606859037168,5.0
2016-08-02 15:25:01.830,0.285,-0.887,-0.422,-41.05801743741389,57.59107854042165,-125.421062146911,5.0
2016-08-02 15:25:01.840,0.352,-0.906,-0.398,-46.60644735201893,57.28224498591435,-124.75244013139437,5.0
2016-08-02 15:25:01.850,0.402,-0.91,-0.367,-50.411672067886556,60.704621868219164,-122.25464971397315,5.0
2016-08-02 15:25:01.860,0.445,-0.906,-0.336,-49.89070273215884,59.36827000245787,-120.71752113431734,5.0
2016-08-02 15:25:01.870,0.484,-0.973,-0.359,-50.69517717511416,58.1202093636365,-119.6613644712366,5.0
2016-08-02 15:25:01.880,0.516,-0.953,-0.367,-52.951651453824724,56.44514696898143,-119.85670102180525,5.0
2016-08-02 15:25:01.890,0.527,-0.91,-0.383,-53.77692244137175,50.98480132131126,-118.6767215783408,5.0
2016-08-02 15:25:01.900,0.551,-0.965,-0.43,-57.797004546808594,48.89004316264595,-114.19225098270704,5.0
2016-08-02 15:25:01.910,0.563,-0.941,-0.453,-62.44853194331492,47.50184852215617,-112.47016202066223,5.0
2016-08-02 15:25:01.920,0.594,-0.93,-0.461,-63.54196148177429,41.83334962043004,-111.92433726362091,5.0
2016-08-02 15:25:01.930,0.629,-0.934,-0.461,-67.50649388166758,40.557896970270015,-105.93879509428878,5.0
2016-08-02 15:25:01.940,0.637,-0.934,-0.469,-71.77639063483501,40.565875726142366,-98.44205120670452,5.0
2016-08-02 15:25:01.950,0.66,-0.898,-0.469,-69.85032369631503,34.53954691377924,-92.31803526503856,5.0
2016-08-02 15:25:01.960,0.684,-0.914,-0.504,-67.21478456105207,31.17268567031477,-84.49281425748664,5.0
2016-08-02 15:25:01.970,0.711,-0.902,-0.516,-64.98057273733728,30.44739634264938,-77.01378651470573,5.0
2016-08-02 15:25:01.980,0.738,-0.859,-0.504,-60.03841852072023,25.33773336429057,-72.49710613113366,5.0
2016-08-02 15:25:01.990,0.777,-0.844,-0.5,-57.42770284574532,21.78709087810669,-67.96317819126948,5.0
2016-08-02 15:25:02.000,0.793,-0.84,-0.496,-56.71140903698647,21.715513250594988,-62.72171785971955,5.0
2016-08-02 15:25:02.010,0.805,-0.82,-0.48,-50.180993010511656,18.893077783574668,-58.13875762984952,5.0
2016-08-02 15:25:02.020,0.797,-0.82,-0.492,-41.193219803364,15.294506933267083,-52.22448973367712,5.0
2016-08-02 15:25:02.030,0.781,-0.832,-0.523,-35.91140544617899,13.029025312733651,-45.5818322858117,5.0
2016-08-02 15:25:02.040,0.754,-0.813,-0.531,-30.040519161300768,8.64580352259022,-40.44440412840687,5.0
2016-08-02 15:25:02.050,0.73,-0.82,-0.555,-22.62519897160325,4.407910275914225,-34.783217291360636,5.0
2016-08-02 15:25:02.060,0.711,-0.828,-0.566,-17.165376030430874,1.888498214517916,-28.344246878868518,5.0
2016-08-02 15:25:02.070,0.684,-0.816,-0.566,-10.742187317945103,-3.3135602135641484,-23.020324093322213,5.0
2016-08-02 15:25:02.080,0.66,-0.82,-0.57,-3.323548379608518,-9.68187276814519,-17.8833742199089,5.0
2016-08-02 15:25:02.090,0.652,-0.82,-0.551,2.5023402469305487,-13.92633901082275,-12.926373227402294,5.0
2016-08-02 15:25:02.100,0.648,-0.816,-0.535,8.737721263680681,-17.168872633970437,-9.320792753470656,5.0
2016-08-02 15:25:02.110,0.648,-0.813,-0.535,14.5286123846668,-18.226145442956835,-6.533033120109612,5.0
2016-08-02 15:25:02.120,0.629,-0.816,-0.535,20.3167447156524,-17.385518641157525,-4.048072427603714,5.0
2016-08-02 15:25:02.130,0.613,-0.813,-0.531,28.86854578950281,-17.496853829921513,-1.7294144103589764,5.0
2016-08-02 15:25:02.140,0.594,-0.805,-0.543,36.17602575700205,-17.93768796693493,1.0297733951881363,5.0
2016-08-02 15:25:02.150,0.563,-0.801,-0.559,38.77034869441314,-18.64033563899787,4.123440197589375,5.0
2016-08-02 15:25:02.160,0.535,-0.777,-0.547,38.82816454237671,-20.850962439235836,6.872301841759219,5.0
2016-08-02 15:25:02.170,0.52,-0.77,-0.508,38.851509669480606,-22.665634613863993,9.972314153902325,5.0
2016-08-02 15:25:02.180,0.516,-0.793,-0.473,40.608957357186405,-22.80805637383046,13.370284272844913,5.0
2016-08-02 15:25:02.190,0.523,-0.82,-0.441,44.367985509149754,-23.028288177287607,14.66596615181587,5.0
2016-08-02 15:25:02.200,0.531,-0.824,-0.422,48.697025787000165,-23.251943392771985,14.603940745896725,5.0
2016-08-02 15:25:02.210,0.531,-0.84,-0.418,52.58976416045911,-21.908225780135986,16.478282827378603,5.0
2016-08-02 15:25:02.220,0.531,-0.855,-0.434,55.89357614164312,-20.757885658407165,18.409134799650577,5.0
2016-08-02 15:25:02.230,0.52,-0.84,-0.441,57.745485405516405,-21.816746919644235,18.313285510568296,5.0
2016-08-02 15:25:02.240,0.512,-0.836,-0.465,55.114494641239105,-22.47368968893362,19.753915820631498,5.0
2016-08-02 15:25:02.250,0.5,-0.828,-0.48,48.178879382800844,-21.356102139506117,23.310075024213745,5.0
2016-08-02 15:25:02.260,0.5,-0.84,-0.469,42.753373339082216,-20.923347796728716,26.07475912948216,5.0
2016-08-02 15:25:02.270,0.5,-0.879,-0.449,40.947743707582106,-20.713318952155674,28.693448800651282,5.0
2016-08-02 15:25:02.280,0.492,-0.91,-0.438,40.05989886488904,-19.682666421360018,32.585872174874815,5.0
2016-08-02 15:25:02.290,0.488,-0.938,-0.414,38.6772134228698,-19.74585546032103,37.03812060674582,5.0
2016-08-02 15:25:02.300,0.488,-0.953,-0.395,37.08314744687743,-20.995191493631953,41.016975034881476,5.0
2016-08-02 15:25:02.310,0.504,-0.965,-0.398,35.378848704850505,-21.70360189584768,44.55372916344767,5.0
2016-08-02 15:25:02.320,0.52,-0.965,-0.402,31.12680905380057,-21.53323336303057,47.860506188166376,5.0
2016-08-02 15:25:02.330,0.523,-0.949,-0.422,23.676049155404424,-21.245288724144658,51.22002132145759,5.0
2016-08-02 15:25:02.340,0.52,-0.938,-0.445,16.53286243209134,-20.568714620212685,56.21699714225863,5.0
2016-08-02 15:25:02.350,0.512,-0.949,-0.441,11.48951427175872,-18.56422194804155,62.653836793922125,5.0
2016-08-02 15:25:02.360,0.512,-0.961,-0.453,8.651882686557988,-15.902767811795192,69.01924932504652,5.0
2016-08-02 15:25:02.370,0.512,-0.996,-0.465,6.709044147705372,-13.306446203767333,75.98955177579748,5.0
2016-08-02 15:25:02.380,0.512,-0.988,-0.449,3.658820978357172,-11.832961797963932,83.17832262389548,5.0
2016-08-02 15:25:02.390,0.504,-1.0,-0.438,0.09543461301952005,-12.664305551284064,88.95876282731706,5.0
2016-08-02 15:25:02.400,0.516,-0.996,-0.434,-2.8932095963055664,-13.538939850599006,93.35881354349739,5.0
2016-08-02 15:25:02.410,0.508,-1.012,-0.426,-4.081460129900434,-13.260467040174007,97.13338195562392,5.0
2016-08-02 15:25:02.420,0.492,-1.031,-0.41,-3.302980861463018,-14.073503501451142,100.87057545066783,5.0
2016-08-02 15:25:02.430,0.465,-1.027,-0.402,-2.2655005510017525,-16.29585097485569,105.29895794309283,5.0
2016-08-02 15:25:02.440,0.449,-1.023,-0.434,-2.0672911983317532,-17.989428752467163,110.91320989462005,5.0
2016-08-02 15:25:02.450,0.43,-1.008,-0.453,-3.1312348246906008,-18.812699167060988,115.91686533989417,5.0
2016-08-02 15:25:02.460,0.41,-1.008,-0.465,-4.157842398414143,-20.390253413748013,118.63950232387936,5.0
2016-08-02 15:25:02.470,0.395,-1.0,-0.469,-4.187606817743933,-22.311167631129834,120.80950439089378,5.0
2016-08-02 15:25:02.480,0.383,-0.996,-0.457,-3.9615953291662933,-23.39428448390595,123.83583617094129,5.0
2016-08-02 15:25:02.490,0.363,-1.004,-0.434,-3.111847779987624,-24.787061733611747,126.36520225881992,5.0
2016-08-02 15:25:02.500,0.328,-1.031,-0.434,-0.893344769286854,-27.17723116906963,127.17507388191919,5.0
2016-08-02 15:25:02.510,0.309,-1.027,-0.418,2.7524561676144117,-29.88527700972096,127.48363567332332,5.0
2016-08-02 15:25:02.520,0.277,-1.027,-0.453,6.476580512669471,-32.366240234443865,129.0992575941507,5.0
2016-08-02 15:25:02.530,0.258,-1.012,-0.477,8.06757571825665,-35.115275823334436,131.50052916167746,5.0
2016-08-02 15:25:02.540,0.234,-1.012,-0.512,7.506930036952904,-38.9318627302601,132.90427107360554,5.0
2016-08-02 15:25:02.550,0.223,-1.008,-0.516,6.37733174229971,-43.01788605566837,133.16794825059034,5.0
2016-08-02 15:25:02.560,0.211,-1.0,-0.5,5.962879577659776,-46.38314451199785,133.89623176188138,5.0
2016-08-02 15:25:02.570,0.188,-1.0,-0.457,7.398139992781496,-48.990449177693804,135.82295199732752,5.0
2016-08-02 15:25:02.580,0.164,-1.027,-0.434,10.801461569581068,-50.73877805936365,137.21442231587463,5.0
2016-08-02 15:25:02.590,0.148,-1.031,-0.434,14.788887544110002,-51.65186006868603,136.8213553840207,5.0
2016-08-02 15:25:02.600,0.125,-1.008,-0.438,18.583716191372957,-51.69623259800069,136.4903148874044,5.0
2016-08-02 15:25:02.610,0.098,-0.961,-0.445,21.34592680534668,-51.16447407580411,138.11957958160414,5.0
2016-08-02 15:25:02.620,0.07,-0.961,-0.469,20.58361792979898,-51.4010471170904,140.08520552722302,5.0
2016-08-02 15:25:02.630,0.051,-0.941,-0.469,17.22462932343596,-53.096053650409445,139.93482433023746,5.0
2016-08-02 15:25:02.640,0.027,-0.953,-0.469,14.902327340494082,-54.824458218233005,138.83274497052867,5.0
2016-08-02 15:25:02.650,0.0,-0.945,-0.418,14.688743294035266,-55.30351820431729,138.72081241004508,5.0
2016-08-02 15:25:02.660,-0.02,-0.934,-0.387,16.494635898777346,-55.071031557946306,139.38499381721238,5.0
2016-08-02 15:25:02.670,-0.047,-0.945,-0.371,17.69899581895593,-54.648698524334336,139.7528817700035,5.0
2016-08-02 15:25:02.680,-0.086,-0.918,-0.352,16.28913735993595,-55.05982643865977,138.8191157959061,5.0
2016-08-02 15:25:02.690,-0.117,-0.898,-0.344,14.175236097785323,-55.95358380475922,137.68754669353328,5.0
2016-08-02 15:25:02.700,-0.141,-0.887,-0.34,11.898810774202484,-54.953897914095386,136.964032809919,5.0
2016-08-02 15:25:02.710,-0.172,-0.867,-0.328,10.406881234618565,-53.72066289920145,135.1267207078196,5.0
2016-08-02 15:25:02.720,-0.188,-0.828,-0.297,10.246003309932501,-52.19856747335923,132.94795520395758,5.0
2016-08-02 15:25:02.730,-0.207,-0.844,-0.305,9.076451095805465,-47.26546359470527,131.5013788401233,5.0
2016-08-02 15:25:02.740,-0.246,-0.805,-0.293,7.778391883104739,-42.59952046884587,130.90799432796769,5.0
2016-08-02 15:25:02.750,-0.273,-0.828,-0.316,7.970291667959765,-39.09795537864693,132.1909328518522,5.0
2016-08-02 15:25:02.760,-0.305,-0.844,-0.344,8.071269095646711,-34.361737501772225,133.90111561945747,5.0
2016-08-02 15:25:02.770,-0.34,-0.793,-0.363,5.897940710811825,-33.79012351069848,134.11180936649959,5.0
2016-08-02 15:25:02.780,-0.375,-0.824,-0.379,-0.6793314778799928,-37.78853064660448,133.42697349318908,5.0
2016-08-02 15:25:02.790,-0.395,-0.832,-0.371,-8.553108404122717,-41.92703906858692,132.01313892255132,5.0
2016-08-02 15:25:02.800,-0.395,-0.832,-0.359,-12.135948798045352,-46.95149570394406,130.6889735758292,5.0
2016-08-02 15:25:02.810,-0.375,-0.836,-0.32,-12.294000712681141,-49.87525839429006,129.91190143886033,5.0
2016-08-02 15:25:02.820,-0.375,-0.887,-0.309,-9.413504925228839,-49.74410365478231,128.9020456375918,5.0
2016-08-02 15:25:02.830,-0.352,-0.859,-0.313,-2.961353591663039,-50.81719606861098,129.03444592011803,5.0
2016-08-02 15:25:02.840,-0.332,-0.816,-0.336,0.5593523957101729,-51.03026412606231,129.39852157713864,5.0
2016-08-02 15:25:02.850,-0.34,-0.832,-0.371,-2.412925902150426,-51.52094614791202,127.1218473184611,5.0
2016-08-02 15:25:02.860,-0.379,-0.824,-0.387,-7.043712897537487,-57.36512464023259,124.84955109934647,5.0
2016-08-02 15:25:02.870,-0.402,-0.785,-0.383,-11.22160716775769,-63.96790102097066,125.85736375863844,5.0
2016-08-02 15:25:02.880,-0.414,-0.75,-0.34,-15.131568488330695,-66.63348275012113,128.1474950702081,5.0
2016-08-02 15:25:02.890,-0.395,-0.707,-0.258,-14.35449149838756,-65.37770886100498,129.01111189980958,5.0
2016-08-02 15:25:02.900,-0.375,-0.789,-0.258,-6.73130443657162,-60.25537711368206,127.59559144501023,5.0
2016-08-02 15:25:02.910,-0.41,-0.785,-0.246,2.219539190800231,-56.50820703794501,125.36226597953944,5.0
2016-08-02 15:25:02.920,-0.422,-0.738,-0.277,6.516987122106607,-54.90917571555766,124.95527659460994,5.0
2016-08-02 15:25:02.930,-0.469,-0.699,-0.352,5.879881877417355,-53.0102679154296,125.34816319343673,5.0
2016-08-02 15:25:02.940,-0.547,-0.715,-0.41,2.75191659567873,-57.96816895168976,125.41462095422759,5.0
2016-08-02 15:25:02.950,-0.598,-0.688,-0.395,-2.8768125264881617,-67.95306845389828,127.15997175950453,5.0
2016-08-02 15:25:02.960,-0.637,-0.688,-0.371,-10.742395315942776,-74.86091236024245,129.50373268799783,5.0
2016-08-02 15:25:02.970,-0.664,-0.688,-0.305,-16.407820202310756,-81.78152220480918,131.08221375509197,5.0
2016-08-02 15:25:02.980,-0.629,-0.645,-0.207,-16.264487096433726,-84.80840435912523,133.28573484146995,5.0
2016-08-02 15:25:02.990,-0.566,-0.621,-0.148,-11.361008405275818,-78.68517421638879,132.96485962491698,5.0
2016-08-02 15:25:03.000,-0.547,-0.621,-0.137,-4.116842348781418,-72.30757443952169,128.00010239018582,5.0
2016-08-02 15:25:03.010,-0.52,-0.566,-0.156,3.0222087761855994,-68.33820645210055,122.96570142241626,5.0
2016-08-02 15:25:03.020,-0.547,-0.527,-0.211,6.104969881423837,-64.43015478656551,119.59240148051418,5.0
2016-08-02 15:25:03.030,-0.582,-0.422,-0.23,1.7727524789534252,-63.92325246588908,116.76317863121612,5.0
2016-08-02 15:25:03.040,-0.602,-0.379,-0.25,-8.208518328147603,-64.2797730236536,114.18907307738388,5.0
2016-08-02 15:25:03.050,-0.672,-0.391,-0.238,-16.915786889055916,-64.14140773349203,111.72134074015162,5.0
2016-08-02 15:25:03.060,-0.711,-0.383,-0.211,-20.399906895744543,-65.05239749639384,112.05237201295799,5.0
2016-08-02 15:25:03.070,-0.738,-0.398,-0.184,-21.31601483315566,-63.865924266077144,114.93256463628867,5.0
2016-08-02 15:25:03.080,-0.773,-0.363,-0.133,-21.481886845297208,-62.488901919940034,115.7829549435854,5.0
2016-08-02 15:25:03.090,-0.766,-0.367,-0.125,-19.029595997504263,-60.52304664203077,114.33124995017229,5.0
2016-08-02 15:25:03.100,-0.785,-0.395,-0.141,-13.622129218906169,-57.18137320100142,110.57576021691784,5.0
2016-08-02 15:25:03.110,-0.801,-0.355,-0.133,-11.072578344416751,-58.02893285344661,103.85925421902036,5.0
2016-08-02 15:25:03.120,-0.801,-0.316,-0.137,-15.63546311115306,-59.17692919461457,97.9325218032636,5.0
2016-08-02 15:25:03.130,-0.832,-0.285,-0.152,-21.067456472951505,-60.398044224646085,94.01854709386306,5.0
2016-08-02 15:25:03.140,-0.855,-0.273,-0.168,-23.223574237326964,-66.64343047537025,90.87452120762882,5.0
2016-08-02 15:25:03.150,-0.848,-0.238,-0.125,-25.500275776018402,-70.00477093640569,88.90712759344856,5.0
2016-08-02 15:25:03.160,-0.836,-0.23,-0.086,-27.878495835273597,-68.51976326330777,87.02495510401467,5.0
2016-08-02 15:25:03.170,-0.84,-0.195,-0.047,-27.530579488375462,-67.93395713190841,84.5954414542518,5.0
2016-08-02 15:25:03.180,-0.855,-0.199,0.0,-21.89341784506078,-65.1980489522502,82.4562289964709,5.0
2016-08-02 15:25:03.190,-0.887,-0.211,0.012,-12.11307279416961,-60.21562264787453,81.03354242006742,5.0
2016-08-02 15:25:03.200,-0.934,-0.152,0.027,-7.0988559721467865,-59.689296908872464,80.25666079490927,5.0
2016-08-02 15:25:03.210,-0.949,-0.105,0.016,-10.084841837459827,-63.08076998698541,79.41943837807453,5.0
2016-08-02 15:25:03.220,-0.965,-0.051,0.016,-13.95005107007222,-67.15015650089592,78.00507673790301,5.0
2016-08-02 15:25:03.230,-0.961,-0.027,0.051,-15.196384583113515,-70.8857215119103,75.76094723408605,5.0
2016-08-02 15:25:03.240,-0.957,-0.043,0.109,-12.304056580357798,-70.0766696802126,73.45168468691828,5.0
2016-08-02 15:25:03.250,-0.945,-0.039,0.184,-4.9364435738076615,-65.36101606105949,72.08303909179492,5.0
2016-08-02 15:25:03.260,-0.922,-0.023,0.23,1.647347077920805,-60.41628575852301,71.3463830016066,5.0
2016-08-02 15:25:03.270,-0.945,-0.031,0.242,5.768269468528995,-56.85543340929564,71.00002866858229,5.0
2016-08-02 15:25:03.280,-0.93,-0.02,0.238,8.60897768523467,-56.14007583582753,68.61579665659144,5.0
2016-08-02 15:25:03.290,-0.914,-0.008,0.25,9.983764887456191,-53.448966231953534,61.949872812731144,5.0
2016-08-02 15:25:03.300,-0.918,-0.004,0.234,11.04960230028485,-47.627976408478276,54.46920997092607,5.0
2016-08-02 15:25:03.310,-0.906,0.035,0.238,10.26901743610972,-42.967807993824394,48.11454184163285,5.0
2016-08-02 15:25:03.320,-0.891,0.063,0.242,6.327923852153384,-37.502459879852104,41.83141007595736,5.0
2016-08-02 15:25:03.330,-0.895,0.047,0.234,3.7134849839979367,-31.672008247222394,37.359671865167314,5.0
2016-08-02 15:25:03.340,-0.898,0.027,0.234,4.519936853459234,-27.26948364604658,34.49487398155752,5.0
2016-08-02 15:25:03.350,-0.91,0.0,0.227,5.44722569607077,-22.064251326884,31.24774234572925,5.0
2016-08-02 15:25:03.360,-0.938,0.012,0.219,3.839828710757794,-18.2845462273626,27.90401261595523,5.0
2016-08-02 15:25:03.370,-0.98,0.039,0.227,-0.3389507770832516,-18.341630626397375,24.081541542767464,5.0
2016-08-02 15:25:03.380,-1.016,0.02,0.266,-2.4572299716845083,-19.576179092444594,19.46544767061316,5.0
2016-08-02 15:25:03.390,-1.0,0.0,0.324,0.8730398842828613,-18.833989320859217,15.118092603261372,5.0
2016-08-02 15:25:03.400,-0.965,0.016,0.375,5.316426492029802,-14.129586070190541,11.364992136100625,5.0
2016-08-02 15:25:03.410,-0.945,0.023,0.383,9.118166765972065,-7.657393082279922,8.084762002847581,5.0
2016-08-02 15:25:03.420,-0.953,0.039,0.367,14.317252540502853,-3.394787610959347,4.511743450807955,5.0
2016-08-02 15:25:03.430,-0.965,0.055,0.336,16.580924024032218,-0.18891452219517368,-0.0005031704998745834,5.0
2016-08-02 15:25:03.440,-0.992,0.117,0.281,11.912816520686029,2.6386201240772666,-4.132145221952872,5.0
2016-08-02 15:25:03.450,-1.016,0.172,0.25,3.9158322453704018,3.28413205764475,-7.019683436338559,5.0
2016-08-02 15:25:03.460,-1.004,0.203,0.254,-2.597549603303059,5.14036360603704,-9.347706175145767,5.0
2016-08-02 15:25:03.470,-0.996,0.172,0.27,-4.302178046686116,9.067032206759531,-11.564603464545014,5.0
2016-08-02 15:25:03.480,-0.98,0.129,0.305,-1.4929144554769869,10.762956876557972,-14.107883987579442,5.0
2016-08-02 15:25:03.490,-0.949,0.109,0.348,0.7403343709462531,12.312402933074454,-17.48668870576409,5.0
2016-08-02 15:25:03.500,-0.953,0.086,0.367,1.040109015327278,14.631953180769804,-21.2675085503939,5.0
2016-08-02 15:25:03.510,-0.957,0.059,0.383,2.1545865453157482,15.05314274206494,-24.529546434554035,5.0
2016-08-02 15:25:03.520,-0.957,0.047,0.383,4.004471634820628,16.571018651119683,-27.058706695052813,5.0
2016-08-02 15:25:03.530,-0.98,0.047,0.359,5.229046014900794,19.283658541813416,-28.654276016594785,5.0
2016-08-02 15:25:03.540,-0.98,0.051,0.332,6.115713014926049,20.87634920717296,-29.22374427602636,5.0
2016-08-02 15:25:03.550,-0.988,0.051,0.277,7.256786312490532,23.157655650096615,-29.59444095094024,5.0
2016-08-02 15:25:03.560,-0.98,0.047,0.207,6.776728092896409,24.92215211540635,-30.446904579076616,5.0
2016-08-02 15:25:03.570,-0.977,0.055,0.168,2.5936878507116297,24.63387393898484,-32.20503602382601,5.0
2016-08-02 15:25:03.580,-0.957,0.043,0.164,-2.612128935954105,24.87045902912881,-34.8408436764815,5.0
2016-08-02 15:25:03.590,-0.934,0.016,0.172,-5.176930783234404,26.57811341063601,-37.73381500531519,5.0
2016-08-02 15:25:03.600,-0.934,-0.023,0.191,-6.112145738484097,28.2057282891735,-40.54427148509019,5.0
2016-08-02 15:25:03.610,-0.938,-0.047,0.211,-7.037145673766321,29.716110480929444,-42.99830711838266,5.0
2016-08-02 15:25:03.620,-0.945,-0.074,0.215,-5.946367445789723,32.020852303083025,-45.01814109761043,5.0
2016-08-02 15:25:03.630,-0.945,-0.098,0.211,-2.838769283151111,34.65043706919481,-47.018182803453236,5.0
2016-08-02 15:25:03.640,-0.938,-0.105,0.184,-2.018346799461787,37.06341196662038,-49.32825139558975,5.0
2016-08-02 15:25:03.650,-0.938,-0.094,0.137,-4.501225651641561,37.84962648435371,-51.397378481239045,5.0
2016-08-02 15:25:03.660,-0.934,-0.102,0.094,-7.069758377350007,36.64302019755675,-52.87011165843099,5.0
2016-08-02 15:25:03.670,-0.934,-0.105,0.07,-9.076195449309331,36.871763352834925,-54.81613330411716,5.0
2016-08-02 15:25:03.680,-0.934,-0.105,0.059,-12.519113945120168,39.11756158461129,-57.713255742616454,5.0
2016-08-02 15:25:03.690,-0.961,-0.117,0.047,-16.870020216557357,40.12688460442564,-60.63576032781193,5.0
2016-08-02 15:25:03.700,-0.988,-0.141,0.047,-18.766299748231006,39.00337957147314,-63.11313266283466,5.0
2016-08-02 15:25:03.710,-0.953,-0.16,0.082,-16.62089292224719,39.09774835239092,-66.39915872363186,5.0
2016-08-02 15:25:03.720,-0.898,-0.176,0.102,-12.494791012838425,43.387223927566595,-70.93232343192994,5.0
2016-08-02 15:25:03.730,-0.879,-0.199,0.09,-8.761349476051116,47.28563569573846,-74.26927313434203,5.0
2016-08-02 15:25:03.740,-0.871,-0.199,0.066,-6.309084894034939,46.960766619417925,-76.07363322678758,5.0
2016-08-02 15:25:03.750,-0.863,-0.176,0.043,-5.889328045980955,46.86804693799313,-78.2536410967094,5.0
2016-08-02 15:25:03.760,-0.871,-0.184,-0.008,-6.756575375802242,48.33945220462005,-80.16509947442424,5.0
2016-08-02 15:25:03.770,-0.906,-0.199,-0.043,-6.914974174718185,48.39435862853982,-81.0539873288252,5.0
2016-08-02 15:25:03.780,-0.934,-0.211,-0.063,-7.345360836800602,46.853865050955775,-81.85934024050218,5.0
2016-08-02 15:25:03.790,-0.922,-0.215,-0.063,-9.626200864878406,44.614240793391026,-83.93278563061429,5.0
2016-08-02 15:25:03.800,-0.895,-0.234,-0.051,-11.40411660619673,43.09926787891163,-87.52847940889536,5.0
2016-08-02 15:25:03.810,-0.859,-0.254,-0.031,-9.802202347045416,43.95029301937834,-91.03345795005168,5.0
2016-08-02 15:25:03.820,-0.82,-0.301,-0.031,-5.01237742606617,47.16065748008648,-94.29966845549754,5.0
2016-08-02 15:25:03.830,-0.82,-0.336,-0.035,-0.14522887015368446,50.12445501200669,-97.39064934497377,5.0
2016-08-02 15:25:03.840,-0.824,-0.32,-0.047,2.3044553180499343,50.995961650062,-98.87129156143986,5.0
2016-08-02 15:25:03.850,-0.809,-0.348,-0.094,4.145445705247841,52.530819710414846,-100.13388477487145,5.0
2016-08-02 15:25:03.860,-0.828,-0.398,-0.156,5.778577627683621,53.63219132586826,-102.18153740298408,5.0
2016-08-02 15:25:03.870,-0.855,-0.371,-0.184,2.7708577425483174,49.44800883628011,-102.4541354683479,5.0
2016-08-02 15:25:03.880,-0.84,-0.348,-0.191,-4.912949688975982,43.1969800657787,-101.64815116727908,5.0
2016-08-02 15:25:03.890,-0.805,-0.387,-0.168,-10.751641321655292,39.41136282740852,-102.70516480541183,5.0
2016-08-02 15:25:03.900,-0.766,-0.414,-0.121,-11.39361780263538,38.49682388316231,-104.47486663134887,5.0
2016-08-02 15:25:03.910,-0.699,-0.438,-0.074,-8.046837117571338,42.39347640573567,-106.33154320158937,5.0
2016-08-02 15:25:03.920,-0.676,-0.488,-0.07,-2.4636500623436763,47.819600775219186,-110.0036293248828,5.0
2016-08-02 15:25:03.930,-0.688,-0.48,-0.086,1.4599260049527465,48.456743679666,-113.35330899770278,5.0
2016-08-02 15:25:03.940,-0.672,-0.445,-0.117,1.5480795911847864,47.87806450434587,-115.06605747235388,5.0
2016-08-02 15:25:03.950,-0.688,-0.492,-0.18,0.9927903573813996,49.5033491677136,-117.36179859310246,5.0
2016-08-02 15:25:03.960,-0.746,-0.508,-0.238,-0.35512126143453226,47.53862234747245,-117.26743842956289,5.0
2016-08-02 15:25:03.970,-0.746,-0.473,-0.227,-6.747319014152208,42.27712902266081,-114.1755017974161,5.0
2016-08-02 15:25:03.980,-0.703,-0.504,-0.207,-15.033690122802017,40.216490241004024,-115.01756969201615,5.0
2016-08-02 15:25:03.990,-0.672,-0.563,-0.184,-17.579531714208965,40.35136141674946,-118.82125419175094,5.0
2016-08-02 15:25:04.000,-0.652,-0.613,-0.164,-14.78984621077724,41.78516286342641,-120.45655866214847,5.0
2016-08-02 15:25:04.010,-0.656,-0.66,-0.176,-11.825680340212136,45.36648094583956,-120.9665126940178,5.0
2016-08-02 15:25:04.020,-0.715,-0.688,-0.219,-11.181635677736903,45.115674690088156,-119.3500545941184,5.0
2016-08-02 15:25:04.030,-0.746,-0.676,-0.246,-14.273837559552573,40.942363993151034,-115.1467093509293,5.0
2016-08-02 15:25:04.040,-0.723,-0.652,-0.27,-19.569938610718495,40.40792916954849,-112.32664453454174,5.0
2016-08-02 15:25:04.050,-0.711,-0.672,-0.309,-23.83254110828319,41.544471918592194,-110.69091170625875,5.0
2016-08-02 15:25:04.060,-0.684,-0.672,-0.313,-27.408052889573455,39.775662183037056,-109.0479936747544,5.0
2016-08-02 15:25:04.070,-0.641,-0.691,-0.301,-30.784716305111456,38.839613835861364,-109.66875043400394,5.0
2016-08-02 15:25:04.080,-0.641,-0.754,-0.316,-32.79151078742761,38.99667685626474,-111.02362288951129,5.0
2016-08-02 15:25:04.090,-0.664,-0.762,-0.301,-33.866171723602314,36.49499376820397,-108.67155244047775,5.0
2016-08-02 15:25:04.100,-0.676,-0.766,-0.27,-36.149087843994465,33.93623873054589,-104.30901544061463,5.0
2016-08-02 15:25:04.110,-0.688,-0.777,-0.262,-39.5117771808159,32.39978233419474,-101.97550864759872,5.0
2016-08-02 15:25:04.120,-0.676,-0.77,-0.238,-41.336506905686676,29.593970688876688,-100.30604409774644,5.0
2016-08-02 15:25:04.130,-0.602,-0.746,-0.191,-42.12149634355669,29.035711426653094,-99.18676691341165,5.0
2016-08-02 15:25:04.140,-0.52,-0.727,-0.184,-42.692143348190164,31.808422650413455,-101.0908125176421,5.0
2016-08-02 15:25:04.150,-0.473,-0.707,-0.188,-40.22606107833968,33.744115322352656,-104.26357338148979,5.0
2016-08-02 15:25:04.160,-0.449,-0.73,-0.215,-35.001357799208655,36.157422081885024,-108.3135893680661,5.0
2016-08-02 15:25:04.170,-0.5,-0.816,-0.289,-31.47519761485578,37.137225815700475,-113.30755010968238,5.0
2016-08-02 15:25:04.180,-0.566,-0.754,-0.324,-32.43958162162686,29.925517499018383,-112.43453975138239,5.0
2016-08-02 15:25:04.190,-0.527,-0.668,-0.305,-38.81429886332195,23.219314664403644,-107.14788282551042,5.0
2016-08-02 15:25:04.200,-0.473,-0.699,-0.285,-45.06051316312566,25.616157052550662,-108.13742160143909,5.0
2016-08-02 15:25:04.210,-0.441,-0.785,-0.258,-40.36923861727823,28.647950465326105,-112.36095142678514,5.0
2016-08-02 15:25:04.220,-0.379,-0.832,-0.223,-26.924739849043547,33.8224118018773,-113.212252892813,5.0
2016-08-02 15:25:04.230,-0.324,-0.867,-0.273,-16.638858999070056,45.50291878988188,-114.79940810234366,5.0
2016-08-02 15:25:04.240,-0.324,-0.852,-0.352,-11.848423551701433,50.82999779793592,-118.37877940866909,5.0
2016-08-02 15:25:04.250,-0.355,-0.887,-0.445,-10.331459279935338,48.12552164570773,-120.92537977733356,5.0
2016-08-02 15:25:04.260,-0.414,-0.949,-0.543,-13.081272216450984,45.54292131545201,-121.0242079127569,5.0
2016-08-02 15:25:04.270,-0.457,-0.859,-0.555,-20.08918636484798,38.09686669549007,-117.66525290633008,5.0
2016-08-02 15:25:04.280,-0.422,-0.828,-0.504,-30.226769365487407,29.984162515350942,-112.16318373157698,5.0
2016-08-02 15:25:04.290,-0.355,-0.887,-0.438,-36.2577992998212,31.843671343358558,-107.22966943923039,5.0
2016-08-02 15:25:04.300,-0.258,-0.949,-0.387,-28.79216915679013,37.73030854999672,-103.86370051236678,5.0
2016-08-02 15:25:04.310,-0.145,-0.984,-0.387,-13.308380811022795,45.8744985802064,-102.52911393220816,5.0
2016-08-02 15:25:04.320,-0.059,-1.008,-0.441,0.050549672444401894,57.01348111798184,-103.69254506220481,5.0
2016-08-02 15:25:04.330,-0.023,-0.945,-0.52,7.652249860574845,59.67454113084751,-105.8937045581825,5.0
2016-08-02 15:25:04.340,-0.02,-0.875,-0.574,4.291488323890104,53.131321130607404,-105.7893883674198,5.0
2016-08-02 15:25:04.350,-0.008,-0.848,-0.574,-7.022090582339738,46.86858355922214,-101.92705439739896,5.0
2016-08-02 15:25:04.360,0.023,-0.887,-0.539,-12.529883503475165,43.19440808621162,-96.95193035715015,5.0
2016-08-02 15:25:04.370,0.059,-0.941,-0.477,-6.705937524557457,43.580736309208945,-93.47063478946569,5.0
2016-08-02 15:25:04.380,0.113,-0.953,-0.418,4.7605948792494495,48.94061362603847,-91.29432801377742,5.0
2016-08-02 15:25:04.390,0.148,-0.969,-0.402,14.289019377074416,53.550277255103076,-90.7457100446297,5.0
2016-08-02 15:25:04.400,0.145,-0.945,-0.402,18.690690289511863,51.77094166953909,-92.39764166522522,5.0
2016-08-02 15:25:04.410,0.133,-0.898,-0.398,21.143328218527152,46.79891551768882,-93.6550278302297,5.0
2016-08-02 15:25:04.420,0.117,-0.914,-0.414,24.241387592102164,44.367972515538995,-93.65253165315553,5.0
2016-08-02 15:25:04.430,0.082,-0.93,-0.422,26.887703853550818,40.26268182755231,-95.98407539061284,5.0
2016-08-02 15:25:04.440,0.055,-0.902,-0.398,28.468744903608822,31.577586154062647,-99.67641056697397,5.0
2016-08-02 15:25:04.450,0.055,-0.91,-0.367,27.93233520139594,26.912652816908846,-100.69344113903946,5.0
2016-08-02 15:25:04.460,0.059,-0.93,-0.336,26.046842726405632,26.41152270133889,-101.61160547337055,5.0
2016-08-02 15:25:04.470,0.055,-0.922,-0.305,26.774618450415336,23.044440818297428,-104.5042192543598,5.0
2016-08-02 15:25:04.480,0.059,-0.945,-0.305,29.53784901609069,21.790092457958984,-106.30371888917514,5.0
2016-08-02 15:25:04.490,0.047,-0.961,-0.324,31.09097928931034,23.139572277487197,-107.75466992526098,5.0
2016-08-02 15:25:04.500,0.039,-0.914,-0.324,31.137924358519392,19.112177269344073,-110.51786359335132,5.0
2016-08-02 15:25:04.510,0.066,-0.898,-0.32,28.294191823930245,15.636687991086829,-112.04398709887727,5.0
2016-08-02 15:25:04.520,0.09,-0.871,-0.324,23.063305425911143,17.117640096174974,-112.41003077438106,5.0
2016-08-02 15:25:04.530,0.117,-0.863,-0.336,20.106074560225743,16.013614229222597,-114.39009670789545,5.0
2016-08-02 15:25:04.540,0.152,-0.91,-0.359,18.558651147227597,14.637977561653967,-118.26881368592632,5.0
2016-08-02 15:25:04.550,0.172,-0.914,-0.367,15.257136460357515,15.87132166531886,-122.08337342081342,5.0
2016-08-02 15:25:04.560,0.191,-0.879,-0.336,11.33681737171138,15.506053423199905,-122.4798604458425,5.0
2016-08-02 15:25:04.570,0.223,-0.914,-0.313,6.491719501774044,17.711131181915118,-119.68515591080268,5.0
2016-08-02 15:25:04.580,0.262,-0.902,-0.293,2.041789149041306,22.391212608559226,-118.2309802589718,5.0
2016-08-02 15:25:04.590,0.285,-0.914,-0.305,-1.3652144576963896,23.25499256436198,-117.07462156181073,5.0
2016-08-02 15:25:04.600,0.324,-0.965,-0.367,-9.713732186176529,24.1840959938419,-114.31972373396202,5.0
2016-08-02 15:25:04.610,0.375,-0.926,-0.426,-20.830770928838973,25.7103550640023,-113.74294050852933,5.0
2016-08-02 15:25:04.620,0.414,-0.957,-0.488,-29.312376898550028,24.967443702489753,-113.15210836061041,5.0
2016-08-02 15:25:04.630,0.434,-1.023,-0.508,-39.129473874130156,25.83979245451605,-109.14452047169354,5.0
2016-08-02 15:25:04.640,0.441,-1.008,-0.457,-45.921586898346185,25.76728731258721,-104.56108247053781,5.0
2016-08-02 15:25:04.650,0.465,-1.023,-0.438,-46.82433347232751,24.99513202287627,-97.41594567368936,5.0
2016-08-02 15:25:04.660,0.5,-1.031,-0.438,-51.327807171909654,29.329849926707197,-87.74155461602149,5.0
2016-08-02 15:25:04.670,0.539,-1.008,-0.43,-55.976598750513695,31.881183855802504,-82.34967118222947,5.0
2016-08-02 15:25:04.680,0.582,-0.988,-0.422,-56.44993699719636,30.541308123497778,-79.98835370460651,5.0
2016-08-02 15:25:04.690,0.617,-0.957,-0.441,-60.10006299173249,32.15764560265168,-75.85192408591851,5.0
2016-08-02 15:25:04.700,0.641,-0.898,-0.449,-66.51650428295167,33.10751581621983,-71.27704296535384,5.0
2016-08-02 15:25:04.710,0.648,-0.852,-0.438,-74.09554774028065,31.521545728292224,-66.93618723757234,5.0
2016-08-02 15:25:04.720,0.656,-0.824,-0.422,-83.4203016176483,31.665752368885613,-61.70145375242005,5.0
2016-08-02 15:25:04.730,0.656,-0.809,-0.402,-90.01469931291635,32.542896619142596,-55.70067865924716,5.0
2016-08-02 15:25:04.740,0.672,-0.805,-0.375,-93.9457151231915,34.24926411133429,-48.90378210876787,5.0
2016-08-02 15:25:04.750,0.684,-0.789,-0.383,-97.32928248998616,38.16699345923035,-42.02624916785534,5.0
2016-08-02 15:25:04.760,0.676,-0.777,-0.418,-98.7296102164505,41.219406479522846,-35.671051329434384,5.0
2016-08-02 15:25:04.770,0.652,-0.785,-0.457,-99.45662170924894,41.898475250628934,-29.328222137289156,5.0
2016-08-02 15:25:04.780,0.629,-0.809,-0.488,-100.12055885161507,40.995767887190496,-21.659758937393,5.0
2016-08-02 15:25:04.790,0.609,-0.863,-0.523,-97.04628686862435,38.660577685509786,-10.380819830350884,5.0
2016-08-02 15:25:04.800,0.59,-0.969,-0.52,-85.15365242836515,35.43733225172926,3.6689639289429503,5.0
2016-08-02 15:25:04.810,0.578,-1.082,-0.496,-59.60068564459133,30.650867596146917,17.164369152813688,5.0
2016-08-02 15:25:04.820,0.594,-1.172,-0.457,-22.60606644702182,25.30760314977718,28.768250800237986,5.0
2016-08-02 15:25:04.830,0.625,-1.176,-0.438,13.841199705863076,22.531632952659265,37.1541306510008,5.0
2016-08-02 15:25:04.840,0.648,-1.082,-0.461,37.24855953476964,21.209469019363944,40.38916195702725,5.0
2016-08-02 15:25:04.850,0.645,-0.949,-0.512,44.167237732496446,18.769387533476312,39.613606408150645,5.0
2016-08-02 15:25:04.860,0.613,-0.82,-0.57,39.48421741153088,14.877919326788652,37.894170090019486,5.0
2016-08-02 15:25:04.870,0.59,-0.715,-0.598,29.30987630386077,10.429909929203546,35.88118243893536,5.0
2016-08-02 15:25:04.880,0.566,-0.645,-0.563,18.776672185778608,7.473868161817936,33.53148299425245,5.0
2016-08-02 15:25:04.890,0.539,-0.621,-0.52,10.769904160085707,6.278545738210654,32.56205912530963,5.0
2016-08-02 15:25:04.900,0.523,-0.641,-0.473,5.638295994796642,5.165772190671387,32.60697833547981,5.0
2016-08-02 15:25:04.910,0.516,-0.68,-0.43,5.850792833189376,3.215965606850287,30.794920239309,5.0
2016-08-02 15:25:04.920,0.512,-0.711,-0.41,12.474427331795445,1.5255622547344656,27.373470245215195,5.0
2016-08-02 15:25:04.930,0.512,-0.73,-0.406,20.715586371575956,1.7165954708935067,24.70478062913351,5.0
2016-08-02 15:25:04.940,0.504,-0.73,-0.418,26.273054588669368,2.215176161202087,22.451602875901568,5.0
2016-08-02 15:25:04.950,0.5,-0.723,-0.445,28.081865179087846,1.1977637541865613,19.859773454016334,5.0
2016-08-02 15:25:04.960,0.492,-0.691,-0.473,26.867960651305268,-0.14079778213771543,17.918645417513254,5.0
2016-08-02 15:25:04.970,0.48,-0.672,-0.5,25.06325151117038,-1.0817720614160053,17.179818856679606,5.0
2016-08-02 15:25:04.980,0.477,-0.668,-0.508,23.842847866265203,-2.3670315606519265,16.27586405651543,5.0
2016-08-02 15:25:04.990,0.473,-0.676,-0.523,22.645019720015227,-4.305877568460688,13.993065825972558,5.0
2016-08-02 15:25:05.000,0.461,-0.695,-0.516,20.661794207445578,-6.1407817262941515,11.92456073405838,5.0
2016-08-02 15:25:05.010,0.469,-0.711,-0.469,17.81285778044007,-7.101474871869201,10.762481005484192,5.0
2016-08-02 15:25:05.020,0.477,-0.727,-0.414,16.261244467873027,-7.241217062853201,9.239681303488693,5.0
2016-08-02 15:25:05.030,0.492,-0.75,-0.363,16.97941995601974,-6.524763859960568,8.103340923194235,5.0
2016-08-02 15:25:05.040,0.5,-0.766,-0.352,18.437462799793227,-5.319936582632295,7.7768715695943715,5.0
2016-08-02 15:25:05.050,0.504,-0.75,-0.367,19.32696738050126,-4.01788461467044,7.119257677528944,5.0
2016-08-02 15:25:05.060,0.504,-0.742,-0.395,18.883124114718463,-2.808905959112609,6.141881897088446,5.0
2016-08-02 15:25:05.070,0.492,-0.715,-0.422,16.94483210461187,-3.005858718462046,5.465602156266277,5.0
2016-08-02 15:25:05.080,0.477,-0.703,-0.434,12.78466397321858,-4.3561200875210355,5.445037882824704,5.0
2016-08-02 15:25:05.090,0.477,-0.703,-0.449,7.178432861423302,-5.190765605922968,5.4179049190935675,5.0
2016-08-02 15:25:05.100,0.477,-0.707,-0.43,3.737449099505761,-5.886140382250995,4.493590695234316,5.0
2016-08-02 15:25:05.110,0.484,-0.73,-0.41,3.040767885894402,-5.934853200542255,3.6710407274162664,5.0
2016-08-02 15:25:05.120,0.492,-0.746,-0.398,2.714865540367149,-4.178366063211735,3.5510164436721565,5.0
2016-08-02 15:25:05.130,0.484,-0.758,-0.395,1.7715484860901367,-2.8096163902564495,3.170949542116501,5.0
2016-08-02 15:25:05.140,0.48,-0.754,-0.387,-0.21991625622167965,-2.971071689890243,2.5743181865896463,5.0
2016-08-02 15:25:05.150,0.477,-0.754,-0.391,-2.3854089957747395,-2.9068394503619848,2.503152013001809,5.0
2016-08-02 15:25:05.160,0.473,-0.754,-0.398,-2.736991284147796,-2.808556247254165,2.409350690192687,5.0
2016-08-02 15:25:05.170,0.469,-0.766,-0.406,-1.7143442801861104,-3.7937462395958548,0.948219628000492,5.0
2016-08-02 15:25:05.180,0.461,-0.758,-0.41,-1.2340519172417204,-5.164420790146952,-1.382072526805195,5.0
2016-08-02 15:25:05.190,0.465,-0.754,-0.414,-1.7303705332798023,-5.959740433337199,-2.582273142159007,5.0
2016-08-02 15:25:05.200,0.465,-0.754,-0.422,-2.486070942477799,-6.1235173241623695,-2.9607060675024686,5.0
2016-08-02 15:25:05.210,0.469,-0.758,-0.41,-3.58232077118163,-6.146771179514808,-4.251628936552445,5.0
2016-08-02 15:25:05.220,0.473,-0.758,-0.402,-5.618267217059102,-6.336184651494062,-5.857557709231778,5.0
2016-08-02 15:25:05.230,0.469,-0.758,-0.402,-8.435347277982967,-6.55833758310607,-6.658811606823267,5.0
2016-08-02 15:25:05.240,0.469,-0.746,-0.398,-11.634480212961394,-6.969510501431786,-7.488636218599977,5.0
2016-08-02 15:25:05.250,0.469,-0.754,-0.395,-14.38663196016843,-7.627888793416428,-8.993878960138304,5.0
2016-08-02 15:25:05.260,0.477,-0.754,-0.395,-15.64264277881794,-7.998237327412088,-10.591470168340912,5.0
2016-08-02 15:25:05.270,0.48,-0.758,-0.398,-15.82517258088906,-7.537397931824339,-11.616566761809084,5.0
2016-08-02 15:25:05.280,0.484,-0.758,-0.398,-15.721406556711992,-6.177685175442348,-11.883243109355353,5.0
2016-08-02 15:25:05.290,0.484,-0.758,-0.398,-14.88383108071963,-4.788179292812039,-11.77292858501418,5.0
2016-08-02 15:25:05.300,0.488,-0.766,-0.398,-13.272909690155858,-3.940819370610985,-11.64328435144407,5.0
2016-08-02 15:25:05.310,0.484,-0.773,-0.398,-11.864509376635397,-3.19907728025865,-11.595399076663728,5.0
2016-08-02 15:25:05.320,0.484,-0.77,-0.402,-11.501835221571044,-2.4728928816995768,-11.364793918397499,5.0
2016-08-02 15:25:05.330,0.484,-0.773,-0.41,-11.669518213740616,-1.8314988304674453,-10.648912460001032,5.0
2016-08-02 15:25:05.340,0.488,-0.781,-0.414,-10.656615065788957,-1.163161575220134,-9.81422359384893,5.0
2016-08-02 15:25:05.350,0.492,-0.781,-0.422,-8.19795084484145,-0.7159703264035527,-9.144589547292377,5.0
2016-08-02 15:25:05.360,0.492,-0.789,-0.43,-5.4641049161090995,-0.8381467482244932,-8.70034757770103,5.0
2016-08-02 15:25:05.370,0.492,-0.777,-0.426,-3.5041071739723266,-1.2195236430142005,-8.357667759525336,5.0
2016-08-02 15:25:05.380,0.5,-0.77,-0.43,-2.3106680186273683,-0.9004051590823435,-7.32898244290055,5.0
2016-08-02 15:25:05.390,0.5,-0.781,-0.426,-0.060681164026471945,0.5052702089973804,-5.512538131991564,5.0
2016-08-02 15:25:05.400,0.5,-0.781,-0.422,3.6268622550518144,2.5057793200240113,-3.9096176761396184,5.0
2016-08-02 15:25:05.410,0.5,-0.77,-0.422,6.728134385698074,4.5561468144038955,-2.5779946637493856,5.0
2016-08-02 15:25:05.420,0.496,-0.762,-0.426,8.44612432088381,6.18151515770041,-0.8473381458745645,5.0
2016-08-02 15:25:05.430,0.492,-0.754,-0.43,8.979052387845838,6.963936525480514,0.4276253756654673,5.0
2016-08-02 15:25:05.440,0.496,-0.734,-0.438,8.08411058438327,7.340683154823969,0.6616622748290741,5.0
2016-08-02 15:25:05.450,0.504,-0.727,-0.434,6.043408772921586,8.169386493047513,1.0731378541580936,5.0
2016-08-02 15:25:05.460,0.508,-0.73,-0.418,4.117203368228868,9.145672314261368,1.4969955753098827,5.0
2016-08-02 15:25:05.470,0.508,-0.742,-0.406,3.296538918312788,9.658462538950559,1.1045630707442893,5.0
2016-08-02 15:25:05.480,0.508,-0.75,-0.402,3.241058084266907,9.900883324685005,0.895767410371788,5.0
2016-08-02 15:25:05.490,0.508,-0.75,-0.398,3.227875589011286,9.960562783050847,1.3194817274500177,5.0
2016-08-02 15:25:05.500,0.492,-0.746,-0.402,2.922299207671923,9.638257078093034,1.7169986658017664,5.0
2016-08-02 15:25:05.510,0.496,-0.746,-0.414,2.4661856634953803,8.98723094421266,2.011268053351323,5.0
2016-08-02 15:25:05.520,0.496,-0.75,-0.418,1.8346472888691676,8.221691961621739,2.1302827671009523,5.0
2016-08-02 15:25:05.530,0.496,-0.738,-0.414,0.6323440645471663,7.531437790758051,2.0491794664200156,5.0
2016-08-02 15:25:05.540,0.496,-0.746,-0.41,-0.38005971957473716,7.124609561307815,2.2049003115829664,5.0
2016-08-02 15:25:05.550,0.504,-0.758,-0.402,-0.3786723212417259,6.895949167118834,2.3871767928413368,5.0
2016-08-02 15:25:05.560,0.508,-0.754,-0.398,0.07864498283351586,6.653795497919337,2.20146687674856,5.0
2016-08-02 15:25:05.570,0.512,-0.75,-0.398,0.4114054443858428,6.650875718583887,1.9728107155846915,5.0
2016-08-02 15:25:05.580,0.512,-0.746,-0.406,0.0375347569065928,6.736300695727383,1.6281306143215746,5.0
2016-08-02 15:25:05.590,0.508,-0.738,-0.41,-1.5679548388311044,6.639737858445249,1.1083212732465388,5.0
2016-08-02 15:25:05.600,0.5,-0.723,-0.414,-3.5734476275361473,6.584607279098624,1.161238526841619,5.0
2016-08-02 15:25:05.610,0.492,-0.727,-0.414,-5.213207228888872,6.282526416743012,1.3876835737494924,5.0
2016-08-02 15:25:05.620,0.496,-0.73,-0.406,-6.854967130935172,5.75805237833589,0.8560060218395655,5.0
2016-08-02 15:25:05.630,0.5,-0.73,-0.406,-8.269073792375812,5.605866212042256,0.32342705314012316,5.0
2016-08-02 15:25:05.640,0.5,-0.73,-0.402,-9.142605115847312,5.470912559439835,0.12734060153133092,5.0
2016-08-02 15:25:05.650,0.5,-0.738,-0.398,-9.719890892750405,4.943736612882577,-0.3428679856767605,5.0
2016-08-02 15:25:05.660,0.508,-0.75,-0.398,-9.72981056290464,4.258785996664539,-0.7872462468213359,5.0
2016-08-02 15:25:05.670,0.508,-0.75,-0.398,-9.556400013255177,3.696867500848527,-1.1694934673685466,5.0
2016-08-02 15:25:05.680,0.512,-0.746,-0.406,-10.075026567755152,3.634257802564491,-1.6087345552505234,5.0
2016-08-02 15:25:05.690,0.516,-0.746,-0.41,-10.794589648742626,3.829548615230978,-1.743584517851151,5.0
2016-08-02 15:25:05.700,0.512,-0.742,-0.406,-11.221123024266104,3.641348151584487,-2.0468541921215766,5.0
2016-08-02 15:25:05.710,0.508,-0.738,-0.414,-11.799215027852242,3.3070601286680534,-2.518288878067671,5.0
2016-08-02 15:25:05.720,0.508,-0.738,-0.414,-12.295787030363895,3.175392906148625,-2.21684706893442,5.0
2016-08-02 15:25:05.730,0.512,-0.75,-0.41,-11.710608747716423,3.077994652747026,-1.6459143497679776,5.0
2016-08-02 15:25:05.740,0.512,-0.75,-0.402,-10.002618472732873,3.0036393894011404,-1.5492939112394286,5.0
2016-08-02 15:25:05.750,0.516,-0.754,-0.406,-8.187796830366278,2.947273567353105,-1.3459109287502717,5.0
2016-08-02 15:25:05.760,0.52,-0.754,-0.414,-6.788622852230481,3.0701823934538917,-0.9786313525373495,5.0
2016-08-02 15:25:05.770,0.527,-0.746,-0.414,-6.205327434962291,3.513613625844319,-0.7620786842200795,5.0
2016-08-02 15:25:05.780,0.523,-0.73,-0.422,-7.208995470886299,3.6515990019502045,-0.4830385818905682,5.0
2016-08-02 15:25:05.790,0.52,-0.719,-0.43,-9.445470225734262,3.3351243149005527,-0.09652711194254145,5.0
2016-08-02 15:25:05.800,0.523,-0.719,-0.434,-11.245034656032308,3.4319349411141413,0.27012476579756156,5.0
2016-08-02 15:25:05.810,0.527,-0.723,-0.43,-11.512148721802319,4.339419467867347,0.2767495228083935,5.0
2016-08-02 15:25:05.820,0.523,-0.727,-0.43,-11.200989819215245,5.337416064374349,-0.023221939288824357,5.0
2016-08-02 15:25:05.830,0.52,-0.727,-0.426,-11.533893526901219,5.497894728644558,0.13148446325925048,5.0
2016-08-02 15:25:05.840,0.512,-0.727,-0.43,-11.662614605755497,5.0219367894403435,0.6602818015782743,5.0
2016-08-02 15:25:05.850,0.512,-0.73,-0.434,-10.443362432543147,4.70951320408549,0.9035788244918526,5.0
2016-08-02 15:25:05.860,0.516,-0.734,-0.434,-8.459008702272552,4.51042751775713,0.8370946046095431,5.0
2016-08-02 15:25:05.870,0.52,-0.734,-0.434,-6.688670661292373,4.011089766938056,0.5985475545366438,5.0
2016-08-02 15:25:05.880,0.527,-0.738,-0.434,-5.285383200121175,3.438152518072562,0.31147672897059875,5.0
2016-08-02 15:25:05.890,0.527,-0.738,-0.434,-4.178403805271685,3.2291996965462513,0.08846912873473832,5.0
2016-08-02 15:25:05.900,0.527,-0.738,-0.434,-3.538167417247566,3.200444462056808,0.0009460999011707792,5.0
2016-08-02 15:25:05.910,0.527,-0.73,-0.434,-3.6604928991809036,2.886371387332687,0.15985093769241154,5.0
2016-08-02 15:25:05.920,0.523,-0.727,-0.434,-3.970074139949558,2.7038409315613268,0.4376202914012508,5.0
2016-08-02 15:25:05.930,0.52,-0.727,-0.434,-3.251672308995941,3.236064237776734,0.5977348036971307,5.0
2016-08-02 15:25:05.940,0.527,-0.727,-0.441,-1.9740956235779517,3.7792125221684336,0.5268160153571381,5.0
2016-08-02 15:25:05.950,0.52,-0.727,-0.441,-1.2578724144785516,3.670863492556113,0.4721909360049901,5.0
2016-08-02 15:25:05.960,0.516,-0.719,-0.441,-1.0251803107330595,3.1732233234227363,0.5665237248960515,5.0
2016-08-02 15:25:05.970,0.516,-0.719,-0.445,-1.3136466372019573,2.5453394639974602,0.35892809792859803,5.0
2016-08-02 15:25:05.980,0.516,-0.715,-0.441,-2.106049948768709,2.1096453424102464,-0.10954730658919536,5.0
2016-08-02 15:25:05.990,0.523,-0.719,-0.438,-2.7958367039960015,1.8941626449889628,-0.4617469110718717,5.0
2016-08-02 15:25:06.000,0.516,-0.715,-0.438,-3.3029953917536994,1.583891172234544,-0.8650570705025264,5.0
2016-08-02 15:26:20.000,1.004,-0.082,-0.078,-0.03543843081007306,-0.22752606518970772,-4.264014940805847,6.0
2016-08-02 15:26:20.010,1.012,-0.078,-0.09,1.069262168715092,0.30144351367218625,-4.462386562020716,6.0
2016-08-02 15:26:20.020,1.008,-0.07,-0.109,1.34596585214899,1.2141462743139018,-3.7903869333693776,6.0
2016-08-02 15:26:20.030,1.008,-0.063,-0.109,0.6999257749607479,1.6165707816661157,-3.556257174064167,6.0
2016-08-02 15:26:20.040,1.008,-0.063,-0.098,0.13148968326983845,1.5832879638538953,-3.3656667224449595,6.0
2016-08-02 15:26:20.050,1.004,-0.07,-0.082,-0.18542130210667232,1.4466698947595737,-2.979670492413076,6.0
2016-08-02 15:26:20.060,1.004,-0.078,-0.074,-0.7552068887474765,1.2038511839765278,-2.934552563391712,6.0
2016-08-02 15:26:20.070,0.996,-0.078,-0.074,-1.2160085352647643,0.9380290640384905,-3.070033687754425,6.0
2016-08-02 15:26:20.080,0.992,-0.082,-0.078,-0.7622166427171352,0.9774876703576882,-3.2171869886765347,6.0
2016-08-02 15:26:20.090,0.992,-0.086,-0.09,0.28722204826146497,1.2817808912461466,-3.4192696480974187,6.0
2016-08-02 15:26:20.100,0.988,-0.082,-0.098,1.050154451161618,1.3379096925076044,-3.6252740296372536,6.0
2016-08-02 15:26:20.110,0.996,-0.078,-0.098,0.9846249829727479,1.2157533596884373,-3.4834875508001746,6.0
2016-08-02 15:26:20.120,1.0,-0.07,-0.094,-0.1092156137506346,1.26963105696248,-2.829967946800469,6.0
2016-08-02 15:26:20.130,0.996,-0.07,-0.086,-1.4637834575336326,1.1391815514562162,-2.3754215252106556,6.0
2016-08-02 15:26:20.140,0.992,-0.074,-0.078,-1.8675399761002032,0.725052098183899,-2.3621141039737146,6.0
2016-08-02 15:26:20.150,0.992,-0.07,-0.066,-1.2232489984210368,0.5668490957520749,-2.2311850180404647,6.0
2016-08-02 15:26:20.160,1.008,-0.078,-0.07,-0.37534475821858443,0.9992073570551689,-1.816016839978305,6.0
2016-08-02 15:26:20.170,1.004,-0.082,-0.078,0.0898017371749579,1.7579874095371475,-1.5330198206599062,6.0
2016-08-02 15:26:20.180,0.996,-0.082,-0.094,0.3161719951607374,1.804057053147886,-1.8150233170619026,6.0
2016-08-02 15:26:20.190,0.992,-0.082,-0.102,0.3363535814698037,0.9698556566862266,-2.112344335910197,6.0
2016-08-02 15:26:20.200,0.988,-0.074,-0.098,-0.29083671336126654,0.2909171136863359,-1.8242413077670685,6.0
2016-08-02 15:26:20.210,0.996,-0.066,-0.082,-1.325827358943731,-0.09632790855100502,-1.4797933236413932,6.0
2016-08-02 15:26:20.220,1.004,-0.066,-0.074,-1.9028029733985314,-0.25555330919966335,-1.0964480577584759,6.0
2016-08-02 15:26:20.230,1.008,-0.063,-0.07,-1.7275831323206323,0.0908477797403628,-0.4392699871600867,6.0
2016-08-02 15:26:20.240,1.012,-0.063,-0.063,-1.322763560624421,0.6448717372938993,-0.11510918657173486,6.0
2016-08-02 15:26:20.250,1.008,-0.07,-0.078,-1.2184961473843057,1.2046344405019425,-0.16152523378806355,6.0
2016-08-02 15:26:20.260,0.996,-0.082,-0.086,-1.2167186001079051,1.3627160786117019,-0.39581927760112134,6.0
2016-08-02 15:26:20.270,0.992,-0.074,-0.086,-1.1753345974219156,0.7948639333200758,-0.7641211690068503,6.0
2016-08-02 15:26:20.280,1.0,-0.063,-0.086,-1.5929033054809638,0.49920554388124216,-0.5278636851150824,6.0
2016-08-02 15:26:20.290,1.008,-0.059,-0.078,-2.4275907902442455,0.8794336913618359,0.36035398830606635,6.0
2016-08-02 15:26:20.300,1.012,-0.059,-0.074,-2.7896105417080337,1.090592702635918,0.9952405251962919,6.0
2016-08-02 15:26:20.310,1.008,-0.066,-0.086,-2.2347902643157904,1.1328470926418241,1.014528654202235,6.0
2016-08-02 15:26:20.320,1.008,-0.066,-0.09,-1.2835950574178576,1.2742540803518632,0.7515146525802138,6.0
2016-08-02 15:26:20.330,1.004,-0.074,-0.094,-0.8759276655669909,1.3377070760408785,0.47895838813461394,6.0
2016-08-02 15:26:20.340,0.996,-0.082,-0.094,-1.2392382268170863,1.2900803666133014,-0.008737608163549931,6.0
2016-08-02 15:26:20.350,0.992,-0.078,-0.09,-1.5740902760084494,0.9936855046783402,-0.4838580014759573,6.0
2016-08-02 15:26:20.360,1.0,-0.066,-0.078,-1.678433760743016,0.6547004675763756,-0.274721642322331,6.0
2016-08-02 15:26:20.370,1.012,-0.059,-0.078,-1.8334297224425131,0.5915792705108371,0.2767402289124674,6.0
2016-08-02 15:26:20.380,1.016,-0.063,-0.074,-1.5359939494596457,0.883694676875143,0.5879515223566707,6.0
2016-08-02 15:26:20.390,1.008,-0.066,-0.09,-0.787958683485669,1.4150905767556936,0.6250318214215651,6.0
2016-08-02 15:26:20.400,0.996,-0.07,-0.098,-0.5108252219508078,1.3401997686866736,0.39104694786326255,6.0
2016-08-02 15:26:20.410,0.996,-0.063,-0.094,-0.9230546870144352,0.8449792092241102,0.1822269443452644,6.0
2016-08-02 15:26:20.420,1.008,-0.059,-0.09,-1.3504175621876244,0.9342395963818759,0.1449905701568368,6.0
2016-08-02 15:26:20.430,1.008,-0.059,-0.082,-1.538186949984047,0.8332153899658802,0.27777966562169265,6.0
2016-08-02 15:26:20.440,1.004,-0.055,-0.07,-1.8307674953405875,-0.002667989256738404,0.5383072050877514,6.0
2016-08-02 15:26:20.450,1.004,-0.063,-0.074,-1.8851352702169182,-0.5502010495711284,0.39717387151448713,6.0
2016-08-02 15:26:20.460,1.0,-0.07,-0.082,-1.1853473575114886,-0.5991439892093209,-0.14482675728142833,6.0
2016-08-02 15:26:20.470,1.0,-0.066,-0.086,-0.41153713430396677,-0.43664465291127275,-0.6115580103400274,6.0
2016-08-02 15:26:20.480,1.004,-0.063,-0.102,-0.3190904496175444,0.20381438345611572,-0.9037454142188057,6.0
2016-08-02 15:26:20.490,1.0,-0.059,-0.102,-0.4918263605058053,0.8716490290492653,-1.0554958497907294,6.0
2016-08-02 15:26:20.500,0.988,-0.059,-0.094,-0.39682870055944464,0.780006621031584,-1.2361072743943946,6.0
2016-08-02 15:26:20.510,0.992,-0.059,-0.086,-0.42941224000377787,0.22007752828897034,-1.2710059668909899,6.0
2016-08-02 15:26:20.520,0.996,-0.055,-0.082,-0.758991558836894,-0.16460628709726693,-0.8564187275936626,6.0
2016-08-02 15:26:20.530,1.004,-0.051,-0.07,-0.8378679826472855,-0.079863671160962,-0.4393729192403971,6.0
2016-08-02 15:26:20.540,1.008,-0.055,-0.066,-0.7725266619452757,0.40468979710146225,-0.4326043871377041,6.0
2016-08-02 15:26:20.550,1.008,-0.055,-0.074,-0.7132500420181449,0.6387703593095544,-0.7699536913739804,6.0
2016-08-02 15:26:20.560,1.008,-0.059,-0.086,-0.3388803263809516,0.6499234672840046,-1.2388687206118139,6.0
2016-08-02 15:26:20.570,0.992,-0.074,-0.105,-0.036261796157421075,0.8827009068648225,-1.7713937114538263,6.0
2016-08-02 15:26:20.580,0.977,-0.07,-0.102,-0.2494820688558547,0.3357995711875479,-2.4602110181716155,6.0
2016-08-02 15:26:20.590,0.98,-0.059,-0.082,-0.9908249056918581,-0.9409886204632079,-2.6316343230201547,6.0
2016-08-02 15:26:20.600,1.004,-0.051,-0.066,-1.8646062044144849,-0.974238768789345,-1.862475742890448,6.0
2016-08-02 15:26:20.610,1.004,-0.051,-0.066,-1.8367233486849361,0.06292476081052348,-1.1830875315308909,6.0
2016-08-02 15:26:20.620,0.992,-0.059,-0.07,-0.8444148999842923,0.29661414742994946,-1.1288654395948976,6.0
2016-08-02 15:26:20.630,0.984,-0.063,-0.074,-0.059033904928778566,-0.2882132675139333,-1.22986108512198,6.0
2016-08-02 15:26:20.640,0.992,-0.07,-0.086,-0.017259849828098618,-0.3190592528217252,-1.4104603677269805,6.0
2016-08-02 15:26:20.650,0.992,-0.07,-0.105,-0.25633464763680813,0.21592657150230757,-1.8493039504536908,6.0
2016-08-02 15:26:20.660,0.988,-0.07,-0.105,-0.4742810620197595,-0.05042277260710207,-2.3138195724886876,6.0
2016-08-02 15:26:20.670,0.988,-0.059,-0.094,-1.1006329657885419,-0.9779045294351227,-2.156493848084856,6.0
2016-08-02 15:26:20.680,1.012,-0.055,-0.082,-2.0125153255259063,-1.018558078409913,-1.231669446943156,6.0
2016-08-02 15:26:20.690,1.023,-0.055,-0.07,-2.0279177733547775,-0.1372186747079951,-0.3569121866412895,6.0
2016-08-02 15:26:20.700,1.02,-0.055,-0.078,-0.9071342133397369,0.445806364541347,-0.1607202765800393,6.0
2016-08-02 15:26:20.710,1.008,-0.063,-0.082,0.262505952228686,0.27818910314229883,-0.582186871123393,6.0
2016-08-02 15:26:20.720,0.996,-0.07,-0.086,0.7543285001854014,-0.020969358192458393,-1.3539911559316824,6.0
2016-08-02 15:26:20.730,1.004,-0.07,-0.082,0.2007504538708908,-0.02312909229919785,-1.9512983798020826,6.0
2016-08-02 15:26:20.740,1.012,-0.059,-0.074,-1.419577042081094,-0.18970365273971196,-1.8063109905617378,6.0
2016-08-02 15:26:20.750,1.016,-0.051,-0.07,-3.068519911981082,-0.4232607289177258,-0.882896747694204,6.0
2016-08-02 15:26:20.760,1.02,-0.055,-0.07,-3.6110267361393626,-0.22359451513087775,0.1835587661130773,6.0
2016-08-02 15:26:20.770,1.016,-0.063,-0.074,-2.669460129071719,-0.1415578517216055,0.5336590836666015,6.0
2016-08-02 15:26:20.780,1.004,-0.07,-0.086,-1.0041482712941991,-0.44968637190057636,0.26636126227394824,6.0
2016-08-02 15:26:20.790,0.992,-0.074,-0.09,-0.29675632283968345,-0.7040978868351038,0.0896339724961214,6.0
2016-08-02 15:26:20.800,0.988,-0.066,-0.09,-0.8872977049177235,-0.9918738452755143,-0.11425198400804226,6.0
2016-08-02 15:26:20.810,1.0,-0.066,-0.078,-1.5725991361954539,-1.1818655625270704,-0.323135276826569,6.0
2016-08-02 15:26:20.820,1.012,-0.063,-0.074,-1.860024639114766,-0.6890836451175202,0.10199074741302094,6.0
2016-08-02 15:26:20.830,1.016,-0.059,-0.078,-1.8320136403400324,0.451083686987766,1.0233691587807119,6.0
2016-08-02 15:26:20.840,1.008,-0.059,-0.086,-1.2164479081767394,1.45747648644664,1.6051049588711968,6.0
2016-08-02 15:26:20.850,0.992,-0.074,-0.086,-0.06065738158117781,1.5099464763273496,1.4778754078407725,6.0
2016-08-02 15:26:20.860,0.988,-0.074,-0.09,0.6925679355678117,0.7978623307649033,1.1461001072611057,6.0
2016-08-02 15:26:20.870,0.992,-0.063,-0.082,0.18929003434615746,0.2662159250744881,1.0739767990733267,6.0
2016-08-02 15:26:20.880,1.004,-0.055,-0.07,-0.8569186105840866,0.5289447214818908,1.2411324522164873,6.0
2016-08-02 15:26:20.890,1.012,-0.055,-0.074,-1.1261352477476674,1.3876172715889297,1.5772383328980417,6.0
2016-08-02 15:26:20.900,1.0,-0.059,-0.094,-0.1573779670405112,2.032995854710327,1.7705236359593286,6.0
2016-08-02 15:26:20.910,0.992,-0.066,-0.094,1.6304630821741275,2.3252674303696343,1.668787853091242,6.0
2016-08-02 15:26:20.920,0.992,-0.063,-0.094,2.789745876685514,2.4729661695218885,1.6417872280611623,6.0
2016-08-02 15:26:20.930,0.992,-0.063,-0.086,2.4759531826255077,2.2129682816725094,1.8964448946479857,6.0
2016-08-02 15:26:20.940,1.0,-0.059,-0.082,1.7940157645657053,1.9059110150766059,2.120253033025615,6.0
2016-08-02 15:26:20.950,1.004,-0.055,-0.086,1.7773538913171794,1.819079244482714,2.019497943741533,6.0
2016-08-02 15:26:20.960,1.004,-0.055,-0.086,2.4008785452380508,1.6549408236932797,2.107129195493644,6.0
2016-08-02 15:26:20.970,1.004,-0.055,-0.082,3.3605132680324026,1.5364321550389615,2.625805999871477,6.0
2016-08-02 15:26:20.980,1.008,-0.07,-0.086,4.227990749699466,1.3754075718089458,2.5549303418875837,6.0
2016-08-02 15:26:20.990,1.008,-0.074,-0.09,4.854082278977396,1.0755121365818585,1.717682307817069,6.0
2016-08-02 15:26:21.000,0.988,-0.07,-0.094,5.260913028794051,0.5442336003382716,1.268039617988806,6.0
2016-08-02 15:26:21.010,0.98,-0.066,-0.09,5.1118942004444206,-0.5052508937555138,1.4064137602290177,6.0
2016-08-02 15:26:21.020,0.984,-0.066,-0.082,4.575243647107791,-1.4174943177507762,1.6357310466699027,6.0
2016-08-02 15:26:21.030,1.0,-0.066,-0.074,4.640487494269939,-1.5262277135049311,2.0699094778180016,6.0
2016-08-02 15:26:21.040,1.008,-0.063,-0.074,5.650400706028027,-1.1390279321554657,2.743777944260134,6.0
2016-08-02 15:26:21.050,1.008,-0.07,-0.07,6.9252915319702355,-0.7167051602290375,3.2625919260346237,6.0
2016-08-02 15:26:21.060,1.0,-0.078,-0.078,7.712226922460209,-0.6422034519677295,3.327218260704658,6.0
2016-08-02 15:26:21.070,0.992,-0.082,-0.082,7.549859891028414,-1.1914289174259243,2.910431385776787,6.0
2016-08-02 15:26:21.080,0.988,-0.086,-0.09,6.476319458193146,-2.1205000956224285,2.524266892557573,6.0
2016-08-02 15:26:21.090,0.988,-0.082,-0.086,5.184593627459117,-2.6851203637787964,2.7678359329990587,6.0
2016-08-02 15:26:21.100,1.0,-0.066,-0.086,4.734954197050198,-2.3533133120759806,3.579197416879796,6.0
2016-08-02 15:26:21.110,1.008,-0.059,-0.09,5.654451007507363,-1.1579541879605866,4.953166416587227,6.0
2016-08-02 15:26:21.120,1.004,-0.078,-0.098,7.592794056722259,0.1638235254445016,6.563621677007958,6.0
2016-08-02 15:26:21.130,0.992,-0.102,-0.102,9.878173574087416,0.5976270913560741,7.199062368997347,6.0
2016-08-02 15:26:21.140,0.973,-0.117,-0.109,11.104425332341695,0.0466112463972542,7.218506337815542,6.0
2016-08-02 15:26:21.150,0.961,-0.129,-0.098,9.978037796168493,-0.9611424391378874,8.383894364889802,6.0
2016-08-02 15:26:21.160,0.949,-0.145,-0.086,7.616779080154098,-2.0459362709184385,10.485828144383513,6.0
2016-08-02 15:26:21.170,0.941,-0.168,-0.078,7.202772495012283,-3.0759170876310287,12.549398289934622,6.0
2016-08-02 15:26:21.180,0.949,-0.195,-0.082,10.880112928204323,-3.4107895022018067,15.222908190260846,6.0
2016-08-02 15:26:21.190,0.945,-0.215,-0.121,16.898469928198253,-2.397624332253646,18.564569728701695,6.0
2016-08-02 15:26:21.200,0.926,-0.211,-0.141,20.56871189774464,-1.9041125322275625,21.82479952822775,6.0
2016-08-02 15:26:21.210,0.926,-0.211,-0.141,18.876446695246596,-3.058439282959299,25.36243467436503,6.0
2016-08-02 15:26:21.220,0.941,-0.219,-0.137,14.581197689059223,-3.987850055299157,29.021862481875303,6.0
2016-08-02 15:26:21.230,0.953,-0.254,-0.117,13.247159535913802,-4.599588518228986,32.46089777433558,6.0
2016-08-02 15:26:21.240,0.965,-0.285,-0.098,15.528252433644532,-5.276959682776932,36.48361236969711,6.0
2016-08-02 15:26:21.250,0.977,-0.285,-0.105,18.832673594235555,-4.962326004610493,41.3036095074079,6.0
2016-08-02 15:26:21.260,0.984,-0.289,-0.129,23.406806136094836,-4.225216143251105,46.67872913170454,6.0
2016-08-02 15:26:21.270,0.973,-0.297,-0.148,29.378324939206422,-4.333556764015793,52.218883233694896,6.0
2016-08-02 15:26:21.280,0.961,-0.34,-0.152,34.12654199375897,-5.876877621729991,56.714072518064754,6.0
2016-08-02 15:26:21.290,0.965,-0.363,-0.148,36.15180275580056,-8.55413963657328,59.83904494880744,6.0
2016-08-02 15:26:21.300,0.984,-0.363,-0.145,36.34794749081868,-10.840151570004062,63.55290091107765,6.0
2016-08-02 15:26:21.310,1.004,-0.367,-0.152,35.76118599391285,-11.416912368085583,69.47437545035166,6.0
2016-08-02 15:26:21.320,1.0,-0.402,-0.18,36.13180083440727,-10.618441374533298,75.90512644458438,6.0
2016-08-02 15:26:21.330,0.988,-0.434,-0.211,39.94883183368574,-10.295961193564958,80.90938700923348,6.0
2016-08-02 15:26:21.340,0.984,-0.438,-0.223,46.22403452064453,-11.064773572240838,85.78476141505828,6.0
2016-08-02 15:26:21.350,1.004,-0.422,-0.219,51.25169496839759,-11.889178022200792,92.13280025826074,6.0
2016-08-02 15:26:21.360,1.027,-0.441,-0.203,53.64618109256536,-12.58770117003027,98.96833636383204,6.0
2016-08-02 15:26:21.370,1.031,-0.5,-0.18,53.80840019773512,-13.755833570020055,104.45714712643637,6.0
2016-08-02 15:26:21.380,1.02,-0.527,-0.148,53.08248078419362,-16.3718422802917,108.90317449331081,6.0
2016-08-02 15:26:21.390,1.016,-0.559,-0.156,53.6324275259074,-19.550597964159657,114.86024990165438,6.0
2016-08-02 15:26:21.400,1.008,-0.598,-0.18,55.518178844401604,-20.671722002131695,122.17162680240823,6.0
2016-08-02 15:26:21.410,1.012,-0.586,-0.191,59.72538749316934,-21.7873130925321,127.6501913194765,6.0
2016-08-02 15:26:21.420,1.055,-0.59,-0.234,66.99232533813017,-24.043961998172552,133.03859124802486,6.0
2016-08-02 15:26:21.430,1.07,-0.617,-0.262,69.79988504947914,-23.939896592972296,140.53881727004358,6.0
2016-08-02 15:26:21.440,1.051,-0.605,-0.242,64.31112365909311,-25.440136429157754,145.92485395904765,6.0
2016-08-02 15:26:21.450,1.082,-0.605,-0.199,58.61654496422418,-31.149738234425854,149.0778777654971,6.0
2016-08-02 15:26:21.460,1.145,-0.605,-0.156,57.9216640298249,-33.36069656318955,153.65298884849483,6.0
2016-08-02 15:26:21.470,1.184,-0.648,-0.133,61.40952747894014,-31.40097430767881,157.40356668755788,6.0
2016-08-02 15:26:21.480,1.184,-0.68,-0.141,66.95458686782398,-29.870770879545542,158.48213248193616,6.0
2016-08-02 15:26:21.490,1.141,-0.742,-0.172,70.89038689607793,-27.63628332583766,159.12925618694933,6.0
2016-08-02 15:26:21.500,1.105,-0.746,-0.191,71.27986822717473,-25.691676997920766,159.31216852687984,6.0
2016-08-02 15:26:21.510,1.113,-0.723,-0.219,68.83146917489456,-25.91371882568444,158.97132969675363,6.0
2016-08-02 15:26:21.520,1.121,-0.73,-0.246,63.37876339158842,-24.941247756392357,160.40730509876997,6.0
2016-08-02 15:26:21.530,1.09,-0.695,-0.246,57.06042461912941,-24.18758053218126,162.08005437500998,6.0
2016-08-02 15:26:21.540,1.063,-0.746,-0.199,53.19132412912254,-26.534581955492662,163.2021833633094,6.0
2016-08-02 15:26:21.550,1.047,-0.793,-0.129,49.27709362433224,-27.021213528255053,164.5536743418825,6.0
2016-08-02 15:26:21.560,1.023,-0.813,-0.086,48.01746726668048,-26.56000195545538,162.3831447688479,6.0
2016-08-02 15:26:21.570,1.02,-0.805,-0.039,54.48658982168297,-27.281865499996673,158.5050611875456,6.0
2016-08-02 15:26:21.580,1.004,-0.82,-0.004,62.73296187028613,-24.18716230443302,156.756378082075,6.0
2016-08-02 15:26:21.590,0.949,-0.867,-0.047,66.77991652359842,-20.227035372822407,152.28615790909575,6.0
2016-08-02 15:26:21.600,0.836,-0.879,-0.125,65.19050115776675,-20.69920771960621,143.74509970133337,6.0
2016-08-02 15:26:21.610,0.746,-0.84,-0.16,59.44870049897397,-23.84784667500184,139.3090722607676,6.0
2016-08-02 15:26:21.620,0.746,-0.789,-0.137,53.330211085821674,-25.817380680202685,143.66782609428435,6.0
2016-08-02 15:26:21.630,0.828,-0.727,-0.152,49.039785968050595,-23.01710241876976,149.17834083562883,6.0
2016-08-02 15:26:21.640,0.867,-0.688,-0.168,49.573994171821,-16.16327812078202,149.12766895357026,6.0
2016-08-02 15:26:21.650,0.816,-0.766,-0.125,53.188320761544205,-9.452137308380692,147.66644946799542,6.0
2016-08-02 15:26:21.660,0.75,-0.828,-0.055,55.83044997898042,-7.432078048846906,145.00716115643223,6.0
2016-08-02 15:26:21.670,0.719,-0.852,-0.012,59.62866699296862,-10.124785210688493,138.81775065092964,6.0
2016-08-02 15:26:21.680,0.695,-0.871,0.012,61.378497928213335,-11.136662983125948,134.43638278626378,6.0
2016-08-02 15:26:21.690,0.656,-0.836,0.02,57.32364974559193,-10.77972087972785,132.69233410619773,6.0
2016-08-02 15:26:21.700,0.621,-0.801,-0.008,53.90443414633082,-13.94203197490706,130.87386272697825,6.0
2016-08-02 15:26:21.710,0.59,-0.746,-0.055,52.14757810149521,-17.376214550016375,131.20236037104678,6.0
2016-08-02 15:26:21.720,0.563,-0.766,-0.082,47.58383507856731,-18.399988613223634,132.58788485683615,6.0
2016-08-02 15:26:21.730,0.539,-0.723,-0.07,42.04629448085109,-19.36230647219486,131.24212639263345,6.0
2016-08-02 15:26:21.740,0.52,-0.723,-0.027,37.957568688149436,-19.448285057141455,128.6258157916394,6.0
2016-08-02 15:26:21.750,0.508,-0.754,0.004,36.43900860824729,-16.689348690468115,125.16509521553415,6.0
2016-08-02 15:26:21.760,0.477,-0.816,0.012,41.270120393027874,-13.57694795683441,117.8753491642048,6.0
2016-08-02 15:26:21.770,0.441,-0.852,0.039,50.37825251481233,-11.379646456963592,111.20392237659091,6.0
2016-08-02 15:26:21.780,0.398,-0.77,0.07,53.669533172697506,-9.388870482055948,111.27145641026017,6.0
2016-08-02 15:26:21.790,0.383,-0.695,0.117,46.441693869267105,-10.765879611800905,113.85517681582745,6.0
2016-08-02 15:26:21.800,0.371,-0.645,0.145,33.34865395987114,-15.08357583774636,112.27155453511116,6.0
2016-08-02 15:26:21.810,0.344,-0.68,0.168,24.17917752523509,-17.814672102621728,106.59272806996,6.0
2016-08-02 15:26:21.820,0.32,-0.781,0.117,25.78529903634807,-17.975278273845028,98.77503179297659,6.0
2016-08-02 15:26:21.830,0.273,-0.867,0.051,33.22933108409348,-16.81681901433999,89.56651440034149,6.0
2016-08-02 15:26:21.840,0.238,-0.867,0.027,36.61269458270483,-15.804268866709986,83.65507637869004,6.0
2016-08-02 15:26:21.850,0.227,-0.82,0.02,32.16337871200734,-15.291483591390712,82.10955647232971,6.0
2016-08-02 15:26:21.860,0.223,-0.75,0.016,23.407488243194024,-15.970549698459912,79.6009510757687,6.0
2016-08-02 15:26:21.870,0.227,-0.75,0.043,16.706729822920547,-16.658121408229274,76.92357694742068,6.0
2016-08-02 15:26:21.880,0.219,-0.773,0.031,15.85459891326921,-15.037682073965946,75.07146781899203,6.0
2016-08-02 15:26:21.890,0.199,-0.824,0.051,19.495196889665866,-14.213377204600281,70.96132709702134,6.0
2016-08-02 15:26:21.900,0.168,-0.828,0.078,22.324926308111365,-15.223356126080793,65.46523941128052,6.0
2016-08-02 15:26:21.910,0.113,-0.844,0.098,19.943083964988585,-16.631648363911463,60.03320398796618,6.0
2016-08-02 15:26:21.920,0.078,-0.84,0.109,13.332329614583525,-19.958204343446774,56.15635592063993,6.0
2016-08-02 15:26:21.930,0.078,-0.824,0.117,6.260135859580115,-22.412348353491428,55.372960176883325,6.0
2016-08-02 15:26:21.940,0.09,-0.77,0.102,0.8667955091966166,-21.859913036656344,55.285963681381325,6.0
2016-08-02 15:26:21.950,0.117,-0.793,0.082,-1.355157829072376,-20.769517151524813,52.74624393953284,6.0
2016-08-02 15:26:21.960,0.113,-0.816,0.043,0.621874137785327,-19.189194119802252,46.27465562237949,6.0
2016-08-02 15:26:21.970,0.055,-0.84,0.027,3.704650059929473,-18.133109631684697,39.06937514996613,6.0
2016-08-02 15:26:21.980,0.012,-0.836,0.063,2.8213509035971422,-19.217489914573015,35.93937209909198,6.0
2016-08-02 15:26:21.990,0.016,-0.805,0.121,-1.8907330981459647,-20.70211832642777,33.942017868029716,6.0
2016-08-02 15:26:22.000,0.008,-0.789,0.168,-6.018565327591288,-21.838679913493092,30.4132946623638,6.0
2016-08-02 15:26:22.010,0.004,-0.746,0.191,-6.780365862338656,-22.40516664740384,28.64963953049205,6.0
2016-08-02 15:26:22.020,-0.012,-0.754,0.219,-4.541331809177173,-20.45746030907769,27.54495039167027,6.0
2016-08-02 15:26:22.030,-0.047,-0.805,0.227,-0.6087385423046215,-17.170920732436855,24.33047995108904,6.0
2016-08-02 15:26:22.040,-0.039,-0.766,0.219,2.187887066053315,-15.176546586284786,21.522321108453337,6.0
2016-08-02 15:26:22.050,-0.023,-0.723,0.195,-1.6742790303372557,-13.785914592539667,19.489972977032153,6.0
2016-08-02 15:26:22.060,-0.02,-0.723,0.145,-10.547991403040454,-14.33714933854817,15.11263995708833,6.0
2016-08-02 15:26:22.070,-0.02,-0.762,0.148,-14.873914416885022,-16.932582885321683,9.727617553757868,6.0
2016-08-02 15:26:22.080,-0.039,-0.785,0.168,-12.904990385288487,-16.727753298972964,6.206642807129686,6.0
2016-08-02 15:26:22.090,-0.059,-0.762,0.211,-9.853174507642684,-14.165936231254847,4.642079961003384,6.0
2016-08-02 15:26:22.100,-0.051,-0.711,0.234,-7.829827174823533,-11.149922746686759,4.7323646201952325,6.0
2016-08-02 15:26:22.110,-0.043,-0.73,0.227,-6.2621056510104145,-6.902057137802231,4.197202218547312,6.0
2016-08-02 15:26:22.120,-0.027,-0.77,0.195,-4.6629307765518035,-4.80856499942511,0.5190239846338236,6.0
2016-08-02 15:26:22.130,-0.023,-0.809,0.18,-5.226097815169036,-6.093643841237165,-4.881652757129976,6.0
2016-08-02 15:26:22.140,-0.031,-0.793,0.164,-10.001605387294312,-8.058561897691979,-8.904818067703896,6.0
2016-08-02 15:26:22.150,-0.035,-0.797,0.188,-15.402961708619515,-9.44537260197253,-10.617823460443134,6.0
2016-08-02 15:26:22.160,-0.043,-0.789,0.227,-16.344850572996226,-8.01305904136051,-12.170568781896137,6.0
2016-08-02 15:26:22.170,-0.059,-0.828,0.23,-13.150316212626818,-4.300146041242187,-14.331238654314205,6.0
2016-08-02 15:26:22.180,-0.027,-0.848,0.219,-9.984453666617569,-1.8742302029662894,-16.982475859871304,6.0
2016-08-02 15:26:22.190,-0.004,-0.875,0.156,-9.102756615937437,-0.26675122659762407,-21.989254973090034,6.0
2016-08-02 15:26:22.200,-0.031,-0.879,0.133,-10.336528827355846,0.7796954038092878,-25.969357642989987,6.0
2016-08-02 15:26:22.210,-0.027,-0.855,0.164,-12.628669125991225,0.8388675105517922,-24.978297397259738,6.0
2016-08-02 15:26:22.220,0.004,-0.836,0.176,-13.469151138234093,2.9358082637678504,-24.34391337227943,6.0
2016-08-02 15:26:22.230,0.012,-0.844,0.191,-12.040082681493573,6.01487214878026,-27.23661342740455,6.0
2016-08-02 15:26:22.240,-0.008,-0.855,0.188,-11.738871482247072,6.179209831894631,-30.252618672124626,6.0
2016-08-02 15:26:22.250,-0.031,-0.887,0.203,-14.781026922714071,4.704961787516831,-33.085135885754234,6.0
2016-08-02 15:26:22.260,0.004,-0.895,0.199,-17.504680966346186,4.570851943791278,-36.851097668512864,6.0
2016-08-02 15:26:22.270,0.043,-0.953,0.191,-14.342032444880875,7.1042522153811465,-41.07394333856682,6.0
2016-08-02 15:26:22.280,0.063,-0.938,0.16,-6.415753924086202,10.924160680130171,-44.02279797835919,6.0
2016-08-02 15:26:22.290,0.063,-0.879,0.137,-2.6369265665558657,13.217716820201261,-42.673030303465744,6.0
2016-08-02 15:26:22.300,0.074,-0.828,0.129,-6.676276341211089,12.872525024112619,-39.69037348948318,6.0
2016-08-02 15:26:22.310,0.086,-0.824,0.137,-12.259490110452145,10.244167527396495,-40.58049611320221,6.0
2016-08-02 15:26:22.320,0.109,-0.875,0.152,-15.078624957557821,8.467887379348658,-44.86215417622942,6.0
2016-08-02 15:26:22.330,0.105,-0.945,0.148,-13.947011723127392,9.307456711791366,-51.07381943715448,6.0
2016-08-02 15:26:22.340,0.094,-0.988,0.156,-8.224731331769359,10.764267425987363,-56.51445723991492,6.0
2016-08-02 15:26:22.350,0.102,-0.949,0.145,-3.4155566118423293,13.02171823929985,-57.06820785884734,6.0
2016-08-02 15:26:22.360,0.098,-0.918,0.125,-4.598001863552705,14.961832062840438,-55.20230863541127,6.0
2016-08-02 15:26:22.370,0.098,-0.832,0.121,-9.498140141531374,13.997962356506008,-52.669999405914325,6.0
2016-08-02 15:26:22.380,0.141,-0.793,0.109,-15.53316852156875,13.395585863844321,-49.38442797455319,6.0
2016-08-02 15:26:22.390,0.164,-0.855,0.094,-19.568903925849625,14.694611977677264,-52.63485447667013,6.0
2016-08-02 15:26:22.400,0.168,-0.934,0.086,-16.735528621184503,14.750686741324222,-61.93234658881571,6.0
2016-08-02 15:26:22.410,0.188,-0.945,0.117,-10.420490473306458,16.00996259414408,-66.50325903486888,6.0
2016-08-02 15:26:22.420,0.207,-0.891,0.133,-9.215482775599343,19.00882874366087,-67.40544793829832,6.0
2016-08-02 15:26:22.430,0.191,-0.891,0.145,-13.23544169472313,18.26547304749043,-69.29149776682769,6.0
2016-08-02 15:26:22.440,0.172,-0.832,0.156,-16.760705668148233,16.321155795136193,-67.21511486202341,6.0
2016-08-02 15:26:22.450,0.227,-0.758,0.152,-18.928545036065024,18.824559500652526,-62.056803378798406,6.0
2016-08-02 15:26:22.460,0.277,-0.805,0.055,-20.13188624398527,23.253977178901188,-64.9484717859182,6.0
2016-08-02 15:26:22.470,0.27,-0.859,-0.008,-17.29553285087857,24.525259308987145,-76.65788982278887,6.0
2016-08-02 15:26:22.480,0.27,-0.887,0.008,-13.331942477140675,23.69794951147444,-84.21758020271675,6.0
2016-08-02 15:26:22.490,0.281,-0.809,0.039,-16.576521752959966,23.190781029538,-85.58345186772496,6.0
2016-08-02 15:26:22.500,0.27,-0.809,0.078,-26.224441999058435,19.836340055119127,-87.85617290285238,6.0
2016-08-02 15:26:22.510,0.266,-0.789,0.129,-32.4363816947074,15.81775936243691,-87.32009876144403,6.0
2016-08-02 15:26:22.520,0.355,-0.723,0.152,-30.335368174497855,18.41212848586257,-81.85670035086062,6.0
2016-08-02 15:26:22.530,0.457,-0.766,0.055,-23.412395341039037,25.884836559753538,-83.51067946950621,6.0
2016-08-02 15:26:22.540,0.441,-0.879,-0.035,-15.267110157924623,29.381722202408753,-98.1725635388492,6.0
2016-08-02 15:26:22.550,0.402,-0.891,-0.059,-10.403589795356181,26.28379280229089,-111.41246087269175,6.0
2016-08-02 15:26:22.560,0.383,-0.777,-0.055,-17.270055776875928,22.752946119732254,-112.19588230668059,6.0
2016-08-02 15:26:22.570,0.359,-0.754,-0.023,-34.36057231639753,18.72361306776245,-109.84424946760235,6.0
2016-08-02 15:26:22.580,0.375,-0.699,0.047,-45.56263565162127,12.584347848719954,-110.03342309860996,6.0
2016-08-02 15:26:22.590,0.496,-0.629,0.086,-42.49920685948767,14.434964705062509,-106.42248696639194,6.0
2016-08-02 15:26:22.600,0.609,-0.703,0.016,-32.67397905808365,25.111027054464746,-106.47622963737415,6.0
2016-08-02 15:26:22.610,0.602,-0.824,-0.074,-22.94234243830981,29.58874554908599,-120.29736359489544,6.0
2016-08-02 15:26:22.620,0.551,-0.887,-0.086,-17.348420246832852,26.731688328551403,-133.72735013476944,6.0
2016-08-02 15:26:22.630,0.492,-0.809,-0.082,-22.3424358434475,24.93442832883312,-134.3722252241576,6.0
2016-08-02 15:26:22.640,0.484,-0.707,-0.035,-36.73028156697663,20.333278034063017,-128.79308409792918,6.0
2016-08-02 15:26:22.650,0.535,-0.719,0.012,-48.78654253329835,15.143436342395145,-124.36565939097693,6.0
2016-08-02 15:26:22.660,0.613,-0.66,0.004,-49.19535887565081,16.651940246249456,-123.3491102385097,6.0
2016-08-02 15:26:22.670,0.707,-0.664,-0.012,-42.0625344600203,20.713873399615736,-122.43783507216853,6.0
2016-08-02 15:26:22.680,0.746,-0.77,-0.074,-38.49371319063665,24.58800283375496,-124.65918718917735,6.0
2016-08-02 15:26:22.690,0.742,-0.785,-0.145,-38.010346813550754,24.30040342292759,-136.0897982818007,6.0
2016-08-02 15:26:22.700,0.742,-0.762,-0.113,-36.912086303344324,21.257678167868267,-141.72852301786872,6.0
2016-08-02 15:26:22.710,0.695,-0.805,-0.113,-42.73594364007934,23.376192618691373,-135.6422467462146,6.0
2016-08-02 15:26:22.720,0.676,-0.691,-0.066,-51.44978801379881,19.858032346401757,-133.2759824336743,6.0
2016-08-02 15:26:22.730,0.797,-0.613,-0.008,-50.48894561029472,13.703798504845,-130.05876993231823,6.0
2016-08-02 15:26:22.740,0.902,-0.66,-0.031,-46.4490312222855,21.396909268954417,-125.16616102652114,6.0
2016-08-02 15:26:22.750,0.953,-0.656,-0.063,-43.58840143464097,25.113433410617297,-133.0497650936444,6.0
2016-08-02 15:26:22.760,0.98,-0.734,-0.07,-39.4363614017087,20.983246550299313,-140.28161711927254,6.0
2016-08-02 15:26:22.770,0.922,-0.789,-0.117,-44.07148693911331,25.30383857151026,-138.8144338056196,6.0
2016-08-02 15:26:22.780,0.813,-0.691,-0.137,-53.481725927946805,22.274932440834327,-140.3320031863436,6.0
2016-08-02 15:26:22.790,0.809,-0.699,-0.074,-57.39447234464569,14.16026377941636,-135.16180508510945,6.0
2016-08-02 15:26:22.800,0.863,-0.629,-0.035,-60.88464798469373,17.978561297177187,-126.62815288764061,6.0
2016-08-02 15:26:22.810,0.984,-0.551,-0.023,-57.30153993543972,17.974651266984175,-130.11589350661552,6.0
2016-08-02 15:26:22.820,1.098,-0.578,-0.063,-46.383173744313474,18.59966860380132,-131.07159024470013,6.0
2016-08-02 15:26:22.830,1.098,-0.672,-0.141,-44.35922825171536,29.58761440205683,-129.39729215340952,6.0
2016-08-02 15:26:22.840,1.031,-0.621,-0.156,-45.60397098429341,29.417322987718727,-136.27370341845108,6.0
2016-08-02 15:26:22.850,0.984,-0.664,-0.141,-45.489205655303316,24.32558933792353,-134.16073785009903,6.0
2016-08-02 15:26:22.860,0.953,-0.613,-0.09,-52.819652416190486,26.86606747368465,-125.3270850087707,6.0
2016-08-02 15:26:22.870,0.992,-0.523,-0.008,-56.05043977655416,21.842440016423033,-125.88225083638534,6.0
2016-08-02 15:26:22.880,1.09,-0.543,0.008,-50.76494859738211,18.817123644550627,-123.3303943387181,6.0
2016-08-02 15:26:22.890,1.133,-0.5,-0.051,-48.67869130139256,26.393629377742695,-120.22732119640165,6.0
2016-08-02 15:26:22.900,1.156,-0.449,-0.078,-44.05025643229152,26.713313890411396,-126.33911531571559,6.0
2016-08-02 15:26:22.910,1.199,-0.402,-0.074,-38.240309797098405,26.379548831629087,-127.05394566480189,6.0
2016-08-02 15:26:22.920,1.246,-0.402,-0.074,-39.92257846881034,31.915148791076774,-123.39637149290425,6.0
2016-08-02 15:26:22.930,1.234,-0.48,-0.09,-42.571125635236335,31.690405097220925,-123.11724109733902,6.0
2016-08-02 15:26:22.940,1.141,-0.555,-0.109,-46.12329459505182,30.49854127404496,-121.6434768251778,6.0
2016-08-02 15:26:22.950,1.035,-0.453,-0.086,-48.762899348903524,27.950090475194788,-122.80371060507133,6.0
2016-08-02 15:26:22.960,1.051,-0.336,-0.047,-43.667862461498004,21.56077526427668,-122.35099809740845,6.0
2016-08-02 15:26:22.970,1.152,-0.297,-0.063,-38.932710326260164,24.513422826090387,-114.63497132175945,6.0
2016-08-02 15:26:22.980,1.207,-0.285,-0.09,-36.1898817759747,31.369366074860146,-113.65058571968294,6.0
2016-08-02 15:26:22.990,1.215,-0.27,-0.102,-29.725132836183263,30.79983713025399,-119.52189494807527,6.0
2016-08-02 15:26:23.000,1.203,-0.254,-0.109,-27.701701936668186,30.69598205469077,-119.54874121431781,6.0
2016-08-02 15:26:23.010,1.199,-0.234,-0.105,-33.03227450196331,31.519197654935887,-117.62051128010154,6.0
2016-08-02 15:26:23.020,1.184,-0.242,-0.086,-37.15547512463081,28.98611582420718,-116.95435683817516,6.0
2016-08-02 15:26:23.030,1.152,-0.277,-0.063,-37.12033371307268,27.72114101976731,-114.04907734554456,6.0
2016-08-02 15:26:23.040,1.129,-0.277,-0.063,-33.118879403673226,27.370586596502235,-111.41679242656333,6.0
2016-08-02 15:26:23.050,1.117,-0.254,-0.098,-26.756464067879023,26.815936798831583,-108.95101367336089,6.0
2016-08-02 15:26:23.060,1.105,-0.207,-0.133,-23.265984295175013,28.822232294747543,-104.44336683181595,6.0
2016-08-02 15:26:23.070,1.086,-0.16,-0.16,-24.16298936167577,30.259391166478537,-101.35449523865628,6.0
2016-08-02 15:26:23.080,1.094,-0.145,-0.141,-27.214921922837497,28.713957960248525,-100.3057961140763,6.0
2016-08-02 15:26:23.090,1.09,-0.125,-0.117,-31.202897629411176,26.848351512625975,-98.01024679522298,6.0
2016-08-02 15:26:23.100,1.086,-0.117,-0.078,-34.00707864586057,24.294146119678214,-94.68989229522208,6.0
2016-08-02 15:26:23.110,1.074,-0.121,-0.031,-34.23219452727668,21.036510354306245,-91.43901928575342,6.0
2016-08-02 15:26:23.120,1.055,-0.141,-0.008,-32.608716797560085,18.51372485839556,-88.45639973252692,6.0
2016-08-02 15:26:23.130,1.035,-0.148,-0.02,-29.039983032924344,15.369366963305833,-86.36218406771181,6.0
2016-08-02 15:26:23.140,1.027,-0.148,-0.039,-23.902779694841733,12.337566126529234,-84.74353869089263,6.0
2016-08-02 15:26:23.150,1.016,-0.129,-0.059,-19.60781858046174,10.74579013778869,-83.0763188880345,6.0
2016-08-02 15:26:23.160,1.012,-0.078,-0.078,-18.855956689919957,8.927257650046144,-81.55421345425415,6.0
2016-08-02 15:26:23.170,1.012,-0.008,-0.082,-21.38373842523397,7.1840675484702174,-79.28235294956949,6.0
2016-08-02 15:26:23.180,1.023,0.035,-0.078,-24.307969567349346,6.889251560967474,-75.58627482387598,6.0
2016-08-02 15:26:23.190,1.023,0.059,-0.063,-26.81482545613664,6.795832519180081,-72.10847963378842,6.0
2016-08-02 15:26:23.200,1.02,0.055,-0.035,-29.360995623569686,5.9481976979247655,-69.54903645900536,6.0
2016-08-02 15:26:23.210,1.02,0.039,-0.004,-30.423005013643667,5.152640733657434,-67.09182788372419,6.0
2016-08-02 15:26:23.220,1.02,0.027,0.0,-28.35667382318246,4.861370305008659,-65.64196763536852,6.0
2016-08-02 15:26:23.230,1.016,0.004,-0.016,-23.964476762139157,5.3560983252196275,-65.1281019936555,6.0
2016-08-02 15:26:23.240,1.0,0.012,-0.02,-20.33323443729897,6.510137219392311,-63.87472258628043,6.0
2016-08-02 15:26:23.250,0.988,0.039,-0.02,-20.57303960939309,6.5041816079047825,-61.97528539691184,6.0
2016-08-02 15:26:23.260,0.984,0.078,-0.027,-24.978697810118717,4.941642193336102,-59.52002679052286,6.0
2016-08-02 15:26:23.270,0.996,0.121,-0.02,-30.47167016569356,3.9318403113427394,-56.03968128850073,6.0
2016-08-02 15:26:23.280,1.012,0.148,-0.004,-33.8179841338343,4.114229529839155,-52.070375635273564,6.0
2016-08-02 15:26:23.290,1.016,0.133,0.016,-33.65842986362284,4.6293434394223905,-48.192060927021075,6.0
2016-08-02 15:26:23.300,1.012,0.09,0.008,-29.854568257641212,5.1541273433490735,-45.400725309463766,6.0
2016-08-02 15:26:23.310,1.004,0.07,0.008,-24.54500309748142,5.376124321864198,-44.41284140842264,6.0
2016-08-02 15:26:23.320,0.988,0.066,0.004,-21.218486938682656,5.019202920622688,-43.50276788823392,6.0
2016-08-02 15:26:23.330,0.977,0.094,0.016,-21.269234049388977,4.297056764584688,-41.38475340510185,6.0
2016-08-02 15:26:23.340,0.984,0.121,0.035,-23.62155296059003,3.536788749971458,-38.56149910486932,6.0
2016-08-02 15:26:23.350,1.0,0.148,0.039,-26.131592472294802,3.2359566400376547,-34.86633992856806,6.0
2016-08-02 15:26:23.360,0.996,0.145,0.039,-26.1252163987867,3.37420803369433,-31.296031380926205,6.0
2016-08-02 15:26:23.370,0.98,0.129,0.031,-22.613736355820528,3.2917496924828393,-29.10915291417364,6.0
2016-08-02 15:26:23.380,0.965,0.129,0.039,-18.672433429077785,3.1963927237833114,-26.865225843191475,6.0
2016-08-02 15:26:23.390,0.961,0.145,0.043,-17.520525984438343,3.0038417813206886,-23.843048903636234,6.0
2016-08-02 15:26:23.400,0.969,0.16,0.043,-18.124247228413104,2.2301486588578565,-21.049527616699418,6.0
2016-08-02 15:26:23.410,0.969,0.16,0.047,-17.729276937183748,1.8437322849652953,-18.744653306485105,6.0
2016-08-02 15:26:23.420,0.961,0.168,0.059,-15.563234634806246,1.7393729489343883,-16.90513874056573,6.0
2016-08-02 15:26:23.430,0.953,0.18,0.074,-13.128330361166622,0.7516307913491443,-15.038449275217868,6.0
2016-08-02 15:26:23.440,0.953,0.191,0.078,-12.144715421123504,-0.22607504025646216,-12.635649324543117,6.0
2016-08-02 15:26:23.450,0.953,0.199,0.078,-12.31063834751405,-0.5950236209869718,-10.661857200027217,6.0
2016-08-02 15:26:23.460,0.953,0.191,0.07,-11.623526458250556,-0.8539489004969707,-9.516420628044717,6.0
2016-08-02 15:26:23.470,0.945,0.188,0.063,-9.168966731406373,-0.7726216898616532,-8.347971871848273,6.0
2016-08-02 15:26:23.480,0.941,0.195,0.055,-6.531934920718445,-0.7538883081470742,-6.849341850862936,6.0
2016-08-02 15:26:23.490,0.945,0.215,0.051,-5.416867072894891,-1.103329856585746,-5.128437518808736,6.0
2016-08-02 15:26:23.500,0.945,0.234,0.051,-5.469443878455284,-1.1696660294920218,-3.3357400259781635,6.0
2016-08-02 15:26:23.510,0.949,0.238,0.066,-5.802635633714782,-1.189737397395037,-1.6135299522624207,6.0
2016-08-02 15:26:23.520,0.953,0.23,0.078,-5.852541350344167,-1.5277208853889923,-0.03865588540770573,6.0
2016-08-02 15:26:23.530,0.949,0.227,0.082,-4.551337543694334,-1.6186043659854736,1.2174493760989593,6.0
2016-08-02 15:26:23.540,0.953,0.219,0.063,-1.7597697204192035,-1.164446704453982,1.9972640111937614,6.0
2016-08-02 15:26:23.550,0.953,0.223,0.047,0.8191311828151709,-0.6383095126685506,2.3946617936823746,6.0
2016-08-02 15:26:23.560,0.953,0.242,0.047,1.5918654521553415,-0.6965547537729191,3.0059257933944536,6.0
2016-08-02 15:26:23.570,0.957,0.254,0.051,0.29363198506232996,-1.3884451886410256,3.87286754827078,6.0
2016-08-02 15:26:23.580,0.957,0.27,0.059,-1.8298805560287374,-2.298919721727283,4.438307659714418,6.0
2016-08-02 15:26:23.590,0.953,0.262,0.07,-2.5705322407332036,-3.209092593857263,5.194290438566511,6.0
2016-08-02 15:26:23.600,0.953,0.238,0.074,-1.1376152547602514,-4.0273589246034165,6.1812658011416906,6.0
2016-08-02 15:26:23.610,0.957,0.227,0.066,1.4749193417916153,-4.567216902334918,6.705808321376317,6.0
2016-08-02 15:26:23.620,0.957,0.211,0.047,4.11686887717284,-4.468322318806919,7.4749023998461,6.0
2016-08-02 15:26:23.630,0.949,0.199,0.027,5.512096146985952,-3.939929795937043,8.82772293314582,6.0
2016-08-02 15:26:23.640,0.934,0.199,0.012,4.863122579588845,-3.8659939879922245,10.318192648331152,6.0
2016-08-02 15:26:23.650,0.926,0.191,0.016,3.0271001645164266,-4.444367891750613,12.311173686016437,6.0
2016-08-02 15:26:23.660,0.922,0.188,0.023,1.6249720851767973,-5.255495696209759,14.95435914477978,6.0
2016-08-02 15:26:23.670,0.93,0.168,0.031,1.6029699039692813,-6.043199622728716,17.925534981037085,6.0
2016-08-02 15:26:23.680,0.941,0.152,0.031,3.238657783959547,-6.270604796154506,20.996118344700772,6.0
2016-08-02 15:26:23.690,0.938,0.133,0.02,6.341576380624188,-5.682011288860809,24.11392610375512,6.0
2016-08-02 15:26:23.700,0.938,0.113,0.0,9.451204605593123,-5.519877018149861,27.276210988666428,6.0
2016-08-02 15:26:23.710,0.934,0.098,-0.004,10.476540345502242,-6.691331534490757,30.60508140323231,6.0
2016-08-02 15:26:23.720,0.938,0.082,0.004,9.474823164667733,-8.738698916392488,34.27436591898336,6.0
2016-08-02 15:26:23.730,0.949,0.074,0.012,8.871353560094962,-11.330404804854622,37.827008439804544,6.0
2016-08-02 15:26:23.740,0.969,0.066,0.023,10.11107627729374,-13.423132607068151,41.80095026822803,6.0
2016-08-02 15:26:23.750,0.98,0.039,0.02,12.585428178758029,-14.188254489897126,47.118480351060164,6.0
2016-08-02 15:26:23.760,0.996,0.016,0.004,15.824660067732921,-14.839654663376919,52.22300404787705,6.0
2016-08-02 15:26:23.770,0.996,0.004,-0.023,19.14684817045971,-15.781535974759667,56.62705711496034,6.0
2016-08-02 15:26:23.780,0.992,-0.008,-0.043,20.45646750542427,-16.521892014018697,61.90481062701619,6.0
2016-08-02 15:26:23.790,1.0,-0.02,-0.035,19.296438784461763,-18.00320432770583,67.427664609012,6.0
2016-08-02 15:26:23.800,1.027,-0.031,-0.008,18.700932622570498,-20.143742604237733,72.4622358285239,6.0
2016-08-02 15:26:23.810,1.063,-0.043,0.0,21.354600814808702,-20.95088159900814,78.0349698198848,6.0
2016-08-02 15:26:23.820,1.082,-0.055,-0.012,25.738165426324517,-19.961112841177147,84.46087476553039,6.0
2016-08-02 15:26:23.830,1.082,-0.082,-0.023,28.55430200128901,-19.268852126950144,90.64164345139237,6.0
2016-08-02 15:26:23.840,1.078,-0.109,-0.039,29.285495431446304,-20.425680216645887,95.5089478898168,6.0
2016-08-02 15:26:23.850,1.074,-0.133,-0.043,28.758362382533733,-22.448295411600643,100.75081858853748,6.0
2016-08-02 15:26:23.860,1.09,-0.141,-0.043,27.963884281618718,-24.174580807132486,107.97417377075423,6.0
2016-08-02 15:26:23.870,1.117,-0.168,-0.063,29.58413412437578,-24.780495773121334,115.44000143700853,6.0
2016-08-02 15:26:23.880,1.105,-0.207,-0.074,34.22028512032465,-23.80329599603573,122.31989840029826,6.0
2016-08-02 15:26:23.890,1.086,-0.258,-0.07,39.5358607920825,-23.809978915329513,128.906309997681,6.0
2016-08-02 15:26:23.900,1.09,-0.324,-0.082,43.39392457681001,-25.360603333359748,134.85246385444452,6.0
2016-08-02 15:26:23.910,1.109,-0.316,-0.086,44.776746517511796,-25.932893320351866,140.34256592749784,6.0
2016-08-02 15:26:23.920,1.125,-0.266,-0.078,45.715674052048314,-27.077720251213066,147.19937622654803,6.0
2016-08-02 15:26:23.930,1.141,-0.32,-0.094,46.4398175912295,-28.7403365754855,157.09387405984927,6.0
2016-08-02 15:26:23.940,1.137,-0.371,-0.105,46.40221764834921,-29.467894371593665,164.25756630135447,6.0
2016-08-02 15:26:23.950,1.164,-0.371,-0.098,50.94486317893123,-31.439351319816517,165.54257523971594,6.0
2016-08-02 15:26:23.960,1.211,-0.348,-0.113,58.66650380448757,-31.24626601553023,170.11708791314985,6.0
2016-08-02 15:26:23.970,1.242,-0.367,-0.152,62.5280675316336,-27.378859685433532,178.2000924788671,6.0
2016-08-02 15:26:23.980,1.238,-0.41,-0.156,65.8658616945324,-26.216304948538074,180.92732581934774,6.0
2016-08-02 15:26:23.990,1.258,-0.418,-0.129,71.6996298924649,-26.917474366394103,181.63663914135293,6.0
2016-08-02 15:26:24.000,1.297,-0.398,-0.125,75.74135598446621,-26.128025492288113,185.48811998741098,6.0
2016-08-02 15:26:24.010,1.336,-0.379,-0.113,77.70872166408179,-25.96958306339255,190.04588240604303,6.0
2016-08-02 15:26:24.020,1.348,-0.43,-0.113,80.21780896100508,-26.3019710416633,194.1666308344931,6.0
2016-08-02 15:26:24.030,1.344,-0.469,-0.141,83.90578252732347,-26.09255663501829,195.88072158468808,6.0
2016-08-02 15:26:24.040,1.32,-0.5,-0.145,88.91598549970047,-25.966227036640696,195.66839233787695,6.0
2016-08-02 15:26:24.050,1.293,-0.551,-0.145,91.36786920059306,-25.42550509315445,198.06140289162923,6.0
2016-08-02 15:26:24.060,1.27,-0.551,-0.152,88.54543107631827,-25.772280646510296,198.27122111616615,6.0
2016-08-02 15:26:24.070,1.258,-0.5,-0.102,87.797743057974,-28.2303239930324,194.62607246954994,6.0
2016-08-02 15:26:24.080,1.285,-0.531,-0.07,90.85149861337793,-28.75489880430964,196.35103559543793,6.0
2016-08-02 15:26:24.090,1.281,-0.586,-0.113,90.62745203395042,-26.383425653723755,198.84847333966036,6.0
2016-08-02 15:26:24.100,1.219,-0.656,-0.16,89.7119344216651,-24.0356583599865,195.7197809394877,6.0
2016-08-02 15:26:24.110,1.137,-0.688,-0.164,90.36618896157738,-20.321193585026172,194.33437880150979,6.0
2016-08-02 15:26:24.120,1.09,-0.637,-0.105,89.12169450029471,-18.255742180549635,194.31856056076887,6.0
2016-08-02 15:26:24.130,1.086,-0.672,-0.063,86.60040871083677,-19.43633228479666,194.544588862841,6.0
2016-08-02 15:26:24.140,1.074,-0.684,-0.035,81.39397957716399,-16.681599235940265,195.9429876854296,6.0
2016-08-02 15:26:24.150,1.027,-0.637,0.0,77.25225203962765,-13.893138733201361,192.56325140643702,6.0
2016-08-02 15:26:24.160,1.004,-0.637,0.02,77.6104515917645,-14.361881759915395,190.2801315385152,6.0
2016-08-02 15:26:24.170,0.961,-0.691,0.004,73.93396464946537,-10.711468699566609,192.48962664889996,6.0
2016-08-02 15:26:24.180,0.906,-0.813,-0.07,66.59190767474965,-8.060479439452727,187.2095373399904,6.0
2016-08-02 15:26:24.190,0.848,-0.785,-0.078,62.27754591832259,-11.31825222174581,176.48005972757193,6.0
2016-08-02 15:26:24.200,0.848,-0.75,-0.074,56.991205318697965,-12.425895361404066,174.12190927798522,6.0
2016-08-02 15:26:24.210,0.875,-0.703,-0.105,44.812228383239955,-8.866349491739596,177.30978117865862,6.0
2016-08-02 15:26:24.220,0.879,-0.688,-0.113,31.642203477704967,-5.783790445116489,173.07795069682203,6.0
2016-08-02 15:26:24.230,0.859,-0.754,-0.086,28.30454102321431,-3.269122984073777,164.5893033439104,6.0
2016-08-02 15:26:24.240,0.797,-0.832,-0.051,32.963061871618194,0.22069390676664633,159.78126268906865,6.0
2016-08-02 15:26:24.250,0.758,-0.836,-0.012,39.31373626394563,-0.04508696003486473,155.0547792915101,6.0
2016-08-02 15:26:24.260,0.742,-0.773,-0.012,44.290820281978284,-1.8173706636556763,150.82214655077814,6.0
2016-08-02 15:26:24.270,0.719,-0.754,-0.02,41.6853387935744,0.3136902951112556,149.61375066672957,6.0
2016-08-02 15:26:24.280,0.656,-0.758,-0.023,30.432820609933756,-1.4136421573404583,145.96729563696732,6.0
2016-08-02 15:26:24.290,0.598,-0.746,-0.055,17.400606266440043,-11.500750047239363,138.5499137392081,6.0
2016-08-02 15:26:24.300,0.551,-0.695,-0.059,6.623750474024642,-20.745343134383276,134.32487862898188,6.0
2016-08-02 15:26:24.310,0.523,-0.691,0.0,-0.507001678214485,-22.943859840988132,135.0330600725712,6.0
2016-08-02 15:26:24.320,0.531,-0.715,0.051,-0.7001349138722965,-20.785194845679925,132.92726237817146,6.0
2016-08-02 15:26:24.330,0.508,-0.758,0.016,5.280536166868183,-16.81318828440648,123.90638136801836,6.0
2016-08-02 15:26:24.340,0.422,-0.766,0.0,9.016851416988933,-13.36078215123669,114.06053400708834,6.0
2016-08-02 15:26:24.350,0.324,-0.742,0.008,3.351853963229168,-15.011206560556904,108.42633304934995,6.0
2016-08-02 15:26:24.360,0.277,-0.668,0.027,-9.033099205863394,-21.08033086278535,105.31647360067504,6.0
2016-08-02 15:26:24.370,0.273,-0.652,0.043,-18.478156722649118,-25.808363409421137,103.10916573294068,6.0
2016-08-02 15:26:24.380,0.309,-0.66,0.055,-17.528307876131667,-26.276320889980465,100.50679335976362,6.0
2016-08-02 15:26:24.390,0.332,-0.688,0.008,-9.029735500006483,-23.05092631249585,95.25827198675239,6.0
2016-08-02 15:26:24.400,0.301,-0.711,-0.023,-3.7801989075279163,-20.143704229611043,88.34110897284161,6.0
2016-08-02 15:26:24.410,0.234,-0.703,-0.008,-7.442857155637913,-21.815236823967513,81.82707660209292,6.0
2016-08-02 15:26:24.420,0.164,-0.691,0.027,-16.257881263882492,-26.442677488393034,76.10322879684601,6.0
2016-08-02 15:26:24.430,0.137,-0.699,0.082,-22.56743504323109,-30.31319132370802,71.31515106493652,6.0
2016-08-02 15:26:24.440,0.164,-0.746,0.113,-19.52281936852794,-31.05737776553051,65.61199860478129,6.0
2016-08-02 15:26:24.450,0.176,-0.781,0.07,-7.7056634786702105,-27.944871704507666,57.73833483766151,6.0
2016-08-02 15:26:24.460,0.16,-0.793,0.012,4.527999260168402,-24.54575836598476,50.64909178150027,6.0
2016-08-02 15:26:24.470,0.125,-0.766,-0.039,9.608650947601667,-23.869176817922945,45.552740305547076,6.0
2016-08-02 15:26:24.480,0.059,-0.75,-0.039,6.342181750005225,-25.558000081320905,40.89329395626259,6.0
2016-08-02 15:26:24.490,0.023,-0.734,0.02,-0.1713862796399105,-29.418052460350133,37.413704675339446,6.0
2016-08-02 15:26:24.500,0.039,-0.727,0.066,-3.961695680445696,-32.53020834768172,34.9030055119073,6.0
2016-08-02 15:26:24.510,0.059,-0.77,0.051,-1.1128666154423574,-31.718978388418158,30.363831641365763,6.0
2016-08-02 15:26:24.520,0.051,-0.832,0.082,10.115987307930327,-29.56281372417293,24.71518081192972,6.0
2016-08-02 15:26:24.530,0.047,-0.82,0.145,23.119355878866468,-27.441614391191685,21.862191550642724,6.0
2016-08-02 15:26:24.540,0.023,-0.73,0.156,27.14029208298039,-24.635278120952023,20.624302371865248,6.0
2016-08-02 15:26:24.550,-0.039,-0.711,0.168,21.309158011961316,-24.29820618237993,18.430498860374097,6.0
2016-08-02 15:26:24.560,-0.059,-0.719,0.191,13.47595286710057,-25.732877385967463,16.088919349283916,6.0
2016-08-02 15:26:24.570,-0.016,-0.75,0.145,10.373993381867933,-24.002031738666382,11.883637647892128,6.0
2016-08-02 15:26:24.580,0.02,-0.793,0.133,13.551324791814054,-20.64445654246873,4.207922628762504,6.0
2016-08-02 15:26:24.590,0.016,-0.785,0.16,19.2787784196978,-18.260790802529655,-1.1609777996680826,6.0
2016-08-02 15:26:24.600,0.008,-0.77,0.219,23.140329098498974,-15.35010762618261,-0.39052036434958753,6.0
2016-08-02 15:26:24.610,-0.004,-0.656,0.273,22.36917077068311,-13.222015452653295,2.1089426431332146,6.0
2016-08-02 15:26:24.620,-0.023,-0.668,0.313,15.35208206611535,-13.080702511825795,3.4795839555145265,6.0
2016-08-02 15:26:24.630,-0.004,-0.734,0.301,9.616963854548887,-13.372722679888852,0.6120990154996844,6.0
2016-08-02 15:26:24.640,0.031,-0.805,0.266,12.541696831696225,-13.355251993060737,-8.980389355265523,6.0
2016-08-02 15:26:24.650,0.027,-0.809,0.227,15.259515956647782,-12.181766635310751,-17.168285501554955,6.0
2016-08-02 15:26:24.660,0.012,-0.793,0.195,12.65784657619673,-10.806374204309387,-19.113807848126363,6.0
2016-08-02 15:26:24.670,0.023,-0.73,0.25,10.88483645502135,-8.381042467943939,-18.970769950434807,6.0
2016-08-02 15:26:24.680,0.016,-0.668,0.262,7.564676503750026,-2.494946748463062,-17.160325935936015,6.0
2016-08-02 15:26:24.690,0.027,-0.672,0.254,-0.7836388884576719,2.0120480684132303,-16.232589993511333,6.0
2016-08-02 15:26:24.700,0.039,-0.777,0.211,-6.772278401737121,2.2333153758984188,-22.74403911653256,6.0
2016-08-02 15:26:24.710,0.027,-0.867,0.199,-6.374103788879279,1.9426113494188546,-33.097476871461694,6.0
2016-08-02 15:26:24.720,0.031,-0.844,0.242,-7.015104546440755,2.460525661771008,-37.6965277481478,6.0
2016-08-02 15:26:24.730,0.059,-0.77,0.273,-12.762718620002385,3.870372637377465,-37.29732762581876,6.0
2016-08-02 15:26:24.740,0.086,-0.758,0.301,-16.32200724635072,6.011329440905119,-37.43903840162392,6.0
2016-08-02 15:26:24.750,0.121,-0.777,0.277,-13.74446125706752,8.825253423166163,-38.50805972198808,6.0
2016-08-02 15:26:24.760,0.141,-0.781,0.211,-12.520191287233422,12.88786404178266,-42.07232626188012,6.0
2016-08-02 15:26:24.770,0.137,-0.824,0.156,-17.46817076368254,14.868860679296063,-50.20202572873152,6.0
2016-08-02 15:26:24.780,0.133,-0.848,0.141,-22.894402036062193,13.10131598937376,-59.59192209637152,6.0
2016-08-02 15:26:24.790,0.145,-0.836,0.156,-25.17319523094344,12.546136732925142,-65.9848977551527,6.0
2016-08-02 15:26:24.800,0.152,-0.816,0.191,-26.321488053529517,14.907829533685195,-69.04069426142578,6.0
2016-08-02 15:26:24.810,0.152,-0.805,0.215,-25.04403458131129,16.47875804466482,-70.31757112513519,6.0
2016-08-02 15:26:24.820,0.168,-0.785,0.234,-21.445706947812127,17.807348979173444,-70.15010878734984,6.0
2016-08-02 15:26:24.830,0.195,-0.758,0.176,-20.19638807668825,20.8185533619254,-70.7000117449757,6.0
2016-08-02 15:26:24.840,0.215,-0.777,0.125,-21.564333903188917,22.61546832062943,-75.58645554077968,6.0
2016-08-02 15:26:24.850,0.211,-0.832,0.09,-22.194555508892375,22.14848478985564,-83.5511782848717,6.0
2016-08-02 15:26:24.860,0.223,-0.828,0.082,-22.289190286843247,21.299129952982643,-90.56146548090096,6.0
2016-08-02 15:26:24.870,0.25,-0.77,0.105,-24.534630004706667,20.985696835397125,-94.232539565192,6.0
2016-08-02 15:26:24.880,0.258,-0.746,0.133,-28.395621861984605,21.33947720124919,-95.43285521049938,6.0
2016-08-02 15:26:24.890,0.277,-0.719,0.148,-30.04843217002788,20.89109816031066,-96.86457904191228,6.0
2016-08-02 15:26:24.900,0.344,-0.695,0.133,-28.930031412345603,21.747119109832187,-98.08492292430844,6.0
2016-08-02 15:26:24.910,0.383,-0.742,0.063,-27.25947189493543,25.954311055511084,-100.59159348835381,6.0
2016-08-02 15:26:24.920,0.371,-0.82,0.004,-24.51618632589158,27.001865315051077,-107.67730742844981,6.0
2016-08-02 15:26:24.930,0.355,-0.766,0.008,-22.797998623659044,24.01373519140387,-113.17701687571558,6.0
2016-08-02 15:26:24.940,0.352,-0.707,0.031,-27.99053572263719,23.569013595691747,-111.18922500432954,6.0
2016-08-02 15:26:24.950,0.352,-0.73,0.063,-36.09149362927625,22.981374892284116,-109.62270629287157,6.0
2016-08-02 15:26:24.960,0.387,-0.68,0.109,-37.539040906814634,19.451374810982855,-113.2635192428319,6.0
2016-08-02 15:26:24.970,0.484,-0.656,0.086,-36.197396879255095,21.430393997467988,-115.11425260775347,6.0
2016-08-02 15:26:24.980,0.527,-0.781,-0.02,-37.73570987582041,28.304637816531837,-119.24902650691372,6.0
2016-08-02 15:26:24.990,0.52,-0.805,-0.074,-35.9146166512042,26.758287130891212,-132.28455599087,6.0
2016-08-02 15:26:25.000,0.531,-0.727,-0.051,-32.510515335448225,22.350473019874535,-139.0523098171268,6.0
2016-08-02 15:26:25.010,0.551,-0.656,-0.016,-37.35110202150928,26.40274104057187,-133.8078408383119,6.0
2016-08-02 15:26:25.020,0.582,-0.605,0.027,-45.9680360036801,26.139139101837742,-132.78233210552423,6.0
2016-08-02 15:26:25.030,0.66,-0.629,0.063,-48.657946163791316,20.359030236598883,-136.49172453359637,6.0
2016-08-02 15:26:25.040,0.754,-0.656,0.0,-45.64483454502997,24.16134602112468,-139.14323458675372,6.0
2016-08-02 15:26:25.050,0.797,-0.66,-0.086,-41.629170855901506,29.853728138034796,-146.28964344368896,6.0
2016-08-02 15:26:25.060,0.785,-0.762,-0.125,-42.18765129336885,31.08810613226118,-154.8950011433272,6.0
2016-08-02 15:26:25.070,0.73,-0.691,-0.109,-47.401878325826274,31.96809229220495,-161.02310666894425,6.0
2016-08-02 15:26:25.080,0.734,-0.586,-0.027,-51.19884207864953,27.376470751379543,-162.9484610416058,6.0
2016-08-02 15:26:25.090,0.805,-0.602,0.027,-55.26200421733135,25.675368779871093,-157.53116018873217,6.0
2016-08-02 15:26:25.100,0.867,-0.555,-0.004,-58.111212952893936,29.11129554842908,-158.83203467251772,6.0
2016-08-02 15:26:25.110,0.941,-0.543,-0.055,-51.89896844131127,25.806897103527074,-168.70450188581356,6.0
2016-08-02 15:26:25.120,0.973,-0.664,-0.141,-47.32408770204022,29.484893567632852,-168.6602480768282,6.0
2016-08-02 15:26:25.130,0.934,-0.656,-0.195,-52.17008371055175,38.18989696570384,-169.08107499905907,6.0
2016-08-02 15:26:25.140,0.883,-0.555,-0.141,-54.364539387949236,30.311304922299414,-178.35436746025832,6.0
2016-08-02 15:26:25.150,0.918,-0.574,-0.039,-56.06647963384077,24.23354671632258,-176.1063653048235,6.0
2016-08-02 15:26:25.160,0.965,-0.516,0.016,-61.75780049527893,28.925778266171342,-170.91856104610423,6.0
2016-08-02 15:26:25.170,1.055,-0.453,0.035,-58.949815385820806,23.721948471026707,-178.80420572854868,6.0
2016-08-02 15:26:25.180,1.16,-0.469,-0.012,-51.84679112474188,21.56913551688016,-181.27079331238434,6.0
2016-08-02 15:26:25.190,1.223,-0.52,-0.125,-52.26596965429654,33.47633640286348,-176.91457117362776,6.0
2016-08-02 15:26:25.200,1.168,-0.594,-0.207,-55.08951105452836,39.169324369325494,-180.04231003392277,6.0
2016-08-02 15:26:25.210,1.055,-0.598,-0.188,-59.23861984706947,37.23964410439564,-183.41354272833587,6.0
2016-08-02 15:26:25.220,0.992,-0.473,-0.078,-63.88218437383105,32.8841357534003,-182.23784038191081,6.0
2016-08-02 15:26:25.230,1.082,-0.383,0.02,-63.799386792489514,24.66919788536246,-178.11312982126708,6.0
2016-08-02 15:26:25.240,1.246,-0.328,0.004,-62.99247595969007,23.72391140345329,-172.80503304229086,6.0
2016-08-02 15:26:25.250,1.367,-0.297,-0.074,-60.892023012784406,29.825152456200566,-174.6791498470758,6.0
2016-08-02 15:26:25.260,1.41,-0.301,-0.109,-56.87103018080312,34.06489875714864,-179.3003648625186,6.0
2016-08-02 15:26:25.270,1.398,-0.328,-0.137,-59.185172315767055,37.33282101994954,-177.64832434393438,6.0
2016-08-02 15:26:25.280,1.352,-0.395,-0.176,-65.55826498683055,37.64285259176525,-173.55866812587846,6.0
2016-08-02 15:26:25.290,1.242,-0.535,-0.191,-70.52395820002766,36.738820634449766,-169.15047664020798,6.0
2016-08-02 15:26:25.300,1.145,-0.465,-0.094,-71.26393681622939,35.20139633335946,-168.71037849933919,6.0
2016-08-02 15:26:25.310,1.176,-0.289,-0.004,-60.571331998916634,27.006286069680186,-171.83646315738218,6.0
2016-08-02 15:26:25.320,1.313,-0.188,-0.004,-50.313586517315855,24.079833848915737,-163.9681086529792,6.0
2016-08-02 15:26:25.330,1.422,-0.148,-0.078,-54.883562024004746,32.412108442732006,-152.07531566435185,6.0
2016-08-02 15:26:25.340,1.438,-0.141,-0.148,-60.21639005130996,35.8209270285826,-154.1099389603894,6.0
2016-08-02 15:26:25.350,1.398,-0.168,-0.195,-60.20078000358879,35.2616640983501,-158.63134250418193,6.0
2016-08-02 15:26:25.360,1.336,-0.207,-0.199,-63.48853364191257,36.98850397665945,-154.4050730973451,6.0
2016-08-02 15:26:25.370,1.289,-0.238,-0.172,-66.08818566339198,33.981493742233766,-150.55552587787142,6.0
2016-08-02 15:26:25.380,1.266,-0.23,-0.102,-63.935247392467076,29.78812843955637,-149.76250282152415,6.0
2016-08-02 15:26:25.390,1.281,-0.168,-0.047,-58.42471402318377,30.018563156937276,-146.9300078591562,6.0
2016-08-02 15:26:25.400,1.301,-0.102,-0.063,-50.950348068104375,31.002090725801672,-141.38074156859653,6.0
2016-08-02 15:26:25.410,1.297,-0.039,-0.105,-45.801224263844496,32.11322585383817,-135.23946915498897,6.0
2016-08-02 15:26:25.420,1.293,0.0,-0.137,-44.688077554709736,33.87707972673731,-130.58390416276467,6.0
2016-08-02 15:26:25.430,1.27,0.008,-0.148,-47.22796916413279,34.70940960331968,-127.62043046509598,6.0
2016-08-02 15:26:25.440,1.238,0.016,-0.125,-53.42160283246256,33.11105850210374,-125.03610216060491,6.0
2016-08-02 15:26:25.450,1.219,0.023,-0.082,-59.86084180075033,29.1152425435912,-121.6288711983311,6.0
2016-08-02 15:26:25.460,1.191,0.016,-0.043,-62.673004730222914,26.234088556592322,-117.18968716064815,6.0
2016-08-02 15:26:25.470,1.152,-0.004,-0.008,-59.960776364889064,25.11905323274408,-113.4776352199083,6.0
2016-08-02 15:26:25.480,1.117,-0.004,0.031,-51.797011460461064,22.836169742969716,-111.21753029763624,6.0
2016-08-02 15:26:25.490,1.094,0.031,0.031,-43.36280485657072,20.23099008284819,-107.99332377599102,6.0
2016-08-02 15:26:25.500,1.07,0.082,0.02,-40.03188147211429,18.866127675900994,-103.18245103510415,6.0
2016-08-02 15:26:25.510,1.066,0.113,-0.004,-40.54880881109159,18.076723705970586,-98.67840132393756,6.0
2016-08-02 15:26:25.520,1.051,0.109,-0.039,-41.801553395855315,17.752956154522458,-94.98022649601708,6.0
2016-08-02 15:26:25.530,1.016,0.094,-0.047,-41.98574413523763,16.866906103560552,-92.51797438478417,6.0
2016-08-02 15:26:25.540,0.984,0.113,-0.027,-39.31181374218168,14.635887227521055,-91.02625412591155,6.0
2016-08-02 15:26:25.550,0.969,0.152,0.012,-35.670476599755304,13.199817924702112,-87.70109416251661,6.0
2016-08-02 15:26:25.560,0.973,0.184,0.047,-34.94936232430973,13.526935616824955,-81.96145340663989,6.0
2016-08-02 15:26:25.570,0.973,0.188,0.066,-36.208550165729065,14.19466831016885,-76.86266907940801,6.0
2016-08-02 15:26:25.580,0.961,0.188,0.07,-35.740196312697165,14.804732240567592,-73.6093876808828,6.0
2016-08-02 15:26:25.590,0.93,0.199,0.07,-32.89069767677896,15.500991080198439,-70.23587655284771,6.0
2016-08-02 15:26:25.600,0.914,0.195,0.066,-30.011624033625218,15.936967213147867,-65.78088163802548,6.0
2016-08-02 15:26:25.610,0.895,0.195,0.063,-28.95240105377782,15.698746857050027,-61.5287994989143,6.0
2016-08-02 15:26:25.620,0.883,0.207,0.055,-28.576987136395626,14.208411482844216,-58.07032744409242,6.0
2016-08-02 15:26:25.630,0.879,0.211,0.055,-26.43089797148618,12.268325532977956,-54.211304724951844,6.0
2016-08-02 15:26:25.640,0.879,0.215,0.059,-22.48984875866677,11.616556378568497,-49.61688308656342,6.0
2016-08-02 15:26:25.650,0.879,0.23,0.066,-18.298333597340932,11.518015889282646,-45.431085476099085,6.0
2016-08-02 15:26:25.660,0.879,0.219,0.059,-14.788189325396,10.901549261112024,-41.42307874283398,6.0
2016-08-02 15:26:25.670,0.879,0.23,0.051,-12.607756864546676,10.42489814952501,-37.25352207518269,6.0
2016-08-02 15:26:25.680,0.871,0.242,0.047,-11.426254654490666,9.33399695051301,-33.65817286831623,6.0
2016-08-02 15:26:25.690,0.863,0.258,0.063,-10.820905679583023,7.304955791916809,-29.771012439389434,6.0
2016-08-02 15:26:25.700,0.871,0.277,0.086,-10.450312653445302,5.621743349980554,-25.422205108041428,6.0
2016-08-02 15:26:25.710,0.883,0.281,0.105,-8.693483189796217,4.441979754705662,-21.7030486986677,6.0
2016-08-02 15:26:25.720,0.879,0.27,0.117,-5.332293596124288,3.590722487938351,-17.98415165455404,6.0
2016-08-02 15:26:25.730,0.867,0.242,0.105,-1.3776929800537592,2.4098802942345112,-14.077332340561089,6.0
2016-08-02 15:26:25.740,0.852,0.227,0.102,2.8951877155148305,0.6371000385933393,-10.41399482815488,6.0
2016-08-02 15:26:25.750,0.844,0.246,0.094,6.289236191368458,-1.1934817113854534,-6.6607661009526655,6.0
2016-08-02 15:26:25.760,0.848,0.277,0.094,7.507688896677,-3.7077666664473776,-2.5601659158008183,6.0
2016-08-02 15:26:25.770,0.863,0.305,0.094,7.298558994875288,-6.208433234590153,2.0933333893116637,6.0
2016-08-02 15:26:25.780,0.875,0.316,0.102,7.5994903373773965,-7.5835232727040545,6.688009833807362,6.0
2016-08-02 15:26:25.790,0.879,0.297,0.109,8.646074628692302,-8.74381724109658,10.645947842123634,6.0
2016-08-02 15:26:25.800,0.875,0.289,0.113,9.249452017941401,-10.118837277110824,14.224676809801544,6.0
2016-08-02 15:26:25.810,0.879,0.289,0.117,9.829196069214863,-11.775200486304906,17.41566318058173,6.0
2016-08-02 15:26:25.820,0.891,0.293,0.113,11.317368099760497,-13.325896186137964,20.566553665513467,6.0
2016-08-02 15:26:25.830,0.895,0.277,0.09,13.785873247161028,-13.705075333128601,23.868452067457802,6.0
2016-08-02 15:26:25.840,0.887,0.258,0.07,16.643871523880645,-13.771291984766624,27.06659393924457,6.0
2016-08-02 15:26:25.850,0.875,0.246,0.063,17.95788470326184,-14.844541232532942,30.737881806162292,6.0
2016-08-02 15:26:25.860,0.867,0.246,0.074,17.19279328679881,-16.67270631761896,35.106812719383356,6.0
2016-08-02 15:26:25.870,0.867,0.242,0.082,16.507203831170234,-18.57458994133428,39.74850593189021,6.0
2016-08-02 15:26:25.880,0.879,0.223,0.086,17.049944171121965,-19.656587643400215,44.716541451016646,6.0
2016-08-02 15:26:25.890,0.883,0.199,0.082,18.502544014585396,-19.87593036929547,49.74451903116718,6.0
2016-08-02 15:26:25.900,0.891,0.18,0.07,20.222788529946705,-20.234134667656225,54.54746877862327,6.0
2016-08-02 15:26:25.910,0.891,0.168,0.043,20.584715157772152,-21.02572875560972,59.70062249662132,6.0
2016-08-02 15:26:25.920,0.895,0.148,0.023,19.12778677322654,-22.414914078015975,65.24297789344044,6.0
2016-08-02 15:26:25.930,0.902,0.133,0.016,18.16100257314244,-24.530177806117912,70.30252043539791,6.0
2016-08-02 15:26:25.940,0.914,0.125,0.023,19.26456296179422,-26.774922989335888,75.06786990142683,6.0
2016-08-02 15:26:25.950,0.934,0.125,0.039,20.737300918912076,-28.6939000227273,80.71269712241195,6.0
2016-08-02 15:26:25.960,0.969,0.125,0.043,21.46240141769704,-29.94007911001018,87.1864499701993,6.0
2016-08-02 15:26:25.970,1.004,0.137,0.023,23.380134018883176,-29.682645219100046,93.7692676354255,6.0
2016-08-02 15:26:25.980,1.02,0.113,0.004,26.647603387560608,-27.90097134701152,100.19908680412475,6.0
2016-08-02 15:26:25.990,1.031,0.086,0.0,28.84385405643261,-27.01630283134031,105.47143709000747,6.0
2016-08-02 15:26:26.000,1.031,0.059,-0.016,29.420832579092192,-28.79173091249274,109.21143064044297,6.0
2016-08-02 15:26:26.010,1.051,0.039,-0.023,29.195347958682984,-31.427168673582166,113.11789457441435,6.0
2016-08-02 15:26:26.020,1.074,0.043,-0.004,29.56822143341043,-33.08522801839267,118.34861407216482,6.0
2016-08-02 15:26:26.030,1.125,0.039,-0.012,32.58887062715425,-33.20224648972159,125.14362774718711,6.0
2016-08-02 15:26:26.040,1.172,0.023,-0.063,37.89061979852283,-30.819522519849404,133.1913160879468,6.0
2016-08-02 15:26:26.050,1.191,0.012,-0.09,42.79509007106629,-26.885858121186487,140.7070169312728,6.0
2016-08-02 15:26:26.060,1.184,-0.027,-0.09,44.169510006026144,-24.892400695486547,146.3998493494998,6.0
2016-08-02 15:26:26.070,1.184,-0.07,-0.082,41.27746270688259,-26.688828955344164,149.14213446167975,6.0
2016-08-02 15:26:26.080,1.195,-0.109,-0.059,39.38666440297989,-30.21224698952772,148.78506171888316,6.0
2016-08-02 15:26:26.090,1.211,-0.133,-0.02,42.40009248935823,-32.78067119715018,149.69523615180827,6.0
2016-08-02 15:26:26.100,1.23,-0.129,0.012,47.36024898253446,-35.13322840916054,154.28835057797332,6.0
2016-08-02 15:26:26.110,1.254,-0.152,0.0,52.58038146555814,-38.25384580726063,159.78009390640935,6.0
2016-08-02 15:26:26.120,1.266,-0.195,-0.055,58.525431008982096,-39.86694158115996,165.39121565888937,6.0
2016-08-02 15:26:26.130,1.258,-0.238,-0.102,64.00351872944249,-40.12011262738683,170.14135878996416,6.0
2016-08-02 15:26:26.140,1.254,-0.25,-0.125,68.59569331071773,-41.823794256451116,172.5681206526675,6.0
2016-08-02 15:26:26.150,1.273,-0.246,-0.148,71.82845466343505,-43.50476941023191,175.66516828418494,6.0
2016-08-02 15:26:26.160,1.309,-0.227,-0.172,73.68945120989665,-43.01847009609753,180.15675650277177,6.0
2016-08-02 15:26:26.170,1.34,-0.246,-0.184,76.33977414110845,-41.045468076434624,183.90384509354655,6.0
2016-08-02 15:26:26.180,1.352,-0.289,-0.18,80.747496334647,-38.55861564857717,187.01121589661926,6.0
2016-08-02 15:26:26.190,1.348,-0.316,-0.176,85.38409594824077,-38.09531722006962,189.56444968433905,6.0
2016-08-02 15:26:26.200,1.352,-0.352,-0.168,86.68780975943763,-39.861285736523996,192.49499021583182,6.0
2016-08-02 15:26:26.210,1.344,-0.395,-0.164,83.71800235963893,-40.68134673228973,195.40218654547874,6.0
2016-08-02 15:26:26.220,1.336,-0.426,-0.176,83.11150627600718,-40.799054650632335,195.57638194227616,6.0
2016-08-02 15:26:26.230,1.34,-0.441,-0.184,89.37212849944136,-40.647504452875445,195.7124285774438,6.0
2016-08-02 15:26:26.240,1.34,-0.484,-0.211,96.3620119145935,-38.48893779663014,199.54529367582555,6.0
2016-08-02 15:26:26.250,1.313,-0.516,-0.234,97.2840512499662,-35.951431300193555,203.18308930463186,6.0
2016-08-02 15:26:26.260,1.27,-0.52,-0.199,93.51487967601132,-36.19840870740149,203.86535921900816,6.0
2016-08-02 15:26:26.270,1.27,-0.5,-0.141,89.04930629405584,-38.86066524603597,205.16210771641056,6.0
2016-08-02 15:26:26.280,1.293,-0.512,-0.102,85.93858342868836,-40.86867390693452,207.63114243708355,6.0
2016-08-02 15:26:26.290,1.32,-0.555,-0.117,85.83622503646737,-39.856218937365625,208.19908803708157,6.0
2016-08-02 15:26:26.300,1.305,-0.609,-0.137,88.07843399615456,-36.68538507870076,205.09126685826928,6.0
2016-08-02 15:26:26.310,1.277,-0.609,-0.129,89.47668103507968,-34.51894343561859,199.4634930089144,6.0
2016-08-02 15:26:26.320,1.25,-0.648,-0.148,87.66583592721028,-33.39406718515159,195.76583377610467,6.0
2016-08-02 15:26:26.330,1.219,-0.668,-0.172,81.59606641147815,-31.552522386686007,192.76499008690058,6.0
2016-08-02 15:26:26.340,1.176,-0.648,-0.16,74.03167523600908,-31.270156390360555,186.81761995815245,6.0
2016-08-02 15:26:26.350,1.16,-0.68,-0.172,67.69637085793627,-31.37705444107469,183.1764576896548,6.0
2016-08-02 15:26:26.360,1.129,-0.676,-0.199,60.68648865940552,-28.428710410402353,181.05354701559747,6.0
2016-08-02 15:26:26.370,1.09,-0.645,-0.191,55.62867160763814,-26.845385290409148,174.97875833824497,6.0
2016-08-02 15:26:26.380,1.039,-0.688,-0.156,53.784618974907076,-25.834263394729167,171.5578487366567,6.0
2016-08-02 15:26:26.390,0.965,-0.734,-0.133,49.34347938738556,-23.263809009032208,170.8728187932164,6.0
2016-08-02 15:26:26.400,0.902,-0.777,-0.117,43.919855795007955,-26.959527889566793,165.71669087092442,6.0
2016-08-02 15:26:26.410,0.875,-0.742,-0.133,41.8146016781173,-31.785884182124157,161.32577029669812,6.0
2016-08-02 15:26:26.420,0.852,-0.734,-0.176,41.185614038290645,-27.60565005338215,161.60687332785503,6.0
2016-08-02 15:26:26.430,0.824,-0.711,-0.219,39.89021903241987,-21.30915512844325,160.96187188194438,6.0
2016-08-02 15:26:26.440,0.777,-0.742,-0.223,36.511405444802065,-18.276818196245834,157.21038480019988,6.0
2016-08-02 15:26:26.450,0.715,-0.754,-0.23,30.62157534257922,-17.53171050466278,152.65854847233044,6.0
2016-08-02 15:26:26.460,0.656,-0.723,-0.215,22.936336217792853,-21.063611796379252,149.03148543642857,6.0
2016-08-02 15:26:26.470,0.621,-0.711,-0.184,13.357201300887036,-26.333696139244125,148.24625350030735,6.0
2016-08-02 15:26:26.480,0.598,-0.719,-0.121,4.11387078484696,-30.113608631785695,149.65440166078895,6.0
2016-08-02 15:26:26.490,0.609,-0.711,-0.074,0.8963170173941634,-34.7961390501936,149.48947451855378,6.0
2016-08-02 15:26:26.500,0.617,-0.742,-0.082,3.7689341541133805,-37.43260370706983,147.48270100298248,6.0
2016-08-02 15:26:26.510,0.594,-0.789,-0.082,7.056645892269717,-35.155763705664384,143.58233157507448,6.0
2016-08-02 15:26:26.520,0.543,-0.77,-0.082,8.611365842385121,-35.467912705015756,136.65715695982988,6.0
2016-08-02 15:26:26.530,0.504,-0.715,-0.039,6.561823139201679,-39.34119480036533,131.25297135921792,6.0
2016-08-02 15:26:26.540,0.457,-0.703,0.012,-0.36840244140122347,-40.85620903128637,128.5612245201191,6.0
2016-08-02 15:26:26.550,0.402,-0.75,0.031,-5.423915170027066,-43.947019221023766,122.33820871117534,6.0
2016-08-02 15:26:26.560,0.379,-0.734,0.027,-2.9998794521012213,-48.54044271470569,114.51730969857314,6.0
2016-08-02 15:26:26.570,0.375,-0.707,0.031,3.037821536054107,-46.071365139351244,111.62486314495223,6.0
2016-08-02 15:26:26.580,0.363,-0.695,0.008,7.393272919266307,-40.190585410250236,109.86367675838557,6.0
2016-08-02 15:26:26.590,0.328,-0.695,-0.012,7.410142711418752,-38.58317557002688,104.69638064353845,6.0
2016-08-02 15:26:26.600,0.293,-0.641,0.008,2.7527660698160146,-39.016130993629496,99.32029147727246,6.0
2016-08-02 15:26:26.610,0.254,-0.652,0.055,-4.106681779778272,-39.37227320008739,95.08791620401234,6.0
2016-08-02 15:26:26.620,0.227,-0.648,0.098,-10.191663961160385,-39.974924003404965,89.78007245646397,6.0
2016-08-02 15:26:26.630,0.207,-0.672,0.105,-11.299001841441807,-38.87360454018213,83.28103332974891,6.0
2016-08-02 15:26:26.640,0.184,-0.762,0.086,-4.592146508605727,-34.98932877751796,75.83867151090388,6.0
2016-08-02 15:26:26.650,0.16,-0.801,0.039,5.794845160968317,-30.89554674667475,66.68719257889809,6.0
2016-08-02 15:26:26.660,0.125,-0.77,0.02,11.950298180482193,-29.419757988383537,58.333384405100155,6.0
2016-08-02 15:26:26.670,0.109,-0.648,0.035,8.747815297260665,-30.250986086496937,54.51420255884387,6.0
2016-08-02 15:26:26.680,0.113,-0.574,0.043,-1.500231734432385,-31.796002717718558,53.87824413558711,6.0
2016-08-02 15:26:26.690,0.102,-0.563,0.055,-9.519537183966055,-32.008969117631224,52.40636656018302,6.0
2016-08-02 15:26:26.700,0.098,-0.617,0.086,-9.112321775160689,-29.53115346521463,48.50119860556311,6.0
2016-08-02 15:26:26.710,0.094,-0.695,0.074,-2.466869837594791,-24.53911027950555,41.17470776774572,6.0
2016-08-02 15:26:26.720,0.059,-0.684,0.074,4.57336636418811,-18.811140450094886,29.91356507437142,6.0
2016-08-02 15:26:26.730,0.008,-0.672,0.109,5.541974943935654,-15.757952813378559,19.225869472723232,6.0
2016-08-02 15:26:26.740,-0.039,-0.652,0.145,0.09423379533156195,-15.942566123904577,12.330961127641373,6.0
2016-08-02 15:26:26.750,-0.066,-0.609,0.211,-4.302678695722675,-17.45767638424403,7.622168397986393,6.0
2016-08-02 15:26:26.760,-0.059,-0.539,0.223,-5.171077344968549,-16.909571682480063,6.767325222479213,6.0
2016-08-02 15:26:26.770,-0.016,-0.559,0.191,-3.8535241230841795,-11.038727601275832,7.764472762313242,6.0
2016-08-02 15:26:26.780,0.004,-0.641,0.156,3.8657251497710456,-3.5172477192010514,2.463637672436528,6.0
2016-08-02 15:26:26.790,-0.012,-0.656,0.125,14.688473186519817,0.7676156309348553,-6.520920679999428,6.0
2016-08-02 15:26:26.800,-0.039,-0.598,0.121,14.522445411433832,1.7808531682315876,-11.282490921923474,6.0
2016-08-02 15:26:26.810,-0.066,-0.57,0.164,4.080395855306893,-0.39045050934202896,-14.445216537138938,6.0
2016-08-02 15:26:26.820,-0.055,-0.578,0.219,-0.8240252066240967,-2.87180165579344,-18.820367929233967,6.0
2016-08-02 15:26:26.830,-0.02,-0.605,0.242,4.223888279260814,0.3381901790590536,-22.271913341987734,6.0
2016-08-02 15:26:26.840,0.008,-0.641,0.215,11.019209011827282,7.724326154260085,-26.673137385382717,6.0
2016-08-02 15:26:26.850,0.031,-0.652,0.156,13.99078450194049,13.01500657711765,-33.741703719458,6.0
2016-08-02 15:26:26.860,0.016,-0.672,0.102,12.654381643870668,15.485909591450548,-40.92570811859191,6.0
2016-08-02 15:26:26.870,0.0,-0.66,0.109,7.538321835227865,15.44036203098291,-46.371995796526654,6.0
2016-08-02 15:26:26.880,0.012,-0.613,0.125,-0.010538511039614562,13.117433296417353,-50.19463306674578,6.0
2016-08-02 15:26:26.890,0.039,-0.621,0.145,-6.205082637538299,12.31529924798294,-53.46476331309527,6.0
2016-08-02 15:26:26.900,0.09,-0.648,0.133,-7.011470945422911,14.270679555952965,-58.5399022321538,6.0
2016-08-02 15:26:26.910,0.141,-0.699,0.117,-3.529683206561078,17.957781523569086,-66.53938751452009,6.0
2016-08-02 15:26:26.920,0.164,-0.719,0.094,-0.7452329425178885,22.442791553084767,-76.25538138449107,6.0
2016-08-02 15:26:26.930,0.164,-0.734,0.094,-0.8296915440562506,24.35070640062523,-85.9414385465537,6.0
2016-08-02 15:26:26.940,0.168,-0.668,0.102,-4.3107648483226555,23.582559436226877,-92.68725269686367,6.0
2016-08-02 15:26:26.950,0.184,-0.633,0.094,-12.571246913275086,23.532531756982834,-95.94052429942049,6.0
2016-08-02 15:26:26.960,0.199,-0.641,0.07,-21.7885200897056,23.69482636281709,-99.94147513749546,6.0
2016-08-02 15:26:26.970,0.227,-0.645,0.059,-25.829161060690424,23.949019163796578,-105.69140852185473,6.0
2016-08-02 15:26:26.980,0.262,-0.68,0.047,-26.236820235134424,27.207800211368244,-110.39646473025235,6.0
2016-08-02 15:26:26.990,0.293,-0.656,0.031,-27.1317703745566,31.642615687706055,-115.35666663371916,6.0
2016-08-02 15:26:27.000,0.313,-0.633,0.031,-30.296058151026898,34.48924495643003,-120.93320957317346,6.0
2016-08-02 15:26:27.010,0.324,-0.688,0.043,-35.83345091248979,37.03545873429983,-125.3371102853045,6.0
2016-08-02 15:26:27.020,0.336,-0.688,0.059,-39.42963293757695,36.960597516678526,-130.68509772907757,6.0
2016-08-02 15:26:27.030,0.359,-0.664,0.086,-40.700408421230776,35.00464032062124,-134.24906079722447,6.0
2016-08-02 15:26:27.040,0.363,-0.664,0.082,-44.49063143624875,36.58698874349681,-132.66955829779795,6.0
2016-08-02 15:26:27.050,0.383,-0.629,0.063,-48.672107979600675,37.532007786880186,-131.14045917419944,6.0
2016-08-02 15:26:27.060,0.441,-0.625,0.02,-49.845801769620294,37.453717125132776,-129.90942459057075,6.0
2016-08-02 15:26:27.070,0.492,-0.629,-0.035,-50.1662116247386,42.09105917172123,-128.33602940037727,6.0
2016-08-02 15:26:27.080,0.535,-0.625,-0.047,-51.18027215685277,45.12206245773826,-131.60770601057638,6.0
2016-08-02 15:26:27.090,0.594,-0.641,-0.031,-53.65427233476374,45.37269060645043,-137.49383053779417,6.0
2016-08-02 15:26:27.100,0.617,-0.707,-0.023,-56.75353284279629,48.26906848115711,-144.06249169679177,6.0
2016-08-02 15:26:27.110,0.621,-0.703,0.031,-56.60309863479701,47.933455303752076,-152.9471143103062,6.0
2016-08-02 15:26:27.120,0.668,-0.629,0.078,-52.282595649130315,45.08588073206138,-156.260009666806,6.0
2016-08-02 15:26:27.130,0.758,-0.605,0.02,-47.43323453358647,47.756833965002066,-152.60102861276877,6.0
2016-08-02 15:26:27.140,0.844,-0.633,-0.082,-44.29279457691874,50.95249876535448,-155.13308433405768,6.0
2016-08-02 15:26:27.150,0.914,-0.688,-0.18,-41.73028582118134,50.37006379177927,-165.91451414879566,6.0
2016-08-02 15:26:27.160,0.938,-0.742,-0.266,-40.957532518155524,52.13257667716979,-175.9679242044424,6.0
2016-08-02 15:26:27.170,0.898,-0.656,-0.184,-43.85093242897835,53.53362807230301,-183.11674524642143,6.0
2016-08-02 15:26:27.180,0.875,-0.59,-0.07,-47.57286858549429,48.65308979987506,-184.8160285903314,6.0
2016-08-02 15:26:27.190,0.895,-0.602,0.004,-50.81064790259611,44.79484055914021,-181.10422886697086,6.0
2016-08-02 15:26:27.200,0.961,-0.563,0.02,-50.5284118718512,43.20525035150003,-181.98230397651395,6.0
2016-08-02 15:26:27.210,1.074,-0.648,-0.063,-42.07808084138424,41.29855127216,-186.25648486278098,6.0
2016-08-02 15:26:27.220,1.117,-0.723,-0.207,-35.079851502671474,47.38467079751083,-188.31279789815247,6.0
2016-08-02 15:26:27.230,1.074,-0.602,-0.238,-36.23115368582683,51.96389951961762,-193.22253335745296,6.0
2016-08-02 15:26:27.240,1.043,-0.566,-0.184,-40.75791128288009,44.424832257813314,-192.90544919203728,6.0
2016-08-02 15:26:27.250,1.051,-0.5,-0.117,-52.33502466916953,39.887446439253814,-184.08728973731778,6.0
2016-08-02 15:26:27.260,1.117,-0.438,-0.063,-63.18559724321807,37.72640050991137,-185.0296744741093,6.0
2016-08-02 15:26:27.270,1.246,-0.398,-0.047,-60.11170257150782,34.66192811491282,-193.2498238424171,6.0
2016-08-02 15:26:27.280,1.391,-0.324,-0.113,-53.14639950267318,42.229778270230206,-197.2690420566895,6.0
2016-08-02 15:26:27.290,1.504,-0.297,-0.215,-49.39466706349033,50.59086616090305,-202.90963784352843,6.0
2016-08-02 15:26:27.300,1.559,-0.313,-0.293,-49.55344620264695,54.40196178905596,-208.60657986129098,6.0
2016-08-02 15:26:27.310,1.551,-0.336,-0.316,-57.52999859406579,60.47531337741501,-211.02165230065108,6.0
2016-08-02 15:26:27.320,1.512,-0.348,-0.277,-66.48055478611744,61.570900783346346,-213.98539644648065,6.0
2016-08-02 15:26:27.330,1.48,-0.344,-0.188,-71.37159080210535,58.798147629550265,-215.0969068891824,6.0
2016-08-02 15:26:27.340,1.477,-0.293,-0.098,-72.25053708963883,57.17779230927704,-214.95975710344072,6.0
2016-08-02 15:26:27.350,1.5,-0.242,-0.098,-67.00000462071282,54.2811798235826,-217.7521149883592,6.0
2016-08-02 15:26:27.360,1.539,-0.199,-0.145,-60.53319515396889,54.30639346101088,-221.01454956876228,6.0
2016-08-02 15:26:27.370,1.563,-0.164,-0.215,-58.02974427980335,57.495475917648506,-223.4223391085221,6.0
2016-08-02 15:26:27.380,1.539,-0.141,-0.277,-58.936218097852205,58.70535704446513,-224.69398049746871,6.0
2016-08-02 15:26:27.390,1.473,-0.156,-0.301,-64.32279686917593,58.0392227457922,-221.05998379311575,6.0
2016-08-02 15:26:27.400,1.414,-0.156,-0.262,-72.0460431182918,54.919422084928925,-214.97180121640633,6.0
2016-08-02 15:26:27.410,1.387,-0.137,-0.184,-73.86072836470028,48.89617297428815,-211.55890279589298,6.0
2016-08-02 15:26:27.420,1.398,-0.141,-0.129,-68.04555510727457,44.15839002422702,-207.45378531282088,6.0
2016-08-02 15:26:27.430,1.41,-0.156,-0.141,-61.701148605346944,43.15992658860165,-201.9469348827899,6.0
2016-08-02 15:26:27.440,1.406,-0.129,-0.172,-57.795916302540135,43.118131388669156,-200.14687231733774,6.0
2016-08-02 15:26:27.450,1.387,-0.098,-0.191,-55.57065443982348,42.386932100934494,-198.9334497424912,6.0
2016-08-02 15:26:27.460,1.363,-0.055,-0.203,-56.65349921853597,42.1134199559377,-193.59215465156777,6.0
2016-08-02 15:26:27.470,1.336,-0.023,-0.195,-59.09087431720204,40.89922322603975,-186.47994408004584,6.0
2016-08-02 15:26:27.480,1.313,-0.016,-0.176,-59.00602999704285,37.66242903630048,-178.61088148091562,6.0
2016-08-02 15:26:27.490,1.305,-0.004,-0.148,-56.818218828432435,34.88408835574483,-170.21034431036477,6.0
2016-08-02 15:26:27.500,1.262,0.02,-0.113,-53.98879341297879,32.70565203687572,-163.252553557527,6.0
2016-08-02 15:26:27.510,1.246,0.047,-0.078,-51.95052646629627,28.57247693827452,-157.05768011634171,6.0
2016-08-02 15:26:27.520,1.23,0.063,-0.066,-51.64050086221455,23.63322411006411,-150.69455752849302,6.0
2016-08-02 15:26:27.530,1.211,0.051,-0.07,-50.65018855410962,20.46361763599588,-144.4937916593541,6.0
2016-08-02 15:26:27.540,1.156,0.039,-0.082,-46.8108679982233,17.50339847897371,-138.4623947395021,6.0
2016-08-02 15:26:27.550,1.113,0.055,-0.055,-41.3643977507867,12.933442620924138,-133.29245675569584,6.0
2016-08-02 15:26:27.560,1.098,0.113,-0.016,-36.373599842205934,8.399675281147804,-127.68131179035215,6.0
2016-08-02 15:26:27.570,1.102,0.168,-0.008,-33.93069259625496,6.113696268952532,-118.91377200201477,6.0
2016-08-02 15:26:27.580,1.086,0.188,-0.027,-35.04511885406752,6.394603785364306,-108.59573332713786,6.0
2016-08-02 15:26:27.590,1.047,0.156,-0.047,-37.10893798629645,7.29545757157633,-100.09619730582094,6.0
2016-08-02 15:26:27.600,0.996,0.133,-0.039,-36.85085055925211,6.706265840380435,-93.5084330764393,6.0
2016-08-02 15:26:27.610,0.961,0.145,-0.012,-34.79093281798487,4.570555392769105,-86.80957672659667,6.0
2016-08-02 15:26:27.620,0.938,0.168,0.012,-33.30327307773971,2.1499007439915103,-78.27725487698562,6.0
2016-08-02 15:26:27.630,0.926,0.145,0.02,-31.561384246756667,0.9749386543656735,-69.41513687428258,6.0
2016-08-02 15:26:27.640,0.898,0.121,0.027,-26.722645733902333,0.8517457649982673,-63.5363940157914,6.0
2016-08-02 15:26:27.650,0.859,0.145,0.043,-20.056338211649635,-0.2727306746863345,-58.76128821250664,6.0
2016-08-02 15:26:27.660,0.832,0.168,0.027,-16.49093466408621,-2.4037350134880087,-50.999383823713686,6.0
2016-08-02 15:26:27.670,0.828,0.207,0.02,-17.706055848596375,-3.7773176912629607,-42.3600901610275,6.0
2016-08-02 15:26:27.680,0.828,0.238,0.051,-20.56499798632676,-4.11361406550549,-35.625233630754764,6.0
2016-08-02 15:26:27.690,0.824,0.25,0.078,-22.593373567569962,-3.6234984541560222,-28.60011067909454,6.0
2016-08-02 15:26:27.700,0.809,0.227,0.102,-23.143106184785594,-2.665769925260613,-21.1113966027823,6.0
2016-08-02 15:26:27.710,0.785,0.215,0.129,-20.06400227657529,-2.8968579195671627,-15.61354092251668,6.0
2016-08-02 15:26:27.720,0.766,0.211,0.117,-12.928655738562547,-4.219586139858273,-10.98850853475463,6.0
2016-08-02 15:26:27.730,0.762,0.23,0.109,-5.401403232528152,-4.954402218703155,-5.826552806551615,6.0
2016-08-02 15:26:27.740,0.758,0.266,0.086,-0.3400281700094936,-5.890040409234661,-1.2135706091247085,6.0
2016-08-02 15:26:27.750,0.766,0.305,0.066,0.8095050092338063,-6.993885591948385,3.058465415217379,6.0
2016-08-02 15:26:27.760,0.773,0.348,0.07,-1.875448506542406,-6.70318096432685,7.21273727450844,6.0
2016-08-02 15:26:27.770,0.785,0.367,0.098,-5.058773783700178,-6.351859444919043,10.783032971543722,6.0
2016-08-02 15:26:27.780,0.789,0.375,0.113,-6.318365540718635,-6.298584173624419,14.400489078264483,6.0
2016-08-02 15:26:27.790,0.801,0.391,0.129,-4.9500654121320755,-5.256546820686822,18.099440997764304,6.0
2016-08-02 15:26:27.800,0.809,0.383,0.125,-1.0727181082357338,-4.3123797929339895,21.767627690432278,6.0
2016-08-02 15:26:27.810,0.816,0.363,0.094,3.292267310306954,-4.184750581366589,24.847097018131183,6.0
2016-08-02 15:26:27.820,0.82,0.367,0.078,7.616896178409314,-4.61912653266986,26.241728036763035,6.0
2016-08-02 15:26:27.830,0.84,0.41,0.078,10.992638239227638,-5.376181776956917,27.310099464163052,6.0
2016-08-02 15:26:27.840,0.867,0.457,0.098,9.83447041412225,-5.548822889737615,29.32717427336813,6.0
2016-08-02 15:26:27.850,0.887,0.477,0.117,4.869220732952581,-5.388861475893774,31.01391809203934,6.0
2016-08-02 15:26:27.860,0.891,0.48,0.141,1.3032711077859178,-5.591559509048628,31.589640069854845,6.0
2016-08-02 15:26:27.870,0.895,0.469,0.148,1.639366696972348,-5.823465266519387,31.795552230773332,6.0
2016-08-02 15:26:27.880,0.895,0.445,0.129,4.4724012794730745,-6.223211484516909,32.103605096039374,6.0
2016-08-02 15:26:27.890,0.906,0.445,0.105,7.415738467013133,-7.079527633537804,31.73983336360383,6.0
2016-08-02 15:26:27.900,0.914,0.469,0.094,8.752547900354447,-7.6521711120698335,30.782747113813958,6.0
2016-08-02 15:26:27.910,0.918,0.48,0.086,7.552284648734729,-7.516872182575793,30.954314854976644,6.0
2016-08-02 15:26:27.920,0.91,0.477,0.09,5.182559105971813,-7.595825333001918,31.789538267606957,6.0
2016-08-02 15:26:27.930,0.902,0.453,0.117,4.654727450855338,-8.075042435254046,31.574069235258122,6.0
2016-08-02 15:26:27.940,0.887,0.449,0.137,6.094735977151142,-8.134596649833227,31.408375012032486,6.0
2016-08-02 15:26:27.950,0.883,0.434,0.129,7.309337056792804,-8.242335972585572,32.7360905809483,6.0
2016-08-02 15:26:27.960,0.883,0.41,0.098,7.5649819628580826,-8.717187700946546,34.53407881340175,6.0
2016-08-02 15:26:27.970,0.887,0.398,0.078,8.18433008306848,-9.029426235114846,35.576765016226396,6.0
2016-08-02 15:26:27.980,0.887,0.375,0.066,9.902507776455192,-8.918846294482154,37.06683144815027,6.0
2016-08-02 15:26:27.990,0.883,0.355,0.059,10.854191159891583,-8.35511671006677,40.039530861944584,6.0
2016-08-02 15:26:28.000,0.863,0.332,0.055,10.798769713161587,-8.286288260853613,42.84707326922234,6.0
2016-08-02 15:26:28.010,0.855,0.297,0.07,11.599592227724369,-8.924722360689657,45.14110292108,6.0
2016-08-02 15:26:28.020,0.844,0.266,0.07,12.42629265852196,-10.241370762308833,48.49001244427269,6.0
2016-08-02 15:26:28.030,0.848,0.246,0.063,12.36378972764592,-12.898823433727202,53.52761671553152,6.0
2016-08-02 15:26:28.040,0.871,0.219,0.051,12.872784351911251,-15.012481358918796,60.24179556089959,6.0
2016-08-02 15:26:28.050,0.902,0.207,0.031,14.952832006775566,-15.41666847904456,67.09307890544237,6.0
2016-08-02 15:26:28.060,0.938,0.199,0.016,17.761909145046552,-15.976426253933079,72.47385323541809,6.0
2016-08-02 15:26:28.070,0.965,0.18,0.012,18.84354211266316,-17.22171934195634,77.03102166112149,6.0
2016-08-02 15:26:28.080,1.0,0.168,0.02,18.314698191198723,-19.238202127799056,80.99951925536254,6.0
2016-08-02 15:26:28.090,1.051,0.168,0.043,19.70906688241435,-21.762323234746646,85.69499235731922,6.0
2016-08-02 15:26:28.100,1.109,0.156,0.043,23.188136046594778,-22.800356184414795,93.8895349717935,6.0
2016-08-02 15:26:28.110,1.16,0.125,0.012,27.415939898190018,-23.09840999910734,103.05305931133131,6.0
2016-08-02 15:26:28.120,1.18,0.078,-0.027,32.950465409117605,-24.56940590385266,109.235690909575,6.0
2016-08-02 15:26:28.130,1.18,0.039,-0.055,37.111884116500605,-26.79850155929874,113.90242281410005,6.0
2016-08-02 15:26:28.140,1.16,0.027,-0.059,37.206844365654945,-30.611577684319595,118.38487699772855,6.0
2016-08-02 15:26:28.150,1.145,0.0,-0.039,36.1594319993235,-35.66940486457874,122.37573920709741,6.0
2016-08-02 15:26:28.160,1.129,-0.039,-0.027,36.909814295739494,-38.85043290984613,126.95669488295144,6.0
2016-08-02 15:26:28.170,1.125,-0.043,-0.008,39.3603842833417,-40.17890771606982,132.9893318422637,6.0
2016-08-02 15:26:28.180,1.148,-0.035,-0.023,43.56075513285153,-40.50615887941937,142.15877204451124,6.0
2016-08-02 15:26:28.190,1.164,-0.059,-0.086,47.65834102911445,-38.455758447375544,154.18622838026954,6.0
2016-08-02 15:26:28.200,1.16,-0.094,-0.129,48.926426411039074,-36.00178385028278,162.9098413713592,6.0
2016-08-02 15:26:28.210,1.148,-0.117,-0.137,49.219620069087576,-35.957992800691045,166.1500147783221,6.0
2016-08-02 15:26:28.220,1.148,-0.145,-0.117,50.11496888210125,-36.64572212952572,169.69954278715738,6.0
2016-08-02 15:26:28.230,1.168,-0.16,-0.109,51.257889298234474,-37.403578529297164,175.50931516703685,6.0
2016-08-02 15:26:28.240,1.18,-0.203,-0.113,55.57949390117332,-38.301185838586285,181.1570397932837,6.0
2016-08-02 15:26:28.250,1.195,-0.246,-0.109,63.45343158753498,-37.54499869052748,187.36893735022412,6.0
2016-08-02 15:26:28.260,1.227,-0.25,-0.133,70.55512373219221,-36.798185455823834,194.23737129768097,6.0
2016-08-02 15:26:28.270,1.238,-0.25,-0.152,74.86394328401929,-36.778852551224176,200.8583271742061,6.0
2016-08-02 15:26:28.280,1.227,-0.285,-0.172,75.68874835530087,-36.04257510371336,207.81170949015205,6.0
2016-08-02 15:26:28.290,1.199,-0.336,-0.191,74.37143330803444,-38.718696981769384,212.49991996840492,6.0
2016-08-02 15:26:28.300,1.18,-0.414,-0.199,76.28975396621533,-46.397594962696026,214.52450612829654,6.0
2016-08-02 15:26:28.310,1.223,-0.453,-0.223,82.87003784504364,-53.438534473607895,217.5622741308873,6.0
2016-08-02 15:26:28.320,1.281,-0.449,-0.215,90.55070104508795,-56.82972574765102,221.10842908637187,6.0
2016-08-02 15:26:28.330,1.352,-0.449,-0.25,95.18708982974792,-56.770585446024356,225.55635389534817,6.0
2016-08-02 15:26:28.340,1.391,-0.438,-0.266,94.03901044209394,-54.5934081049586,230.89611640859943,6.0
2016-08-02 15:26:28.350,1.418,-0.465,-0.246,91.28666107919324,-53.555296484887364,233.1598438105016,6.0
2016-08-02 15:26:28.360,1.434,-0.504,-0.242,90.89715746233088,-54.32062264665386,233.42990804030495,6.0
2016-08-02 15:26:28.370,1.414,-0.586,-0.285,89.69216616598663,-55.23316438609389,232.89119498330786,6.0
2016-08-02 15:26:28.380,1.387,-0.598,-0.281,88.15652037602051,-56.249431556744945,229.8216434374113,6.0
2016-08-02 15:26:28.390,1.398,-0.59,-0.273,89.52824626566817,-57.232185427768485,226.8899550641765,6.0
2016-08-02 15:26:28.400,1.453,-0.57,-0.316,90.01360018791172,-55.690810702079425,225.39577689008385,6.0
2016-08-02 15:26:28.410,1.473,-0.574,-0.359,85.95029295406627,-49.63923556274738,222.8903265472449,6.0
2016-08-02 15:26:28.420,1.445,-0.629,-0.344,78.23791653538655,-41.99721140504266,217.84470602036805,6.0
2016-08-02 15:26:28.430,1.383,-0.559,-0.262,69.82687370141196,-39.443965954862605,207.23495239413225,6.0
2016-08-02 15:26:28.440,1.355,-0.59,-0.199,66.05995409340254,-42.61787502041251,194.72892132291835,6.0
2016-08-02 15:26:28.450,1.34,-0.648,-0.207,63.18280030968495,-42.11172882600668,185.7557869172913,6.0
2016-08-02 15:26:28.460,1.305,-0.676,-0.227,58.18983964151794,-38.20594560447458,170.7429372866262,6.0
2016-08-02 15:26:28.470,1.258,-0.684,-0.266,58.0462093228753,-38.969176926166014,149.81317033313167,6.0
2016-08-02 15:26:28.480,1.199,-0.66,-0.285,55.74816118361282,-38.957168758668104,137.3703222346033,6.0
2016-08-02 15:26:28.490,1.121,-0.648,-0.281,44.64534818530945,-36.70548006330395,132.0914423261488,6.0
2016-08-02 15:26:28.500,1.031,-0.641,-0.254,34.31390398652114,-37.86497919037478,126.94014254561144,6.0
2016-08-02 15:26:28.510,0.953,-0.621,-0.223,30.037150229067404,-39.401964618293434,122.92691838256883,6.0
2016-08-02 15:26:28.520,0.887,-0.656,-0.246,31.363433811043947,-38.8701882097985,121.23492719408603,6.0
2016-08-02 15:26:28.530,0.82,-0.648,-0.27,36.199329447964274,-36.63177151875635,120.54540414029421,6.0
2016-08-02 15:26:28.540,0.75,-0.707,-0.285,41.47180542337533,-34.57966234408594,118.60906742103776,6.0
2016-08-02 15:26:28.550,0.676,-0.707,-0.293,44.94533723872287,-34.81380459959559,114.59432238940789,6.0
2016-08-02 15:26:28.560,0.602,-0.645,-0.313,45.28208895124372,-37.26407788895913,109.6949014120812,6.0
2016-08-02 15:26:28.570,0.547,-0.613,-0.293,42.711811340684164,-40.837964624469095,108.75843928412884,6.0
2016-08-02 15:26:28.580,0.488,-0.617,-0.266,36.41766891699516,-42.430536328223326,113.44410650836882,6.0
2016-08-02 15:26:28.590,0.465,-0.633,-0.215,30.24173586664545,-45.89921050464753,116.07831291306113,6.0
2016-08-02 15:26:28.600,0.48,-0.578,-0.156,29.92455898434299,-53.37973014473531,115.09549324324337,6.0
2016-08-02 15:26:28.610,0.512,-0.566,-0.113,31.12337274912706,-55.37758587242846,118.527069096946,6.0
2016-08-02 15:26:28.620,0.496,-0.594,-0.082,27.35079632143399,-53.16754094899418,123.60115333415844,6.0
2016-08-02 15:26:28.630,0.469,-0.594,-0.039,22.284316258845333,-57.14429613137413,121.31417411958714,6.0
2016-08-02 15:26:28.640,0.453,-0.598,-0.027,21.603329239057683,-62.16568252572411,117.95514826789704,6.0
2016-08-02 15:26:28.650,0.441,-0.582,-0.023,22.802973423748135,-60.12751065034648,120.06610144457966,6.0
2016-08-02 15:26:28.660,0.426,-0.594,-0.016,23.386336149954975,-57.9385838839306,120.29461046026665,6.0
2016-08-02 15:26:28.670,0.414,-0.633,0.004,24.81612529269521,-58.382915615005835,116.55652037747438,6.0
2016-08-02 15:26:28.680,0.41,-0.648,0.008,27.080021895971292,-56.20717485569269,113.08144089492674,6.0
2016-08-02 15:26:28.690,0.395,-0.684,0.023,30.38748387168798,-53.111771495339,109.62122478009951,6.0
2016-08-02 15:26:28.700,0.367,-0.684,0.063,34.19277797363315,-50.512951465203,105.88347060346995,6.0
2016-08-02 15:26:28.710,0.336,-0.656,0.094,35.01311405175923,-48.871659960982996,102.58615291060096,6.0
2016-08-02 15:26:28.720,0.309,-0.668,0.105,32.088665904452895,-49.94082146536918,99.47869152352675,6.0
2016-08-02 15:26:28.730,0.285,-0.664,0.105,28.883127444071732,-51.19461673643137,95.89670960288016,6.0
2016-08-02 15:26:28.740,0.262,-0.699,0.109,26.891114020798856,-51.34275533866509,91.91951406682541,6.0
2016-08-02 15:26:28.750,0.227,-0.723,0.121,25.00674838985739,-50.76528647558705,87.59708836043792,6.0
2016-08-02 15:26:28.760,0.203,-0.723,0.141,22.63372165864915,-49.785772073288584,81.76271179661278,6.0
2016-08-02 15:26:28.770,0.188,-0.715,0.152,18.525694772490176,-48.04386723657476,75.32293418714639,6.0
2016-08-02 15:26:28.780,0.172,-0.711,0.129,11.905676755673163,-43.48888984369137,69.6401217341426,6.0
2016-08-02 15:26:28.790,0.176,-0.688,0.098,4.511167793153497,-38.64022251458147,63.54308408912658,6.0
2016-08-02 15:26:28.800,0.203,-0.688,0.035,-1.753931394901117,-35.047217666684524,55.925665059244494,6.0
2016-08-02 15:26:28.810,0.203,-0.734,0.043,-5.606596190450451,-30.218687103494148,46.264164924425785,6.0
2016-08-02 15:26:28.820,0.195,-0.723,0.117,-6.053113802530013,-26.30382580047548,35.37284080796992,6.0
2016-08-02 15:26:28.830,0.152,-0.703,0.18,-5.815600928443157,-24.499427485038662,26.375920060342445,6.0
2016-08-02 15:26:28.840,0.098,-0.707,0.227,-8.284729526450743,-23.105469217652505,20.625706322328565,6.0
2016-08-02 15:26:28.850,0.074,-0.699,0.258,-10.487231408192955,-22.682721291868134,16.046095318854373,6.0
2016-08-02 15:26:28.860,0.102,-0.652,0.23,-11.08719544450376,-20.195121893546293,11.386639645302685,6.0
2016-08-02 15:26:28.870,0.109,-0.688,0.207,-13.251290745392616,-13.854809026489342,5.911607419199954,6.0
2016-08-02 15:26:28.880,0.105,-0.672,0.188,-13.984857409539636,-9.208394008261518,-2.0210077894103686,6.0
2016-08-02 15:26:28.890,0.082,-0.668,0.172,-11.698294450264912,-6.397882495710098,-9.390919647269975,6.0
2016-08-02 15:26:28.900,0.043,-0.652,0.184,-11.376644192790854,-2.0295753487234327,-12.780441008668095,6.0
2016-08-02 15:26:28.910,0.012,-0.602,0.211,-13.65632761283139,-0.07963343715328014,-14.708124132080624,6.0
2016-08-02 15:26:28.920,0.02,-0.598,0.238,-16.732597192048445,-0.3436187500470431,-15.554804089022483,6.0
2016-08-02 15:26:28.930,0.035,-0.629,0.242,-18.06481521546359,2.431220952827166,-16.65651467305736,6.0
2016-08-02 15:26:28.940,0.031,-0.703,0.23,-14.213103134147467,6.008572524997016,-22.437663990541147,6.0
2016-08-02 15:26:28.950,0.039,-0.711,0.234,-7.737179485765747,8.93350050058361,-28.677149755293385,6.0
2016-08-02 15:26:28.960,0.059,-0.648,0.223,-5.214679562636475,12.774882611953505,-30.741645563991725,6.0
2016-08-02 15:26:28.970,0.082,-0.613,0.168,-10.106903538456848,14.68300188387326,-32.2724288362343,6.0
2016-08-02 15:26:28.980,0.121,-0.613,0.121,-18.183306124241117,14.460057723163457,-35.85836950749557,6.0
2016-08-02 15:26:28.990,0.148,-0.684,0.098,-22.642854011939328,15.469944630184543,-41.843700850089576,6.0
2016-08-02 15:26:29.000,0.141,-0.723,0.117,-22.087556445842807,17.64136894323191,-49.95036981915571,6.0
2016-08-02 15:26:29.010,0.145,-0.727,0.145,-17.9616553264807,19.81460978991343,-56.96342067044526,6.0
2016-08-02 15:26:29.020,0.145,-0.734,0.168,-12.52309455081788,23.010250084879274,-60.97980607222516,6.0
2016-08-02 15:26:29.030,0.148,-0.723,0.152,-8.487984083256467,26.563751004909186,-64.13779189815071,6.0
2016-08-02 15:26:29.040,0.176,-0.691,0.113,-7.900970148832974,28.59875322148344,-67.75791839230499,6.0
2016-08-02 15:26:29.050,0.203,-0.695,0.043,-11.808687744670017,30.183811985830644,-72.0550887079146,6.0
2016-08-02 15:26:29.060,0.215,-0.727,0.008,-17.66546286996391,30.66476790963944,-78.80650433040705,6.0
2016-08-02 15:26:29.070,0.23,-0.707,0.027,-22.011225407180667,29.471897033603106,-86.19532011745576,6.0
2016-08-02 15:26:29.080,0.246,-0.703,0.055,-25.232479692061798,31.13677893566496,-89.94662393103323,6.0
2016-08-02 15:26:29.090,0.238,-0.699,0.098,-27.901971493971708,34.54819819308024,-91.99440656375853,6.0
2016-08-02 15:26:29.100,0.258,-0.676,0.105,-28.664995483191454,34.90384105014089,-94.4571209192904,6.0
2016-08-02 15:26:29.110,0.32,-0.652,0.059,-29.12927955500254,37.128327455288144,-94.99407883474048,6.0
2016-08-02 15:26:29.120,0.379,-0.68,-0.016,-31.855796276965734,43.00079862651697,-97.06069217586023,6.0
2016-08-02 15:26:29.130,0.41,-0.734,-0.047,-34.544800513413115,44.47789940869632,-105.80080380923187,6.0
2016-08-02 15:26:29.140,0.43,-0.707,-0.023,-34.34395029859188,42.27013705353696,-115.39973082338963,6.0
2016-08-02 15:26:29.150,0.457,-0.656,0.02,-34.058788273015736,43.57886366742174,-117.73681842999092,6.0
2016-08-02 15:26:29.160,0.484,-0.664,0.051,-36.78257608065004,46.9759503814085,-117.19936560530846,6.0
2016-08-02 15:26:29.170,0.52,-0.668,0.023,-38.42623191783042,46.963388959152624,-122.2025689079941,6.0
2016-08-02 15:26:29.180,0.605,-0.695,-0.063,-36.07086195439638,46.85717031348694,-129.42279059470988,6.0
2016-08-02 15:26:29.190,0.648,-0.75,-0.105,-35.265926461846135,52.70788139378759,-135.15002748958102,6.0
2016-08-02 15:26:29.200,0.633,-0.707,-0.09,-38.00969376880349,55.33768692234543,-143.89641925051728,6.0
2016-08-02 15:26:29.210,0.656,-0.645,-0.078,-39.71051358275731,49.57961170923353,-150.37750904068176,6.0
2016-08-02 15:26:29.220,0.68,-0.652,-0.059,-40.530327249521555,49.667828303426056,-148.0753058109968,6.0
2016-08-02 15:26:29.230,0.711,-0.648,-0.059,-40.663607381233135,53.52411713965568,-148.58392639858417,6.0
2016-08-02 15:26:29.240,0.801,-0.621,-0.117,-36.30797234269152,50.96992642469174,-157.08598515435088,6.0
2016-08-02 15:26:29.250,0.871,-0.664,-0.211,-31.55851333804213,54.71081038497863,-163.57620845633193,6.0
2016-08-02 15:26:29.260,0.895,-0.684,-0.258,-32.914548306744166,64.20540096320192,-169.51479300421985,6.0
2016-08-02 15:26:29.270,0.879,-0.66,-0.203,-36.371320674749896,63.570862037677,-179.67463892117007,6.0
2016-08-02 15:26:29.280,0.867,-0.629,-0.133,-37.46007821626498,60.20155103648548,-185.0982467352434,6.0
2016-08-02 15:26:29.290,0.863,-0.598,-0.098,-37.130998321010146,60.779107461252636,-182.97675491954803,6.0
2016-08-02 15:26:29.300,0.898,-0.586,-0.121,-34.21219501454526,57.33258484055506,-181.79893150509,6.0
2016-08-02 15:26:29.310,0.938,-0.668,-0.207,-30.96127236648623,54.46008507576859,-182.6676547419722,6.0
2016-08-02 15:26:29.320,0.969,-0.66,-0.262,-33.0246023327354,56.418770548962556,-186.0089784879946,6.0
2016-08-02 15:26:29.330,1.0,-0.527,-0.234,-36.07624019965313,53.572773047068296,-194.00181987560757,6.0
2016-08-02 15:26:29.340,1.059,-0.453,-0.191,-36.988151329001155,47.5487832224273,-196.10389681450818,6.0
2016-08-02 15:26:29.350,1.129,-0.422,-0.176,-43.26687615156473,46.51183887342498,-190.65520867012322,6.0
2016-08-02 15:26:29.360,1.207,-0.422,-0.164,-51.51959282324806,44.59776994466096,-192.47126614366394,6.0
2016-08-02 15:26:29.370,1.246,-0.535,-0.199,-53.208185330945966,42.89986695505847,-199.41389840252464,6.0
2016-08-02 15:26:29.380,1.25,-0.527,-0.207,-52.568237242946736,49.103652519982376,-203.68503579279906,6.0
2016-08-02 15:26:29.390,1.219,-0.402,-0.16,-48.06941863173263,52.551992907203996,-207.77844524100522,6.0
2016-08-02 15:26:29.400,1.234,-0.367,-0.141,-40.61891931113105,49.65537833012111,-204.50355102782203,6.0
2016-08-02 15:26:29.410,1.281,-0.313,-0.16,-45.379686085341774,50.392548371071726,-197.17053129927186,6.0
2016-08-02 15:26:29.420,1.344,-0.254,-0.18,-56.93083871592068,49.30748890869594,-202.28501840126322,6.0
2016-08-02 15:26:29.430,1.375,-0.223,-0.184,-62.086427973626556,46.555156892716525,-209.9079537483314,6.0
2016-08-02 15:26:29.440,1.355,-0.199,-0.188,-68.93455909520964,49.77177294106995,-207.75465471730803,6.0
2016-08-02 15:26:29.450,1.352,-0.184,-0.16,-76.97919239411206,48.5326515124665,-205.47787723477165,6.0
2016-08-02 15:26:29.460,1.379,-0.25,-0.184,-77.34677524817872,43.11817477420624,-205.26357391348142,6.0
2016-08-02 15:26:29.470,1.402,-0.293,-0.219,-73.48867622144182,46.003439455867046,-204.7641497800913,6.0
2016-08-02 15:26:29.480,1.402,-0.27,-0.219,-66.79285152042202,50.63385771530315,-207.76116254842378,6.0
2016-08-02 15:26:29.490,1.391,-0.203,-0.211,-59.434222277915,49.81214360798406,-210.1214434703413,6.0
2016-08-02 15:26:29.500,1.375,-0.133,-0.203,-60.42722778214574,47.5392336008641,-207.45599459854395,6.0
2016-08-02 15:26:29.510,1.391,-0.078,-0.195,-68.32919627021698,44.2979834234985,-203.73765014511608,6.0
2016-08-02 15:26:29.520,1.395,-0.063,-0.188,-74.68059945776912,40.3303456871282,-200.5444141811321,6.0
2016-08-02 15:26:29.530,1.398,-0.082,-0.176,-77.46679423526474,38.344163958725346,-196.58721734267115,6.0
2016-08-02 15:26:29.540,1.406,-0.102,-0.18,-75.7610559088597,37.677461321765875,-192.90980762314496,6.0
2016-08-02 15:26:29.550,1.422,-0.094,-0.188,-68.85350515827703,37.25772995503027,-190.3330377765972,6.0
2016-08-02 15:26:29.560,1.434,-0.07,-0.207,-62.594706973291835,38.21629728453994,-187.54748791311846,6.0
2016-08-02 15:26:29.570,1.441,-0.039,-0.23,-63.22348310156438,40.02362888754598,-183.82702543695052,6.0
2016-08-02 15:26:29.580,1.418,0.008,-0.227,-69.02272270027265,40.03260218770441,-179.68965866716525,6.0
2016-08-02 15:26:29.590,1.379,0.043,-0.199,-75.14458772202198,37.44880224783381,-173.75229621041294,6.0
2016-08-02 15:26:29.600,1.34,0.035,-0.152,-79.21705964926687,33.73842760181466,-165.62429474133592,6.0
2016-08-02 15:26:29.610,1.289,0.004,-0.105,-78.76361509455413,29.37200934332063,-158.49640774388203,6.0
2016-08-02 15:26:29.620,1.246,-0.016,-0.066,-71.94930059713121,24.39446081180618,-153.58009077108085,6.0
2016-08-02 15:26:29.630,1.223,-0.016,-0.039,-61.155768603240276,20.544735721134423,-148.99636026604168,6.0
2016-08-02 15:26:29.640,1.215,0.02,-0.055,-51.35648159817295,19.31776510796239,-143.3067935078152,6.0
2016-08-02 15:26:29.650,1.203,0.07,-0.09,-47.08583353857346,19.82186568915751,-136.8911568578605,6.0
2016-08-02 15:26:29.660,1.176,0.121,-0.105,-49.73347997400425,19.763250547495808,-130.94850885622844,6.0
2016-08-02 15:26:29.670,1.141,0.156,-0.094,-55.55034427773104,18.06595154374176,-124.72461928906742,6.0
2016-08-02 15:26:29.680,1.121,0.18,-0.066,-58.91485510785668,15.746972668483899,-117.9008982155627,6.0
2016-08-02 15:26:29.690,1.094,0.184,-0.039,-57.62612559972641,14.214660217170847,-111.7334374043874,6.0
2016-08-02 15:26:29.700,1.055,0.168,-0.012,-53.78432943582597,13.664998407473377,-105.61926193170063,6.0
2016-08-02 15:26:29.710,1.016,0.176,0.02,-51.252405144186895,12.726126802193393,-99.85442703674423,6.0
2016-08-02 15:26:29.720,0.988,0.219,0.031,-52.19299390339447,10.828103770452485,-95.30206409259961,6.0
2016-08-02 15:26:29.730,0.965,0.254,0.043,-55.23243140469429,9.791715097926115,-90.24052431782368,6.0
2016-08-02 15:26:29.740,0.93,0.27,0.059,-56.66214386934324,9.966504868388817,-84.59486581932713,6.0
2016-08-02 15:26:29.750,0.895,0.25,0.082,-53.28604995914993,9.365841051105534,-79.68354659665243,6.0
2016-08-02 15:26:29.760,0.863,0.23,0.09,-45.92424838508626,7.942370186855003,-74.70330044949233,6.0
2016-08-02 15:26:29.770,0.848,0.25,0.086,-39.23331604631146,6.954358086127062,-68.88011307526915,6.0
2016-08-02 15:26:29.780,0.828,0.281,0.086,-36.787962439921785,6.279231882287896,-62.694934666002155,6.0
2016-08-02 15:26:29.790,0.809,0.285,0.09,-37.45417316198598,5.384748486477415,-56.78613603314125,6.0
2016-08-02 15:26:29.800,0.797,0.277,0.109,-36.7902912827185,4.304189637671703,-51.654844985688364,6.0
2016-08-02 15:26:29.810,0.785,0.262,0.133,-31.88619306127324,3.4260059265393044,-47.40848853835307,6.0
2016-08-02 15:26:29.820,0.777,0.25,0.129,-24.31184460883188,3.0877058458371853,-43.38072908460084,6.0
2016-08-02 15:26:29.830,0.77,0.262,0.121,-17.972175068103795,3.04463250562847,-38.979244749253965,6.0
2016-08-02 15:26:29.840,0.766,0.281,0.098,-14.851660730662084,2.5050352235977185,-34.280233945371556,6.0
2016-08-02 15:26:29.850,0.758,0.313,0.094,-14.080119747380195,1.335196330459965,-29.27603504363056,6.0
2016-08-02 15:26:29.860,0.758,0.336,0.105,-13.893503758926373,0.158663428048709,-24.034266992944715,6.0
2016-08-02 15:26:29.870,0.773,0.344,0.121,-13.114220640125708,-0.8090749646886501,-18.718885181771796,6.0
2016-08-02 15:26:29.880,0.785,0.336,0.137,-11.136382402564081,-1.3832225518431476,-13.740509082173919,6.0
2016-08-02 15:26:29.890,0.785,0.34,0.156,-7.1151599049351155,-1.8828063040329743,-9.961216601829353,6.0
2016-08-02 15:26:29.900,0.785,0.344,0.168,-1.7705686824652003,-2.9340864521375423,-6.612339487819806,6.0
2016-08-02 15:26:29.910,0.793,0.352,0.16,2.0457201640567875,-3.8913411107384173,-2.51408381840116,6.0
2016-08-02 15:26:29.920,0.805,0.371,0.148,4.232055869359609,-4.694809334860139,1.176283630876465,6.0
2016-08-02 15:26:29.930,0.82,0.391,0.137,7.4748835729046,-5.379633095933777,4.548564213259137,6.0
2016-08-02 15:26:29.940,0.816,0.406,0.125,11.004010280176109,-4.9207562655960615,8.946668467735948,6.0
2016-08-02 15:26:29.950,0.816,0.43,0.129,11.708727215777355,-4.742720135255372,12.868404526831732,6.0
2016-08-02 15:26:29.960,0.82,0.449,0.121,8.985531347417675,-5.803050705747145,16.06182876628682,6.0
2016-08-02 15:26:29.970,0.824,0.449,0.121,4.338102112084052,-6.165673705404039,20.332260782574295,6.0
2016-08-02 15:26:29.980,0.824,0.441,0.141,1.3041213615762937,-6.566941654101931,24.413242243446128,6.0
2016-08-02 15:26:29.990,0.832,0.414,0.141,2.9915865025728245,-7.394787078697195,27.689316465785474,6.0
2016-08-02 15:26:30.000,0.828,0.387,0.133,7.712722797979766,-6.335020599021748,31.58462341931176,6.0
2016-08-02 15:26:30.010,0.836,0.387,0.129,12.173876838894419,-4.922600984186728,35.17412638787596,6.0
2016-08-02 15:26:30.020,0.84,0.379,0.113,14.663386464180707,-4.698949996309904,38.57252921406588,6.0
2016-08-02 15:26:30.030,0.824,0.363,0.105,14.784385192775165,-4.360416126054742,42.99403266974165,6.0
2016-08-02 15:26:30.040,0.816,0.348,0.113,14.93273448704118,-5.6733151155899275,46.67468544114095,6.0
2016-08-02 15:26:30.050,0.816,0.328,0.105,17.454187580216356,-8.697149928567235,49.95974172881443,6.0
2016-08-02 15:26:30.060,0.82,0.285,0.078,20.991228698985488,-10.120111970523402,55.573981326757995,6.0
2016-08-02 15:26:30.070,0.816,0.254,0.059,24.22549743518518,-11.369152536674978,61.84609333837075,6.0
2016-08-02 15:26:30.080,0.84,0.258,0.043,27.673404681180237,-14.163705249818808,67.16927723123614,6.0
2016-08-02 15:26:30.090,0.852,0.254,0.027,29.709191915975797,-16.020109971461636,73.79357397059921,6.0
2016-08-02 15:26:30.100,0.859,0.238,0.023,28.4978329475799,-17.836683698737,80.71947712632246,6.0
2016-08-02 15:26:30.110,0.871,0.199,0.023,26.727147393752055,-22.19431036031612,84.81210404780091,6.0
2016-08-02 15:26:30.120,0.875,0.172,0.031,27.24908908713566,-27.117811654286413,87.5197344587144,6.0
2016-08-02 15:26:30.130,0.883,0.145,0.047,28.968518844476115,-31.48168956212337,91.73691198967369,6.0
2016-08-02 15:26:30.140,0.898,0.121,0.051,30.855893482738658,-37.027228384646236,97.2376021001659,6.0
2016-08-02 15:26:30.150,0.926,0.117,0.055,33.4813759618403,-42.89635678106354,103.21392917666276,6.0
2016-08-02 15:26:30.160,0.965,0.105,0.047,36.180839416116456,-46.55769618887844,110.56773607716677,6.0
2016-08-02 15:26:30.170,1.0,0.098,0.027,38.08704214004128,-48.33941859450499,118.16346690009458,6.0
2016-08-02 15:26:30.180,1.027,0.094,0.0,39.98420563211654,-50.263221350132774,123.68057657960279,6.0
2016-08-02 15:26:30.190,1.043,0.078,-0.016,41.302489528208135,-51.85948197374828,128.99560659047253,6.0
2016-08-02 15:26:30.200,1.063,0.074,-0.02,39.91924208298996,-52.54782925941498,135.39317091132992,6.0
2016-08-02 15:26:30.210,1.086,0.086,-0.023,35.59702595641118,-53.876624862785235,141.4210067744924,6.0
2016-08-02 15:26:30.220,1.129,0.102,-0.031,28.8590400147987,-54.5979096407619,148.6194506919146,6.0
2016-08-02 15:26:30.230,1.172,0.094,-0.035,21.905541034095883,-52.89523740364734,157.23695746739682,6.0
2016-08-02 15:26:30.240,1.195,0.051,-0.043,20.270525040946623,-50.607739420967874,164.0279967702895,6.0
2016-08-02 15:26:30.250,1.215,0.004,-0.051,25.50120324229588,-48.59221809226138,169.03531325064426,6.0
2016-08-02 15:26:30.260,1.234,-0.027,-0.055,32.634234375300444,-47.00660692646464,173.74071585742118,6.0
2016-08-02 15:26:30.270,1.254,-0.051,-0.055,37.951723351333165,-47.37159248156841,177.76972931233234,6.0
2016-08-02 15:26:30.280,1.281,-0.07,-0.059,41.29063434463329,-48.96307862280121,181.49245904600343,6.0
2016-08-02 15:26:30.290,1.313,-0.082,-0.063,43.043904838549864,-50.382720559779145,184.73991317701632,6.0
2016-08-02 15:26:30.300,1.352,-0.082,-0.07,43.754467602285196,-52.11877612352502,186.86955571389453,6.0
2016-08-02 15:26:30.310,1.379,-0.098,-0.09,43.859574142813905,-53.826175840205245,189.17377495827537,6.0
2016-08-02 15:26:30.320,1.402,-0.113,-0.109,43.97055187027965,-54.86216330090826,191.58893568389868,6.0
2016-08-02 15:26:30.330,1.422,-0.125,-0.133,45.94122684152046,-56.109276434535204,192.65516760485934,6.0
2016-08-02 15:26:30.340,1.438,-0.168,-0.152,49.626395435992116,-57.064196756850905,193.69846835887716,6.0
2016-08-02 15:26:30.350,1.457,-0.207,-0.164,52.17324613010386,-56.53570206500535,194.88493883203097,6.0
2016-08-02 15:26:30.360,1.473,-0.23,-0.176,54.37755202322103,-56.456279180126046,193.76397665436377,6.0
2016-08-02 15:26:30.370,1.477,-0.262,-0.184,58.944424930703846,-56.83204583053667,192.4324509314726,6.0
2016-08-02 15:26:30.380,1.477,-0.277,-0.188,64.5083114173872,-54.778268701973985,193.66860521173749,6.0
2016-08-02 15:26:30.390,1.461,-0.309,-0.219,70.73797184470635,-51.769894204544165,194.95428741427975,6.0
2016-08-02 15:26:30.400,1.438,-0.344,-0.262,79.11284816245535,-49.22197790267789,195.1818287752064,6.0
2016-08-02 15:26:30.410,1.41,-0.363,-0.309,87.07806422240733,-46.05832497782971,195.3262791617386,6.0
2016-08-02 15:26:30.420,1.383,-0.371,-0.305,91.40859885971062,-44.05627096647039,194.680545824993,6.0
2016-08-02 15:26:30.430,1.355,-0.379,-0.301,92.30667529880803,-43.790096786065774,193.35220715060427,6.0
2016-08-02 15:26:30.440,1.34,-0.41,-0.277,92.10474017871576,-42.89087632930156,191.35018488428568,6.0
2016-08-02 15:26:30.450,1.309,-0.43,-0.234,93.3119990743097,-41.3315476938632,188.10225641820668,6.0
2016-08-02 15:26:30.460,1.285,-0.457,-0.195,97.49818542777979,-41.39301353682079,185.1362018158266,6.0
2016-08-02 15:26:30.470,1.266,-0.5,-0.207,103.46666638217843,-42.56476255562093,183.62789491954757,6.0
2016-08-02 15:26:30.480,1.227,-0.531,-0.227,106.54080659609929,-42.159310254821456,181.75619424309372,6.0
2016-08-02 15:26:30.490,1.191,-0.477,-0.207,106.2347043402337,-42.06277118759682,178.28507978383473,6.0
2016-08-02 15:26:30.500,1.164,-0.512,-0.227,104.91260178994825,-43.40322586021689,176.13707280459144,6.0
2016-08-02 15:26:30.510,1.129,-0.492,-0.254,98.22394906171324,-42.03273935016238,174.20135480225454,6.0
2016-08-02 15:26:30.520,1.098,-0.461,-0.23,89.18148298203928,-40.70361772309588,166.9285118119422,6.0
2016-08-02 15:26:30.530,1.063,-0.531,-0.215,83.6646330476417,-41.2747714092411,160.17027262451836,6.0
2016-08-02 15:26:30.540,1.004,-0.578,-0.184,71.71803787521151,-37.978666480267286,158.4519123319918,6.0
2016-08-02 15:26:30.550,0.938,-0.586,-0.125,55.27123818200777,-37.5096183532011,154.24490993528315,6.0
2016-08-02 15:26:30.560,0.902,-0.574,-0.066,46.27805613998421,-42.4602815932104,150.5658307921841,6.0
2016-08-02 15:26:30.570,0.879,-0.523,-0.047,40.78928927667329,-40.38410151930925,153.12265085807485,6.0
2016-08-02 15:26:30.580,0.875,-0.598,-0.098,37.7349976997987,-32.57988527463412,155.8180370373297,6.0
2016-08-02 15:26:30.590,0.84,-0.613,-0.184,39.00502503112628,-24.798480645783513,153.43538253823277,6.0
2016-08-02 15:26:30.600,0.77,-0.633,-0.27,41.073631848231024,-18.167909819414486,146.40968281659167,6.0
2016-08-02 15:26:30.610,0.715,-0.563,-0.309,41.04449881004523,-16.305816202604042,141.09597576944776,6.0
2016-08-02 15:26:30.620,0.691,-0.508,-0.316,34.0010350437152,-16.402075955572474,141.04550207296285,6.0
2016-08-02 15:26:30.630,0.691,-0.566,-0.297,20.920447883220223,-16.329020656458788,141.1497404416794,6.0
2016-08-02 15:26:30.640,0.676,-0.586,-0.254,9.186412581543024,-17.627331479934508,137.06596952573992,6.0
2016-08-02 15:26:30.650,0.676,-0.629,-0.207,3.402516006048284,-20.382824468805772,130.7478214114515,6.0
2016-08-02 15:26:30.660,0.672,-0.688,-0.184,1.4128314329378822,-22.126443876809248,127.20713641989734,6.0
2016-08-02 15:26:30.670,0.613,-0.746,-0.156,-0.9873727106004726,-21.80584154906583,123.66752823429887,6.0
2016-08-02 15:26:30.680,0.563,-0.797,-0.129,-0.8852163206315765,-25.72839878153149,116.00114641649398,6.0
2016-08-02 15:26:30.690,0.543,-0.77,-0.117,2.445641782679542,-32.40434348508789,108.96576151471268,6.0
2016-08-02 15:26:30.700,0.543,-0.715,-0.156,3.4081775280030175,-35.34605752079607,105.41993467057193,6.0
2016-08-02 15:26:30.710,0.551,-0.711,-0.215,0.4370923971706697,-37.19512195726214,102.71516048518791,6.0
2016-08-02 15:26:30.720,0.547,-0.734,-0.273,-4.117155113405842,-39.34458848710925,97.1383642042475,6.0
2016-08-02 15:26:30.730,0.52,-0.754,-0.281,-7.7802439632900064,-41.49369205902687,88.7722546305976,6.0
2016-08-02 15:26:30.740,0.488,-0.73,-0.238,-8.787815591371244,-44.88086418488815,83.38938392137541,6.0
2016-08-02 15:26:30.750,0.465,-0.746,-0.199,-6.336831226478627,-47.388241680573586,82.24122954672555,6.0
2016-08-02 15:26:30.760,0.438,-0.762,-0.168,-0.44181951912042505,-47.8093387237294,80.17530446731169,6.0
2016-08-02 15:26:30.770,0.402,-0.754,-0.145,6.701182072778629,-48.062174018099256,75.90839254438424,6.0
2016-08-02 15:26:30.780,0.363,-0.715,-0.121,9.849509136495998,-48.89959964567718,73.08226919021583,6.0
2016-08-02 15:26:30.790,0.328,-0.707,-0.121,6.333745010136361,-50.951755965999425,71.54500561668164,6.0
2016-08-02 15:26:30.800,0.32,-0.695,-0.141,2.467111595971563,-55.028876429057156,66.89529833757342,6.0
2016-08-02 15:26:30.810,0.316,-0.727,-0.125,4.5669280898948665,-56.72845587459857,59.73119120484605,6.0
2016-08-02 15:26:30.820,0.289,-0.75,-0.078,8.807935288957031,-53.230324060216596,53.532196683325516,6.0
2016-08-02 15:26:30.830,0.246,-0.734,-0.031,10.469023901081407,-51.81890729721718,47.81211978712433,6.0
2016-08-02 15:26:30.840,0.219,-0.668,0.0,10.956666751031758,-55.04394611052784,43.81650933686092,6.0
2016-08-02 15:26:30.850,0.195,-0.688,0.023,12.060459108364196,-54.31974861948497,44.530058828725835,6.0
2016-08-02 15:26:30.860,0.195,-0.691,0.008,16.242543630956604,-48.830529269687474,45.882872120148065,6.0
2016-08-02 15:26:30.870,0.203,-0.676,-0.031,24.495570220103694,-45.03532002389856,43.26959495578244,6.0
2016-08-02 15:26:30.880,0.199,-0.684,-0.078,29.04464878940926,-41.813711443373435,39.891259769276914,6.0
2016-08-02 15:26:30.890,0.195,-0.641,-0.109,23.702887803657035,-38.761498109722126,36.44014864259754,6.0
2016-08-02 15:26:30.900,0.184,-0.66,-0.082,14.07161121099751,-38.62464296638425,30.69022367475582,6.0
2016-08-02 15:26:30.910,0.176,-0.691,0.035,8.518018378209625,-37.38811130390235,26.02124917191776,6.0
2016-08-02 15:26:30.920,0.176,-0.715,0.152,10.871401159541612,-33.748110114380744,22.64707716595006,6.0
2016-08-02 15:26:30.930,0.172,-0.742,0.195,18.609512445926022,-30.498181162850944,17.92112653979567,6.0
2016-08-02 15:26:30.940,0.152,-0.77,0.215,25.605861039684452,-26.196280285351957,13.939853089780955,6.0
2016-08-02 15:26:30.950,0.148,-0.73,0.207,29.0946984021288,-22.66629469740838,10.762078298441553,6.0
2016-08-02 15:26:30.960,0.199,-0.727,0.184,28.094509505894752,-21.51271445761278,6.90368983282571,6.0
2016-08-02 15:26:30.970,0.254,-0.754,0.129,24.867058505716543,-18.55985558876838,0.12506718464123745,6.0
2016-08-02 15:26:30.980,0.242,-0.785,0.082,24.617619871380107,-14.149282327325476,-11.529600586393109,6.0
2016-08-02 15:26:30.990,0.207,-0.77,0.117,23.54555975873714,-10.927843201060176,-19.87108321748574,6.0
2016-08-02 15:26:31.000,0.172,-0.699,0.16,15.53765195828402,-8.422590402999354,-20.097893293412387,6.0
2016-08-02 15:26:31.010,0.137,-0.695,0.219,6.027926605594641,-7.2120060954444885,-19.093441370421807,6.0
2016-08-02 15:26:31.020,0.094,-0.699,0.246,2.9871892803529057,-5.934920956789227,-18.142398860226514,6.0
2016-08-02 15:26:31.030,0.082,-0.699,0.246,4.942706546230957,-2.2698032103845565,-15.313683733260497,6.0
2016-08-02 15:26:31.040,0.125,-0.723,0.227,5.201497913833435,2.528557594130051,-14.579898059047908,6.0
2016-08-02 15:26:31.050,0.164,-0.746,0.172,2.632266680802187,6.83721839971545,-20.113143948216603,6.0
2016-08-02 15:26:31.060,0.172,-0.77,0.129,-0.8505063784779596,9.811782191588463,-29.049047472979943,6.0
2016-08-02 15:26:31.070,0.172,-0.734,0.137,-6.717021721477751,11.984727995634572,-33.878140995886845,6.0
2016-08-02 15:26:31.080,0.207,-0.707,0.152,-13.87452708397664,14.47874580876569,-34.05699258544659,6.0
2016-08-02 15:26:31.090,0.246,-0.695,0.184,-17.54163593877458,17.250117708747858,-34.49831606321176,6.0
2016-08-02 15:26:31.100,0.277,-0.691,0.191,-17.06137596434877,20.456395088609597,-36.205122339672585,6.0
2016-08-02 15:26:31.110,0.301,-0.715,0.164,-16.569555522342203,24.02753398309865,-39.147106719636646,6.0
2016-08-02 15:26:31.120,0.305,-0.738,0.137,-18.440047336610792,26.547446067759388,-45.46944236718141,6.0
2016-08-02 15:26:31.130,0.297,-0.734,0.125,-22.202019919760918,26.978387238962494,-53.95716390189592,6.0
2016-08-02 15:26:31.140,0.297,-0.719,0.121,-27.849475994011705,27.450353726322493,-60.22363532610464,6.0
2016-08-02 15:26:31.150,0.305,-0.719,0.102,-32.93044425706177,29.541568881765805,-64.67771487816083,6.0
2016-08-02 15:26:31.160,0.301,-0.723,0.07,-33.16391963268751,32.06272811416203,-69.6218501855066,6.0
2016-08-02 15:26:31.170,0.305,-0.676,0.059,-30.85807368154512,35.428497424725805,-72.8840647591935,6.0
2016-08-02 15:26:31.180,0.324,-0.637,0.016,-32.550531554986804,39.678841782010956,-73.78002974197187,6.0
2016-08-02 15:26:31.190,0.359,-0.625,-0.023,-38.065988237032336,42.475797805265316,-76.80720802058863,6.0
2016-08-02 15:26:31.200,0.406,-0.629,-0.047,-42.649988867916534,43.56426028877884,-84.3177127379416,6.0
2016-08-02 15:26:31.210,0.434,-0.711,-0.043,-45.28746555330176,45.85598054646185,-93.54698509940502,6.0
2016-08-02 15:26:31.220,0.414,-0.746,-0.02,-45.13853715412608,48.233612780473976,-103.20535904920712,6.0
2016-08-02 15:26:31.230,0.422,-0.68,0.016,-40.62798883894995,46.78676073183934,-110.28560230187651,6.0
2016-08-02 15:26:31.240,0.445,-0.684,0.031,-35.63377083613431,46.81646901243509,-108.66568765775898,6.0
2016-08-02 15:26:31.250,0.484,-0.641,-0.012,-33.14898452327915,50.247624856911486,-105.23472161698463,6.0
2016-08-02 15:26:31.260,0.563,-0.602,-0.082,-31.531362577431135,49.34189158569883,-109.44800220260751,6.0
2016-08-02 15:26:31.270,0.637,-0.617,-0.16,-32.876812220440506,49.82844997213131,-115.23623653449043,6.0
2016-08-02 15:26:31.280,0.656,-0.656,-0.188,-38.95023477310067,55.649172847394325,-121.80461612059543,6.0
2016-08-02 15:26:31.290,0.637,-0.648,-0.152,-44.58815013283088,55.46168301358595,-132.8869812239458,6.0
2016-08-02 15:26:31.300,0.617,-0.684,-0.102,-45.10894209874008,52.56864112116706,-138.37269877516962,6.0
2016-08-02 15:26:31.310,0.617,-0.664,-0.059,-40.492974819618155,53.9732765111501,-135.93561916888612,6.0
2016-08-02 15:26:31.320,0.688,-0.602,-0.07,-33.1590407657405,52.583656091528724,-135.51980122028533,6.0
2016-08-02 15:26:31.330,0.781,-0.582,-0.148,-27.878414391717307,52.01963312669181,-137.81382590525982,6.0
2016-08-02 15:26:31.340,0.84,-0.652,-0.277,-27.651661714384023,57.31104416629625,-143.20318058312984,6.0
2016-08-02 15:26:31.350,0.852,-0.703,-0.313,-30.091860645917137,58.89366705384391,-155.63357003024296,6.0
2016-08-02 15:26:31.360,0.813,-0.652,-0.289,-32.37219418278548,56.27409379002961,-167.22481278567145,6.0
2016-08-02 15:26:31.370,0.809,-0.598,-0.211,-33.65421171206583,54.77302013171979,-167.1938166305416,6.0
2016-08-02 15:26:31.380,0.859,-0.539,-0.141,-33.03056189982159,51.65354738098271,-160.75004094932228,6.0
2016-08-02 15:26:31.390,0.965,-0.523,-0.148,-29.688823753456326,48.18476427384167,-160.16121813332884,6.0
2016-08-02 15:26:31.400,1.063,-0.512,-0.215,-24.901946403147996,48.41855097137489,-165.79831352490964,6.0
2016-08-02 15:26:31.410,1.105,-0.641,-0.313,-23.623424457967182,52.487949244201836,-170.46956330022746,6.0
2016-08-02 15:26:31.420,1.047,-0.695,-0.332,-30.125758535415365,57.80307079073666,-175.3110514419784,6.0
2016-08-02 15:26:31.430,0.961,-0.551,-0.223,-36.74304081589805,55.34272654814429,-184.9171312639635,6.0
2016-08-02 15:26:31.440,0.988,-0.453,-0.125,-33.43014001804149,44.50347174494501,-188.68310387872654,6.0
2016-08-02 15:26:31.450,1.082,-0.406,-0.121,-29.828872318665848,41.069344425309026,-181.2621279818605,6.0
2016-08-02 15:26:31.460,1.199,-0.324,-0.172,-32.075871564462425,43.10601747187514,-181.8460383862004,6.0
2016-08-02 15:26:31.470,1.313,-0.293,-0.234,-30.795546124432484,40.548087397105206,-193.99157823136397,6.0
2016-08-02 15:26:31.480,1.367,-0.332,-0.324,-32.491491570678875,45.263347727349384,-199.87196111768446,6.0
2016-08-02 15:26:31.490,1.336,-0.445,-0.352,-44.34739669492663,56.01292876248475,-198.03631809605056,6.0
2016-08-02 15:26:31.500,1.25,-0.523,-0.281,-56.020543867199045,58.69284728122213,-198.09712552773357,6.0
2016-08-02 15:26:31.510,1.199,-0.414,-0.105,-59.27716590862348,55.40866091456429,-203.44451922923525,6.0
2016-08-02 15:26:31.520,1.25,-0.277,-0.008,-50.1765561854748,49.09331705563502,-207.54727881913686,6.0
2016-08-02 15:26:31.530,1.34,-0.23,-0.078,-37.95475534061691,46.1558436518667,-202.4622676643874,6.0
2016-08-02 15:26:31.540,1.395,-0.199,-0.184,-38.385313939379216,51.35264011366493,-197.97976889886422,6.0
2016-08-02 15:26:31.550,1.414,-0.172,-0.25,-45.77680178989788,53.34111684766721,-204.4544008645555,6.0
2016-08-02 15:26:31.560,1.395,-0.16,-0.266,-54.3035940772802,51.12475965266834,-212.12342691127154,6.0
2016-08-02 15:26:31.570,1.363,-0.156,-0.227,-68.718240162344,50.58215308403152,-211.5593825986951,6.0
2016-08-02 15:26:31.580,1.359,-0.18,-0.16,-80.54174934510408,47.45586543601005,-205.78474776159197,6.0
2016-08-02 15:26:31.590,1.371,-0.211,-0.094,-80.74962920463892,44.784622865805424,-200.80786662514865,6.0
2016-08-02 15:26:31.600,1.383,-0.211,-0.063,-72.28290757257501,46.103699634851495,-199.32259692516234,6.0
2016-08-02 15:26:31.610,1.391,-0.188,-0.086,-59.84598923230352,45.91921428401282,-198.87522514028473,6.0
2016-08-02 15:26:31.620,1.395,-0.148,-0.133,-49.991696902508906,44.76410895886653,-196.7755928584357,6.0
2016-08-02 15:26:31.630,1.387,-0.102,-0.176,-47.645201620162574,44.61295373884568,-194.68206425027358,6.0
2016-08-02 15:26:31.640,1.375,-0.047,-0.203,-51.0873589329028,42.6312842075948,-193.37986754686295,6.0
2016-08-02 15:26:31.650,1.348,-0.02,-0.203,-57.707677896910795,39.60083905447412,-189.8338447795324,6.0
2016-08-02 15:26:31.660,1.324,0.0,-0.172,-65.34948382044847,36.86213061156405,-183.15923744769268,6.0
2016-08-02 15:26:31.670,1.313,0.008,-0.133,-69.8908201491762,33.67846402907713,-176.31176888229226,6.0
2016-08-02 15:26:31.680,1.297,-0.012,-0.105,-68.72202340818929,31.670644953161045,-170.11371452264797,6.0
2016-08-02 15:26:31.690,1.281,-0.031,-0.094,-63.416027928490806,31.34824715176545,-163.7942011481435,6.0
2016-08-02 15:26:31.700,1.258,-0.027,-0.09,-56.118528372775266,30.585716576353345,-159.20995606055436,6.0
2016-08-02 15:26:31.710,1.23,0.023,-0.078,-48.326799723562836,29.12310602438958,-155.6876906949393,6.0
2016-08-02 15:26:31.720,1.203,0.074,-0.07,-43.83652085596271,27.65887438943965,-149.3021075902254,6.0
2016-08-02 15:26:31.730,1.188,0.109,-0.063,-45.18299054373839,25.393148718227955,-141.07504106482435,6.0
2016-08-02 15:26:31.740,1.168,0.109,-0.043,-48.20144432684921,22.272949833721988,-134.42553256239825,6.0
2016-08-02 15:26:31.750,1.137,0.082,-0.031,-47.72319612998493,20.159109367460946,-128.68477225650483,6.0
2016-08-02 15:26:31.760,1.09,0.078,-0.016,-44.34738808742712,19.725080920876685,-122.7832343086487,6.0
2016-08-02 15:26:31.770,1.043,0.094,0.012,-40.49083839525292,18.836495745060976,-116.93124133269481,6.0
2016-08-02 15:26:31.780,1.008,0.125,0.039,-37.64247628265065,16.29829901113432,-109.88968187989983,6.0
2016-08-02 15:26:31.790,0.996,0.141,0.047,-36.452288146807284,13.602666191850913,-102.07292962481586,6.0
2016-08-02 15:26:31.800,0.977,0.137,0.043,-34.88510714690858,11.8714586899493,-95.78571465696399,6.0
2016-08-02 15:26:31.810,0.945,0.145,0.051,-31.964994212409998,11.055480839545517,-90.50690553582783,6.0
2016-08-02 15:26:31.820,0.91,0.145,0.047,-29.39196384490325,10.043287441605642,-84.4625018562811,6.0
2016-08-02 15:26:31.830,0.879,0.145,0.043,-27.971912569542596,8.13682422298002,-77.11428884772131,6.0
2016-08-02 15:26:31.840,0.859,0.148,0.039,-26.713990732901564,6.510885167309667,-69.19299654237756,6.0
2016-08-02 15:26:31.850,0.855,0.156,0.051,-23.951435195714986,5.442364506079339,-62.24613473826682,6.0
2016-08-02 15:26:31.860,0.848,0.195,0.07,-21.011757606275197,4.630986074417632,-56.26579489253708,6.0
2016-08-02 15:26:31.870,0.84,0.23,0.102,-20.40575150699779,3.8641176042389924,-50.18772712457028,6.0
2016-08-02 15:26:31.880,0.832,0.238,0.113,-21.22942931767844,2.6264748448759248,-43.92985406126423,6.0
2016-08-02 15:26:31.890,0.816,0.238,0.117,-20.998652906418144,1.9043237809131792,-38.05768154796312,6.0
2016-08-02 15:26:31.900,0.805,0.238,0.121,-17.65084574139442,1.9238006003839665,-32.287157786159845,6.0
2016-08-02 15:26:31.910,0.789,0.246,0.113,-12.763866854672585,1.4383540073895449,-25.80825600537634,6.0
2016-08-02 15:26:31.920,0.789,0.27,0.094,-10.335018218057577,0.3002056566850887,-19.432976188005107,6.0
2016-08-02 15:26:31.930,0.793,0.309,0.09,-10.978347844405683,-0.9121710970323131,-14.123394209447621,6.0
2016-08-02 15:26:31.940,0.793,0.332,0.098,-13.318502468377144,-1.9118520338809337,-9.209353618480508,6.0
2016-08-02 15:26:31.950,0.793,0.34,0.117,-14.523846240116196,-2.997937614551697,-4.201226559645126,6.0
2016-08-02 15:26:31.960,0.789,0.32,0.133,-11.46923115855343,-4.167580401733923,0.3766566553649696,6.0
2016-08-02 15:26:31.970,0.793,0.32,0.133,-5.863922383542685,-5.226780504694102,3.73217390408551,6.0
2016-08-02 15:26:31.980,0.801,0.348,0.121,-1.7137463985711898,-6.327185082451797,6.414041030931909,6.0
2016-08-02 15:26:31.990,0.809,0.383,0.117,-0.8670469234519605,-7.120507305515526,10.266946682899723,6.0
2016-08-02 15:26:32.000,0.809,0.379,0.105,-2.067378487659586,-7.8359158177095125,14.924956054167339,6.0
2016-08-02 15:26:32.010,0.816,0.379,0.098,-2.06934788465644,-8.818515580070741,18.40418090211955,6.0
2016-08-02 15:26:32.020,0.824,0.387,0.094,-0.5218361733003148,-9.39117982748171,20.99813925396785,6.0
2016-08-02 15:26:32.030,0.836,0.41,0.113,-0.23050983313222967,-9.80680733862079,23.838291349416917,6.0
2016-08-02 15:26:32.040,0.852,0.43,0.121,-1.527405784345175,-10.700373878778654,26.53551825480938,6.0
2016-08-02 15:26:32.050,0.871,0.426,0.125,-1.9566429848287168,-11.255538413592022,28.485100100908355,6.0
2016-08-02 15:26:32.060,0.883,0.426,0.133,-0.8118111074432326,-10.66307609504998,29.722110504280288,6.0
2016-08-02 15:26:32.070,0.879,0.43,0.129,0.7460056018423602,-9.815630535628907,30.829796676643948,6.0
2016-08-02 15:26:32.080,0.879,0.43,0.121,1.566994991276115,-9.749731616211184,32.430807613434155,6.0
2016-08-02 15:26:32.090,0.879,0.426,0.105,1.2819565083421152,-10.086277769849318,34.02592871429061,6.0
2016-08-02 15:26:32.100,0.879,0.43,0.094,1.084403283074401,-10.467294659661203,34.882609991697876,6.0
2016-08-02 15:26:32.110,0.871,0.426,0.094,1.359517700675,-11.217127347811338,35.70236156434926,6.0
2016-08-02 15:26:32.120,0.855,0.398,0.086,1.4062855284222269,-12.337289414779825,37.23518592737972,6.0
2016-08-02 15:26:32.130,0.84,0.367,0.098,2.091100063624918,-13.647575241677336,38.3728491368713,6.0
2016-08-02 15:26:32.140,0.84,0.363,0.125,4.569593554782479,-15.332831323218196,38.72408723586167,6.0
2016-08-02 15:26:32.150,0.84,0.336,0.121,7.677654392501072,-16.601184747934816,40.38774886101765,6.0
2016-08-02 15:26:32.160,0.836,0.34,0.113,9.419426107748011,-16.91701632558283,43.18144685855543,6.0
2016-08-02 15:26:32.170,0.84,0.309,0.098,10.712136287919346,-17.484239930008584,45.408503621709805,6.0
2016-08-02 15:26:32.180,0.84,0.277,0.082,12.464760925836817,-17.380925247761976,48.7438204971478,6.0
2016-08-02 15:26:32.190,0.844,0.258,0.07,13.387467329334141,-16.284209630489524,53.33906740196146,6.0
2016-08-02 15:26:32.200,0.855,0.262,0.066,13.617018412874629,-16.225699864313206,57.89064782753471,6.0
2016-08-02 15:26:32.210,0.867,0.254,0.07,12.762596799871593,-15.218719575030661,64.57880371130153,6.0
2016-08-02 15:26:32.220,0.895,0.238,0.078,11.297916334722375,-12.606211404847596,72.81989002720476,6.0
2016-08-02 15:26:32.230,0.918,0.211,0.078,12.70779894343471,-11.431789591261294,79.41927860863247,6.0
2016-08-02 15:26:32.240,0.938,0.176,0.074,16.557516486986326,-11.066141427340723,84.99586528983961,6.0
2016-08-02 15:26:32.250,0.969,0.148,0.074,20.39768127523982,-11.623017701622043,89.59236861784298,6.0
2016-08-02 15:26:32.260,0.996,0.125,0.059,25.123350072204673,-14.571608537462382,91.8261456885752,6.0
2016-08-02 15:26:32.270,1.023,0.121,0.055,30.650219926817933,-17.36442521462367,93.53910242124114,6.0
2016-08-02 15:26:32.280,1.039,0.141,0.051,35.57480058406104,-19.145421855332714,96.79569798921978,6.0
2016-08-02 15:26:32.290,1.07,0.152,0.039,38.616568211314295,-21.21628056194851,101.66338874312744,6.0
2016-08-02 15:26:32.300,1.102,0.156,0.023,37.3465518487338,-22.385287505029417,107.32231052586414,6.0
2016-08-02 15:26:32.310,1.113,0.141,0.016,33.10811719194691,-23.30414940694658,111.86679243716775,6.0
2016-08-02 15:26:32.320,1.105,0.102,0.016,31.92063680231567,-26.005518570228926,115.49759868161993,6.0
2016-08-02 15:26:32.330,1.105,0.039,0.008,35.894117999565836,-29.44875443324365,120.21805673685066,6.0
2016-08-02 15:26:32.340,1.125,-0.004,-0.008,41.169037586460924,-32.06368797630559,125.2253804172816,6.0
2016-08-02 15:26:32.350,1.16,0.0,-0.035,44.81873868980385,-33.2473052105059,129.2055090971423,6.0
2016-08-02 15:26:32.360,1.188,0.012,-0.051,47.266863920963985,-32.7182073471214,133.40306600897551,6.0
2016-08-02 15:26:32.370,1.199,0.012,-0.059,48.86919544019699,-31.5860502487837,138.83497748945055,6.0
2016-08-02 15:26:32.380,1.191,-0.008,-0.066,49.80131873090182,-32.42581960013728,143.97247491535194,6.0
2016-08-02 15:26:32.390,1.203,-0.043,-0.07,50.763473946317006,-35.69270133955908,147.81941792784355,6.0
2016-08-02 15:26:32.400,1.227,-0.07,-0.074,51.47133533482818,-38.60252575745902,151.50416398063774,6.0
2016-08-02 15:26:32.410,1.238,-0.09,-0.105,52.47546131453417,-40.32028501757078,154.8354778326134,6.0
2016-08-02 15:26:32.420,1.242,-0.133,-0.109,54.53511734151237,-41.27453380581091,157.9289345799294,6.0
2016-08-02 15:26:32.430,1.258,-0.16,-0.113,56.2098439391703,-40.801199743469304,161.33446422966526,6.0
2016-08-02 15:26:32.440,1.281,-0.133,-0.125,58.094313176677545,-40.450154677604075,163.2408107502431,6.0
2016-08-02 15:26:32.450,1.293,-0.141,-0.133,60.86728917751749,-40.39013106069655,165.90074613311387,6.0
2016-08-02 15:26:32.460,1.285,-0.168,-0.168,60.41925797704165,-38.752188221539,171.61082379469408,6.0
2016-08-02 15:26:32.470,1.273,-0.188,-0.188,56.34342929695246,-38.53088215882647,174.45739008239883,6.0
2016-08-02 15:26:32.480,1.27,-0.195,-0.188,54.1130492134993,-40.7882883850895,174.3476524417481,6.0
2016-08-02 15:26:32.490,1.273,-0.234,-0.18,54.12983685210517,-40.391176828858434,178.1070021212351,6.0
2016-08-02 15:26:32.500,1.27,-0.258,-0.164,53.54427402250187,-37.96379327868248,182.75012205379093,6.0
2016-08-02 15:26:32.510,1.281,-0.285,-0.176,54.70713358381521,-37.356216354488545,183.52702051361865,6.0
2016-08-02 15:26:32.520,1.293,-0.305,-0.191,59.320203597135105,-35.930276337435764,184.32121302407452,6.0
2016-08-02 15:26:32.530,1.293,-0.313,-0.188,63.683993336107235,-33.57802703358971,186.17049591929552,6.0
2016-08-02 15:26:32.540,1.289,-0.328,-0.176,64.64910485121682,-34.86344618723239,186.0618487019556,6.0
2016-08-02 15:26:32.550,1.289,-0.336,-0.168,61.446644281903936,-38.29702090400159,185.12739065891552,6.0
2016-08-02 15:26:32.560,1.309,-0.375,-0.168,56.559677914345585,-40.63251009092364,184.34829933467674,6.0
2016-08-02 15:26:32.570,1.309,-0.402,-0.184,54.42434692005654,-42.04254764115015,182.52346589447956,6.0
2016-08-02 15:26:32.580,1.277,-0.43,-0.176,54.344331913757436,-42.55145781934442,180.45617497309243,6.0
2016-08-02 15:26:32.590,1.262,-0.449,-0.148,53.501414835287775,-43.93982213992125,178.49432583898027,6.0
2016-08-02 15:26:32.600,1.254,-0.484,-0.164,52.26593870200324,-46.36818089323594,174.64941143795514,6.0
2016-08-02 15:26:32.610,1.25,-0.477,-0.18,51.919133203365334,-45.90974001814793,170.2101600893467,6.0
2016-08-02 15:26:32.620,1.219,-0.504,-0.195,52.87402471388464,-42.45090477295186,168.46855995070771,6.0
2016-08-02 15:26:32.630,1.18,-0.516,-0.211,53.11832648118646,-39.570472486248576,167.39715394488053,6.0
2016-08-02 15:26:32.640,1.129,-0.547,-0.234,51.20719993888889,-39.01186291038014,163.81000913524235,6.0
2016-08-02 15:26:32.650,1.082,-0.563,-0.23,48.13193274398428,-39.92827752272111,159.50210058233571,6.0
2016-08-02 15:26:32.660,1.023,-0.535,-0.195,43.64287962946412,-41.46571126877337,156.1977388111011,6.0
2016-08-02 15:26:32.670,1.0,-0.555,-0.168,39.35135823103419,-44.74335909730494,152.84966318143637,6.0
2016-08-02 15:26:32.680,0.992,-0.598,-0.176,38.02086371407829,-47.26913060063806,149.65461520582164,6.0
2016-08-02 15:26:32.690,0.977,-0.633,-0.188,39.21866671927532,-44.67803436274781,146.5162091624439,6.0
2016-08-02 15:26:32.700,0.934,-0.645,-0.164,41.82553255158017,-39.85319453895051,143.00473661226312,6.0
2016-08-02 15:26:32.710,0.898,-0.625,-0.148,43.86561517845782,-37.76414741352803,140.55804391049028,6.0
2016-08-02 15:26:32.720,0.859,-0.664,-0.176,42.875621025679116,-37.890389302748645,139.53197623163868,6.0
2016-08-02 15:26:32.730,0.816,-0.645,-0.203,38.01966192193499,-37.98306904815179,137.9507940059592,6.0
2016-08-02 15:26:32.740,0.766,-0.656,-0.215,32.17267119057783,-39.526746177042256,134.2694426816214,6.0
2016-08-02 15:26:32.750,0.746,-0.641,-0.23,29.180610815403117,-42.68005586563855,131.3707728267434,6.0
2016-08-02 15:26:32.760,0.746,-0.633,-0.23,28.888759598449695,-43.57148363308535,131.64595662895516,6.0
2016-08-02 15:26:32.770,0.762,-0.699,-0.246,30.18006530484929,-41.58002193926342,132.1419800605255,6.0
2016-08-02 15:26:32.780,0.773,-0.688,-0.25,31.61287974359695,-38.83217594279005,130.02385775319902,6.0
2016-08-02 15:26:32.790,0.785,-0.719,-0.266,32.89257247121312,-37.48480910120715,125.99698355687423,6.0
2016-08-02 15:26:32.800,0.801,-0.742,-0.273,33.86473856302327,-36.33733627457417,122.89365835665978,6.0
2016-08-02 15:26:32.810,0.801,-0.75,-0.27,34.149296421736594,-33.50744412269362,118.41016865651271,6.0
2016-08-02 15:26:32.820,0.777,-0.832,-0.23,37.86886668977729,-31.83871513359344,109.39988420372524,6.0
2016-08-02 15:26:32.830,0.707,-0.891,-0.168,44.61139751241713,-30.642079398300382,100.36724442001378,6.0
2016-08-02 15:26:32.840,0.613,-0.91,-0.129,51.33939414757043,-31.972937120314548,93.20366433219331,6.0
2016-08-02 15:26:32.850,0.547,-0.898,-0.109,59.111167758693625,-38.720271982110376,88.28907290905312,6.0
2016-08-02 15:26:32.860,0.5,-0.859,-0.141,65.04915554027146,-41.85887908269089,87.7488796982674,6.0
2016-08-02 15:26:32.870,0.473,-0.855,-0.16,67.5549623223908,-40.242473426606324,86.9551358017001,6.0
2016-08-02 15:26:32.880,0.441,-0.844,-0.164,68.09035015111581,-40.097347239493544,82.8070931410431,6.0
2016-08-02 15:26:32.890,0.375,-0.844,-0.129,65.40900918609265,-39.2936595405857,78.88351985671923,6.0
2016-08-02 15:26:32.900,0.313,-0.754,-0.086,60.21040210399501,-39.40202623531259,78.55806356545425,6.0
2016-08-02 15:26:32.910,0.301,-0.711,-0.07,54.68575911869416,-41.99701727724518,83.82416352084405,6.0
2016-08-02 15:26:32.920,0.344,-0.684,-0.074,48.927580835098894,-42.26878380969113,91.43229992003026,6.0
2016-08-02 15:26:32.930,0.367,-0.711,-0.023,42.693316492369306,-41.431844044265446,93.8997706148366,6.0
2016-08-02 15:26:32.940,0.375,-0.723,0.051,37.047464150375205,-42.966503111366045,89.64467489710833,6.0
2016-08-02 15:26:32.950,0.34,-0.707,0.137,33.2064077665724,-44.53902202923186,83.57902030597523,6.0
2016-08-02 15:26:32.960,0.293,-0.699,0.23,31.223185365396937,-44.329273055288525,79.84665186645088,6.0
2016-08-02 15:26:32.970,0.246,-0.715,0.254,30.999702905698893,-43.73815372979456,78.62633263359899,6.0
2016-08-02 15:26:32.980,0.227,-0.699,0.227,32.74208405523545,-43.50060894368233,77.37083932015642,6.0
2016-08-02 15:26:32.990,0.25,-0.648,0.148,33.998529273962845,-42.10479625463557,75.16776738014487,6.0
2016-08-02 15:26:33.000,0.289,-0.605,0.066,30.81862115033092,-38.14453921404694,72.91809686479195,6.0
2016-08-02 15:26:33.010,0.309,-0.57,0.051,23.16220475037241,-32.58747505544456,68.75019535112934,6.0
2016-08-02 15:26:33.020,0.266,-0.586,0.102,12.12605098111117,-27.79613682625435,62.434069592673865,6.0
2016-08-02 15:26:33.030,0.203,-0.547,0.203,-0.38129965210270034,-26.06061839748802,57.578587023292684,6.0
2016-08-02 15:26:33.040,0.164,-0.563,0.262,-9.055690247810247,-26.729820311756814,54.673900170218694,6.0
2016-08-02 15:26:33.050,0.172,-0.617,0.277,-12.296353471991608,-25.51011148209874,51.82827674755822,6.0
2016-08-02 15:26:33.060,0.203,-0.691,0.23,-10.99452910132003,-21.50758433129106,45.94163654292375,6.0
2016-08-02 15:26:33.070,0.207,-0.75,0.176,-6.355685564862643,-18.26429158038627,35.44533675951314,6.0
2016-08-02 15:26:33.080,0.195,-0.668,0.176,-5.623610272561168,-16.597369758308332,25.938489874560762,6.0
2016-08-02 15:26:33.090,0.168,-0.586,0.199,-14.351862134640129,-15.062790213421938,21.83990122495052,6.0
2016-08-02 15:26:33.100,0.125,-0.563,0.188,-28.635681387191113,-13.271854289482377,19.84741273287044,6.0
2016-08-02 15:26:33.110,0.105,-0.609,0.172,-39.61880346537711,-11.851395699694145,15.841506492736936,6.0
2016-08-02 15:26:33.120,0.113,-0.676,0.148,-41.16231892456138,-9.470822943653646,8.6575638705173,6.0
2016-08-02 15:26:33.130,0.105,-0.723,0.129,-36.40810845300673,-4.15471808223182,-1.1575017969245822,6.0
2016-08-02 15:26:33.140,0.078,-0.738,0.133,-32.857386427802496,0.2774427917478313,-10.275969295021227,6.0
2016-08-02 15:26:33.150,0.047,-0.676,0.148,-32.306361519293546,1.3951844508630122,-15.002152844942062,6.0
2016-08-02 15:26:33.160,0.039,-0.582,0.152,-34.4904069452235,2.693976780730866,-14.852922272984745,6.0
2016-08-02 15:26:33.170,0.055,-0.547,0.145,-41.52783942675129,4.7957022504675,-11.760625953518993,6.0
2016-08-02 15:26:33.180,0.109,-0.594,0.133,-49.18967695049219,6.52369505531497,-11.637659126711727,6.0
2016-08-02 15:26:33.190,0.168,-0.676,0.137,-49.26953171475405,9.374433665827935,-19.118444083489187,6.0
2016-08-02 15:26:33.200,0.188,-0.727,0.133,-42.93941698778293,14.721676503165947,-30.166812668154822,6.0
2016-08-02 15:26:33.210,0.176,-0.723,0.156,-37.04954881205916,20.585062454838784,-39.592670859670356,6.0
2016-08-02 15:26:33.220,0.148,-0.688,0.18,-33.9996527141257,23.568499004431807,-45.96380512427278,6.0
2016-08-02 15:26:33.230,0.145,-0.648,0.18,-32.216552588344186,23.809414226577083,-48.65738901240519,6.0
2016-08-02 15:26:33.240,0.164,-0.645,0.156,-29.399868134080997,24.36238140475762,-49.870883928610276,6.0
2016-08-02 15:26:33.250,0.188,-0.652,0.105,-25.113904388044336,27.279050502250133,-53.147331520598826,6.0
2016-08-02 15:26:33.260,0.215,-0.668,0.078,-21.53928445603561,31.785681289127922,-58.48154181119556,6.0
2016-08-02 15:26:33.270,0.25,-0.637,0.078,-20.47074038173923,35.34313307506516,-64.51396757488475,6.0
2016-08-02 15:26:33.280,0.281,-0.652,0.055,-22.0736955801254,37.26147511837323,-71.18317121208518,6.0
2016-08-02 15:26:33.290,0.289,-0.695,0.023,-24.322392957316097,38.83729866991194,-78.505925227584,6.0
2016-08-02 15:26:33.300,0.281,-0.707,0.031,-23.284878447313197,39.96810968623865,-85.56266570889773,6.0
2016-08-02 15:26:33.310,0.301,-0.66,0.047,-19.383907118907345,40.66356931882241,-89.77419967736827,6.0
2016-08-02 15:26:33.320,0.352,-0.621,0.039,-18.12482551365779,42.39688382320594,-90.8131884586955,6.0
2016-08-02 15:26:33.330,0.422,-0.633,-0.023,-20.517769028866656,44.94472635146936,-94.35674010144723,6.0
2016-08-02 15:26:33.340,0.465,-0.707,-0.082,-22.099732646003115,48.02562961311643,-104.1697671169008,6.0
2016-08-02 15:26:33.350,0.469,-0.738,-0.063,-21.369989530440538,51.87065462027253,-116.34558541591795,6.0
2016-08-02 15:26:33.360,0.43,-0.719,-0.023,-20.779583362320885,53.849569657267395,-125.32275288638792,6.0
2016-08-02 15:26:33.370,0.398,-0.656,0.02,-22.176469724966353,52.387428690709626,-127.61805899015258,6.0
2016-08-02 15:26:33.380,0.43,-0.609,0.023,-24.80153585430262,49.86022521587846,-124.40727073234152,6.0
2016-08-02 15:26:33.390,0.52,-0.621,-0.047,-26.685630267453973,49.19780946284437,-122.77493446145971,6.0
2016-08-02 15:26:33.400,0.605,-0.656,-0.145,-27.580022638699038,51.6322743583847,-127.72223940412933,6.0
2016-08-02 15:26:33.410,0.645,-0.672,-0.188,-29.538269422971396,54.67973702270761,-137.65362866308269,6.0
2016-08-02 15:26:33.420,0.656,-0.625,-0.137,-33.841527400024304,55.69014835831211,-146.83799074540184,6.0
2016-08-02 15:26:33.430,0.668,-0.594,-0.086,-38.09561243685332,56.61805927142376,-150.06853931535784,6.0
2016-08-02 15:26:33.440,0.691,-0.594,-0.063,-39.60082499460451,58.41312553933369,-149.97830848898877,6.0
2016-08-02 15:26:33.450,0.727,-0.578,-0.055,-38.250653402779264,58.27794673369528,-152.8965211842093,6.0
2016-08-02 15:26:33.460,0.797,-0.582,-0.105,-34.868800895932864,56.51444207939879,-158.01512826284198,6.0
2016-08-02 15:26:33.470,0.867,-0.594,-0.184,-32.42691929330595,57.15444199216802,-162.25665029494786,6.0
2016-08-02 15:26:33.480,0.902,-0.586,-0.234,-33.60089570488728,60.092678068608194,-167.9996606955805,6.0
2016-08-02 15:26:33.490,0.914,-0.543,-0.195,-36.63005095875642,61.57819279046879,-175.7975449316883,6.0
2016-08-02 15:26:33.500,0.922,-0.52,-0.148,-40.03611019475607,61.490875984857865,-181.06372361835363,6.0
2016-08-02 15:26:33.510,0.945,-0.484,-0.113,-43.88850923762982,60.1100866059723,-183.5947522327985,6.0
2016-08-02 15:26:33.520,1.0,-0.492,-0.129,-45.65397867743656,56.33617803652557,-186.287457294747,6.0
2016-08-02 15:26:33.530,1.066,-0.516,-0.184,-45.264798816642525,54.993504189233875,-188.59509061558225,6.0
2016-08-02 15:26:33.540,1.109,-0.465,-0.191,-45.078770735096775,58.32188492483116,-192.1298223067719,6.0
2016-08-02 15:26:33.550,1.141,-0.48,-0.195,-43.28977019655756,59.88448860836009,-196.59453247674878,6.0
2016-08-02 15:26:33.560,1.148,-0.5,-0.195,-43.19663105485661,60.157559231935124,-198.27495283379858,6.0
2016-08-02 15:26:33.570,1.129,-0.453,-0.16,-47.6946842888851,60.32709448408163,-201.78639150497548,6.0
2016-08-02 15:26:33.580,1.129,-0.469,-0.16,-49.178171317674796,56.04601739584534,-207.17832128971037,6.0
2016-08-02 15:26:33.590,1.141,-0.391,-0.16,-49.17600218503319,52.65253315527993,-207.39943367106838,6.0
2016-08-02 15:26:33.600,1.191,-0.332,-0.18,-50.69616239890394,51.320650980998614,-205.53982041550694,6.0
2016-08-02 15:26:33.610,1.238,-0.348,-0.223,-50.98212344283138,48.9594793134846,-202.84442622880061,6.0
2016-08-02 15:26:33.620,1.281,-0.316,-0.211,-57.55927011348493,51.10857087642903,-199.8204982063557,6.0
2016-08-02 15:26:33.630,1.32,-0.297,-0.18,-66.30141828918016,52.708347073929914,-203.2601923275983,6.0
2016-08-02 15:26:33.640,1.316,-0.344,-0.18,-68.62224509264092,51.75929628351966,-206.50838752992533,6.0
2016-08-02 15:26:33.650,1.285,-0.324,-0.141,-72.92496871772485,54.80249781382443,-203.71604624031957,6.0
2016-08-02 15:26:33.660,1.273,-0.273,-0.09,-74.65954160689301,52.59834350484777,-203.98437051847208,6.0
2016-08-02 15:26:33.670,1.285,-0.25,-0.094,-68.20350404862677,45.892523352096184,-204.31443698739852,6.0
2016-08-02 15:26:33.680,1.324,-0.203,-0.121,-66.50558610173363,46.58734288519473,-198.52418756491093,6.0
2016-08-02 15:26:33.690,1.371,-0.156,-0.16,-68.5740024625874,47.993992798675215,-195.44477700177535,6.0
2016-08-02 15:26:33.700,1.414,-0.141,-0.184,-66.87268028942597,48.19727303464282,-195.50101380817566,6.0
2016-08-02 15:26:33.710,1.445,-0.129,-0.199,-67.0772706892114,53.553585539623334,-192.99273047256276,6.0
2016-08-02 15:26:33.720,1.445,-0.125,-0.203,-70.52469433800741,56.65496360029213,-191.8503899184059,6.0
2016-08-02 15:26:33.730,1.426,-0.109,-0.184,-76.32516680057626,54.059008556740494,-191.6385347061287,6.0
2016-08-02 15:26:33.740,1.414,-0.09,-0.117,-84.51701693307015,50.56083537262331,-188.63802034504317,6.0
2016-08-02 15:26:33.750,1.41,-0.117,-0.082,-86.1353236393841,45.94056664156901,-184.63181874008228,6.0
2016-08-02 15:26:33.760,1.422,-0.164,-0.082,-76.67813988031666,42.81118111122191,-179.08858548124869,6.0
2016-08-02 15:26:33.770,1.43,-0.133,-0.098,-63.135116118603676,43.610166918506145,-172.28543793820046,6.0
2016-08-02 15:26:33.780,1.434,-0.086,-0.129,-53.033931300639274,43.82579233523694,-166.45660541498725,6.0
2016-08-02 15:26:33.790,1.453,-0.055,-0.188,-52.47180375324861,42.823022824286234,-159.39119032914925,6.0
2016-08-02 15:26:33.800,1.441,-0.031,-0.227,-60.6274813571099,43.63793695075279,-152.0712884707172,6.0
2016-08-02 15:26:33.810,1.391,-0.016,-0.172,-67.52314632662257,44.98490331012558,-146.5373826697009,6.0
2016-08-02 15:26:33.820,1.32,-0.02,-0.105,-68.58039420227038,43.862748624247416,-139.1826213967911,6.0
2016-08-02 15:26:33.830,1.27,-0.031,-0.039,-65.4787150447065,38.562273428034224,-130.64301980382575,6.0
2016-08-02 15:26:33.840,1.254,-0.055,-0.012,-56.86961839012036,31.297402677359536,-123.79367660870128,6.0
2016-08-02 15:26:33.850,1.223,-0.063,-0.02,-43.94142830133026,27.147848167406465,-116.83306073407059,6.0
2016-08-02 15:26:33.860,1.168,-0.043,-0.039,-33.09319061576878,25.463099434826063,-109.4106306132181,6.0
2016-08-02 15:26:33.870,1.117,-0.031,-0.074,-29.03612097133432,21.54057189094797,-101.8411202603014,6.0
2016-08-02 15:26:33.880,1.09,-0.012,-0.074,-32.10898329156655,16.04037572968274,-93.95776574531308,6.0
2016-08-02 15:26:33.890,1.086,0.035,-0.031,-36.14352504087737,12.053945887363014,-88.29824401328555,6.0
2016-08-02 15:26:33.900,1.074,0.07,0.012,-34.69770534682871,10.195910835398767,-83.5362822148285,6.0
2016-08-02 15:26:33.910,1.047,0.105,0.051,-31.86945792636609,10.92488309927676,-75.4141022946527,6.0
2016-08-02 15:26:33.920,1.004,0.141,0.102,-31.57937023262487,11.928465212785241,-65.83187614854154,6.0
2016-08-02 15:26:33.930,0.965,0.113,0.086,-30.40429887854762,10.37419855973611,-57.01354617393171,6.0
2016-08-02 15:26:33.940,0.93,0.094,0.063,-28.149146593978955,9.053958903267977,-48.43379099086052,6.0
2016-08-02 15:26:33.950,0.902,0.09,0.039,-25.796234256837877,8.954093662648857,-41.58627881724621,6.0
2016-08-02 15:26:33.960,0.891,0.109,0.047,-23.62976852114713,7.907761662115429,-35.85953463988436,6.0
2016-08-02 15:26:33.970,0.883,0.137,0.074,-23.482779219583414,6.956620680539132,-29.990047140227084,6.0
2016-08-02 15:26:33.980,0.859,0.129,0.082,-23.703973990784693,6.538381265383558,-24.394349231784645,6.0
2016-08-02 15:26:33.990,0.836,0.137,0.113,-22.99099102676165,6.098866047900847,-18.464228416161863,6.0
2016-08-02 15:26:34.000,0.805,0.148,0.148,-21.291147573298616,5.492860266173505,-13.21488813070893,6.0
2016-08-02 15:26:34.010,0.797,0.145,0.172,-16.94071236124356,3.548456760395504,-8.24351065527219,6.0
2016-08-02 15:26:34.020,0.805,0.148,0.16,-11.49359382618667,0.6940697420166517,-2.2260108648208807,6.0
2016-08-02 15:26:34.030,0.816,0.152,0.125,-7.3116734752253425,-2.001133224430393,2.3704657997223224,6.0
2016-08-02 15:26:34.040,0.816,0.172,0.09,-5.178534609268746,-4.1331147368021774,5.007996752128561,6.0
2016-08-02 15:26:34.050,0.82,0.188,0.07,-5.3014323662059155,-5.9357403218884786,7.611152570562476,6.0
2016-08-02 15:26:34.060,0.832,0.211,0.063,-6.286340077472914,-8.275794534934784,10.484483467610591,6.0
2016-08-02 15:26:34.070,0.852,0.258,0.09,-8.405876261978804,-10.023090843871795,13.194084097957289,6.0
2016-08-02 15:26:34.080,0.867,0.289,0.129,-12.194472400526582,-10.066492863117345,15.931655282073052,6.0
2016-08-02 15:26:34.090,0.883,0.293,0.164,-14.468617807617601,-9.272207532491887,19.2942499101609,6.0
2016-08-02 15:26:34.100,0.895,0.293,0.199,-11.501810015551525,-8.229174254610376,22.253080278711487,6.0
2016-08-02 15:26:34.110,0.898,0.301,0.191,-4.892290350731019,-6.994394044019604,24.05583632658722,6.0
2016-08-02 15:26:34.120,0.914,0.328,0.16,-1.1419624945607918,-5.821006393241142,25.63171668458861,6.0
2016-08-02 15:26:34.130,0.922,0.359,0.121,-1.8329467211886823,-5.114605692861236,26.513772827660553,6.0
2016-08-02 15:26:34.140,0.926,0.387,0.082,-3.210545924486368,-4.985924729524376,26.32299648875906,6.0
2016-08-02 15:26:34.150,0.938,0.43,0.09,-5.528625305691692,-5.003349884522827,26.042353282485912,6.0
2016-08-02 15:26:34.160,0.953,0.469,0.121,-10.470595647130798,-4.764849249285527,26.010984526026895,6.0
2016-08-02 15:26:34.170,0.969,0.473,0.191,-15.72501832717858,-3.8044807666328815,26.4770605990552,6.0
2016-08-02 15:26:34.180,0.965,0.426,0.227,-16.885954541115996,-2.172212934927657,26.792935383491862,6.0
2016-08-02 15:26:34.190,0.957,0.387,0.219,-11.471416339372494,-1.6537839140356265,25.36911478534998,6.0
2016-08-02 15:26:34.200,0.953,0.398,0.176,-3.855175343607674,-2.797729710228901,22.591385961192312,6.0
2016-08-02 15:26:34.210,0.973,0.438,0.141,-1.5375329374465248,-3.669519606736367,20.36120999150325,6.0
2016-08-02 15:26:34.220,0.973,0.453,0.117,-5.525490000778685,-3.5701172090164786,19.112744882309798,6.0
2016-08-02 15:26:34.230,0.965,0.441,0.129,-10.725319308578902,-3.360265441627436,17.606036315704092,6.0
2016-08-02 15:26:34.240,0.953,0.422,0.164,-12.976354216446204,-3.2735323768445728,15.662053307846545,6.0
2016-08-02 15:26:34.250,0.945,0.406,0.188,-12.214947424584857,-3.138043901099887,14.16648872549199,6.0
2016-08-02 15:26:34.260,0.938,0.379,0.18,-10.036289584239638,-3.2681016810708146,12.877390075291263,6.0
2016-08-02 15:26:34.270,0.926,0.371,0.16,-6.873919613078388,-3.580462074903792,10.990783225704877,6.0
2016-08-02 15:26:34.280,0.918,0.375,0.137,-3.621143048530074,-3.6182341946551837,8.906029846968618,6.0
2016-08-02 15:26:34.290,0.91,0.379,0.129,-2.731667275178424,-3.443987099999224,7.794073798378637,6.0
2016-08-02 15:26:34.300,0.902,0.367,0.145,-3.8736625778097045,-3.1215959058116423,7.765326047354877,6.0
2016-08-02 15:26:34.310,0.895,0.34,0.156,-2.9639038746016184,-2.1102533916671327,8.180416771052528,6.0
2016-08-02 15:26:34.320,0.879,0.313,0.16,0.9745405298046734,-0.2072938712207318,8.54848533259105,6.0
2016-08-02 15:26:34.330,0.867,0.293,0.152,4.7383756345996675,1.0601381921727182,9.203808438042874,6.0
2016-08-02 15:26:34.340,0.852,0.25,0.113,7.2341608168913485,0.5824827672349585,11.086803216591811,6.0
2016-08-02 15:26:34.350,0.84,0.211,0.066,10.01800280845355,-1.2325925808481761,13.135451023178884,6.0
2016-08-02 15:26:34.360,0.848,0.203,0.051,13.081191128094057,-4.230399103518568,14.869728663499963,6.0
2016-08-02 15:26:34.370,0.879,0.199,0.035,14.469716985913205,-7.309735095289017,18.993010238880156,6.0
2016-08-02 15:26:34.380,0.906,0.172,0.051,14.575611078547237,-8.67752394858392,25.25676400020448,6.0
2016-08-02 15:26:34.390,0.918,0.129,0.07,17.296293671426024,-8.558699340144406,30.58007356829038,6.0
2016-08-02 15:26:34.400,0.93,0.098,0.094,23.816809820715445,-8.592016034834952,35.51693070321866,6.0
2016-08-02 15:26:34.410,0.941,0.074,0.094,30.575102789060903,-10.382795589307802,41.93235280276825,6.0
2016-08-02 15:26:34.420,0.965,0.047,0.051,35.36499556257877,-14.238973186329652,49.38317248791778,6.0
2016-08-02 15:26:34.430,0.992,0.023,-0.012,39.440398293494866,-17.82683423201605,56.75785575492765,6.0
2016-08-02 15:26:34.440,1.012,0.016,-0.039,43.93678451471151,-20.053105565383426,63.69021219285317,6.0
2016-08-02 15:26:34.450,1.031,0.008,-0.047,47.53442668624141,-22.919469155111035,71.27078345107594,6.0
2016-08-02 15:26:34.460,1.055,-0.012,-0.027,48.68668507124789,-26.65818969508571,80.23833151684806,6.0
2016-08-02 15:26:34.470,1.07,-0.055,-0.004,49.431450495971156,-30.184817093090295,88.27005566327693,6.0
2016-08-02 15:26:34.480,1.09,-0.098,0.004,53.27976015082388,-33.64995563730214,94.225776509443,6.0
2016-08-02 15:26:34.490,1.109,-0.117,-0.027,59.60798960354789,-36.94361967241615,101.07327960855538,6.0
2016-08-02 15:26:34.500,1.133,-0.109,-0.07,64.28277886633916,-39.69672649901337,110.35663375674088,6.0
2016-08-02 15:26:34.510,1.145,-0.129,-0.117,65.03568431464902,-41.243639810962655,120.59534041770772,6.0
2016-08-02 15:26:34.520,1.152,-0.129,-0.145,63.42388740374084,-41.57896257436558,129.4155997486089,6.0
2016-08-02 15:26:34.530,1.156,-0.121,-0.105,62.60096680112966,-42.789643747628475,136.3662813715422,6.0
2016-08-02 15:26:34.540,1.164,-0.133,-0.078,63.059918493658884,-45.88930031797914,145.043760251812,6.0
2016-08-02 15:26:34.550,1.176,-0.164,-0.078,63.38947499049854,-50.39232990260713,154.79870756912993,6.0
2016-08-02 15:26:34.560,1.191,-0.211,-0.109,64.94279120736462,-56.48924381541147,160.66399171582032,6.0
2016-08-02 15:26:34.570,1.195,-0.242,-0.137,67.28582115154629,-63.71580615784433,164.21501529870798,6.0
2016-08-02 15:26:34.580,1.211,-0.25,-0.133,66.79264592265235,-71.57295367337007,167.9928095697787,6.0
2016-08-02 15:26:34.590,1.227,-0.254,-0.109,64.15379244873976,-79.21284104035604,171.46188068762427,6.0
2016-08-02 15:26:34.600,1.25,-0.238,-0.113,62.765126996782335,-83.7877380130768,176.99778224793,6.0
2016-08-02 15:26:34.610,1.27,-0.238,-0.148,64.85913815305864,-83.6143383617851,184.80801652334856,6.0
2016-08-02 15:26:34.620,1.316,-0.242,-0.168,70.27245823766624,-79.51716036019371,192.2577961302026,6.0
2016-08-02 15:26:34.630,1.355,-0.246,-0.215,74.69945240173502,-73.67501350435393,199.11801123127867,6.0
2016-08-02 15:26:34.640,1.367,-0.258,-0.258,75.41538125666155,-69.10191859431332,204.86076552938425,6.0
2016-08-02 15:26:34.650,1.348,-0.328,-0.305,72.87189251215639,-67.15878835550974,209.17822808836644,6.0
2016-08-02 15:26:34.660,1.313,-0.355,-0.309,66.43670978655588,-67.82243879671279,212.12692134488105,6.0
2016-08-02 15:26:34.670,1.32,-0.355,-0.262,60.0068594775737,-71.23009709263403,213.25852447498914,6.0
2016-08-02 15:26:34.680,1.359,-0.371,-0.215,59.201074512937765,-75.09663303306812,215.44512478265366,6.0
2016-08-02 15:26:34.690,1.406,-0.395,-0.211,61.826335557382286,-77.0613523062676,219.11493230218818,6.0
2016-08-02 15:26:34.700,1.438,-0.457,-0.234,66.15232780843331,-78.20169686382023,219.15289117391302,6.0
2016-08-02 15:26:34.710,1.441,-0.477,-0.227,72.08638151107925,-78.54644972422741,214.7290646286899,6.0
2016-08-02 15:26:34.720,1.418,-0.516,-0.273,76.42937172986255,-79.1871617293219,209.98422736838185,6.0
2016-08-02 15:26:34.730,1.391,-0.547,-0.316,77.68018150320579,-82.04847284470024,206.9792900227354,6.0
2016-08-02 15:26:34.740,1.363,-0.496,-0.301,75.7970259670178,-84.25005310290214,204.19040085088793,6.0
2016-08-02 15:26:34.750,1.379,-0.512,-0.34,73.22445376389001,-83.89991050831179,202.29680534420794,6.0
2016-08-02 15:26:34.760,1.359,-0.516,-0.352,68.64384045961593,-78.59280997375325,201.85361957262177,6.0
2016-08-02 15:26:34.770,1.316,-0.527,-0.305,61.915530092288975,-68.75824390140318,197.40042598481654,6.0
2016-08-02 15:26:34.780,1.266,-0.582,-0.242,62.26573582342331,-61.371876117206924,189.2284951860948,6.0
2016-08-02 15:26:34.790,1.203,-0.605,-0.199,66.88034921715474,-55.90622325101628,181.96182078323523,6.0
2016-08-02 15:26:34.800,1.125,-0.656,-0.262,68.32553919854585,-51.47806370895925,174.83979940268273,6.0
2016-08-02 15:26:34.810,1.07,-0.637,-0.305,68.144280761232,-49.45871421280485,169.18241295682546,6.0
2016-08-02 15:26:34.820,1.02,-0.621,-0.324,62.42388825242043,-45.01522164573728,166.49979640980249,6.0
2016-08-02 15:26:34.830,1.0,-0.586,-0.367,50.179515431419674,-38.538925624798146,164.80356020886614,6.0
2016-08-02 15:26:34.840,0.957,-0.551,-0.367,39.213502373292926,-31.45319695321842,161.44735334577982,6.0
2016-08-02 15:26:34.850,0.902,-0.613,-0.348,35.28470975938322,-20.822751542543596,156.3406228919632,6.0
2016-08-02 15:26:34.860,0.809,-0.594,-0.281,36.813653579139384,-10.14128271956141,151.91627059547028,6.0
2016-08-02 15:26:34.870,0.715,-0.555,-0.203,38.28963759141762,-7.688803779489685,146.6254171038904,6.0
2016-08-02 15:26:34.880,0.66,-0.586,-0.164,35.91961656080795,-13.591171902434093,142.07648439283517,6.0
2016-08-02 15:26:34.890,0.637,-0.598,-0.086,27.685377602022907,-19.87285224932506,139.5567446893342,6.0
2016-08-02 15:26:34.900,0.629,-0.641,-0.027,21.241080626385486,-26.23285781285724,133.08679063408985,6.0
2016-08-02 15:26:34.910,0.645,-0.684,0.035,26.006539084629306,-33.68281474861564,125.71913552365191,6.0
2016-08-02 15:26:34.920,0.668,-0.727,0.043,37.50205990735989,-36.920715626004686,121.8443671421129,6.0
2016-08-02 15:26:34.930,0.684,-0.684,-0.023,48.70547991150724,-37.51623366704631,116.26248596185842,6.0
2016-08-02 15:26:34.940,0.66,-0.656,-0.133,54.67160259086687,-37.43466813913664,108.51546115417455,6.0
2016-08-02 15:26:34.950,0.594,-0.621,-0.199,50.159957585348394,-35.28895894230671,101.52874745525783,6.0
2016-08-02 15:26:34.960,0.535,-0.582,-0.211,38.507235195361574,-35.16803406137778,95.17463102565948,6.0
2016-08-02 15:26:34.970,0.48,-0.559,-0.191,28.661143887532358,-37.43357761852275,90.40629650748502,6.0
2016-08-02 15:26:34.980,0.434,-0.605,-0.137,25.18254120090172,-37.88288013878987,88.84453046265067,6.0
2016-08-02 15:26:34.990,0.398,-0.684,-0.078,28.63503173669899,-37.2494243270083,88.90368573551868,6.0
2016-08-02 15:26:35.000,0.383,-0.707,-0.02,37.44321348789508,-37.053520549817634,87.057911458679,6.0
2016-08-02 15:26:35.010,0.359,-0.738,0.023,45.68025072505522,-36.82077690422726,84.07523546648791,6.0
2016-08-02 15:26:35.020,0.336,-0.723,0.039,47.72030016964183,-37.305349863920554,81.47113897339588,6.0
2016-08-02 15:26:35.030,0.305,-0.707,-0.008,45.818768915802785,-39.22014777813729,77.12641488350863,6.0
2016-08-02 15:26:35.040,0.281,-0.676,-0.074,42.701293673169474,-40.311793796086654,73.40835299342743,6.0
2016-08-02 15:26:35.050,0.281,-0.621,-0.16,35.648037317635115,-38.32494297999483,73.87238348140559,6.0
2016-08-02 15:26:35.060,0.281,-0.602,-0.203,24.554177871610257,-34.3981549630292,74.74309763124587,6.0
2016-08-02 15:26:35.070,0.277,-0.59,-0.148,11.84739332214685,-31.061044331693502,72.89871529073234,6.0
2016-08-02 15:26:35.080,0.281,-0.637,-0.059,1.1616369280871595,-30.204504666895012,68.96036052908555,6.0
2016-08-02 15:26:35.090,0.25,-0.715,0.039,-2.163633474660321,-30.631763441332005,62.55060367286074,6.0
2016-08-02 15:26:35.100,0.211,-0.723,0.141,0.5089453915738634,-30.918320433327004,55.57229968504561,6.0
2016-08-02 15:26:35.110,0.195,-0.703,0.145,3.705964769703074,-31.2984989615937,51.994706334734396,6.0
2016-08-02 15:26:35.120,0.199,-0.699,0.098,5.114350747876927,-29.28649705765013,50.84034145857771,6.0
2016-08-02 15:26:35.130,0.227,-0.695,0.012,3.145588362359061,-25.368437158176114,46.71303964451913,6.0
2016-08-02 15:26:35.140,0.262,-0.652,-0.023,-2.3544832185497695,-22.367118344303293,37.75170827469621,6.0
2016-08-02 15:26:35.150,0.238,-0.652,-0.004,-10.387172986524345,-18.53383867766189,27.76424428985898,6.0
2016-08-02 15:26:35.160,0.176,-0.676,0.059,-18.873768880844842,-16.56520635593433,20.2541693717433,6.0
2016-08-02 15:26:35.170,0.121,-0.672,0.145,-22.339927135454417,-20.0960695980917,16.294400762022956,6.0
2016-08-02 15:26:35.180,0.09,-0.645,0.199,-20.72247063889329,-22.409084361002684,16.51713972428835,6.0
2016-08-02 15:26:35.190,0.109,-0.656,0.164,-19.799785993494076,-19.737692638450856,17.54865617509223,6.0
2016-08-02 15:26:35.200,0.152,-0.707,0.082,-17.573937029219156,-15.875084980427767,12.638170683950209,6.0
2016-08-02 15:26:35.210,0.172,-0.746,0.051,-11.654446806752201,-10.225425453016808,2.0647006967964088,6.0
2016-08-02 15:26:35.220,0.145,-0.695,0.063,-9.231022350382855,-3.8444884749992005,-7.371005292680344,6.0
2016-08-02 15:26:35.230,0.098,-0.633,0.098,-13.88603999161892,-2.335849025752075,-11.343419210079977,6.0
2016-08-02 15:26:35.240,0.09,-0.609,0.129,-20.94103043138211,-3.2682358165016874,-10.064481911324776,6.0
2016-08-02 15:26:35.250,0.094,-0.688,0.141,-24.039725273167043,-0.7948927596088627,-9.496334748319041,6.0
2016-08-02 15:26:35.260,0.105,-0.762,0.133,-18.811752785206426,3.6142360393879738,-14.924023131556808,6.0
2016-08-02 15:26:35.270,0.121,-0.781,0.133,-9.732028790662731,7.101199936533714,-22.974301022316613,6.0
2016-08-02 15:26:35.280,0.121,-0.738,0.113,-5.978173159876205,9.3808204248939,-29.13050621053594,6.0
2016-08-02 15:26:35.290,0.133,-0.723,0.098,-7.681140522339306,10.291260140300542,-32.31019559276244,6.0
2016-08-02 15:26:35.300,0.156,-0.703,0.074,-8.103256717928875,11.812372988649328,-32.53215251759346,6.0
2016-08-02 15:26:35.310,0.199,-0.68,0.063,-6.147706969982556,16.42350778288869,-32.230974894972746,6.0
2016-08-02 15:26:35.320,0.223,-0.664,0.039,-6.645272082770316,22.49565475394462,-34.412230460215845,6.0
2016-08-02 15:26:35.330,0.211,-0.703,0.055,-11.100396715982889,26.76299302212352,-40.98944293502366,6.0
2016-08-02 15:26:35.340,0.207,-0.738,0.074,-14.924287890514575,28.171420067125077,-51.507368292152194,6.0
2016-08-02 15:26:35.350,0.227,-0.773,0.098,-13.566356510138425,29.24250519408898,-61.64042455943196,6.0
2016-08-02 15:26:35.360,0.246,-0.766,0.098,-8.171186334067542,32.849332652635965,-69.01642738555122,6.0
2016-08-02 15:26:35.370,0.258,-0.738,0.082,-3.0892700579385677,36.44392575561662,-74.63224162435097,6.0
2016-08-02 15:26:35.380,0.266,-0.66,0.063,-1.8279676499167103,37.40607390336011,-77.20352727018938,6.0
2016-08-02 15:26:35.390,0.289,-0.613,0.012,-6.015268667687172,37.902790727335,-75.99574567980437,6.0
2016-08-02 15:26:35.400,0.336,-0.605,-0.008,-13.015416316759948,39.44343047397979,-75.51579280268992,6.0
2016-08-02 15:26:35.410,0.395,-0.609,-0.012,-17.75023530561163,42.323955696201736,-80.75944542835332,6.0
2016-08-02 15:26:35.420,0.445,-0.641,-0.023,-18.885201786491105,46.73339680182603,-91.54638917807569,6.0
2016-08-02 15:26:35.430,0.445,-0.723,-0.012,-18.9014956334358,51.50454797902162,-104.60203307797147,6.0
2016-08-02 15:26:35.440,0.422,-0.715,0.031,-18.248923478146185,53.78522093611434,-116.95453426956718,6.0
2016-08-02 15:26:35.450,0.402,-0.613,0.066,-16.073040795111535,51.99930054157912,-123.55546028527792,6.0
2016-08-02 15:26:35.460,0.41,-0.574,0.043,-16.412254329162874,50.74358346827199,-120.45998710933462,6.0
2016-08-02 15:26:35.470,0.469,-0.574,-0.039,-21.726827967720034,52.01250012457547,-115.28484673651582,6.0
2016-08-02 15:26:35.480,0.566,-0.563,-0.098,-26.67608177706248,51.92630200212962,-119.20420824662186,6.0
2016-08-02 15:26:35.490,0.648,-0.617,-0.152,-29.725877144754556,54.01143811946456,-129.70774481692342,6.0
2016-08-02 15:26:35.500,0.664,-0.691,-0.145,-34.41292758949006,60.53151839901106,-140.5079285053569,6.0
2016-08-02 15:26:35.510,0.637,-0.648,-0.035,-37.32082236270959,62.57205687318887,-151.40903040989332,6.0
2016-08-02 15:26:35.520,0.602,-0.605,0.023,-34.132775953107625,59.292459151381664,-154.94914105570575,6.0
2016-08-02 15:26:35.530,0.605,-0.629,-0.008,-30.405638459851858,58.9428148301349,-146.76637142559315,6.0
2016-08-02 15:26:35.540,0.652,-0.574,-0.078,-31.11292878501407,58.525582823541725,-142.47505945587693,6.0
2016-08-02 15:26:35.550,0.766,-0.523,-0.129,-32.95267419263367,54.352831839220315,-149.40777583522618,6.0
2016-08-02 15:26:35.560,0.883,-0.516,-0.199,-36.958652669891485,55.940123783036746,-156.9845872945036,6.0
2016-08-02 15:26:35.570,0.965,-0.574,-0.23,-46.68589196521847,62.34417848091477,-165.63884671569895,6.0
2016-08-02 15:26:35.580,0.965,-0.699,-0.242,-56.940885714007806,64.3346483514085,-177.91377727172488,6.0
2016-08-02 15:26:35.590,0.883,-0.57,-0.109,-60.97594842302098,66.00307654834273,-185.7433893919752,6.0
2016-08-02 15:26:35.600,0.824,-0.48,0.023,-54.510509415954125,65.15164883666087,-183.41251585292477,6.0
2016-08-02 15:26:35.610,0.883,-0.512,-0.074,-43.856449746028616,59.78165991577641,-170.7320609707284,6.0
2016-08-02 15:26:35.620,0.969,-0.469,-0.191,-42.69960199016791,58.52393853023639,-164.21379740144982,6.0
2016-08-02 15:26:35.630,1.094,-0.422,-0.242,-46.28977759765935,55.951520894773694,-175.74324488332667,6.0
2016-08-02 15:26:35.640,1.195,-0.441,-0.301,-50.554602750585104,54.444747613911986,-185.93870234653673,6.0
2016-08-02 15:26:35.650,1.207,-0.504,-0.297,-64.01539220298821,63.27929106328973,-187.383236443076,6.0
2016-08-02 15:26:35.660,1.164,-0.535,-0.18,-77.55795819311092,68.47081715012109,-191.79883361671534,6.0
2016-08-02 15:26:35.670,1.105,-0.438,-0.027,-78.2000882716462,64.83443230999431,-196.41840290687188,6.0
2016-08-02 15:26:35.680,1.105,-0.406,-0.02,-67.98156745746061,61.1699872327786,-194.107334962309,6.0
2016-08-02 15:26:35.690,1.16,-0.379,-0.152,-57.939865305782035,58.69279052821943,-186.5522590318227,6.0
2016-08-02 15:26:35.700,1.246,-0.316,-0.25,-59.581273059950746,58.11710656243798,-184.11554264496542,6.0
2016-08-02 15:26:35.710,1.344,-0.285,-0.277,-68.61190319616946,58.332983687023685,-191.25323095611182,6.0
2016-08-02 15:26:35.720,1.422,-0.289,-0.285,-78.47052694224402,61.14885709174615,-197.5953653214782,6.0
2016-08-02 15:26:35.730,1.441,-0.277,-0.242,-88.65611371502602,67.47566885735533,-199.0130047386293,6.0
2016-08-02 15:26:35.740,1.418,-0.316,-0.164,-91.97877074220806,70.3610753290934,-198.72141092768456,6.0
2016-08-02 15:26:35.750,1.383,-0.293,-0.086,-87.65253380128657,69.82671843986594,-196.99925719713306,6.0
2016-08-02 15:26:35.760,1.383,-0.234,-0.098,-79.8161246663664,67.52176468365195,-196.50191020135094,6.0
2016-08-02 15:26:35.770,1.43,-0.203,-0.168,-69.21687403329963,63.488309750755825,-195.74755838280834,6.0
2016-08-02 15:26:35.780,1.5,-0.188,-0.27,-64.70279788604631,64.497569558608,-192.50596700527365,6.0
2016-08-02 15:26:35.790,1.555,-0.168,-0.324,-69.13152069178983,69.38310070463626,-194.1569493077324,6.0
2016-08-02 15:26:35.800,1.543,-0.164,-0.301,-73.73353882670682,72.06729287061309,-199.8007493961694,6.0
2016-08-02 15:26:35.810,1.484,-0.145,-0.223,-77.18170850537103,73.64242363715573,-198.8643814211056,6.0
2016-08-02 15:26:35.820,1.422,-0.145,-0.148,-78.4506318144448,70.93269294151031,-192.71728352915684,6.0
2016-08-02 15:26:35.830,1.391,-0.16,-0.105,-72.85467497457073,63.13497099963584,-187.8458777008569,6.0
2016-08-02 15:26:35.840,1.379,-0.172,-0.109,-62.168018166696285,58.13473127939526,-183.84449955316651,6.0
2016-08-02 15:26:35.850,1.375,-0.16,-0.141,-49.38931339904961,56.61849154284685,-180.7659501417803,6.0
2016-08-02 15:26:35.860,1.383,-0.129,-0.199,-37.69397308041914,55.527138555757816,-179.24441810906384,6.0
2016-08-02 15:26:35.870,1.387,-0.066,-0.238,-32.963969700845624,56.05581878502594,-177.28010351250546,6.0
2016-08-02 15:26:35.880,1.375,0.0,-0.25,-36.36055655127758,57.06080383365261,-173.61252649101306,6.0
2016-08-02 15:26:35.890,1.332,0.027,-0.219,-43.48064921519034,56.49458643683968,-166.91362317248812,6.0
2016-08-02 15:26:35.900,1.289,0.0,-0.168,-49.18592896635117,54.31511484384903,-157.7965001628637,6.0
2016-08-02 15:26:35.910,1.246,-0.035,-0.098,-48.41709646680111,50.58700324140135,-150.69712256698134,6.0
2016-08-02 15:26:35.920,1.195,-0.043,0.0,-39.849244825559694,46.22372226212162,-146.15417485183977,6.0
2016-08-02 15:26:35.930,1.148,-0.027,0.059,-27.713841862074506,41.246321431230825,-140.39225658884504,6.0
2016-08-02 15:26:35.940,1.141,-0.016,0.039,-17.311293999561865,35.84044528195636,-133.4822345725189,6.0
2016-08-02 15:26:35.950,1.129,0.02,0.016,-11.597436868627614,32.73675310718286,-128.21865093447798,6.0
2016-08-02 15:26:35.960,1.098,0.07,-0.012,-9.995896794078682,31.532883332444445,-123.86027951865057,6.0
2016-08-02 15:26:35.970,1.055,0.113,-0.027,-11.67664583503582,28.815230948115204,-117.41923746029175,6.0
2016-08-02 15:26:35.980,1.02,0.141,-0.031,-16.590548298735573,24.817556109182267,-109.02208123416935,6.0
2016-08-02 15:26:35.990,0.996,0.137,-0.016,-21.052663585226348,22.001148783977335,-101.18363426962622,6.0
2016-08-02 15:26:36.000,0.973,0.137,0.031,-21.104447237423607,20.979855514669474,-94.45726348798286,6.0
2016-08-02 15:26:36.010,0.957,0.109,0.066,-16.588229761773924,20.015816612148182,-87.53791694127742,6.0
2016-08-02 15:26:36.020,0.945,0.098,0.078,-9.311622094710941,17.945547085420472,-80.4740927427269,6.0
2016-08-02 15:26:36.030,0.934,0.121,0.094,-2.2141820442671754,15.94112203898678,-74.86537323643297,6.0
2016-08-02 15:26:36.040,0.914,0.156,0.09,1.5488671959287863,14.340265450998693,-69.63565221293314,6.0
2016-08-02 15:26:36.050,0.887,0.191,0.078,-0.5741111561376884,12.569962442968622,-62.25781974404818,6.0
2016-08-02 15:26:36.060,0.859,0.191,0.082,-6.570780766872974,10.536117257099674,-54.201582774713486,6.0
2016-08-02 15:26:36.070,0.832,0.172,0.094,-9.9208734452005,8.091284734250596,-47.42069227404917,6.0
2016-08-02 15:26:36.080,0.813,0.16,0.094,-8.640897587369428,5.704399994113404,-40.95111205890946,6.0
2016-08-02 15:26:36.090,0.816,0.18,0.098,-5.815649887237325,3.6728184612263632,-34.32056357772868,6.0
2016-08-02 15:26:36.100,0.832,0.215,0.098,-4.2581800385248805,2.035389923431125,-27.93776219805632,6.0
2016-08-02 15:26:36.110,0.84,0.254,0.109,-6.066798918565132,1.3798074767059947,-21.94693972240603,6.0
2016-08-02 15:26:36.120,0.84,0.266,0.133,-10.411161594274066,1.3775146130999407,-16.255469749366057,6.0
2016-08-02 15:26:36.130,0.832,0.266,0.152,-13.278690845680233,0.8287861971220594,-10.208964662096454,6.0
2016-08-02 15:26:36.140,0.828,0.227,0.148,-12.545499402871046,-0.25123788966514327,-4.01172550715896,6.0
2016-08-02 15:26:36.150,0.816,0.223,0.137,-9.040740679639578,-1.1324989275221369,0.8639136043361993,6.0
2016-08-02 15:26:36.160,0.816,0.262,0.125,-5.035474978726667,-2.0888387880984056,4.397332477645873,6.0
2016-08-02 15:26:36.170,0.824,0.313,0.125,-4.300272940403963,-3.117160065198491,8.312805236099363,6.0
2016-08-02 15:26:36.180,0.84,0.352,0.137,-8.434502105100126,-3.807559746576577,12.792464465472605,6.0
2016-08-02 15:26:36.190,0.84,0.363,0.16,-14.013217179671633,-4.5793895039420836,16.363882730961834,6.0
2016-08-02 15:26:36.200,0.832,0.352,0.184,-16.693504319835924,-5.075893416198797,19.06304226143707,6.0
2016-08-02 15:26:36.210,0.836,0.344,0.191,-14.969884137430657,-4.96645789960623,21.533910433589757,6.0
2016-08-02 15:26:36.220,0.84,0.352,0.176,-11.004942283822857,-5.507325937616921,23.43548294296476,6.0
2016-08-02 15:26:36.230,0.844,0.367,0.152,-8.730250008322153,-7.036519474490845,25.232169796274835,6.0
2016-08-02 15:26:36.240,0.852,0.387,0.133,-9.165659814778891,-8.34769837597433,26.970555850309474,6.0
2016-08-02 15:26:36.250,0.855,0.387,0.129,-10.174367064531879,-8.95917453698268,28.017142446065517,6.0
2016-08-02 15:26:36.260,0.867,0.387,0.129,-10.39702930164195,-9.444292171537368,29.091562747215008,6.0
2016-08-02 15:26:36.270,0.879,0.391,0.141,-10.06784279665654,-9.97485952979563,30.284529484886484,6.0
2016-08-02 15:26:36.280,0.871,0.379,0.145,-9.37553039237479,-9.992623790290603,31.511328856430804,6.0
2016-08-02 15:26:36.290,0.871,0.363,0.141,-8.058779446574675,-9.880457212290212,33.363073454474716,6.0
2016-08-02 15:26:36.300,0.863,0.332,0.117,-5.857102749627456,-11.101571416761558,35.10567614596727,6.0
2016-08-02 15:26:36.310,0.859,0.316,0.105,-3.5717388965748107,-13.463647141565996,36.76860157082241,6.0
2016-08-02 15:26:36.320,0.859,0.297,0.098,-2.288423304168391,-15.998918048593664,39.298305715082385,6.0
2016-08-02 15:26:36.330,0.859,0.258,0.086,-1.107129240594259,-19.07894404706839,42.17064859169672,6.0
2016-08-02 15:26:36.340,0.867,0.219,0.086,1.7912659075026456,-22.058839235342276,44.690081904759055,6.0
2016-08-02 15:26:36.350,0.879,0.207,0.074,6.5526114564377576,-23.842761702287078,47.013709465498245,6.0
2016-08-02 15:26:36.360,0.887,0.195,0.07,10.761609562068045,-25.018913107479033,50.09832346372604,6.0
2016-08-02 15:26:36.370,0.898,0.18,0.066,12.385464883508103,-26.412765489267027,54.50054683336691,6.0
2016-08-02 15:26:36.380,0.914,0.172,0.059,13.470636610123561,-28.74293479038749,59.363401872221075,6.0
2016-08-02 15:26:36.390,0.934,0.16,0.051,16.85824901836687,-31.660494485834334,64.64548680988784,6.0
2016-08-02 15:26:36.400,0.941,0.145,0.051,21.805482201177323,-33.52835683109505,71.11202665250116,6.0
2016-08-02 15:26:36.410,0.961,0.129,0.047,26.094098237932343,-34.799832890416496,77.60020786714524,6.0
2016-08-02 15:26:36.420,0.977,0.121,0.047,29.244193316531657,-36.965599188919185,82.70875933859294,6.0
2016-08-02 15:26:36.430,1.0,0.113,0.047,31.922960091094517,-39.35488838298663,87.56872694379726,6.0
2016-08-02 15:26:36.440,1.027,0.113,0.043,33.716481288050176,-41.32727986775136,93.15022767687303,6.0
2016-08-02 15:26:36.450,1.047,0.098,0.039,34.20321643802703,-43.567252132143146,98.51513921622175,6.0
2016-08-02 15:26:36.460,1.07,0.078,0.031,34.90849357385569,-45.675159009705304,103.72704223222267,6.0
2016-08-02 15:26:36.470,1.09,0.051,0.016,37.335016517030695,-46.455635161213465,109.54518935491397,6.0
2016-08-02 15:26:36.480,1.109,0.039,-0.012,41.04388417829414,-46.16382105136103,115.46328388538387,6.0
2016-08-02 15:26:36.490,1.125,0.023,-0.035,44.117533309375986,-45.426527064279,121.43263375282129,6.0
2016-08-02 15:26:36.500,1.141,0.008,-0.043,44.710739604579096,-44.14859736524815,128.15592232899527,6.0
2016-08-02 15:26:36.510,1.172,0.0,-0.047,42.88624785966543,-42.8408917999274,135.23303485368734,6.0
2016-08-02 15:26:36.520,1.191,-0.004,-0.055,40.71856070391007,-41.6929711692935,141.7016785054658,6.0
2016-08-02 15:26:36.530,1.207,-0.035,-0.043,40.26355162469345,-40.12364014857981,148.0196342769495,6.0
2016-08-02 15:26:36.540,1.23,-0.07,-0.02,41.52241662298304,-38.91659706585354,154.34830456725308,6.0
2016-08-02 15:26:36.550,1.238,-0.113,-0.051,44.12222030953552,-40.17495640021869,159.18701446169493,6.0
2016-08-02 15:26:36.560,1.238,-0.172,-0.094,46.65265659855439,-43.88094724515585,162.9579782597669,6.0
2016-08-02 15:26:36.570,1.242,-0.184,-0.09,45.494537787651566,-47.80082066053279,165.84120263103188,6.0
2016-08-02 15:26:36.580,1.293,-0.188,-0.094,43.01588070884487,-51.411299716071454,167.0240411643127,6.0
2016-08-02 15:26:36.590,1.336,-0.184,-0.109,43.4149357994287,-52.86953873490019,169.44644644192016,6.0
2016-08-02 15:26:36.600,1.344,-0.16,-0.125,43.79676886239383,-50.93696614353048,173.62805898750946,6.0
2016-08-02 15:26:36.610,1.348,-0.188,-0.113,44.1451127007518,-49.77834753415619,177.58462203655716,6.0
2016-08-02 15:26:36.620,1.359,-0.25,-0.125,46.13234629510164,-50.08941126871753,182.54162724669226,6.0
2016-08-02 15:26:36.630,1.375,-0.289,-0.176,48.52110798469577,-51.18107216790867,185.78910481639,6.0
2016-08-02 15:26:36.640,1.391,-0.336,-0.211,52.677687194766904,-54.081760105552405,185.91496196357443,6.0
2016-08-02 15:26:36.650,1.395,-0.348,-0.234,56.40230829433858,-55.215793918528526,187.32749860349662,6.0
2016-08-02 15:26:36.660,1.398,-0.367,-0.258,57.13820106242096,-55.570005733161366,188.2257863773367,6.0
2016-08-02 15:26:36.670,1.406,-0.371,-0.266,57.474468837359595,-57.20589659953299,187.37762500648353,6.0
2016-08-02 15:26:36.680,1.398,-0.402,-0.281,57.41681930846489,-55.8017094083732,188.88706863511436,6.0
2016-08-02 15:26:36.690,1.383,-0.438,-0.27,57.37948434719674,-53.57766086108296,191.0565560671579,6.0
2016-08-02 15:26:36.700,1.375,-0.453,-0.277,59.59564701434479,-54.696914164947216,191.46251042859842,6.0
2016-08-02 15:26:36.710,1.371,-0.465,-0.281,63.292710787457374,-56.247759477304925,192.31631988816326,6.0
2016-08-02 15:26:36.720,1.344,-0.52,-0.285,64.91958286753206,-55.82143671065597,193.74635744322305,6.0
2016-08-02 15:26:36.730,1.313,-0.539,-0.277,62.74728029683395,-55.53517165870047,192.72231631321688,6.0
2016-08-02 15:26:36.740,1.266,-0.563,-0.246,61.40084137424766,-57.826883010232045,189.4730499671818,6.0
2016-08-02 15:26:36.750,1.219,-0.605,-0.25,63.40106933152125,-60.56495090877297,189.49288730959185,6.0
2016-08-02 15:26:36.760,1.195,-0.617,-0.266,66.0828268657403,-61.6993254132379,192.19496785763312,6.0
2016-08-02 15:26:36.770,1.203,-0.574,-0.258,69.31582528497924,-61.62378934941009,190.20026946311864,6.0
2016-08-02 15:26:36.780,1.18,-0.578,-0.277,71.85292519054082,-58.86167644953782,186.81235772330177,6.0
2016-08-02 15:26:36.790,1.145,-0.633,-0.285,68.26065907300422,-53.72913810977598,188.27338790135823,6.0
2016-08-02 15:26:36.800,1.113,-0.594,-0.246,60.691945515490744,-51.176121105817685,186.25337145063156,6.0
2016-08-02 15:26:36.810,1.094,-0.586,-0.223,60.16933013704895,-52.519629299144256,178.37813857659808,6.0
2016-08-02 15:26:36.820,1.078,-0.617,-0.246,63.87068525787479,-50.49647880008083,176.41568980582935,6.0
2016-08-02 15:26:36.830,1.035,-0.645,-0.262,60.3281917639452,-44.426217174900586,175.86988726070746,6.0
2016-08-02 15:26:36.840,0.992,-0.695,-0.273,55.645552001699194,-42.77000317548211,165.56547049921113,6.0
2016-08-02 15:26:36.850,0.93,-0.707,-0.262,55.40999411575663,-42.426668749947254,154.35859087359523,6.0
2016-08-02 15:26:36.860,0.875,-0.715,-0.238,54.39554039889973,-39.98672426613404,149.05557422175502,6.0
2016-08-02 15:26:36.870,0.84,-0.68,-0.215,54.927436777298766,-42.15920518660731,144.65568515893636,6.0
2016-08-02 15:26:36.880,0.816,-0.664,-0.219,56.26054389071273,-45.49764926313523,141.36283718182924,6.0
2016-08-02 15:26:36.890,0.793,-0.648,-0.238,51.87984686416879,-44.94507391596858,141.09589062137195,6.0
2016-08-02 15:26:36.900,0.77,-0.668,-0.254,44.84252106951833,-45.32736416032397,140.88816572037098,6.0
2016-08-02 15:26:36.910,0.758,-0.637,-0.238,40.791940418921314,-48.036580610193525,137.82028822794985,6.0
2016-08-02 15:26:36.920,0.742,-0.621,-0.215,38.21378532296943,-50.97297710845548,133.3318140272052,6.0
2016-08-02 15:26:36.930,0.738,-0.605,-0.129,33.034316618669095,-53.63867423513826,130.78207323810113,6.0
2016-08-02 15:26:36.940,0.715,-0.605,-0.09,26.497574679442973,-55.2580884354769,128.2295458028369,6.0
2016-08-02 15:26:36.950,0.672,-0.629,-0.063,24.705072776763252,-55.216561320409404,122.651936615961,6.0
2016-08-02 15:26:36.960,0.617,-0.621,-0.023,28.713172821447692,-52.743225094763645,117.14811757575788,6.0
2016-08-02 15:26:36.970,0.559,-0.578,-0.035,32.55299954727846,-49.674811927320505,113.8456560212292,6.0
2016-08-02 15:26:36.980,0.516,-0.535,-0.02,30.979757069787574,-49.56048665713945,112.13899643713606,6.0
2016-08-02 15:26:36.990,0.484,-0.492,-0.02,22.981871055383174,-50.652914771837146,111.59986887639447,6.0
2016-08-02 15:26:37.000,0.469,-0.469,-0.004,13.093241102114597,-51.2454993162412,110.33893995464369,6.0
2016-08-02 15:26:37.010,0.461,-0.5,-0.004,6.784886132152291,-51.10185417592368,107.99897885607646,6.0
2016-08-02 15:26:37.020,0.438,-0.566,0.02,4.399256622034227,-48.52489070476721,104.80575113465831,6.0
2016-08-02 15:26:37.030,0.41,-0.559,0.047,5.9132447955760075,-45.858423785468986,98.68445296064345,6.0
2016-08-02 15:26:37.040,0.387,-0.559,0.043,9.399335299438293,-43.36836683308225,90.97796935405805,6.0
2016-08-02 15:26:37.050,0.34,-0.563,0.031,7.480783029029515,-37.89923742054758,84.80799018258405,6.0
2016-08-02 15:26:37.060,0.289,-0.59,0.008,-0.17396797743855874,-33.80634278545306,77.83406122160943,6.0
2016-08-02 15:26:37.070,0.262,-0.629,0.008,-5.796807976745402,-34.73118049877548,70.85140619576,6.0
2016-08-02 15:26:37.080,0.234,-0.676,-0.02,-7.954285878502467,-35.54557328767234,68.7347335524559,6.0
2016-08-02 15:26:37.090,0.211,-0.668,-0.008,-8.18506044191114,-35.32791082927665,68.37770426653702,6.0
2016-08-02 15:26:37.100,0.211,-0.68,0.02,-5.095777887325271,-35.35507984394143,65.45707110565422,6.0
2016-08-02 15:26:37.110,0.207,-0.699,0.0,-2.988207692537376,-31.5630856986006,60.70203148849253,6.0
2016-08-02 15:26:37.120,0.188,-0.738,0.016,-7.8378795227700655,-26.550901627654305,52.75726032310667,6.0
2016-08-02 15:26:37.130,0.172,-0.758,0.0,-15.168456097050734,-25.82760081405895,41.56834084644837,6.0
2016-08-02 15:26:37.140,0.156,-0.793,-0.008,-16.980729618900714,-25.50449103748088,31.887360032539924,6.0
2016-08-02 15:26:37.150,0.129,-0.777,0.012,-12.231421287530685,-22.38348627311109,25.37639017844093,6.0
2016-08-02 15:26:37.160,0.09,-0.754,0.012,-4.462676407785238,-20.209788952530182,21.013531270594523,6.0
2016-08-02 15:26:37.170,0.082,-0.691,0.02,0.536377907892202,-20.127507394455556,19.715243011177925,6.0
2016-08-02 15:26:37.180,0.105,-0.652,0.02,-1.3085042565378386,-19.437097974440512,19.193094822587035,6.0
2016-08-02 15:26:37.190,0.121,-0.68,0.039,-6.5602042878513105,-16.700082658953622,14.446750924396962,6.0
2016-08-02 15:26:37.200,0.117,-0.719,0.07,-9.330010575187034,-11.688055439059658,5.566927819026437,6.0
2016-08-02 15:26:37.210,0.113,-0.742,0.105,-7.789635920538453,-6.089265098319633,-3.0358865481129627,6.0
2016-08-02 15:26:37.220,0.082,-0.734,0.113,-3.217161485500074,-1.6639281687061647,-8.444519856246735,6.0
2016-08-02 15:26:37.230,0.051,-0.676,0.145,1.9803760131250048,1.5061124803567645,-9.86272372914846,6.0
2016-08-02 15:26:37.240,0.043,-0.637,0.152,5.862729517076074,3.0394991906001967,-7.803055029337836,6.0
2016-08-02 15:26:37.250,0.074,-0.609,0.137,7.2653050890890505,3.986572559722031,-5.689428097463738,6.0
2016-08-02 15:26:37.260,0.125,-0.633,0.098,4.8898504908198985,5.898927617342973,-7.759570824404651,6.0
2016-08-02 15:26:37.270,0.16,-0.684,0.09,-0.45825506051802245,8.172987083630048,-15.519201349810638,6.0
2016-08-02 15:26:37.280,0.156,-0.715,0.105,-4.257443987019862,10.41297901472481,-26.4679615079613,6.0
2016-08-02 15:26:37.290,0.145,-0.727,0.133,-2.9669751759836323,13.697981337047693,-34.932484783930484,6.0
2016-08-02 15:26:37.300,0.125,-0.695,0.148,2.2275315155510684,18.593381700288614,-38.488823629784534,6.0
2016-08-02 15:26:37.310,0.109,-0.676,0.129,7.635585148274654,23.859048831714958,-39.75370572666881,6.0
2016-08-02 15:26:37.320,0.109,-0.664,0.078,9.519042558266676,27.716476443026913,-40.30681737668425,6.0
2016-08-02 15:26:37.330,0.148,-0.656,0.035,6.096205052111924,29.616874066108622,-41.51599490500902,6.0
2016-08-02 15:26:37.340,0.188,-0.648,-0.008,-1.2031188710406566,30.58335021788318,-46.34740436993755,6.0
2016-08-02 15:26:37.350,0.23,-0.672,0.008,-8.936123562594695,31.97543283772211,-54.83680488351831,6.0
2016-08-02 15:26:37.360,0.273,-0.695,0.02,-12.974203278054478,34.429361911603266,-64.51996594769517,6.0
2016-08-02 15:26:37.370,0.285,-0.738,0.039,-11.555362462441675,37.83653795716933,-73.69509806884255,6.0
2016-08-02 15:26:37.380,0.27,-0.703,0.082,-7.468638709380657,40.77165139457818,-80.80669229800607,6.0
2016-08-02 15:26:37.390,0.27,-0.668,0.082,-4.816680079811426,42.3269379657812,-84.69025437566849,6.0
2016-08-02 15:26:37.400,0.293,-0.648,0.063,-5.371585164995684,44.07292861383089,-87.03984151056645,6.0
2016-08-02 15:26:37.410,0.344,-0.613,0.027,-8.239856083452416,46.700332663948785,-91.52110300911156,6.0
2016-08-02 15:26:37.420,0.395,-0.641,-0.055,-12.32817521543269,49.4125852752556,-99.12692638499027,6.0
2016-08-02 15:26:37.430,0.398,-0.684,-0.109,-17.59635300555743,51.788416859733346,-108.0875382104555,6.0
2016-08-02 15:26:37.440,0.395,-0.605,-0.039,-22.63177754172494,52.53312351258086,-115.42992190333399,6.0
2016-08-02 15:26:37.450,0.402,-0.566,0.0,-25.70476619511284,52.680916105955134,-117.76005311180148,6.0
2016-08-02 15:26:37.460,0.426,-0.602,0.008,-26.66484426704871,54.59965866029996,-118.03610420137565,6.0
2016-08-02 15:26:37.470,0.473,-0.633,-0.008,-24.685346682796748,56.208273733390136,-123.01923269852693,6.0
2016-08-02 15:26:37.480,0.539,-0.656,-0.047,-21.394032319166953,57.19591754447082,-131.09847373732845,6.0
2016-08-02 15:26:37.490,0.578,-0.637,-0.086,-22.044006014246126,59.564809948537345,-137.43207680195644,6.0
2016-08-02 15:26:37.500,0.59,-0.617,-0.082,-26.56989288226822,60.366242869359674,-142.8051797076963,6.0
2016-08-02 15:26:37.510,0.617,-0.582,-0.059,-29.79841436089375,59.27199412069591,-147.99895904775892,6.0
2016-08-02 15:26:37.520,0.668,-0.586,-0.063,-30.572873193111576,60.53978376147088,-152.77970007420322,6.0
2016-08-02 15:26:37.530,0.719,-0.586,-0.086,-30.91339380610777,63.13751719877615,-158.80681857000397,6.0
2016-08-02 15:26:37.540,0.77,-0.578,-0.121,-31.58744508278574,64.22412169717319,-165.46441955267943,6.0
2016-08-02 15:26:37.550,0.816,-0.547,-0.168,-33.26317939831317,64.97345303258481,-169.89292566989567,6.0
2016-08-02 15:26:37.560,0.871,-0.535,-0.199,-36.26824610335862,66.36708634865553,-171.85704211171137,6.0
2016-08-02 15:26:37.570,0.902,-0.531,-0.172,-39.235081890316955,67.44636693954902,-173.5508913128303,6.0
2016-08-02 15:26:37.580,0.926,-0.543,-0.121,-41.05646975669107,66.90758322345833,-176.61802525959257,6.0
2016-08-02 15:26:37.590,0.953,-0.578,-0.094,-41.71701441142251,64.61902659063293,-181.39800004315322,6.0
2016-08-02 15:26:37.600,0.988,-0.555,-0.082,-41.27323622831058,62.35854291427327,-187.1743339930394,6.0
2016-08-02 15:26:37.610,1.02,-0.523,-0.09,-40.55038747174372,61.24281826400741,-191.94547662050906,6.0
2016-08-02 15:26:37.620,1.074,-0.504,-0.137,-41.3215337972856,61.255070421066804,-194.63142896783327,6.0
2016-08-02 15:26:37.630,1.117,-0.52,-0.203,-44.04550653807267,62.395872038291486,-196.9224103341861,6.0
2016-08-02 15:26:37.640,1.125,-0.477,-0.223,-46.89321824529153,63.31677067704632,-199.03222139629008,6.0
2016-08-02 15:26:37.650,1.117,-0.469,-0.195,-49.04153349647797,63.13377219780935,-198.8063277935231,6.0
2016-08-02 15:26:37.660,1.117,-0.469,-0.164,-51.41413756659211,62.49960731814225,-197.82206856810632,6.0
2016-08-02 15:26:37.670,1.129,-0.43,-0.121,-52.930824238093884,61.12191754451891,-198.8036020056054,6.0
2016-08-02 15:26:37.680,1.176,-0.418,-0.102,-53.42973860876534,59.92350265296348,-200.25799793118355,6.0
2016-08-02 15:26:37.690,1.234,-0.395,-0.129,-54.971193598957356,60.451950927874044,-201.42884568072958,6.0
2016-08-02 15:26:37.700,1.281,-0.367,-0.141,-56.68958868235244,61.54119798694769,-201.99952226769267,6.0
2016-08-02 15:26:37.710,1.305,-0.387,-0.16,-58.606435802339455,62.470437163438376,-200.33160271110376,6.0
2016-08-02 15:26:37.720,1.293,-0.371,-0.152,-61.81166621020496,62.2091523995027,-198.76930600086206,6.0
2016-08-02 15:26:37.730,1.27,-0.348,-0.121,-64.16738907842144,59.793415224033055,-198.2510363710494,6.0
2016-08-02 15:26:37.740,1.262,-0.336,-0.078,-65.61895202698284,57.959345616272174,-196.69055040417535,6.0
2016-08-02 15:26:37.750,1.277,-0.316,-0.074,-66.07950253365316,57.191224924173646,-196.4572547246979,6.0
2016-08-02 15:26:37.760,1.328,-0.293,-0.102,-63.90918979053015,56.827527191955056,-197.51355728801528,6.0
2016-08-02 15:26:37.770,1.391,-0.242,-0.129,-61.72889686305345,58.88551942284609,-195.1969808463134,6.0
2016-08-02 15:26:37.780,1.438,-0.199,-0.176,-61.78752331455074,61.72348973914383,-189.42019705262294,6.0
2016-08-02 15:26:37.790,1.445,-0.207,-0.219,-64.12472403898053,62.957099340940765,-183.50386492145913,6.0
2016-08-02 15:26:37.800,1.426,-0.246,-0.219,-67.9456730508196,62.48408088113243,-180.54779990762847,6.0
2016-08-02 15:26:37.810,1.383,-0.227,-0.133,-69.1576426418645,58.89245677841132,-180.25103096704999,6.0
2016-08-02 15:26:37.820,1.348,-0.207,-0.047,-66.17807476105756,53.57692953628208,-177.30120177683523,6.0
2016-08-02 15:26:37.830,1.348,-0.215,-0.031,-60.82922962635861,50.805492644477305,-171.74987055924723,6.0
2016-08-02 15:26:37.840,1.379,-0.215,-0.074,-52.857875073227966,51.98622185282093,-168.1944036519192,6.0
2016-08-02 15:26:37.850,1.398,-0.164,-0.121,-45.53523822077497,55.618001959627534,-163.57951199713094,6.0
2016-08-02 15:26:37.860,1.387,-0.086,-0.172,-45.42267540555281,58.19165935394985,-154.4688047662637,6.0
2016-08-02 15:26:37.870,1.359,-0.035,-0.195,-51.78730991669518,56.99643629890755,-145.07933020745128,6.0
2016-08-02 15:26:37.880,1.34,-0.035,-0.18,-58.071469511807805,53.604542489796074,-139.52130513507882,6.0
2016-08-02 15:26:37.890,1.305,-0.051,-0.113,-58.98483343448273,49.70930719815394,-136.67273436569957,6.0
2016-08-02 15:26:37.900,1.262,-0.078,-0.023,-52.687754288327184,44.561043443232144,-133.38750239761498,6.0
2016-08-02 15:26:37.910,1.23,-0.105,0.023,-40.881355721489484,38.650275348032295,-130.11473878567784,6.0
2016-08-02 15:26:37.920,1.215,-0.098,0.035,-27.11192241775169,34.24166371084164,-127.78209308551195,6.0
2016-08-02 15:26:37.930,1.203,-0.07,0.004,-17.28957126167544,32.12993640731878,-123.59327301090428,6.0
2016-08-02 15:26:37.940,1.176,-0.039,-0.051,-15.875649009930184,30.147720068488372,-117.52822249509941,6.0
2016-08-02 15:26:37.950,1.145,0.008,-0.078,-19.370605789644195,27.0148996325627,-111.1864343872156,6.0
2016-08-02 15:26:37.960,1.117,0.066,-0.063,-22.49394732003704,24.578099843230845,-102.92457644745556,6.0
2016-08-02 15:26:37.970,1.094,0.098,-0.031,-24.182302062619318,23.261119064424456,-94.12741571982657,6.0
2016-08-02 15:26:37.980,1.063,0.117,0.027,-23.073601622071877,21.360790783324276,-87.98641634950047,6.0
2016-08-02 15:26:37.990,1.039,0.117,0.098,-18.04525157809335,18.99682012866118,-83.14051814647028,6.0
2016-08-02 15:26:38.000,1.016,0.098,0.117,-10.68650355258005,17.161298935354836,-78.67380570316725,6.0
2016-08-02 15:26:38.010,1.012,0.082,0.105,-2.95114339017274,15.850567412509255,-75.20362977823578,6.0
2016-08-02 15:26:38.020,1.004,0.102,0.086,1.5248702975928297,15.224287258309353,-70.89241574009795,6.0
2016-08-02 15:26:38.030,0.988,0.145,0.051,-0.1651308683840338,14.63461634353939,-65.50959624512231,6.0
2016-08-02 15:26:38.040,0.969,0.191,0.047,-4.501777667315022,12.943267475958528,-60.375175037384366,6.0
2016-08-02 15:26:38.050,0.953,0.227,0.066,-6.866378344055905,11.257962611960005,-54.71193885620606,6.0
2016-08-02 15:26:38.060,0.934,0.25,0.113,-6.523465468122338,10.596016410330813,-48.8847248077365,6.0
2016-08-02 15:26:38.070,0.91,0.246,0.156,-3.816577275848251,10.060458498967078,-43.91729327527041,6.0
2016-08-02 15:26:38.080,0.891,0.227,0.164,-0.20421832503030035,9.56448829268579,-39.2899973170685,6.0
2016-08-02 15:26:38.090,0.883,0.219,0.164,2.9552848501463496,9.105393328594367,-35.2863849400204,6.0
2016-08-02 15:26:38.100,0.863,0.227,0.164,5.899629504278543,7.776725001199626,-31.886096948068392,6.0
2016-08-02 15:26:38.110,0.855,0.234,0.137,7.022739992912036,6.006369207917885,-28.647350776658904,6.0
2016-08-02 15:26:38.120,0.848,0.258,0.117,5.009364703506404,4.656397892658405,-25.771888328988567,6.0
2016-08-02 15:26:38.130,0.844,0.281,0.117,1.4069599916688846,3.7793812208604254,-21.830515099883904,6.0
2016-08-02 15:26:38.140,0.84,0.301,0.129,-2.5162266669401436,3.4333032752902954,-16.554789679613087,6.0
2016-08-02 15:26:38.150,0.832,0.313,0.145,-5.377213948810945,3.2451910300586504,-11.772302005572355,6.0
2016-08-02 15:26:38.160,0.84,0.297,0.152,-5.630679975424368,3.1145363941248116,-7.59912647959649,6.0
2016-08-02 15:26:38.170,0.848,0.266,0.152,-3.291311758789264,3.222605790167271,-4.433389428158707,6.0
2016-08-02 15:26:38.180,0.852,0.258,0.148,-0.2333408532028964,2.8831837175174435,-2.5532993247200007,6.0
2016-08-02 15:26:38.190,0.844,0.266,0.141,0.18810494751798051,1.8767094549927978,0.13954512820619336,6.0
2016-08-02 15:26:38.200,0.848,0.305,0.141,-3.01735153284224,0.6539732412021341,4.335620037514108,6.0
2016-08-02 15:26:38.210,0.852,0.336,0.156,-7.593815932362396,-0.7261787435520694,8.489762120776989,6.0
2016-08-02 15:26:38.220,0.859,0.348,0.172,-11.144446016649841,-1.9992938201683788,11.72359851331797,6.0
2016-08-02 15:26:38.230,0.859,0.34,0.18,-11.80932498290081,-2.916013501945375,14.035512857478256,6.0
2016-08-02 15:26:38.240,0.871,0.34,0.188,-10.196247170741062,-4.116834565250107,15.42890909360434,6.0
2016-08-02 15:26:38.250,0.898,0.355,0.176,-10.09841211861552,-5.181071444093472,16.157959006176327,6.0
2016-08-02 15:26:38.260,0.91,0.383,0.168,-13.078699944624137,-5.10149890253535,16.777806195315804,6.0
2016-08-02 15:26:38.270,0.922,0.418,0.172,-16.515851812343563,-5.066460020791387,17.351645212808148,6.0
2016-08-02 15:26:38.280,0.926,0.434,0.18,-18.530861449310358,-5.406034888330781,17.839630181862134,6.0
2016-08-02 15:26:38.290,0.918,0.441,0.203,-18.925730096033423,-5.429642957020739,18.37249988211756,6.0
2016-08-02 15:26:38.300,0.918,0.438,0.211,-17.860763246849153,-5.822933498478107,18.621998884505015,6.0
2016-08-02 15:26:38.310,0.922,0.438,0.211,-16.90058353058051,-6.072397695373889,18.648755152187817,6.0
2016-08-02 15:26:38.320,0.922,0.441,0.199,-17.5730326847958,-5.612319350468831,18.91771016356157,6.0
2016-08-02 15:26:38.330,0.922,0.438,0.191,-19.807753088181318,-5.235949579176122,19.039386947212993,6.0
2016-08-02 15:26:38.340,0.914,0.43,0.18,-21.937529779252603,-5.120000622311619,18.557300822305592,6.0
2016-08-02 15:26:38.350,0.906,0.406,0.168,-21.877477783382503,-5.162359276051959,17.900571425502413,6.0
2016-08-02 15:26:38.360,0.902,0.379,0.168,-19.550108098232727,-5.377067263114998,17.601521529557143,6.0
2016-08-02 15:26:38.370,0.895,0.348,0.164,-16.650063973108782,-5.961625547913964,17.922822266096556,6.0
2016-08-02 15:26:38.380,0.875,0.32,0.156,-14.710429151461518,-7.397221188519328,19.26403248053211,6.0
2016-08-02 15:26:38.390,0.848,0.297,0.148,-13.678482005571585,-9.769885704709244,22.002621751987245,6.0
2016-08-02 15:26:38.400,0.82,0.266,0.148,-11.757332391142176,-12.771883214204152,25.742443979111986,6.0
2016-08-02 15:26:38.410,0.805,0.227,0.16,-7.820858970863489,-15.889825238866488,29.738143135853427,6.0
2016-08-02 15:26:38.420,0.797,0.191,0.152,-3.468185396134339,-18.462300673429304,33.90575171116548,6.0
2016-08-02 15:26:38.430,0.805,0.172,0.145,-0.33126043349849527,-20.62758758628305,38.129449276721004,6.0
2016-08-02 15:26:38.440,0.816,0.156,0.133,2.5348238448022666,-22.796887827019397,42.551551704680264,6.0
2016-08-02 15:26:38.450,0.84,0.141,0.113,5.744338685744566,-24.23861129356024,47.89979203309315,6.0
2016-08-02 15:26:38.460,0.867,0.133,0.102,8.930590479983863,-25.039420188807597,53.719175912236146,6.0
2016-08-02 15:26:38.470,0.887,0.121,0.086,12.561088631031371,-26.391878615082128,59.5004683573264,6.0
2016-08-02 15:26:38.480,0.914,0.105,0.082,16.453729032025723,-28.350299348950273,65.94101988434596,6.0
2016-08-02 15:26:38.490,0.934,0.094,0.086,19.95827145742057,-30.96927418543917,73.33178504978164,6.0
2016-08-02 15:26:38.500,0.949,0.074,0.078,23.457228918664477,-33.99699158606088,81.21280010524775,6.0
2016-08-02 15:26:38.510,0.992,0.047,0.078,27.736244339576295,-35.92746970666757,88.24102814574641,6.0
2016-08-02 15:26:38.520,1.027,0.031,0.078,32.79768184464557,-36.777178562419635,93.79159293896907,6.0
2016-08-02 15:26:38.530,1.07,0.035,0.066,37.11328047426137,-37.500099462804435,99.65018026975352,6.0
2016-08-02 15:26:38.540,1.102,0.031,0.055,39.35874019074638,-38.250326037857825,106.46202877869476,6.0
2016-08-02 15:26:38.550,1.133,0.02,0.043,40.69494910742122,-39.87782794956575,112.90435963701279,6.0
2016-08-02 15:26:38.560,1.152,0.0,0.027,42.55194406698773,-42.640409011917285,119.16186130434653,6.0
2016-08-02 15:26:38.570,1.164,-0.031,0.016,44.21362271527765,-45.540423711695425,125.81341607970631,6.0
2016-08-02 15:26:38.580,1.184,-0.035,0.012,45.157722953731756,-48.63580055254402,132.40680940006177,6.0
2016-08-02 15:26:38.590,1.199,-0.039,0.004,46.420752827456305,-51.0022044330029,139.26129455536622,6.0
2016-08-02 15:26:38.600,1.23,-0.078,-0.031,49.06095234217917,-50.44656013331058,146.09064263778976,6.0
2016-08-02 15:26:38.610,1.25,-0.133,-0.063,53.3099412305845,-48.664570273614935,151.33019979600795,6.0
2016-08-02 15:26:38.620,1.273,-0.129,-0.066,57.29436402246063,-48.150486361949035,156.47171172783476,6.0
2016-08-02 15:26:38.630,1.297,-0.113,-0.074,57.47139015082638,-47.55435981958427,164.10682229660492,6.0
2016-08-02 15:26:38.640,1.301,-0.141,-0.09,54.08749904634688,-47.51353489114172,171.11007663927865,6.0
2016-08-02 15:26:38.650,1.293,-0.188,-0.098,52.93796765823,-50.185340434000906,174.0425533849809,6.0
2016-08-02 15:26:38.660,1.297,-0.23,-0.082,57.157483170261514,-53.4633296004658,176.70325149538223,6.0
2016-08-02 15:26:38.670,1.316,-0.246,-0.074,62.885449438688795,-55.49558095699517,182.46040362276204,6.0
2016-08-02 15:26:38.680,1.336,-0.254,-0.102,65.74573355687608,-56.69897607144377,188.94911600362224,6.0
2016-08-02 15:26:38.690,1.355,-0.258,-0.137,65.50607481094808,-57.115683973390794,194.6304065366793,6.0
2016-08-02 15:26:38.700,1.371,-0.273,-0.168,64.1301957923657,-57.6927717599913,199.72198588832464,6.0
2016-08-02 15:26:38.710,1.375,-0.313,-0.199,62.925512684594956,-58.74467504230008,203.11989338641507,6.0
2016-08-02 15:26:38.720,1.371,-0.316,-0.18,63.024553222974916,-60.11426105661626,205.02047281922233,6.0
2016-08-02 15:26:38.730,1.379,-0.316,-0.137,64.82151331835445,-62.160190868677844,207.22462486729478,6.0
2016-08-02 15:26:38.740,1.375,-0.336,-0.121,67.47011139232163,-64.49690552728798,209.54212684015914,6.0
2016-08-02 15:26:38.750,1.359,-0.422,-0.152,72.3585963567328,-67.66072798325614,209.29106453373277,6.0
2016-08-02 15:26:38.760,1.355,-0.5,-0.191,79.95823500792785,-71.15628774756814,205.4829590556293,6.0
2016-08-02 15:26:38.770,1.348,-0.477,-0.203,84.52385954499483,-72.73213627838405,203.6008496897868,6.0
2016-08-02 15:26:38.780,1.371,-0.438,-0.223,79.49607294790775,-71.28246056338251,205.9464248467622,6.0
2016-08-02 15:26:38.790,1.387,-0.402,-0.215,70.03355010930999,-68.01758140947052,204.88019981078807,6.0
2016-08-02 15:26:38.800,1.375,-0.398,-0.184,67.78972320018053,-64.56754101149075,200.42746535601412,6.0
2016-08-02 15:26:38.810,1.348,-0.449,-0.172,71.18312621427602,-60.07412895695919,198.4746506645306,6.0
2016-08-02 15:26:38.820,1.32,-0.488,-0.184,74.89347841454803,-56.02695342132533,195.50637900544865,6.0
2016-08-02 15:26:38.830,1.289,-0.535,-0.219,78.81723194729705,-53.67844796591368,190.32277045489542,6.0
2016-08-02 15:26:38.840,1.242,-0.602,-0.254,78.09885298283257,-51.65524003796519,185.34640014487516,6.0
2016-08-02 15:26:38.850,1.195,-0.566,-0.23,72.68703445781527,-52.95329378753514,179.27200519539838,6.0
2016-08-02 15:26:38.860,1.164,-0.535,-0.211,65.64712436970983,-55.21062781696276,174.84991854615078,6.0
2016-08-02 15:26:38.870,1.137,-0.492,-0.184,56.977683664757826,-53.219703427690945,172.6304779992594,6.0
2016-08-02 15:26:38.880,1.117,-0.523,-0.18,53.335590147863456,-51.14305598059431,167.96592753208304,6.0
2016-08-02 15:26:38.890,1.121,-0.621,-0.207,57.22746981928073,-49.27969310590095,161.0260090137887,6.0
2016-08-02 15:26:38.900,1.125,-0.652,-0.199,62.73321215292502,-45.073900045030044,153.5843382383528,6.0
2016-08-02 15:26:38.910,1.105,-0.656,-0.172,63.70084888182241,-41.07611982568436,147.57176340146253,6.0
2016-08-02 15:26:38.920,1.063,-0.629,-0.133,55.752448329351495,-37.77702947264119,143.34472271827613,6.0
2016-08-02 15:26:38.930,0.984,-0.609,-0.113,45.64670304063307,-36.40227915619395,138.00015479304236,6.0
2016-08-02 15:26:38.940,0.898,-0.598,-0.125,41.13174830206732,-36.73927858851598,134.42060383605136,6.0
2016-08-02 15:26:38.950,0.82,-0.617,-0.16,39.72514084524629,-35.56308159766093,135.56433885339092,6.0
2016-08-02 15:26:38.960,0.762,-0.625,-0.184,40.63732296329497,-34.38434585299477,137.04288286736846,6.0
2016-08-02 15:26:38.970,0.719,-0.617,-0.199,42.527366839654775,-33.67655715015993,136.84885323849238,6.0
2016-08-02 15:26:38.980,0.688,-0.617,-0.168,41.94252824531277,-31.607877091102672,135.70905432580633,6.0
2016-08-02 15:26:38.990,0.648,-0.637,-0.121,42.19973508528962,-30.570157757522242,131.36225421719757,6.0
2016-08-02 15:26:39.000,0.594,-0.66,-0.117,44.666626851284526,-31.707600742227864,125.21765544615178,6.0
2016-08-02 15:26:39.010,0.555,-0.668,-0.102,44.352414756768354,-33.444170003935255,122.8746134154692,6.0
2016-08-02 15:26:39.020,0.52,-0.652,-0.09,41.955222067496265,-36.818484870957136,123.82600032385479,6.0
2016-08-02 15:26:39.030,0.516,-0.664,-0.074,41.981093187721896,-41.35573484626755,123.45098941985454,6.0
2016-08-02 15:26:39.040,0.52,-0.648,-0.039,45.60136760858154,-43.32028164441373,121.2860319404143,6.0
2016-08-02 15:26:39.050,0.531,-0.652,-0.02,52.21320130992717,-41.18633852747958,118.66226467140542,6.0
2016-08-02 15:26:39.060,0.531,-0.703,-0.051,57.234526886262756,-37.15588146473282,114.52528814858485,6.0
2016-08-02 15:26:39.070,0.516,-0.688,-0.082,56.42301660777942,-35.46287418250709,108.97249502813006,6.0
2016-08-02 15:26:39.080,0.496,-0.66,-0.094,50.08282850592971,-36.431130752580486,105.04070445149813,6.0
2016-08-02 15:26:39.090,0.453,-0.648,-0.094,40.97557472697403,-38.59682528103575,102.76785120599627,6.0
2016-08-02 15:26:39.100,0.414,-0.695,-0.043,36.597550771651214,-43.50966446849925,99.48084266527471,6.0
2016-08-02 15:26:39.110,0.383,-0.727,0.027,41.58137685386962,-47.148443018470225,96.35456326853209,6.0
2016-08-02 15:26:39.120,0.355,-0.727,0.059,50.25207801004487,-44.33203338714585,96.11606707626362,6.0
2016-08-02 15:26:39.130,0.324,-0.762,0.074,54.97934158444696,-38.92927664215266,95.90661755870012,6.0
2016-08-02 15:26:39.140,0.297,-0.719,0.012,52.16584896498996,-35.673661905066226,90.87463324278654,6.0
2016-08-02 15:26:39.150,0.254,-0.699,-0.047,39.95618228577775,-34.81290601117942,83.64690313074962,6.0
2016-08-02 15:26:39.160,0.203,-0.668,-0.039,23.123003982096606,-36.84554704367832,77.8674883134275,6.0
2016-08-02 15:26:39.170,0.176,-0.668,0.004,13.234546333292778,-40.387933557509484,71.68728279098283,6.0
2016-08-02 15:26:39.180,0.176,-0.691,0.082,13.482739114980179,-39.09998212212498,66.96401006115974,6.0
2016-08-02 15:26:39.190,0.168,-0.684,0.137,18.687336282249262,-32.6086224273911,66.41838540996497,6.0
2016-08-02 15:26:39.200,0.172,-0.652,0.148,23.330241338363443,-27.68118283871324,66.21139647881071,6.0
2016-08-02 15:26:39.210,0.188,-0.613,0.145,21.245420463633053,-25.293819979569907,62.72946622358254,6.0
2016-08-02 15:26:39.220,0.219,-0.598,0.145,12.056078458998547,-23.442109401209205,54.982224124178984,6.0
2016-08-02 15:26:39.230,0.23,-0.582,0.16,0.9161631846111697,-23.081864258101874,43.52491968530597,6.0
2016-08-02 15:26:39.240,0.203,-0.594,0.227,-8.613952802148766,-24.280443093094775,32.153471341216765,6.0
2016-08-02 15:26:39.250,0.152,-0.625,0.297,-11.994115638611035,-25.146927030660432,23.274469833775584,6.0
2016-08-02 15:26:39.260,0.113,-0.625,0.336,-7.259836882016616,-23.161223682254803,16.89817668828903,6.0
2016-08-02 15:26:39.270,0.086,-0.605,0.332,-0.9167581243934987,-17.560969959725583,13.739278145960993,6.0
2016-08-02 15:26:39.280,0.09,-0.543,0.273,1.197369111093329,-11.046534882151217,11.072864359672655,6.0
2016-08-02 15:26:39.290,0.117,-0.5,0.184,-3.592616285936888,-6.354097037779694,4.3287602842754165,6.0
2016-08-02 15:26:39.300,0.117,-0.496,0.148,-16.60666369441438,-4.271342704001742,-6.037681390436413,6.0
2016-08-02 15:26:39.310,0.066,-0.512,0.184,-30.17899047164854,-4.721279197848514,-16.05008616150957,6.0
2016-08-02 15:26:39.320,0.008,-0.566,0.23,-34.36538819183912,-5.221618735341807,-22.09404413749406,6.0
2016-08-02 15:26:39.330,-0.02,-0.566,0.324,-28.838934216237114,-2.4043221095304594,-23.51083827544062,6.0
2016-08-02 15:26:39.340,-0.008,-0.582,0.324,-19.93818289815649,3.164760708924807,-23.098742511994473,6.0
2016-08-02 15:26:39.350,0.043,-0.563,0.281,-13.96616506325164,8.36570956690572,-24.618936152187068,6.0
2016-08-02 15:26:39.360,0.129,-0.535,0.215,-15.153281689418563,12.47735516007712,-30.28437429790433,6.0
2016-08-02 15:26:39.370,0.199,-0.523,0.168,-25.28666634445767,16.191685544848823,-40.06474319181217,6.0
2016-08-02 15:26:39.380,0.223,-0.531,0.156,-39.45207907412148,17.853761752907964,-52.78056144874342,6.0
2016-08-02 15:26:39.390,0.203,-0.566,0.188,-48.30323953786721,17.88414631226307,-65.11473443778058,6.0
2016-08-02 15:26:39.400,0.191,-0.605,0.242,-47.19020172842171,20.83198886423834,-73.64197223799447,6.0
2016-08-02 15:26:39.410,0.191,-0.652,0.266,-37.59481122890504,26.590582428619204,-79.43536829248114,6.0
2016-08-02 15:26:39.420,0.188,-0.645,0.254,-26.258293982720296,31.07748293845939,-84.43833354358716,6.0
2016-08-02 15:26:39.430,0.199,-0.613,0.191,-22.512474459084494,34.16639163152904,-88.42820583132132,6.0
2016-08-02 15:26:39.440,0.227,-0.594,0.125,-27.954810981304046,36.56413310737455,-93.90847880318321,6.0
2016-08-02 15:26:39.450,0.273,-0.582,0.07,-36.49415864828603,37.40798159367189,-103.53765217859919,6.0
2016-08-02 15:26:39.460,0.332,-0.559,0.059,-45.783026957810776,38.66644837335758,-113.77338292985948,6.0
2016-08-02 15:26:39.470,0.379,-0.578,0.031,-54.96741427512529,41.83177141814164,-122.02791271078331,6.0
2016-08-02 15:26:39.480,0.398,-0.582,0.07,-58.537123274331314,43.87599280540406,-129.57213588566492,6.0
2016-08-02 15:26:39.490,0.406,-0.555,0.121,-54.65704006699566,45.51894704982571,-134.24884479988543,6.0
2016-08-02 15:26:39.500,0.43,-0.605,0.129,-48.955590393421524,50.939635834154515,-136.97778602260985,6.0
2016-08-02 15:26:39.510,0.469,-0.602,0.105,-44.745992643116246,55.87607632630878,-144.14474287588394,6.0
2016-08-02 15:26:39.520,0.527,-0.559,0.055,-43.595314161616606,57.151520332552835,-153.48106751743353,6.0
2016-08-02 15:26:39.530,0.605,-0.582,-0.027,-50.14824288011853,60.01917937618508,-160.40826437111454,6.0
2016-08-02 15:26:39.540,0.641,-0.559,-0.063,-60.97864077785282,61.20412480948064,-168.28324055941886,6.0
2016-08-02 15:26:39.550,0.645,-0.504,-0.035,-67.15099152658135,58.170940204866454,-173.39538648862543,6.0
2016-08-02 15:26:39.560,0.664,-0.555,0.0,-68.35952154320861,59.86918927371572,-171.76296661149604,6.0
2016-08-02 15:26:39.570,0.684,-0.559,0.016,-65.1809816439128,62.74998725729747,-173.1958270693607,6.0
2016-08-02 15:26:39.580,0.727,-0.57,-0.016,-58.949134996110885,60.88470003725925,-179.19705217588807,6.0
2016-08-02 15:26:39.590,0.797,-0.582,-0.086,-57.81588433063324,62.47256441729195,-183.97937995313225,6.0
2016-08-02 15:26:39.600,0.879,-0.512,-0.141,-61.88199028793499,65.22088177028918,-190.60143751290843,6.0
2016-08-02 15:26:39.610,0.965,-0.453,-0.152,-67.85159654431217,65.59822143786666,-195.84654547916114,6.0
2016-08-02 15:26:39.620,1.039,-0.504,-0.168,-77.46117782958723,69.69801437811637,-197.56906423335613,6.0
2016-08-02 15:26:39.630,1.07,-0.488,-0.145,-81.39849836761516,70.94133938204234,-202.8903115992601,6.0
2016-08-02 15:26:39.640,1.082,-0.535,-0.117,-75.55700251721296,68.66199103951817,-206.80714330836926,6.0
2016-08-02 15:26:39.650,1.09,-0.582,-0.098,-71.10174435847017,71.21268322792285,-206.70412688833886,6.0
2016-08-02 15:26:39.660,1.117,-0.488,-0.109,-64.87327701470309,71.20036065354448,-209.4819349910054,6.0
2016-08-02 15:26:39.670,1.188,-0.508,-0.23,-58.87955077226904,72.18609113829605,-209.58819572152834,6.0
2016-08-02 15:26:39.680,1.234,-0.535,-0.332,-67.05671864966106,80.01407006279689,-208.67195621594954,6.0
2016-08-02 15:26:39.690,1.246,-0.426,-0.273,-75.3034852826072,77.68914194192222,-213.63007857322947,6.0
2016-08-02 15:26:39.700,1.273,-0.418,-0.223,-76.68202553133233,70.5419820633259,-212.98595307195765,6.0
2016-08-02 15:26:39.710,1.277,-0.492,-0.203,-83.72441242764702,71.63594202996362,-208.07495303211903,6.0
2016-08-02 15:26:39.720,1.277,-0.477,-0.137,-81.78745645877721,67.24308255603509,-210.32659540301694,6.0
2016-08-02 15:26:39.730,1.293,-0.535,-0.148,-67.77535105170239,62.71897123381032,-209.84592789693252,6.0
2016-08-02 15:26:39.740,1.305,-0.555,-0.223,-60.88036095754267,67.92787258589365,-205.07994000128724,6.0
2016-08-02 15:26:39.750,1.332,-0.453,-0.266,-55.17064196076189,68.45432034742454,-204.86301630005187,6.0
2016-08-02 15:26:39.760,1.375,-0.375,-0.309,-52.68602201509262,67.91345342797672,-201.325802235751,6.0
2016-08-02 15:26:39.770,1.398,-0.301,-0.328,-65.9759421937282,71.64497496689157,-195.4663743749502,6.0
2016-08-02 15:26:39.780,1.402,-0.27,-0.258,-78.17612859773575,67.52081812030346,-195.9314898263131,6.0
2016-08-02 15:26:39.790,1.391,-0.324,-0.18,-78.66737243567319,62.146990748356494,-195.36168164428233,6.0
2016-08-02 15:26:39.800,1.371,-0.383,-0.105,-71.83571274848276,61.2209543928682,-191.54279775060633,6.0
2016-08-02 15:26:39.810,1.359,-0.371,-0.063,-54.59102046517584,56.4508442985757,-188.8054922521112,6.0
2016-08-02 15:26:39.820,1.359,-0.336,-0.098,-37.780767047690105,53.096436898821864,-184.66737477229543,6.0
2016-08-02 15:26:39.830,1.395,-0.273,-0.172,-33.203070942582926,54.36381436810177,-181.52286568696312,6.0
2016-08-02 15:26:39.840,1.438,-0.223,-0.258,-34.11406289675822,55.72212253476349,-181.16941146607365,6.0
2016-08-02 15:26:39.850,1.445,-0.156,-0.273,-38.06191312081475,58.381710140351174,-177.76195012534808,6.0
2016-08-02 15:26:39.860,1.426,-0.082,-0.219,-44.687857483145336,58.33375572108665,-170.5592811245494,6.0
2016-08-02 15:26:39.870,1.406,-0.055,-0.133,-47.91391296419778,53.18608518108648,-163.34606079278203,6.0
2016-08-02 15:26:39.880,1.398,-0.074,-0.059,-45.50871686597874,48.29008348105273,-158.69363132072118,6.0
2016-08-02 15:26:39.890,1.398,-0.102,-0.012,-37.00384966590897,43.656360443689636,-157.8869195639267,6.0
2016-08-02 15:26:39.900,1.406,-0.109,-0.031,-27.01966723450758,38.7810633584768,-158.1041197411368,6.0
2016-08-02 15:26:39.910,1.414,-0.078,-0.082,-23.78895018972716,36.066330239143085,-156.95582905090254,6.0
2016-08-02 15:26:39.920,1.41,-0.039,-0.113,-26.385188829105203,34.911399747287646,-155.512328757433,6.0
2016-08-02 15:26:39.930,1.398,0.023,-0.121,-30.014103846333093,34.32969143974191,-153.08142998463273,6.0
2016-08-02 15:26:39.940,1.371,0.078,-0.102,-33.78495300950093,33.965147375075645,-147.7651672397808,6.0
2016-08-02 15:26:39.950,1.34,0.102,-0.063,-36.66236690694515,33.541294518724484,-139.89680645786808,6.0
2016-08-02 15:26:39.960,1.309,0.113,-0.027,-37.212015011913294,33.14219556779202,-131.79590254373753,6.0
2016-08-02 15:26:39.970,1.262,0.102,-0.023,-36.05528151762583,32.32842716489922,-125.22489370417675,6.0
2016-08-02 15:26:39.980,1.223,0.066,-0.023,-34.53135543662655,31.39001564766856,-120.45832020371368,6.0
2016-08-02 15:26:39.990,1.188,0.051,-0.023,-33.09013037046669,30.78220212883268,-116.878550342846,6.0
2016-08-02 15:26:40.000,1.137,0.051,-0.031,-32.436646891688824,30.28215372050981,-112.24255227792372,6.0
2016-08-02 15:26:40.010,1.098,0.059,-0.023,-32.66481893433883,29.736997174531624,-105.29824237800845,6.0
2016-08-02 15:26:40.020,1.055,0.086,-0.004,-32.60955149675129,28.70560813506984,-97.03297230652474,6.0
2016-08-02 15:26:40.030,1.016,0.09,0.008,-32.81484094291481,27.308493196307857,-88.45887567098214,6.0
2016-08-02 15:26:40.040,0.98,0.102,0.031,-32.535840517343,25.75799616428796,-80.86642486848967,6.0
2016-08-02 15:26:40.050,0.949,0.113,0.066,-29.645287585482173,23.540114957780727,-73.86665017558543,6.0
2016-08-02 15:26:40.060,0.918,0.109,0.078,-25.905847365752035,20.69573081241501,-66.58155663287032,6.0
2016-08-02 15:26:40.070,0.891,0.098,0.086,-22.3724173601289,17.267212236455716,-60.90671613860605,6.0
2016-08-02 15:26:40.080,0.867,0.098,0.09,-18.731791045533942,13.570398218217399,-56.73957438200929,6.0
2016-08-02 15:26:40.090,0.852,0.125,0.094,-17.271092329426978,10.251304767905355,-51.53847248964059,6.0
2016-08-02 15:26:40.100,0.836,0.156,0.105,-18.035934586851745,6.96154530120039,-45.14510911239233,6.0
2016-08-02 15:26:40.110,0.824,0.164,0.109,-18.32706771870246,3.9403330172500013,-38.98873746342049,6.0
2016-08-02 15:26:40.120,0.813,0.176,0.121,-16.551220390880225,1.8943898745916197,-33.62739512769487,6.0
2016-08-02 15:26:40.130,0.805,0.199,0.16,-13.21260911116372,0.4360063695419042,-28.161615094286518,6.0
2016-08-02 15:26:40.140,0.797,0.211,0.176,-10.923100810145085,-0.9848914713838617,-22.359657760663957,6.0
2016-08-02 15:26:40.150,0.805,0.23,0.164,-10.470779599809337,-2.47991955418634,-17.3031689694159,6.0
2016-08-02 15:26:40.160,0.801,0.223,0.145,-9.785808739428465,-3.710552811088733,-13.058160702900146,6.0
2016-08-02 15:26:40.170,0.797,0.211,0.117,-7.590843896993814,-4.7364120827798475,-9.683599581967226,6.0
2016-08-02 15:26:40.180,0.801,0.215,0.109,-4.454911307349086,-5.9846236489700635,-7.135159692318677,6.0
2016-08-02 15:26:40.190,0.813,0.238,0.113,-2.5606932914966376,-6.8470437364425365,-3.8303763403816187,6.0
2016-08-02 15:26:40.200,0.824,0.297,0.129,-2.8008290739121637,-6.907081923854578,0.4795231909483355,6.0
2016-08-02 15:26:40.210,0.832,0.34,0.152,-3.3660559555238843,-6.4419092198686085,4.662636769759171,6.0
2016-08-02 15:26:40.220,0.844,0.355,0.184,-2.6562225876172065,-5.624797171793977,8.585550867739933,6.0
2016-08-02 15:26:40.230,0.852,0.352,0.184,0.16636513868635483,-4.817849222791233,11.878713097655144,6.0
2016-08-02 15:26:40.240,0.859,0.332,0.164,4.668419007233486,-3.8853166785138153,13.401368882918673,6.0
2016-08-02 15:26:40.250,0.863,0.344,0.16,8.792376123078528,-2.6583310521578736,13.247472046584463,6.0
2016-08-02 15:26:40.260,0.879,0.379,0.152,9.625199297647054,-1.184920424766438,13.182775797227801,6.0
2016-08-02 15:26:40.270,0.895,0.43,0.152,5.687035469644527,0.4576210142668483,13.97144936211487,6.0
2016-08-02 15:26:40.280,0.902,0.465,0.16,0.13075360294820093,1.6201617752171082,14.841587918133467,6.0
2016-08-02 15:26:40.290,0.895,0.473,0.176,-2.756718969002313,2.3048294785243733,15.756455949894088,6.0
2016-08-02 15:26:40.300,0.883,0.445,0.176,-1.5952095093070815,2.789078560553942,16.564477929589618,6.0
2016-08-02 15:26:40.310,0.887,0.422,0.176,2.331069857771167,3.08929109541862,16.403773262837237,6.0
2016-08-02 15:26:40.320,0.891,0.426,0.172,5.5157853503393595,3.613882744462912,15.889208051226813,6.0
2016-08-02 15:26:40.330,0.891,0.438,0.168,5.871377900236252,3.986266200712004,16.15539065589302,6.0
2016-08-02 15:26:40.340,0.887,0.426,0.16,5.597413762487864,3.4577115106383864,16.645379536055373,6.0
2016-08-02 15:26:40.350,0.875,0.398,0.156,7.46398674986463,2.4935331802307004,16.65516242868823,6.0
2016-08-02 15:26:40.360,0.863,0.367,0.156,11.006327582016947,1.603870987568393,16.90000550670517,6.0
2016-08-02 15:26:40.370,0.844,0.344,0.152,14.111269333449375,0.28971960877009134,18.178528254067153,6.0
2016-08-02 15:26:40.380,0.832,0.316,0.148,15.902820189032344,-1.7869516504404106,20.321389544935105,6.0
2016-08-02 15:26:40.390,0.82,0.293,0.141,17.087494651218623,-4.413726725884114,23.022594498197076,6.0
2016-08-02 15:26:40.400,0.82,0.27,0.145,18.37924144435083,-7.273328502686579,26.369236828412998,6.0
2016-08-02 15:26:40.410,0.816,0.258,0.141,19.500870193580067,-10.193568071402309,30.484763718476234,6.0
2016-08-02 15:26:40.420,0.813,0.246,0.141,20.205764662088555,-13.271125853613842,35.6287816575029,6.0
2016-08-02 15:26:40.430,0.816,0.219,0.121,21.23856240082542,-16.47473877179302,41.67112860543009,6.0
2016-08-02 15:26:40.440,0.824,0.191,0.09,23.38766371821414,-19.316653248485828,47.72941320910765,6.0
2016-08-02 15:26:40.450,0.844,0.168,0.063,25.748751720610667,-21.358692132304355,53.72413712321067,6.0
2016-08-02 15:26:40.460,0.867,0.156,0.043,26.42759956622891,-23.044815963826164,60.226178857888655,6.0
2016-08-02 15:26:40.470,0.898,0.145,0.023,24.776861953359454,-24.81162374566207,66.9114117024484,6.0
2016-08-02 15:26:40.480,0.926,0.129,0.02,22.287645174801504,-26.68198234315777,73.31336075768843,6.0
2016-08-02 15:26:40.490,0.941,0.121,0.027,22.162352558827727,-29.19255372284134,79.63516432404094,6.0
2016-08-02 15:26:40.500,0.961,0.109,0.047,25.727560172084164,-31.94890219953547,86.2831745428598,6.0
2016-08-02 15:26:40.510,1.004,0.105,0.055,30.78154579765026,-33.64802913472973,92.61079007165651,6.0
2016-08-02 15:26:40.520,1.051,0.141,0.051,34.70161764328407,-34.358700236314775,97.79148579353655,6.0
2016-08-02 15:26:40.530,1.078,0.164,0.035,34.535089094319275,-34.49086040383352,103.23143537990343,6.0
2016-08-02 15:26:40.540,1.102,0.164,0.02,29.076660837250987,-34.62983182528398,108.88264960374778,6.0
2016-08-02 15:26:40.550,1.121,0.152,0.008,22.515713749096154,-35.786473325335024,112.73676215420151,6.0
2016-08-02 15:26:40.560,1.145,0.133,-0.012,18.501033056520704,-36.7172319947513,116.4157745433532,6.0
2016-08-02 15:26:40.570,1.152,0.09,-0.027,16.786074542803775,-36.51000621252719,121.09442828779734,6.0
2016-08-02 15:26:40.580,1.168,0.051,-0.02,18.058118548817575,-37.09446222048326,124.72630434861799,6.0
2016-08-02 15:26:40.590,1.188,0.027,-0.008,22.037567322152253,-38.272172892048836,128.00728195910474,6.0
2016-08-02 15:26:40.600,1.215,0.027,-0.004,24.73259840898382,-37.85828376756507,132.9222347563507,6.0
2016-08-02 15:26:40.610,1.223,0.031,-0.004,24.368929796648,-36.99077729643781,138.28455498554075,6.0
2016-08-02 15:26:40.620,1.227,-0.012,-0.008,24.0331138930843,-38.06433136679381,141.76533304045955,6.0
2016-08-02 15:26:40.630,1.223,-0.07,-0.031,26.44145581594086,-40.35259992381566,143.80604852906947,6.0
2016-08-02 15:26:40.640,1.223,-0.129,-0.055,30.908799054384552,-41.77531854253249,147.66247226230632,6.0
2016-08-02 15:26:40.650,1.246,-0.145,-0.078,35.098247405486646,-42.06847806244306,153.93691403688962,6.0
2016-08-02 15:26:40.660,1.266,-0.133,-0.109,37.564869133459226,-42.502910626334454,160.2676370030086,6.0
2016-08-02 15:26:40.670,1.281,-0.141,-0.125,39.010526398064755,-43.272774054425255,166.3875098572923,6.0
2016-08-02 15:26:40.680,1.305,-0.191,-0.172,41.511686199697586,-43.56215449388898,171.28896178379392,6.0
2016-08-02 15:26:40.690,1.316,-0.238,-0.199,46.026250166219945,-43.641114230822765,173.52174430142816,6.0
2016-08-02 15:26:40.700,1.316,-0.285,-0.188,50.64233130182139,-44.775948667928844,175.46187286143493,6.0
2016-08-02 15:26:40.710,1.316,-0.293,-0.168,54.0639279306962,-48.05660190289913,178.1234420957064,6.0
2016-08-02 15:26:40.720,1.324,-0.328,-0.156,58.24335862523715,-52.54171938541264,180.75534169085122,6.0
2016-08-02 15:26:40.730,1.324,-0.313,-0.137,65.5627682243461,-56.94564495329058,184.08578472318985,6.0
2016-08-02 15:26:40.740,1.352,-0.336,-0.137,75.48960234843804,-60.87155424054882,187.29065606835465,6.0
2016-08-02 15:26:40.750,1.375,-0.387,-0.176,84.28532425781329,-63.50953639178309,187.3068096035661,6.0
2016-08-02 15:26:40.760,1.387,-0.355,-0.191,90.84344131982509,-65.92014245768463,184.15307719723964,6.0
2016-08-02 15:26:40.770,1.41,-0.34,-0.207,93.52693605252445,-67.54267502769918,182.6729578403328,6.0
2016-08-02 15:26:40.780,1.414,-0.328,-0.215,89.5797185615574,-67.67177414764815,181.4895678992989,6.0
2016-08-02 15:26:40.790,1.426,-0.293,-0.207,86.74330167080308,-69.35933710567562,177.21444997898516,6.0
2016-08-02 15:26:40.800,1.418,-0.375,-0.258,88.11260738840518,-69.10494602939242,173.85473718507387,6.0
2016-08-02 15:26:40.810,1.406,-0.379,-0.262,89.75829310739306,-64.84583003435974,170.19176750103367,6.0
2016-08-02 15:26:40.820,1.41,-0.363,-0.234,96.34738356078469,-61.533957227040574,166.32057889683577,6.0
2016-08-02 15:26:40.830,1.418,-0.395,-0.238,101.60814081402305,-57.2185482933931,165.89710231251576,6.0
2016-08-02 15:26:40.840,1.375,-0.375,-0.211,98.98400515541417,-54.434104569046255,164.03303416228044,6.0
2016-08-02 15:26:40.850,1.313,-0.43,-0.207,95.34641439955156,-56.44023115515931,161.63656187063216,6.0
2016-08-02 15:26:40.860,1.242,-0.438,-0.168,89.95875907437954,-56.915103692764774,160.0578778542604,6.0
2016-08-02 15:26:40.870,1.184,-0.438,-0.152,87.38903614726664,-57.62451329218773,155.48514155003252,6.0
2016-08-02 15:26:40.880,1.141,-0.527,-0.203,91.53476861602928,-56.57393649654283,152.36683330944172,6.0
2016-08-02 15:26:40.890,1.074,-0.582,-0.227,95.79517102424455,-49.6572537938907,150.7979918103702,6.0
2016-08-02 15:26:40.900,1.008,-0.641,-0.234,101.49142343439944,-46.14888641467469,148.86689165797446,6.0
2016-08-02 15:26:40.910,0.973,-0.625,-0.258,101.99123252143552,-45.16860248347754,151.03609209756945,6.0
2016-08-02 15:26:40.920,0.918,-0.59,-0.293,86.56793295992341,-42.073693691394055,157.4278074209353,6.0
2016-08-02 15:26:40.930,0.855,-0.543,-0.277,62.453728797224386,-42.29171519391121,165.0767943576413,6.0
2016-08-02 15:26:40.940,0.781,-0.52,-0.227,43.289515830374896,-45.73168722444447,169.8614701076407,6.0
2016-08-02 15:26:40.950,0.75,-0.566,-0.176,36.152393470249514,-49.02168036990934,171.48445642873182,6.0
2016-08-02 15:26:40.960,0.754,-0.602,-0.137,37.66239562862868,-49.86806266216269,174.8280274653826,6.0
2016-08-02 15:26:40.970,0.773,-0.672,-0.121,40.13488614503008,-48.57628187224546,178.1552156134983,6.0
2016-08-02 15:26:40.980,0.809,-0.637,-0.066,39.59642166555748,-49.43447575837647,176.1041969960089,6.0
2016-08-02 15:26:40.990,0.84,-0.641,-0.023,35.11689395540219,-50.93980184524824,170.07648541952597,6.0
2016-08-02 15:26:41.000,0.84,-0.688,-0.016,27.97689648214313,-50.44618190655609,163.2638092686146,6.0
2016-08-02 15:26:41.010,0.832,-0.672,-0.043,23.224120075308637,-51.303631356908575,156.01673179454926,6.0
2016-08-02 15:26:41.020,0.828,-0.656,-0.059,23.95285206608632,-50.48139067241824,151.93197136375738,6.0
2016-08-02 15:26:41.030,0.82,-0.66,-0.105,25.274769385847115,-44.21379380033355,151.0273582851945,6.0
2016-08-02 15:26:41.040,0.789,-0.656,-0.137,24.25825485796272,-41.145148459903936,147.1812125177706,6.0
2016-08-02 15:26:41.050,0.75,-0.664,-0.109,20.227155024448596,-43.33208573785405,142.53355019882724,6.0
2016-08-02 15:26:41.060,0.691,-0.664,-0.055,10.90323301643714,-44.87682701180415,139.98915057564255,6.0
2016-08-02 15:26:41.070,0.637,-0.703,0.0,2.6537800128610627,-47.1893903260813,134.43045734676744,6.0
2016-08-02 15:26:41.080,0.59,-0.73,0.016,3.275509868846528,-47.687389352627314,125.85310668183863,6.0
2016-08-02 15:26:41.090,0.547,-0.785,-0.016,9.476346862605496,-43.1581488561706,119.69250377970158,6.0
2016-08-02 15:26:41.100,0.496,-0.82,-0.066,14.948239824697573,-40.00955337076002,116.3832347230007,6.0
2016-08-02 15:26:41.110,0.465,-0.797,-0.066,16.776127752463648,-41.30411745531289,113.89566462665147,6.0
2016-08-02 15:26:41.120,0.449,-0.762,-0.086,13.136766406263181,-42.78759588144685,113.22195366091925,6.0
2016-08-02 15:26:41.130,0.43,-0.762,-0.07,6.488381653457589,-42.27382489752298,113.60848436238517,6.0
2016-08-02 15:26:41.140,0.402,-0.758,-0.039,4.165159463958816,-41.72567211864505,111.55259932199539,6.0
2016-08-02 15:26:41.150,0.379,-0.805,-0.055,7.680726796985898,-40.62596112795183,107.37401532402312,6.0
2016-08-02 15:26:41.160,0.352,-0.781,-0.074,10.907371294656473,-37.33816954127294,102.57131847480912,6.0
2016-08-02 15:26:41.170,0.316,-0.793,-0.074,10.93879191164848,-34.86249344090909,96.84343392193698,6.0
2016-08-02 15:26:41.180,0.301,-0.773,-0.039,10.458635518169363,-34.40775184299133,90.61180217365097,6.0
2016-08-02 15:26:41.190,0.301,-0.727,0.051,10.501601327556653,-32.845709813363094,85.47071047448618,6.0
2016-08-02 15:26:41.200,0.289,-0.723,0.156,10.331673530866995,-29.545578207043068,84.09229485407839,6.0
2016-08-02 15:26:41.210,0.25,-0.691,0.211,13.144110471803677,-28.371625506774613,85.0074445908813,6.0
2016-08-02 15:26:41.220,0.207,-0.699,0.152,18.60887782886512,-30.660718425206582,83.55342387590693,6.0
2016-08-02 15:26:41.230,0.168,-0.734,0.031,20.907740486981545,-31.05431225506858,77.8450440721983,6.0
2016-08-02 15:26:41.240,0.113,-0.75,-0.047,19.903704385755656,-28.00014462949534,67.95238332085091,6.0
2016-08-02 15:26:41.250,0.082,-0.707,-0.043,15.232663391869416,-25.35785713370356,57.8683538272286,6.0
2016-08-02 15:26:41.260,0.07,-0.609,-0.016,3.7607235029957673,-23.20437091704131,52.671562676361475,6.0
2016-08-02 15:26:41.270,0.055,-0.59,0.004,-9.272086152867697,-20.84958523389643,52.3128575405611,6.0
2016-08-02 15:26:41.280,0.016,-0.574,0.039,-17.33682818069902,-19.12470624994092,53.67944550246543,6.0
2016-08-02 15:26:41.290,0.004,-0.535,0.035,-24.27657947054665,-17.49188486433014,55.05811434956897,6.0
2016-08-02 15:26:41.300,0.035,-0.566,0.016,-33.65866672426169,-15.643639633883119,53.43416396687145,6.0
2016-08-02 15:26:41.310,0.082,-0.664,0.047,-38.15397063701738,-14.31482165779752,42.1435800168123,6.0
2016-08-02 15:26:41.320,0.066,-0.734,0.09,-34.14566677933905,-13.680484826631048,24.76364039067774,6.0
2016-08-02 15:26:41.330,0.008,-0.781,0.145,-28.94332397875513,-13.676430390717144,14.542934834750366,6.0
2016-08-02 15:26:41.340,-0.02,-0.746,0.191,-24.574608065241208,-13.393772612499369,12.532767513220751,6.0
2016-08-02 15:26:41.350,-0.008,-0.688,0.188,-19.41459685534727,-10.620419757123745,11.799785917757095,6.0
2016-08-02 15:26:41.360,0.008,-0.645,0.121,-17.49247419778405,-5.569572357943959,11.03196795274145,6.0
2016-08-02 15:26:41.370,0.059,-0.637,0.027,-19.83922795160234,0.17143822339954906,7.54572556766828,6.0
2016-08-02 15:26:41.380,0.078,-0.652,-0.039,-24.91783204421671,5.23435651305455,-2.0663725447864345,6.0
2016-08-02 15:26:41.390,0.027,-0.695,-0.012,-30.385202842770077,6.54960575172083,-13.951412129527029,6.0
2016-08-02 15:26:41.400,-0.047,-0.75,0.066,-28.51815026766556,4.8786860974937705,-21.924910082399855,6.0
2016-08-02 15:26:41.410,-0.082,-0.723,0.148,-19.19785439402638,5.557347600263232,-23.999660577713268,6.0
2016-08-02 15:26:41.420,-0.082,-0.684,0.184,-10.689047613875353,8.911684195478331,-23.008748432329202,6.0
2016-08-02 15:26:41.430,-0.043,-0.641,0.172,-3.716116653801358,12.480802522936978,-23.538061711140866,6.0
2016-08-02 15:26:41.440,0.027,-0.621,0.117,0.7528117657073334,17.30597606308792,-27.552533491540267,6.0
2016-08-02 15:26:41.450,0.063,-0.648,0.047,-1.7362807999176915,22.006843622675184,-34.64541720237061,6.0
2016-08-02 15:26:41.460,0.059,-0.656,0.027,-6.478261456597085,23.883307792274767,-43.150833376416706,6.0
2016-08-02 15:26:41.470,0.055,-0.672,0.016,-7.629764499399486,25.627360893103635,-50.498284897553404,6.0
2016-08-02 15:26:41.480,0.063,-0.664,0.039,-6.017891338909594,29.549765359912456,-56.69395188497449,6.0
2016-08-02 15:26:41.490,0.063,-0.645,0.094,-2.475562867393013,33.26199644977831,-62.28134243115513,6.0
2016-08-02 15:26:41.500,0.055,-0.664,0.113,2.7091537740676177,35.07385946127354,-66.59444860961162,6.0
2016-08-02 15:26:41.510,0.082,-0.688,0.117,9.493636808104249,35.84873731511701,-71.4899047418406,6.0
2016-08-02 15:26:41.520,0.109,-0.715,0.086,16.67753733187784,36.375961711970774,-77.78132514623046,6.0
2016-08-02 15:26:41.530,0.145,-0.719,0.047,19.645680184196124,36.54248114738613,-84.47406118105756,6.0
2016-08-02 15:26:41.540,0.188,-0.66,0.012,15.503012009106225,36.154055994117016,-91.61345626476268,6.0
2016-08-02 15:26:41.550,0.227,-0.605,-0.023,5.753400851029336,36.3212407767997,-98.38223192394933,6.0
2016-08-02 15:26:41.560,0.266,-0.594,-0.035,-3.893980765747486,38.14794795843608,-105.58532209034362,6.0
2016-08-02 15:26:41.570,0.305,-0.613,-0.027,-7.4234139530002565,41.71330135002334,-113.67698163691037,6.0
2016-08-02 15:26:41.580,0.316,-0.699,-0.012,-4.338119195213129,46.407374591545945,-120.13280960715932,6.0
2016-08-02 15:26:41.590,0.313,-0.734,-0.004,3.290149269589492,49.39149342046543,-125.25320767525878,6.0
2016-08-02 15:26:41.600,0.328,-0.672,0.031,8.983132886029807,50.55121903583846,-129.50483130401688,6.0
2016-08-02 15:26:41.610,0.371,-0.625,0.016,3.946508711670907,52.178079426513456,-133.68268979691427,6.0
2016-08-02 15:26:41.620,0.418,-0.621,-0.055,-8.648958903441212,50.25741179984153,-142.52891469413908,6.0
2016-08-02 15:26:41.630,0.465,-0.641,-0.098,-18.360792984625323,44.8955798887275,-153.45220585902982,6.0
2016-08-02 15:26:41.640,0.504,-0.691,-0.086,-21.58113426780624,44.517694781433356,-159.5302873949424,6.0
2016-08-02 15:26:41.650,0.523,-0.664,-0.051,-20.343663166702402,48.26892350962443,-162.00828514789342,6.0
2016-08-02 15:26:41.660,0.531,-0.637,-0.031,-18.31430677258227,50.680260193028644,-162.63695821718193,6.0
2016-08-02 15:26:41.670,0.563,-0.641,-0.039,-18.779405537239832,51.52518155695083,-163.60459188398477,6.0
2016-08-02 15:26:41.680,0.625,-0.57,-0.074,-23.479607972092232,49.755072865364625,-168.74736740580028,6.0
2016-08-02 15:26:41.690,0.715,-0.613,-0.145,-34.60265449632255,49.196289424750276,-174.50944666155942,6.0
2016-08-02 15:26:41.700,0.766,-0.656,-0.148,-45.89883031716706,52.074954881843944,-179.83328785214542,6.0
2016-08-02 15:26:41.710,0.77,-0.617,-0.102,-45.31179735402554,51.78336248603147,-184.78891369548137,6.0
2016-08-02 15:26:41.720,0.762,-0.672,-0.063,-38.58449922348723,51.39539325128923,-183.7246316405042,6.0
2016-08-02 15:26:41.730,0.758,-0.676,-0.047,-35.07261202496101,51.89887574463848,-183.43611997559157,6.0
2016-08-02 15:26:41.740,0.801,-0.609,-0.07,-32.169465556831064,46.750998698381714,-190.34127803721373,6.0
2016-08-02 15:26:41.750,0.906,-0.539,-0.152,-35.80430446230608,45.64516718497821,-194.32542251407475,6.0
2016-08-02 15:26:41.760,1.016,-0.52,-0.219,-48.68788044735559,51.93547911167095,-194.5933609537942,6.0
2016-08-02 15:26:41.770,1.109,-0.547,-0.242,-59.465563972094785,54.10949741986383,-199.36666919487504,6.0
2016-08-02 15:26:41.780,1.148,-0.559,-0.191,-64.1200047856207,53.46674531877138,-204.68919140899135,6.0
2016-08-02 15:26:41.790,1.137,-0.625,-0.121,-64.3482727401825,54.001625439672395,-204.73562860287532,6.0
2016-08-02 15:26:41.800,1.102,-0.602,-0.063,-58.64129462562142,52.12976037363157,-203.25634210585287,6.0
2016-08-02 15:26:41.810,1.07,-0.551,-0.035,-49.746361489080684,48.16178252009399,-201.53600281911173,6.0
2016-08-02 15:26:41.820,1.102,-0.531,-0.098,-46.777242744513806,46.87143560109443,-198.9389868967109,6.0
2016-08-02 15:26:41.830,1.184,-0.488,-0.215,-50.80805748876516,48.75701002256629,-201.48704637799827,6.0
2016-08-02 15:26:41.840,1.273,-0.492,-0.313,-56.01807967481676,52.93584069777023,-205.9637036637995,6.0
2016-08-02 15:26:41.850,1.313,-0.57,-0.348,-64.32681178282749,60.94899146989559,-205.57812205485706,6.0
2016-08-02 15:26:41.860,1.285,-0.484,-0.258,-69.80234314972645,64.29090960615872,-205.5723630253599,6.0
2016-08-02 15:26:41.870,1.242,-0.414,-0.145,-66.07993171449598,59.09249004490031,-201.30678266000712,6.0
2016-08-02 15:26:41.880,1.203,-0.426,-0.098,-65.91515137143143,55.649624794429286,-189.33395705135047,6.0
2016-08-02 15:26:41.890,1.223,-0.422,-0.113,-67.58638334363033,50.56448855109831,-186.10848292363949,6.0
2016-08-02 15:26:41.900,1.301,-0.383,-0.152,-60.99393284983165,42.78103432377834,-190.8459612948387,6.0
2016-08-02 15:26:41.910,1.387,-0.32,-0.188,-58.45017084495831,44.408199911258876,-189.07309904137384,6.0
2016-08-02 15:26:41.920,1.461,-0.297,-0.223,-63.56869572986588,48.75818843822506,-187.06161177982372,6.0
2016-08-02 15:26:41.930,1.5,-0.32,-0.266,-66.66592869962633,48.715911594266274,-191.00439335787797,6.0
2016-08-02 15:26:41.940,1.473,-0.352,-0.27,-66.99238840760913,51.67855721192872,-193.33954773402223,6.0
2016-08-02 15:26:41.950,1.398,-0.266,-0.195,-62.52938691026584,53.27057344926889,-190.778575705298,6.0
2016-08-02 15:26:41.960,1.336,-0.184,-0.129,-55.531630035332604,48.0587167566313,-183.4754634609925,6.0
2016-08-02 15:26:41.970,1.328,-0.16,-0.133,-55.00993123263667,43.367178554390364,-174.53999766647155,6.0
2016-08-02 15:26:41.980,1.352,-0.152,-0.191,-56.30242275347876,42.652472198259204,-171.39938532143438,6.0
2016-08-02 15:26:41.990,1.367,-0.164,-0.254,-52.53237476739262,43.959540538190616,-171.89567256557433,6.0
2016-08-02 15:26:42.000,1.395,-0.18,-0.273,-48.96657990574676,45.841343735036794,-170.91320334110264,6.0
2016-08-02 15:26:42.010,1.441,-0.191,-0.301,-48.04756585034024,45.99053034261916,-170.2765743403857,6.0
2016-08-02 15:26:42.020,1.43,-0.152,-0.293,-49.17762130425761,44.44128436803324,-166.3928775096029,6.0
2016-08-02 15:26:42.030,1.379,-0.105,-0.223,-53.363472250252485,41.134096058268106,-156.42782783826226,6.0
2016-08-02 15:26:42.040,1.316,-0.129,-0.145,-55.562969708408815,34.06883353783685,-148.43401490250375,6.0
2016-08-02 15:26:42.050,1.254,-0.176,-0.098,-49.2000893675593,25.007917765965033,-145.6231638233454,6.0
2016-08-02 15:26:42.060,1.223,-0.18,-0.051,-35.91648951969595,17.99735508120629,-142.21014118075965,6.0
2016-08-02 15:26:42.070,1.195,-0.137,-0.059,-24.291737948793738,14.250543498635666,-136.30437729637708,6.0
2016-08-02 15:26:42.080,1.176,-0.066,-0.102,-20.61718012604375,12.336836174042189,-129.86539892784688,6.0
2016-08-02 15:26:42.090,1.164,0.016,-0.129,-24.29941299820289,11.230719859278686,-123.08741816413747,6.0
2016-08-02 15:26:42.100,1.16,0.059,-0.141,-30.855987426608884,10.159994529877173,-116.25387371835085,6.0
2016-08-02 15:26:42.110,1.148,0.066,-0.156,-36.817350069173166,8.44699729886506,-110.1865341160226,6.0
2016-08-02 15:26:42.120,1.121,0.074,-0.125,-41.03808609503813,7.485988930664444,-104.26750158375901,6.0
2016-08-02 15:26:42.130,1.098,0.09,-0.051,-41.43629744101186,8.152286109160432,-97.96418804167195,6.0
2016-08-02 15:26:42.140,1.078,0.082,0.008,-37.97351643182489,9.881952596805101,-91.3720501817277,6.0
2016-08-02 15:26:42.150,1.063,0.047,0.031,-33.47904660151259,11.971567946696112,-85.05553606007504,6.0
2016-08-02 15:26:42.160,1.031,0.023,0.023,-27.613119852857057,12.823600687400212,-79.90848066512098,6.0
2016-08-02 15:26:42.170,0.996,0.02,-0.004,-21.226085103270666,12.638172451016075,-74.77650505902984,6.0
2016-08-02 15:26:42.180,0.953,0.051,-0.02,-18.873192067236545,12.228192562739588,-68.28652383857315,6.0
2016-08-02 15:26:42.190,0.934,0.121,-0.008,-21.57784693233148,10.368132813631176,-60.90180087918849,6.0
2016-08-02 15:26:42.200,0.93,0.176,-0.008,-27.789414618640503,8.407448190531914,-53.19607653380984,6.0
2016-08-02 15:26:42.210,0.922,0.172,0.02,-34.01278253433448,7.936335452297537,-46.98559542235732,6.0
2016-08-02 15:26:42.220,0.922,0.156,0.078,-33.27263986309081,6.780767829653568,-43.23962729528544,6.0
2016-08-02 15:26:42.230,0.922,0.113,0.09,-25.298544244448074,5.345812047321966,-38.881818326587656,6.0
2016-08-02 15:26:42.240,0.922,0.094,0.078,-17.694117867032244,5.3156954791794995,-33.439895082957044,6.0
2016-08-02 15:26:42.250,0.922,0.121,0.055,-13.956340313817657,4.4943582334235455,-29.912819785644626,6.0
2016-08-02 15:26:42.260,0.922,0.18,0.039,-14.500774334347236,2.6722354527780046,-26.332629983953918,6.0
2016-08-02 15:26:42.270,0.906,0.23,0.035,-19.41022781420555,1.4942645247897028,-20.057280384632353,6.0
2016-08-02 15:26:42.280,0.898,0.234,0.047,-23.078466422749838,-0.10060499542909745,-13.992898174642361,6.0
2016-08-02 15:26:42.290,0.895,0.207,0.066,-20.13691937109153,-1.7712606953320031,-10.124952799210101,6.0
2016-08-02 15:26:42.300,0.891,0.184,0.082,-13.034706480382203,-2.388096897708481,-6.8571754258500865,6.0
2016-08-02 15:26:42.310,0.898,0.207,0.098,-6.794116649049135,-2.931040885233249,-3.007661494700266,6.0
2016-08-02 15:26:42.320,0.918,0.246,0.102,-4.122848300493784,-3.52102225782226,0.8157488483231581,6.0
2016-08-02 15:26:42.330,0.934,0.277,0.09,-4.797143107403615,-3.5602598764119167,3.807820479184187,6.0
2016-08-02 15:26:42.340,0.926,0.285,0.078,-5.414750685975349,-3.5623109650330997,6.591487705852888,6.0
2016-08-02 15:26:42.350,0.914,0.277,0.078,-3.0848713226971873,-4.0728025936018915,9.5713350635187,6.0
2016-08-02 15:26:42.360,0.906,0.285,0.082,0.03385816710693509,-4.4316713162510375,12.61105899925299,6.0
2016-08-02 15:26:42.370,0.906,0.313,0.082,-0.038482641147576824,-4.103855404301782,16.160005859275888,6.0
2016-08-02 15:26:42.380,0.914,0.34,0.086,-2.0934113553463165,-4.098348095057406,18.989078268089656,6.0
2016-08-02 15:26:42.390,0.926,0.348,0.086,-1.8911688006575607,-4.480526871913839,20.08664003579467,6.0
2016-08-02 15:26:42.400,0.93,0.34,0.094,0.546126154198528,-4.321407439270022,20.922666829208417,6.0
2016-08-02 15:26:42.410,0.926,0.344,0.109,2.8407103184159963,-4.66614894778446,21.27564570718162,6.0
2016-08-02 15:26:42.420,0.938,0.359,0.117,4.625431459447646,-5.386965264534061,20.756739885278794,6.0
2016-08-02 15:26:42.430,0.945,0.367,0.117,5.499451980794142,-4.686881185759398,20.851287875293266,6.0
2016-08-02 15:26:42.440,0.961,0.379,0.105,5.310258099415851,-3.8042057248517605,20.70979870376382,6.0
2016-08-02 15:26:42.450,0.969,0.402,0.102,4.96598068869725,-3.690773399761819,19.892777435306115,6.0
2016-08-02 15:26:42.460,0.977,0.43,0.086,3.9446706152919333,-2.9929133735947175,20.3078384708683,6.0
2016-08-02 15:26:42.470,0.969,0.434,0.082,1.9615635118588863,-2.243388628335964,21.06214195998181,6.0
2016-08-02 15:26:42.480,0.961,0.426,0.082,0.45782296618164553,-2.264368916596727,20.37664223512519,6.0
2016-08-02 15:26:42.490,0.957,0.426,0.102,-0.40015829266448244,-2.239852360521219,19.259505176159507,6.0
2016-08-02 15:26:42.500,0.953,0.43,0.125,-1.4921254467683058,-2.062681406022208,18.499113780872776,6.0
2016-08-02 15:26:42.510,0.953,0.414,0.125,-2.0730383310878464,-2.0661250021573507,17.089516247997295,6.0
2016-08-02 15:26:42.520,0.957,0.414,0.121,-1.3220827934052222,-1.943988303031286,14.663639089705278,6.0
2016-08-02 15:26:42.530,0.953,0.418,0.117,-0.5272580945601228,-1.7652220940396068,12.571995268943018,6.0
2016-08-02 15:26:42.540,0.949,0.418,0.098,-0.8054577782212486,-1.961438949801014,11.253378098733403,6.0
2016-08-02 15:26:42.550,0.945,0.422,0.082,-1.8364429795787953,-2.141956548866789,9.71031963428824,6.0
2016-08-02 15:26:42.560,0.941,0.441,0.082,-4.070162426916475,-1.7208863887033337,8.491387628239798,6.0
2016-08-02 15:26:42.570,0.934,0.453,0.082,-7.544323217448989,-1.1290831148483562,8.263573630614797,6.0
2016-08-02 15:26:42.580,0.93,0.441,0.094,-9.796252318005156,-0.677709959397421,7.6453671419131615,6.0
2016-08-02 15:26:42.590,0.926,0.43,0.113,-9.089317320204398,-0.19681432852483657,6.034324324972976,6.0
2016-08-02 15:26:42.600,0.922,0.41,0.125,-7.020308663841737,0.27150096031125476,4.4291117576498475,6.0
2016-08-02 15:26:42.610,0.926,0.406,0.121,-5.898984963724746,1.0122671184260965,3.051732978996889,6.0
2016-08-02 15:26:42.620,0.926,0.418,0.117,-5.964965114814917,1.7242515368402211,1.5844686423605912,6.0
2016-08-02 15:26:42.630,0.93,0.418,0.098,-6.599597562718447,2.003258088277062,0.4271872515384974,6.0
2016-08-02 15:26:42.640,0.934,0.418,0.094,-7.867001320750184,2.582141222005379,-0.23806563074737772,6.0
2016-08-02 15:26:42.650,0.93,0.426,0.098,-9.743327751701761,2.949824667454153,-0.633206188539754,6.0
2016-08-02 15:26:42.660,0.922,0.418,0.094,-11.32258350204888,2.1842164723386612,-0.8954950859410875,6.0
2016-08-02 15:26:42.670,0.918,0.398,0.102,-10.863351326738076,1.2374210640330423,-1.4350164048744798,6.0
2016-08-02 15:26:42.680,0.922,0.391,0.102,-8.430058886532198,0.705038680016761,-2.2299818196533105,6.0
2016-08-02 15:26:42.690,0.938,0.391,0.105,-6.684446891995307,0.4189098310541519,-2.808959447377553,6.0
2016-08-02 15:26:42.700,0.941,0.395,0.098,-6.546631520290202,0.36652898804445566,-3.377966107652357,6.0
2016-08-02 15:26:42.710,0.945,0.395,0.09,-6.488483144696843,0.21926425176649414,-4.446293561804569,6.0
2016-08-02 15:26:42.720,0.949,0.387,0.086,-5.769401191088328,0.22583704417768255,-5.51757409306123,6.0
2016-08-02 15:26:42.730,0.949,0.383,0.086,-4.987304015315873,0.41692384540989164,-5.766845733735766,6.0
2016-08-02 15:26:42.740,0.949,0.383,0.09,-4.666773218833244,0.06611455277938262,-5.481989246292179,6.0
2016-08-02 15:26:42.750,0.941,0.379,0.098,-4.436117580224043,-0.2574665247910142,-4.910158642151162,6.0
2016-08-02 15:26:42.760,0.938,0.379,0.105,-3.707716904441148,-0.30261636296508676,-3.95196375123552,6.0
2016-08-02 15:26:42.770,0.938,0.375,0.113,-2.6711005460318407,-0.924317882309384,-3.2121178063436906,6.0
2016-08-02 15:26:42.780,0.941,0.375,0.109,-1.5988968887882946,-1.5392088496402474,-2.9868474192631407,6.0
2016-08-02 15:26:42.790,0.938,0.371,0.102,-0.45355943149045874,-1.8520540329082744,-2.9093856294167786,6.0
2016-08-02 15:26:42.800,0.938,0.367,0.094,0.2938760497376822,-2.6419996775976315,-2.875670455422397,6.0
2016-08-02 15:26:42.810,0.945,0.359,0.09,0.5235685037140904,-3.2795168527424905,-2.974395217531208,6.0
2016-08-02 15:26:42.820,0.949,0.363,0.094,0.5060548060256123,-3.13991624947817,-2.984292760274388,6.0
2016-08-02 15:26:42.830,0.949,0.371,0.094,-0.20877207513848334,-2.9631140679669565,-2.3271325422233082,6.0
2016-08-02 15:26:42.840,0.945,0.367,0.098,-1.081172594682264,-3.1338828645518584,-1.0151115491367113,6.0
2016-08-02 15:26:42.850,0.945,0.371,0.109,-0.5229405207895508,-3.396053225895101,0.08247170080294516,6.0
2016-08-02 15:26:42.860,0.945,0.359,0.113,1.0694508862785144,-3.568802519706315,0.8558620289247927,6.0
2016-08-02 15:26:42.870,0.949,0.355,0.105,1.9814814572847754,-3.751144646722694,1.8421408539056514,6.0
2016-08-02 15:26:42.880,0.949,0.355,0.094,2.0794351383804326,-4.1634485198188065,2.675852335562049,6.0
2016-08-02 15:26:42.890,0.945,0.355,0.086,1.8478330671929328,-4.608552990691193,2.99538579469376,6.0
2016-08-02 15:26:42.900,0.949,0.355,0.082,1.0527864066309685,-4.7277818892010135,3.2299857640698244,6.0
2016-08-02 15:26:42.910,0.953,0.359,0.086,-0.125715273264496,-4.616453049092237,3.5719048413295322,6.0
2016-08-02 15:26:42.920,0.957,0.367,0.098,-1.274524488079944,-4.728365192172713,4.03027768539105,6.0
2016-08-02 15:26:42.930,0.953,0.363,0.109,-1.8844954750028187,-5.224926590554,4.78711151942778,6.0
2016-08-02 15:26:42.940,0.953,0.355,0.105,-1.4520544695844328,-5.540716173963023,5.671243548805318,6.0
2016-08-02 15:26:42.950,0.953,0.344,0.105,-0.7067867870680333,-5.391056090162797,6.380834859475497,6.0
2016-08-02 15:26:42.960,0.961,0.344,0.098,-0.5665032371921521,-5.12548236946318,7.115932072406721,6.0
2016-08-02 15:26:42.970,0.961,0.348,0.094,-1.2112699722212914,-4.836625821569831,8.10050483319138,6.0
2016-08-02 15:26:42.980,0.953,0.359,0.086,-2.334957659674961,-4.803334305814634,9.172671421183047,6.0
2016-08-02 15:26:42.990,0.949,0.352,0.09,-3.116897361972995,-5.044745001497294,10.109378763747074,6.0
2016-08-02 15:26:43.000,0.941,0.348,0.09,-3.415030635775934,-5.036358987117546,10.620847567643846,6.0
2016-08-02 15:26:43.010,0.949,0.348,0.094,-3.7093275217251884,-4.74609842947772,11.222258395269009,6.0
2016-08-02 15:26:43.020,0.949,0.348,0.094,-4.1170745223507,-4.0896235032658055,12.317426628814086,6.0
2016-08-02 15:26:43.030,0.953,0.336,0.098,-4.1748937510562705,-3.5433408143938365,12.537057403563688,6.0
2016-08-02 15:26:43.040,0.953,0.34,0.109,-3.566790651295614,-3.513974621586276,12.397978264376146,6.0
2016-08-02 15:26:43.050,0.953,0.348,0.113,-3.740574573838535,-3.3531202389536587,13.558553789385423,6.0
2016-08-02 15:26:43.060,0.949,0.348,0.117,-5.39460433981329,-3.8065392735533274,14.312283720502124,6.0
2016-08-02 15:26:43.070,0.949,0.344,0.117,-6.496535467391187,-4.868419225125037,13.884102913928247,6.0
2016-08-02 15:26:43.080,0.953,0.348,0.113,-6.2828727479592725,-4.77022980305573,13.883955050592185,6.0
2016-08-02 15:26:43.090,0.969,0.344,0.117,-5.759912414656243,-4.219801666015153,14.094507890338495,6.0
2016-08-02 15:26:43.100,0.977,0.34,0.105,-5.168504830549686,-4.257080232164042,13.829975315336524,6.0
2016-08-02 15:26:43.110,0.984,0.344,0.102,-4.985222146134474,-3.8082993041707205,13.60607324699651,6.0
2016-08-02 15:26:43.120,0.988,0.352,0.102,-5.9272430068377275,-2.806484490441485,14.092289472855594,6.0
2016-08-02 15:26:43.130,0.988,0.355,0.105,-7.613553816946724,-2.33693402692431,15.272955751121971,6.0
2016-08-02 15:26:43.140,0.984,0.348,0.102,-8.87329381985496,-2.314268527862017,16.22196965228526,6.0
2016-08-02 15:26:43.150,0.984,0.34,0.109,-8.72256869904512,-2.0898941732124214,16.369080397369014,6.0
2016-08-02 15:26:43.160,0.977,0.332,0.125,-7.421856224546346,-2.035315648580992,16.033125300994662,6.0
2016-08-02 15:26:43.170,0.969,0.328,0.133,-5.993124765560327,-2.437188334539852,15.520805442976867,6.0
2016-08-02 15:26:43.180,0.977,0.324,0.125,-4.964543361457662,-2.4568007958153952,14.878908651048835,6.0
2016-08-02 15:26:43.190,0.984,0.316,0.109,-4.404358848691303,-1.469415015563341,14.153699037966867,6.0
2016-08-02 15:26:43.200,1.0,0.309,0.094,-4.058977881387607,0.17087442083731974,13.527465742912852,6.0
2016-08-02 15:26:43.210,1.004,0.313,0.082,-3.7881994743614156,1.7547312883442703,13.398958111628229,6.0
2016-08-02 15:26:43.220,0.996,0.316,0.086,-4.247287052002895,3.0019809216834266,14.345935373930363,6.0
2016-08-02 15:26:43.230,0.988,0.32,0.094,-5.76272252069704,3.885288866118114,15.970061468041724,6.0
2016-08-02 15:26:43.240,0.98,0.332,0.102,-7.308511729567067,3.998868892228021,16.7425277171082,6.0
2016-08-02 15:26:43.250,0.973,0.336,0.109,-8.007642257805813,3.5826362314010765,16.85822939671857,6.0
2016-08-02 15:26:43.260,0.957,0.32,0.113,-7.850202802808154,3.3331507072361575,17.219279295083194,6.0
2016-08-02 15:26:43.270,0.949,0.309,0.125,-6.7279956547437,2.7215392923583983,16.746392791579925,6.0
2016-08-02 15:26:43.280,0.953,0.313,0.125,-5.259343299434265,1.9070846558566985,15.619185362635609,6.0
2016-08-02 15:26:43.290,0.945,0.301,0.121,-4.548776341054208,1.9503739486436769,15.001608709789576,6.0
2016-08-02 15:26:43.300,0.945,0.301,0.117,-3.9920655776099587,2.2616245163644138,13.963141046041173,6.0
2016-08-02 15:26:43.310,0.938,0.305,0.113,-3.02277358535627,2.494942029373166,12.643651335770828,6.0
2016-08-02 15:26:43.320,0.934,0.316,0.109,-2.8199025263297894,2.8148081107029332,12.273461916651705,6.0
2016-08-02 15:26:43.330,0.934,0.32,0.102,-3.5556756723459126,2.6844833257942073,12.045469542594603,6.0
2016-08-02 15:26:43.340,0.926,0.313,0.109,-3.7929175087667586,2.5461023430971346,11.375114487728224,6.0
2016-08-02 15:26:43.350,0.922,0.309,0.109,-3.0741671534756767,2.6224582419613487,10.86367510010128,6.0
2016-08-02 15:26:43.360,0.93,0.305,0.109,-2.0296098640841302,2.600157301197058,10.508933944003399,6.0
2016-08-02 15:26:43.370,0.945,0.301,0.102,-0.7008578679187382,3.034988003530686,10.127374720881908,6.0
2016-08-02 15:26:43.380,0.953,0.289,0.09,0.6265203823604997,3.83340559590276,9.62882113102956,6.0
2016-08-02 15:26:43.390,0.953,0.281,0.07,0.6904718677742054,4.231976370179424,9.26019078540806,6.0
2016-08-02 15:26:43.400,0.953,0.293,0.066,-0.7001600922099167,3.9924048070438376,9.611074644628228,6.0
2016-08-02 15:26:43.410,0.957,0.301,0.066,-2.2670456967543977,3.4403165297593916,10.27152858177001,6.0
2016-08-02 15:26:43.420,0.957,0.297,0.074,-3.173970767162265,2.9301689037255363,10.36491587427983,6.0
2016-08-02 15:26:43.430,0.961,0.305,0.094,-3.2174765803137757,2.1846593823206852,9.97353130186917,6.0
2016-08-02 15:26:43.440,0.961,0.289,0.105,-2.1863259869032863,1.3333044977626012,9.752555008058387,6.0
2016-08-02 15:26:43.450,0.961,0.285,0.113,-0.3505653543269425,0.49802934274662813,9.377006626908901,6.0
2016-08-02 15:26:43.460,0.969,0.285,0.102,1.542520403308326,-0.8394907512250755,8.07773467221212,6.0
2016-08-02 15:26:43.470,0.98,0.285,0.09,2.674208436378363,-2.0456073033752924,6.497935080669629,6.0
2016-08-02 15:26:43.480,0.984,0.289,0.078,2.691789531073553,-2.9516126120636765,5.287708756376854,6.0
2016-08-02 15:26:43.490,0.988,0.301,0.07,2.0463953152205616,-4.355327834234982,4.431851797777371,6.0
2016-08-02 15:26:43.500,0.98,0.309,0.059,1.185171206133204,-5.419268397564345,4.132745883074892,6.0
2016-08-02 15:26:43.510,0.988,0.305,0.082,0.6774386807299255,-5.6799881596372845,3.8120941171623945,6.0
2016-08-02 15:26:43.520,0.988,0.301,0.094,1.0187634642115213,-6.0052501607274005,2.985078438575905,6.0
2016-08-02 15:26:43.530,0.98,0.297,0.094,1.361436278010543,-6.4726839343508225,2.0788900677309203,6.0
2016-08-02 15:26:43.540,0.977,0.289,0.098,1.170151972230799,-6.595625932260479,1.3730564326929788,6.0
2016-08-02 15:26:43.550,0.977,0.289,0.098,1.1589238835741411,-6.065926366836037,1.0871333716713385,6.0
2016-08-02 15:26:43.560,0.977,0.289,0.086,0.8587437884637948,-5.397085884719007,0.921306982975891,6.0
2016-08-02 15:26:43.570,0.973,0.297,0.078,-0.43807128666225564,-5.229294765677553,0.59580348214281,6.0
2016-08-02 15:26:43.580,0.965,0.309,0.082,-1.848092174810108,-4.912206602201064,0.9224424085238052,6.0
2016-08-02 15:26:43.590,0.961,0.301,0.086,-2.6745481052919846,-4.089030178612823,1.5992147398297936,6.0
2016-08-02 15:26:43.600,0.965,0.301,0.09,-2.490684343970282,-3.245696478375865,1.4163206620024893,6.0
2016-08-02 15:26:43.610,0.961,0.285,0.09,-1.296360992422649,-2.205997889735713,1.043012804976841,6.0
2016-08-02 15:26:43.620,0.957,0.281,0.09,-0.5789212010291785,-1.3702826771411691,0.8878713517009834,6.0
2016-08-02 15:26:43.630,0.957,0.289,0.094,-0.8345485662569878,-1.3871590589346137,0.11502786792914531,6.0
2016-08-02 15:26:43.640,0.957,0.285,0.09,-1.1339566199602724,-1.1623204637129736,-0.6992562826273935,6.0
2016-08-02 15:26:43.650,0.957,0.281,0.098,-1.1460367383032375,-0.5490832441219452,-1.1551221448224176,6.0
2016-08-02 15:26:43.660,0.953,0.281,0.105,-0.7768366453882669,-0.7953981190978776,-1.888821786225869,6.0
2016-08-02 15:26:43.670,0.953,0.273,0.109,-0.31940156372714634,-1.3825152036685324,-2.6603231148595454,6.0
2016-08-02 15:26:43.680,0.953,0.273,0.102,-0.16887624420705308,-1.704423050751016,-3.272563085878452,6.0
2016-08-02 15:26:43.690,0.953,0.273,0.102,0.09404943967737985,-2.394563373638612,-3.6600253891534207,6.0
2016-08-02 15:26:43.700,0.953,0.273,0.098,0.6346452967699747,-3.3369806381991287,-3.5723690588031793,6.0
2016-08-02 15:26:43.710,0.957,0.277,0.098,1.1580010581580151,-3.969867491119542,-3.5160010113017597,6.0
2016-08-02 15:26:43.720,0.969,0.277,0.094,1.3904089574032845,-4.171810585792363,-3.5660474484039186,6.0
2016-08-02 15:26:43.730,0.969,0.277,0.102,1.3871073966239846,-4.3033025951746335,-3.5050563687003087,6.0
2016-08-02 15:26:43.740,0.977,0.273,0.098,1.9105754500552332,-4.587087344201301,-3.6886500739876333,6.0
2016-08-02 15:26:43.750,0.984,0.273,0.094,2.8734138143623005,-4.298330140053153,-3.828005851268611,6.0
2016-08-02 15:26:43.760,0.988,0.273,0.09,3.249435013236145,-3.5038369545124306,-3.8209453671327696,6.0
2016-08-02 15:26:43.770,0.988,0.273,0.09,3.009682644666838,-3.1400866276924857,-4.007040235407482,6.0
2016-08-02 15:26:43.780,0.992,0.277,0.086,2.6692012667153344,-2.909899393478335,-3.7767889591327504,6.0
2016-08-02 15:26:43.790,1.0,0.277,0.078,2.430527944460092,-2.360398777788277,-3.0364872274008476,6.0
2016-08-02 15:26:43.800,1.0,0.277,0.078,2.3857939120664087,-1.7701362453333815,-2.470022998595447,6.0
2016-08-02 15:26:43.810,1.004,0.273,0.086,2.473020773677715,-1.3183483136607062,-1.9470465992332402,6.0
2016-08-02 15:26:43.820,1.008,0.273,0.09,2.7363797101570158,-1.1986036101500857,-1.3623923577865253,6.0
2016-08-02 15:26:43.830,1.012,0.273,0.094,3.226362772023953,-1.2317294254331506,-0.8578296200157246,6.0
2016-08-02 15:26:43.840,1.016,0.27,0.09,3.4268969100483084,-0.974314409176745,-0.4399557365604291,6.0
2016-08-02 15:26:43.850,1.012,0.273,0.09,3.0083168903833237,-0.857196176267663,-0.2978302248819662,6.0
2016-08-02 15:26:43.860,1.012,0.27,0.086,2.547277642854975,-1.0767902782357635,-0.06547833441504004,6.0
2016-08-02 15:26:43.870,1.016,0.273,0.086,2.4268325520885705,-1.0371259305067642,0.3745958800504073,6.0
2016-08-02 15:26:43.880,1.012,0.262,0.086,2.3661651106178527,-1.0469333960681504,0.5303579949182797,6.0
2016-08-02 15:26:43.890,1.004,0.258,0.082,2.231526111282353,-1.5394065820019835,0.7945057124076683,6.0
2016-08-02 15:26:43.900,0.992,0.258,0.086,2.109528259996094,-2.151219050498976,1.5470581864373512,6.0
2016-08-02 15:26:43.910,0.988,0.258,0.086,1.8390301586103766,-2.7457818647297323,2.3399409910260736,6.0
2016-08-02 15:26:43.920,0.98,0.262,0.09,1.631979817813351,-3.3642557937175046,2.835882224261206,6.0
2016-08-02 15:26:43.930,0.977,0.266,0.094,1.951290331861499,-3.738118410089429,3.2833220557664555,6.0
2016-08-02 15:26:43.940,0.969,0.266,0.094,2.106436122126701,-3.624384796955913,3.9944807484579092,6.0
2016-08-02 15:26:43.950,0.973,0.262,0.094,1.8285340600517368,-3.4350601422236986,4.4605113351877534,6.0
2016-08-02 15:26:43.960,0.969,0.266,0.09,1.8945268531627912,-3.2121720198267707,4.53372091420216,6.0
2016-08-02 15:26:43.970,0.969,0.262,0.078,1.726515764998387,-2.4687046130333727,4.7232485325835665,6.0
2016-08-02 15:26:43.980,0.969,0.266,0.074,0.6169428355991915,-1.6171248455824183,4.808737707436503,6.0
2016-08-02 15:26:43.990,0.969,0.27,0.074,-0.7317989807760621,-0.9321948912991357,5.0005244962778495,6.0
2016-08-02 15:26:44.000,0.957,0.277,0.078,-1.7279046705776389,-0.2605263675937465,5.669598027834665,6.0
2016-08-02 15:29:02.000,0.887,0.215,-0.465,2.2671484412514786,-0.5655771987692935,0.1640148922910129,7.0
2016-08-02 15:29:02.010,0.887,0.207,-0.465,1.507423971242202,-0.5993486070601032,0.3767101104404254,7.0
2016-08-02 15:29:02.020,0.891,0.203,-0.461,1.3358844364421767,-0.528364099016561,0.48003824056523753,7.0
2016-08-02 15:29:02.030,0.891,0.207,-0.465,1.1742818538698048,-0.4302264535194821,0.655665271922159,7.0
2016-08-02 15:29:02.040,0.883,0.207,-0.465,1.0961508844119006,-0.5190589067357307,0.8357968956819144,7.0
2016-08-02 15:29:02.050,0.883,0.211,-0.469,1.0784862509544757,-0.7550826884066772,0.8845930552598325,7.0
2016-08-02 15:29:02.060,0.887,0.211,-0.469,0.6416574513480955,-0.9796482387552203,0.9559147317391232,7.0
2016-08-02 15:29:02.070,0.887,0.211,-0.465,0.10598484000006339,-1.1140475472531497,1.084465050337789,7.0
2016-08-02 15:29:02.080,0.891,0.211,-0.457,-0.2460995906806658,-1.0501552373943885,1.0400165714187894,7.0
2016-08-02 15:29:02.090,0.887,0.207,-0.457,-0.5787769234704785,-0.8522854702679916,0.8403317514834978,7.0
2016-08-02 15:29:02.100,0.883,0.203,-0.461,-0.7432915396322941,-0.8597289998457518,0.7394734672578139,7.0
2016-08-02 15:29:02.110,0.879,0.207,-0.465,-1.0595151470085937,-1.0539142420313612,0.7608801956992772,7.0
2016-08-02 15:29:02.120,0.879,0.211,-0.461,-1.980551662494011,-1.0250969184783876,0.7711252731765931,7.0
2016-08-02 15:29:02.130,0.883,0.207,-0.453,-2.7153205144531287,-0.7668781760775165,0.7749913028641601,7.0
2016-08-02 15:29:02.140,0.879,0.207,-0.453,-2.5406039754320573,-0.49254711234200305,0.8372164212600626,7.0
2016-08-02 15:29:02.150,0.875,0.211,-0.453,-2.0126053756415794,-0.19288310330643052,0.9128815629852955,7.0
2016-08-02 15:29:02.160,0.875,0.215,-0.461,-1.7812351308197436,0.002379495324267844,0.9977967581801157,7.0
2016-08-02 15:29:02.170,0.883,0.215,-0.469,-1.9390125160529013,-0.03220355306057673,1.1745471796301454,7.0
2016-08-02 15:29:02.180,0.879,0.215,-0.469,-2.3058849287497836,-0.1240771178739104,1.3524219329481013,7.0
2016-08-02 15:29:02.190,0.879,0.211,-0.465,-2.5380990466029734,-0.10353344052945357,1.4226898451911438,7.0
2016-08-02 15:29:02.200,0.887,0.207,-0.465,-2.5711889364467706,0.050513220326737364,1.4472201435102452,7.0
2016-08-02 15:29:02.210,0.891,0.203,-0.461,-2.60480918168146,0.18253949957971718,1.4043409481664935,7.0
2016-08-02 15:29:02.220,0.891,0.203,-0.465,-2.537461121950998,0.11194856043826695,1.2919362998458466,7.0
2016-08-02 15:29:02.230,0.891,0.199,-0.457,-2.3312765991785285,-0.05541586839303502,1.203338841862445,7.0
2016-08-02 15:29:02.240,0.891,0.199,-0.453,-2.2346845779674775,-0.18166955510067165,1.1013212868957392,7.0
2016-08-02 15:29:02.250,0.883,0.199,-0.453,-2.360058176915441,-0.36774022280481156,0.9447751662573212,7.0
2016-08-02 15:29:02.260,0.883,0.203,-0.453,-2.441823574575752,-0.6685281643271137,0.7838854847050535,7.0
2016-08-02 15:29:02.270,0.887,0.203,-0.453,-1.8293636462062055,-0.9271199480846948,0.5863917346692796,7.0
2016-08-02 15:29:02.280,0.891,0.207,-0.461,-0.7339795852733892,-1.0293689349390251,0.3448789160141251,7.0
2016-08-02 15:29:02.290,0.887,0.211,-0.465,-0.27815928885425245,-1.1018788337972516,0.27587486412641604,7.0
2016-08-02 15:29:02.300,0.891,0.211,-0.465,-0.46280681102217797,-1.0792149826699693,0.4304240066446743,7.0
2016-08-02 15:29:02.310,0.891,0.207,-0.457,-0.5246874590601875,-0.7345493635135707,0.5926896007907247,7.0
2016-08-02 15:29:02.320,0.891,0.199,-0.453,-0.19365916402779498,-0.3036430909673921,0.6464184562133203,7.0
2016-08-02 15:29:02.330,0.883,0.199,-0.461,0.29425636707544267,-0.08065973945264086,0.5880264440344096,7.0
2016-08-02 15:29:02.340,0.879,0.207,-0.465,0.4609868065173375,-0.07335320519443023,0.5544295457943609,7.0
2016-08-02 15:29:02.350,0.879,0.211,-0.469,0.6482481346876162,-0.23444520082163134,0.54242573991781,7.0
2016-08-02 15:29:02.360,0.883,0.211,-0.465,1.1406603359643477,-0.40059281360145377,0.443415625200125,7.0
2016-08-02 15:29:02.370,0.883,0.207,-0.457,1.1368241220495876,-0.4085808244494168,0.4668380199690638,7.0
2016-08-02 15:29:02.380,0.887,0.207,-0.457,0.8819835891609855,-0.3083383129451538,0.5815387028950711,7.0
2016-08-02 15:29:02.390,0.887,0.203,-0.449,1.067903290607052,-0.2787627538234405,0.5548896039376515,7.0
2016-08-02 15:29:02.400,0.887,0.203,-0.457,0.8972521541922316,-0.3188802228726533,0.44662399198922426,7.0
2016-08-02 15:29:02.410,0.887,0.207,-0.461,0.2953735406397772,-0.3919856024078609,0.20666445123548272,7.0
2016-08-02 15:29:02.420,0.887,0.211,-0.465,0.2613429539186274,-0.6850285523852955,-0.06429426898466421,7.0
2016-08-02 15:29:02.430,0.887,0.207,-0.469,0.6131297663702006,-1.05575464719149,-0.10189541890448522,7.0
2016-08-02 15:29:02.440,0.887,0.215,-0.469,0.7280371613378779,-1.1371212187285842,-0.1106379416963838,7.0
2016-08-02 15:29:02.450,0.891,0.215,-0.461,0.665485512109389,-1.010884776022947,-0.1851748363354865,7.0
2016-08-02 15:29:02.460,0.895,0.211,-0.461,0.5669947186457605,-0.8361844997359666,-0.15258887404153804,7.0
2016-08-02 15:29:02.470,0.891,0.211,-0.461,0.466841201714538,-0.7164130910113516,-0.13520135924522753,7.0
2016-08-02 15:29:02.480,0.887,0.207,-0.465,0.334245715045649,-0.7620540857167688,-0.1168720205237378,7.0
2016-08-02 15:29:02.490,0.887,0.207,-0.461,0.10074011830932807,-0.7356870444853456,-0.00984245490907577,7.0
2016-08-02 15:29:02.500,0.879,0.207,-0.465,-0.11427789753503242,-0.5548643594344663,-0.010489506755899929,7.0
2016-08-02 15:29:02.510,0.883,0.211,-0.465,-0.11290544950184697,-0.47285225942242115,-0.021726235574078313,7.0
2016-08-02 15:29:02.520,0.883,0.219,-0.473,0.09752455518996372,-0.48859059130829485,0.09479222138063087,7.0
2016-08-02 15:29:02.530,0.879,0.215,-0.473,0.004931955405850619,-0.4899921284658929,0.1704519982617092,7.0
2016-08-02 15:29:02.540,0.879,0.211,-0.469,-0.6570956322214353,-0.5044103314661079,0.24469376994181588,7.0
2016-08-02 15:29:02.550,0.879,0.211,-0.469,-1.0806441751532891,-0.5122253510636865,0.32901400619025756,7.0
2016-08-02 15:29:02.560,0.879,0.203,-0.461,-0.7861269622191922,-0.36201321870668407,0.27489421892193716,7.0
2016-08-02 15:29:02.570,0.883,0.199,-0.457,-0.24612945947658707,-0.04292960545293981,0.09292657789445433,7.0
2016-08-02 15:29:02.580,0.883,0.203,-0.457,0.18100311104808958,0.1769877850290946,-0.1198844544228364,7.0
2016-08-02 15:29:02.590,0.879,0.203,-0.461,0.20709520334772555,0.20973927641291013,-0.1725510290546057,7.0
2016-08-02 15:29:02.600,0.879,0.207,-0.465,-0.17526681443764486,0.2664924228730744,-0.011877604704320636,7.0
2016-08-02 15:29:02.610,0.875,0.211,-0.457,-0.4612962295472952,0.42499450106637116,0.20570319927416542,7.0
2016-08-02 15:29:02.620,0.875,0.207,-0.453,-0.6117686592598818,0.6930320389213269,0.3395608113936316,7.0
2016-08-02 15:29:02.630,0.879,0.211,-0.457,-0.617439709301073,1.0989551796922643,0.31590089980839886,7.0
2016-08-02 15:29:02.640,0.883,0.211,-0.465,-0.03037216369280507,1.3664599607708474,0.26638485564512376,7.0
2016-08-02 15:29:02.650,0.883,0.215,-0.469,0.8810347496795545,1.2784378650223935,0.24247591394542445,7.0
2016-08-02 15:29:02.660,0.875,0.207,-0.473,1.640025402111498,0.9928599423378699,0.12591857474841278,7.0
2016-08-02 15:29:02.670,0.871,0.203,-0.465,2.0441500026166395,0.7375171037273563,0.012239429301959853,7.0
2016-08-02 15:29:02.680,0.883,0.207,-0.461,1.5688630352797164,0.7686040938724932,0.08583936728397064,7.0
2016-08-02 15:29:02.690,0.887,0.207,-0.441,0.7238662817150973,1.0560666278439457,0.24079087720468353,7.0
2016-08-02 15:29:02.700,0.891,0.195,-0.441,0.6048797556775409,1.3828257102630839,0.2028565478460426,7.0
2016-08-02 15:29:02.710,0.887,0.195,-0.449,0.9091799848214925,1.6672730085500977,0.07140011182814231,7.0
2016-08-02 15:29:02.720,0.879,0.207,-0.469,1.3312008918125222,1.637116358984716,0.06065271631250438,7.0
2016-08-02 15:29:02.730,0.875,0.211,-0.477,2.0160638967081463,1.3431612905984556,0.10049761515583874,7.0
2016-08-02 15:29:02.740,0.883,0.207,-0.469,2.247450199645908,1.3107532338783354,0.2190625422359468,7.0
2016-08-02 15:29:02.750,0.887,0.207,-0.453,1.6737702945453972,1.6791240622729546,0.5183710191947591,7.0
2016-08-02 15:29:02.760,0.887,0.207,-0.445,0.9574464429870742,2.278449510677932,0.9880652571262611,7.0
2016-08-02 15:29:02.770,0.887,0.207,-0.441,0.49821902824787245,2.9730848368385296,1.4219366028795923,7.0
2016-08-02 15:29:02.780,0.883,0.211,-0.457,0.5443146535103589,3.429616445675964,1.4834975521515477,7.0
2016-08-02 15:29:02.790,0.871,0.211,-0.473,1.2803262163305225,3.2060089155838907,1.255438103736679,7.0
2016-08-02 15:29:02.800,0.879,0.211,-0.473,1.973287118500362,2.4581744360113897,1.036947957395228,7.0
2016-08-02 15:29:02.810,0.879,0.207,-0.469,1.7911373183134098,1.8618861924302736,0.9525143795749413,7.0
2016-08-02 15:29:02.820,0.891,0.207,-0.449,0.9172456337621897,1.690917514146625,1.099782046473456,7.0
2016-08-02 15:29:02.830,0.895,0.203,-0.441,0.26430408305270736,1.7881597978905484,1.2507215387295605,7.0
2016-08-02 15:29:02.840,0.895,0.195,-0.445,0.6580142374664238,1.7623101307116535,1.11871646990029,7.0
2016-08-02 15:29:02.850,0.895,0.195,-0.453,1.6796462315586613,1.235577683629725,0.8500446643913586,7.0
2016-08-02 15:29:02.860,0.895,0.203,-0.461,2.158025796829309,0.4310949875759948,0.5827618930371733,7.0
2016-08-02 15:29:02.870,0.891,0.203,-0.461,1.6940284887362334,-0.33492024282205335,0.42269248139868787,7.0
2016-08-02 15:29:02.880,0.895,0.207,-0.457,0.5647549971058451,-0.8744222552655052,0.39877345819743903,7.0
2016-08-02 15:29:02.890,0.895,0.207,-0.453,-0.32125955871949974,-0.8391261063941869,0.3197901821179202,7.0
2016-08-02 15:29:02.900,0.895,0.211,-0.449,-0.3604369899304374,-0.4127755800153569,0.25285318977926924,7.0
2016-08-02 15:29:02.910,0.895,0.207,-0.457,-0.20007154073581823,-0.15204962085199977,0.24716784242175455,7.0
2016-08-02 15:29:02.920,0.891,0.207,-0.465,0.18054133219101376,-0.08955713216091679,0.16303552581507572,7.0
2016-08-02 15:29:02.930,0.887,0.211,-0.465,1.011262654828566,-0.04029020832562518,0.08870351090519434,7.0
2016-08-02 15:29:02.940,0.887,0.211,-0.469,1.2477243953067094,-0.1376297483835081,0.06846071814231557,7.0
2016-08-02 15:29:02.950,0.879,0.215,-0.469,0.6959496492213122,-0.31628013905490876,0.06815712869659393,7.0
2016-08-02 15:29:02.960,0.879,0.215,-0.469,0.30830982210331026,-0.2931947405123675,0.15368306945519375,7.0
2016-08-02 15:29:02.970,0.883,0.211,-0.465,0.4512850382193039,-0.20945064578353997,0.2705685687769128,7.0
2016-08-02 15:29:02.980,0.887,0.211,-0.457,0.7183508954392965,-0.1083555387495745,0.28218128013424826,7.0
2016-08-02 15:29:02.990,0.883,0.207,-0.461,0.6321557428192726,0.09916676343281594,0.19110732864575053,7.0
2016-08-02 15:29:03.000,0.867,0.211,-0.477,0.5720319210996674,0.005428210012642279,0.1217007201041732,7.0
2016-08-02 15:29:03.010,0.867,0.207,-0.48,1.207676493597596,-0.6885416688430552,-0.071097102261239,7.0
2016-08-02 15:29:03.020,0.871,0.211,-0.492,2.627324708537679,-1.8567213761478127,-0.5611041297755124,7.0
2016-08-02 15:29:03.030,0.875,0.211,-0.484,4.211867183817615,-3.3098549246143527,-1.0348021855182068,7.0
2016-08-02 15:29:03.040,0.883,0.211,-0.477,5.03885000116662,-4.825720641788782,-1.4834952419580842,7.0
2016-08-02 15:29:03.050,0.887,0.211,-0.469,4.882672442080346,-6.108433036118887,-1.956558132597983,7.0
2016-08-02 15:29:03.060,0.891,0.211,-0.461,4.004167377708168,-6.813895495109519,-2.0386833556302326,7.0
2016-08-02 15:29:03.070,0.895,0.203,-0.465,3.6328211511551833,-7.14148339193205,-2.229518430397883,7.0
2016-08-02 15:29:03.080,0.895,0.207,-0.484,4.508760172594224,-7.780730119782085,-2.9569500779550557,7.0
2016-08-02 15:29:03.090,0.887,0.219,-0.5,4.935256205326502,-8.928486039198374,-3.4116606787683095,7.0
2016-08-02 15:29:03.100,0.883,0.227,-0.508,4.353112671479556,-10.283844598751372,-3.4191923031006235,7.0
2016-08-02 15:29:03.110,0.891,0.23,-0.504,3.6380482078837924,-11.248363007056566,-3.3513427217916454,7.0
2016-08-02 15:29:03.120,0.887,0.219,-0.488,2.5910811986485403,-11.434459993589329,-3.1725946830783838,7.0
2016-08-02 15:29:03.130,0.887,0.223,-0.484,1.5978412222180167,-11.218672162208861,-3.114926706293753,7.0
2016-08-02 15:29:03.140,0.883,0.227,-0.492,1.9757747924515212,-11.270773736421916,-3.3145054419752524,7.0
2016-08-02 15:29:03.150,0.871,0.227,-0.516,3.6647657963135183,-12.275549696234966,-3.3681240844712996,7.0
2016-08-02 15:29:03.160,0.867,0.238,-0.523,4.335493329646228,-14.117136136700282,-3.171750137907689,7.0
2016-08-02 15:29:03.170,0.871,0.246,-0.531,3.0206712252606636,-15.885312034753351,-2.9832585399714056,7.0
2016-08-02 15:29:03.180,0.883,0.238,-0.523,1.399359505152848,-17.328887107405038,-2.732137152547967,7.0
2016-08-02 15:29:03.190,0.891,0.227,-0.508,-0.5462926617159904,-18.275947520689737,-2.281286316076581,7.0
2016-08-02 15:29:03.200,0.891,0.215,-0.496,-3.107347008554383,-18.47226900756303,-1.886204460159362,7.0
2016-08-02 15:29:03.210,0.891,0.199,-0.5,-4.963457684573264,-18.62655486699751,-1.6880580770009037,7.0
2016-08-02 15:29:03.220,0.883,0.215,-0.512,-6.42321404538678,-19.279687986527144,-1.6312739753513477,7.0
2016-08-02 15:29:03.230,0.883,0.227,-0.531,-7.064636336884859,-20.41142148927077,-2.1653185339009884,7.0
2016-08-02 15:29:03.240,0.879,0.227,-0.543,-5.269488093567427,-21.99783047007716,-3.5591741682028992,7.0
2016-08-02 15:29:03.250,0.875,0.219,-0.543,-3.227959049055326,-23.517348849243813,-5.169447150722146,7.0
2016-08-02 15:29:03.260,0.871,0.215,-0.547,-3.1076953906195057,-24.67870328362669,-6.542181903626677,7.0
2016-08-02 15:29:03.270,0.871,0.219,-0.543,-3.1577627656030822,-25.99579171346651,-7.634416245960371,7.0
2016-08-02 15:29:03.280,0.879,0.219,-0.539,-2.257018752951856,-27.791909757752933,-8.223973446982521,7.0
2016-08-02 15:29:03.290,0.887,0.215,-0.539,-0.9133824679883812,-29.857910008817235,-8.479188221414727,7.0
2016-08-02 15:29:03.300,0.895,0.23,-0.539,0.0787539684304028,-32.18567549016422,-8.7266690439831,7.0
2016-08-02 15:29:03.310,0.895,0.242,-0.539,0.10603174214954993,-35.06070004026485,-8.837164013642418,7.0
2016-08-02 15:29:03.320,0.902,0.238,-0.539,-0.5770921650980821,-37.886337600756974,-8.750939980046962,7.0
2016-08-02 15:29:03.330,0.906,0.246,-0.539,-2.1056539334333357,-39.70873876411147,-8.505210722424211,7.0
2016-08-02 15:29:03.340,0.902,0.246,-0.555,-3.6630017946284434,-41.18678073286765,-8.222695192716001,7.0
2016-08-02 15:29:03.350,0.898,0.246,-0.57,-4.032059618656671,-43.45897574521689,-8.038186733733344,7.0
2016-08-02 15:29:03.360,0.895,0.25,-0.586,-4.67418024164574,-46.421630786875106,-7.620418797448086,7.0
2016-08-02 15:29:03.370,0.895,0.258,-0.602,-5.635712342551301,-49.900403477207654,-7.087287810737679,7.0
2016-08-02 15:29:03.380,0.895,0.273,-0.625,-4.387598940207578,-54.06946707949921,-6.988199774085698,7.0
2016-08-02 15:29:03.390,0.906,0.277,-0.625,-1.1341780986119783,-58.42092416741818,-7.216618891369052,7.0
2016-08-02 15:29:03.400,0.918,0.273,-0.629,2.4794088155456038,-62.26095025820586,-8.14850542108232,7.0
2016-08-02 15:29:03.410,0.922,0.27,-0.652,5.722409011202284,-65.79346072310346,-10.113256135525898,7.0
2016-08-02 15:29:03.420,0.922,0.27,-0.672,7.662431143562372,-69.58069606810517,-11.888411463099882,7.0
2016-08-02 15:29:03.430,0.922,0.254,-0.676,8.835568325619976,-73.45954468073612,-12.84959118289995,7.0
2016-08-02 15:29:03.440,0.926,0.262,-0.691,10.16950479310109,-76.82218610023287,-13.549840352862512,7.0
2016-08-02 15:29:03.450,0.938,0.273,-0.699,11.157156399698904,-79.73644436198114,-14.16480185812396,7.0
2016-08-02 15:29:03.460,0.938,0.289,-0.719,12.786161458650279,-82.6887946727499,-14.646690992606482,7.0
2016-08-02 15:29:03.470,0.93,0.293,-0.73,15.309524722718592,-85.18604827028767,-14.979183226283729,7.0
2016-08-02 15:29:03.480,0.91,0.297,-0.746,15.664899633932277,-86.6223587795163,-15.172076657253488,7.0
2016-08-02 15:29:03.490,0.895,0.297,-0.766,14.67137880632539,-87.76591018827077,-15.391860798727695,7.0
2016-08-02 15:29:03.500,0.867,0.297,-0.797,16.36496855331999,-89.30955144368852,-15.645089143140424,7.0
2016-08-02 15:29:03.510,0.844,0.281,-0.797,17.869407343632265,-90.84436281860125,-15.218104572718262,7.0
2016-08-02 15:29:03.520,0.828,0.285,-0.793,15.313549526307845,-91.68508757912923,-13.94837653492936,7.0
2016-08-02 15:29:03.530,0.828,0.297,-0.789,13.03256920675172,-91.53924326246702,-12.935203123365138,7.0
2016-08-02 15:29:03.540,0.82,0.301,-0.789,14.243092660446925,-91.0786807335619,-12.265514625279168,7.0
2016-08-02 15:29:03.550,0.809,0.301,-0.789,15.417005261501036,-90.92587391514121,-11.155591527316119,7.0
2016-08-02 15:29:03.560,0.789,0.285,-0.773,13.81648475557312,-90.14617815216039,-9.650450766646554,7.0
2016-08-02 15:29:03.570,0.77,0.277,-0.781,10.906636263310489,-88.0175186737459,-8.351529510156334,7.0
2016-08-02 15:29:03.580,0.758,0.273,-0.801,9.981772039586359,-86.22759631839698,-8.00833117230083,7.0
2016-08-02 15:29:03.590,0.715,0.254,-0.801,10.015644736831339,-85.4023978761003,-8.02571769775737,7.0
2016-08-02 15:29:03.600,0.688,0.234,-0.805,6.504484461439095,-83.0959716687197,-6.994805198082657,7.0
2016-08-02 15:29:03.610,0.684,0.238,-0.82,2.878378848981187,-79.97466248495398,-6.015918835148247,7.0
2016-08-02 15:29:03.620,0.656,0.254,-0.82,3.6417872845240398,-78.58803810879546,-6.162732347205349,7.0
2016-08-02 15:29:03.630,0.645,0.25,-0.816,4.765922260399759,-77.23657809704676,-6.149209387017205,7.0
2016-08-02 15:29:03.640,0.633,0.242,-0.809,3.8995168449793565,-74.86434155913331,-5.544113161950245,7.0
2016-08-02 15:29:03.650,0.621,0.23,-0.789,0.6732576201704448,-72.39796520742645,-4.34660061608325,7.0
2016-08-02 15:29:03.660,0.617,0.246,-0.781,-4.028579850495292,-69.31600249579543,-3.0272705519896395,7.0
2016-08-02 15:29:03.670,0.617,0.25,-0.781,-4.735507510921052,-66.18207033636111,-2.802424935116685,7.0
2016-08-02 15:29:03.680,0.621,0.262,-0.781,-2.8740408961598862,-63.55089599045847,-2.674220490293807,7.0
2016-08-02 15:29:03.690,0.594,0.242,-0.766,-5.549172179682832,-60.485039661475234,-1.7074173033492244,7.0
2016-08-02 15:29:03.700,0.563,0.223,-0.777,-11.477333080233013,-57.04507597359012,-1.1108039416051616,7.0
2016-08-02 15:29:03.710,0.539,0.223,-0.785,-14.68163279123112,-53.86874254746982,-1.611998162253533,7.0
2016-08-02 15:29:03.720,0.516,0.207,-0.781,-15.625406296755411,-50.65891523472342,-2.3834507984869426,7.0
2016-08-02 15:29:03.730,0.492,0.195,-0.777,-18.41112778559407,-46.77458057671718,-2.3745722059486343,7.0
2016-08-02 15:29:03.740,0.492,0.207,-0.773,-21.822332607261217,-42.968475047416476,-2.0476145981392446,7.0
2016-08-02 15:29:03.750,0.496,0.211,-0.781,-22.246058501822986,-40.31631319350831,-2.110080634586429,7.0
2016-08-02 15:29:03.760,0.48,0.215,-0.781,-20.279367705539386,-38.0314428794874,-2.1728551885382856,7.0
2016-08-02 15:29:03.770,0.48,0.219,-0.801,-18.004142008493595,-35.61081148381082,-2.2376969523740193,7.0
2016-08-02 15:29:03.780,0.477,0.238,-0.797,-17.333812378299914,-33.93324227017413,-2.2689765382080176,7.0
2016-08-02 15:29:03.790,0.477,0.242,-0.777,-20.0911437966261,-32.37451464031086,-1.5136278671995185,7.0
2016-08-02 15:29:03.800,0.477,0.23,-0.777,-23.8356105746509,-29.55097595018946,-0.11905886995874657,7.0
2016-08-02 15:29:03.810,0.461,0.223,-0.762,-26.686206973241173,-25.909546469079103,1.202093373531298,7.0
2016-08-02 15:29:03.820,0.438,0.23,-0.75,-31.462371992260362,-21.857875289652263,2.3640826956673786,7.0
2016-08-02 15:29:03.830,0.426,0.23,-0.762,-35.58226743432166,-17.206081166761468,2.7604580925113713,7.0
2016-08-02 15:29:03.840,0.398,0.242,-0.781,-33.74258469944296,-12.545835536554867,1.4223993697442738,7.0
2016-08-02 15:29:03.850,0.383,0.254,-0.82,-27.34934875397459,-8.185794964720332,-1.7639000052449874,7.0
2016-08-02 15:29:03.860,0.375,0.25,-0.848,-18.213102694487258,-4.460309486308679,-6.008122095009503,7.0
2016-08-02 15:29:03.870,0.363,0.246,-0.84,-10.682357396604132,-1.6409113056427427,-9.268355120279871,7.0
2016-08-02 15:29:03.880,0.359,0.242,-0.828,-12.151570892443221,0.7315664122746733,-10.150380087271637,7.0
2016-08-02 15:29:03.890,0.371,0.25,-0.773,-19.723882162242624,2.484707596794694,-9.670483881584214,7.0
2016-08-02 15:29:03.900,0.383,0.25,-0.746,-26.23803805390828,4.166578071759615,-8.993264346246548,7.0
2016-08-02 15:29:03.910,0.383,0.246,-0.762,-28.954789401066236,6.716548903849477,-9.018281212100966,7.0
2016-08-02 15:29:03.920,0.363,0.25,-0.797,-25.660147022372723,9.017438187404835,-11.117573653395704,7.0
2016-08-02 15:29:03.930,0.34,0.254,-0.848,-18.84523864553063,10.246782616775377,-15.11284563005309,7.0
2016-08-02 15:29:03.940,0.328,0.266,-0.867,-13.900673224332248,10.859435351649262,-19.48008991950137,7.0
2016-08-02 15:29:03.950,0.34,0.289,-0.855,-11.945673157366995,11.054673837370283,-23.013857795606356,7.0
2016-08-02 15:29:03.960,0.359,0.289,-0.828,-13.276536278245423,11.465079662724406,-24.927139335826247,7.0
2016-08-02 15:29:03.970,0.375,0.273,-0.789,-17.620218196631154,12.484042018073442,-25.73638929960343,7.0
2016-08-02 15:29:03.980,0.387,0.258,-0.754,-23.3686268141253,13.44658871276955,-27.057361816349136,7.0
2016-08-02 15:29:03.990,0.379,0.234,-0.754,-29.58609060467625,14.960197373468691,-29.8651404976342,7.0
2016-08-02 15:29:04.000,0.352,0.23,-0.789,-31.514840209342616,17.857065897964276,-34.4451674549019,7.0
2016-08-02 15:29:04.010,0.336,0.242,-0.801,-27.626125901046557,21.17122958656335,-40.38456275909708,7.0
2016-08-02 15:29:04.020,0.344,0.273,-0.836,-25.284553413183605,24.86233187552464,-46.27950619169536,7.0
2016-08-02 15:29:04.030,0.344,0.301,-0.852,-24.56312674377734,28.76794498598978,-51.72374134827448,7.0
2016-08-02 15:29:04.040,0.332,0.293,-0.863,-20.669998098626024,31.834091322816263,-57.13894894103224,7.0
2016-08-02 15:29:04.050,0.324,0.281,-0.883,-17.85515959990792,35.22621863718952,-61.20991548896639,7.0
2016-08-02 15:29:04.060,0.324,0.301,-0.871,-19.06206283698181,39.64978560935388,-63.095134985603394,7.0
2016-08-02 15:29:04.070,0.34,0.309,-0.863,-18.915977928408513,43.75603232064064,-64.64552946890534,7.0
2016-08-02 15:29:04.080,0.359,0.328,-0.848,-13.853223975672085,46.53069150171852,-66.9693876589168,7.0
2016-08-02 15:29:04.090,0.363,0.336,-0.836,-8.962119005815834,47.29283562458766,-68.40617497945294,7.0
2016-08-02 15:29:04.100,0.355,0.34,-0.824,-8.707563120003085,46.500521087456754,-67.50190401753648,7.0
2016-08-02 15:29:04.110,0.367,0.371,-0.801,-8.04347390282296,44.94753258745895,-65.35787787388824,7.0
2016-08-02 15:29:04.120,0.375,0.398,-0.781,-4.500796730665907,42.25234991375597,-63.44122341894888,7.0
2016-08-02 15:29:04.130,0.371,0.414,-0.789,-1.5567315756946374,38.89057357510325,-61.479507236405944,7.0
2016-08-02 15:29:04.140,0.348,0.422,-0.793,1.903360669671368,35.77951874880714,-58.984797822138475,7.0
2016-08-02 15:29:04.150,0.328,0.426,-0.781,5.874646594970294,33.33285327869528,-55.87282722605378,7.0
2016-08-02 15:29:04.160,0.328,0.445,-0.758,7.312460446462995,32.286325058259195,-51.99397439675428,7.0
2016-08-02 15:29:04.170,0.34,0.457,-0.73,8.76256727241007,31.972326877272575,-47.9310017781223,7.0
2016-08-02 15:29:04.180,0.336,0.461,-0.719,11.860604319879602,31.036957213351265,-44.26471940088699,7.0
2016-08-02 15:29:04.190,0.313,0.445,-0.734,13.291175095372564,29.98564421386199,-40.57842492568204,7.0
2016-08-02 15:29:04.200,0.293,0.445,-0.746,14.315846606296576,28.758306213790107,-36.69963564229992,7.0
2016-08-02 15:29:04.210,0.297,0.43,-0.734,16.381240237527347,26.300956303850118,-32.88648951125914,7.0
2016-08-02 15:29:04.220,0.305,0.402,-0.711,15.490730275711565,23.91797931316886,-28.842265911168248,7.0
2016-08-02 15:29:04.230,0.297,0.387,-0.688,12.959977176312897,22.81237009711287,-24.18017706807586,7.0
2016-08-02 15:29:04.240,0.289,0.367,-0.668,12.335314051627549,21.543129042588248,-19.15226853336999,7.0
2016-08-02 15:29:04.250,0.285,0.375,-0.676,10.598874958127425,19.497041300466783,-14.635768884462982,7.0
2016-08-02 15:29:04.260,0.27,0.363,-0.688,6.960988361434445,17.5155800666449,-11.242774010262618,7.0
2016-08-02 15:29:04.270,0.27,0.359,-0.715,5.012666360835934,16.203798834303154,-8.767182755846616,7.0
2016-08-02 15:29:04.280,0.258,0.344,-0.738,6.154796967301031,15.743629818929719,-6.76158799783522,7.0
2016-08-02 15:29:04.290,0.266,0.336,-0.742,8.371200293005819,14.834334559792584,-4.735516079113619,7.0
2016-08-02 15:29:04.300,0.293,0.348,-0.746,7.579537628572774,12.861691371549908,-2.318082059150059,7.0
2016-08-02 15:29:04.310,0.301,0.359,-0.75,4.363572386996014,11.390736542661445,0.6471321635347954,7.0
2016-08-02 15:29:04.320,0.313,0.352,-0.75,3.228363734669524,10.103102981098473,4.0438183018495595,7.0
2016-08-02 15:29:04.330,0.34,0.363,-0.75,2.520015737641306,7.579628376788238,7.369108868767031,7.0
2016-08-02 15:29:04.340,0.359,0.371,-0.75,-0.49599600478842254,4.7519861840378255,10.112249462307503,7.0
2016-08-02 15:29:04.350,0.379,0.371,-0.758,-2.3315983748370184,2.5234534710841636,11.676787333595179,7.0
2016-08-02 15:29:04.360,0.379,0.379,-0.789,-1.7615585178612188,0.8982935688144394,11.936611760516843,7.0
2016-08-02 15:29:04.370,0.375,0.387,-0.797,-1.389013017647453,0.5260757700767544,11.69928088298875,7.0
2016-08-02 15:29:04.380,0.391,0.395,-0.805,-0.6072514103492194,1.2175291328585738,11.126670619534728,7.0
2016-08-02 15:29:04.390,0.398,0.402,-0.809,1.4198609832324385,1.9333358021215319,10.049569342714314,7.0
2016-08-02 15:29:04.400,0.402,0.398,-0.805,3.0837345957871687,2.282149757189997,9.608101889373422,7.0
2016-08-02 15:29:04.410,0.414,0.398,-0.813,3.865662732979718,1.7586319262800174,10.373864929395301,7.0
2016-08-02 15:29:04.420,0.402,0.406,-0.809,4.668013598096223,-0.2135615959439615,11.577387956188652,7.0
2016-08-02 15:29:04.430,0.398,0.414,-0.797,6.224128697316775,-3.3960914937780005,13.158523358757531,7.0
2016-08-02 15:29:04.440,0.395,0.418,-0.781,6.974947210860918,-6.9181077054858555,15.426078731302486,7.0
2016-08-02 15:29:04.450,0.383,0.426,-0.766,5.9513431244069706,-9.61204857710058,18.14971914666264,7.0
2016-08-02 15:29:04.460,0.387,0.43,-0.75,6.626626233917397,-10.997398212966957,20.64537498684134,7.0
2016-08-02 15:29:04.470,0.371,0.426,-0.75,9.835643296797725,-11.824981065482698,21.967645990510086,7.0
2016-08-02 15:29:04.480,0.344,0.418,-0.75,11.853836428666078,-12.681689489834229,21.9563071592911,7.0
2016-08-02 15:29:04.490,0.332,0.406,-0.75,12.461068389959964,-13.253767181782408,21.190735020760908,7.0
2016-08-02 15:29:04.500,0.313,0.395,-0.75,14.404090113843019,-13.46249780234552,20.097507733985868,7.0
2016-08-02 15:29:04.510,0.316,0.383,-0.738,17.00454243211007,-13.75918417485453,19.01425722214805,7.0
2016-08-02 15:29:04.520,0.34,0.391,-0.734,17.89497532273859,-14.197504115990654,18.043825542479706,7.0
2016-08-02 15:29:04.530,0.348,0.391,-0.734,17.92416723226284,-14.767858211577948,17.082874518739015,7.0
2016-08-02 15:29:04.540,0.352,0.371,-0.738,17.570471731670576,-15.658101719216848,16.470742384119813,7.0
2016-08-02 15:29:04.550,0.34,0.348,-0.746,15.610113275256996,-16.424223068634966,16.21829565004285,7.0
2016-08-02 15:29:04.560,0.32,0.34,-0.754,14.401506940128922,-16.801601300288898,15.531198721060585,7.0
2016-08-02 15:29:04.570,0.316,0.344,-0.77,16.02753579623927,-17.12719116298891,14.477917673708117,7.0
2016-08-02 15:29:04.580,0.332,0.352,-0.773,17.538801349537103,-17.24206106840172,14.050747436772042,7.0
2016-08-02 15:29:04.590,0.336,0.359,-0.777,16.902364744482647,-17.111178801116854,14.41684479444845,7.0
2016-08-02 15:29:04.600,0.336,0.355,-0.781,15.665099544887813,-17.38715209995901,14.999827309310373,7.0
2016-08-02 15:29:04.610,0.324,0.348,-0.785,15.294649953567287,-18.40186817357525,15.770391440380529,7.0
2016-08-02 15:29:04.620,0.32,0.328,-0.781,15.512957027273018,-20.024238927660598,16.815298671010787,7.0
2016-08-02 15:29:04.630,0.316,0.328,-0.785,15.012956364399002,-22.02588726801509,17.696987405122407,7.0
2016-08-02 15:29:04.640,0.305,0.316,-0.777,12.532284970238317,-23.71358631923404,18.69703537402536,7.0
2016-08-02 15:29:04.650,0.305,0.305,-0.754,6.98632748797145,-24.00083609749994,20.513584005007917,7.0
2016-08-02 15:29:04.660,0.332,0.32,-0.75,1.1831006663389765,-22.606618381201606,22.484780130614674,7.0
2016-08-02 15:29:04.670,0.34,0.34,-0.773,0.2543184727748679,-20.601947806962087,23.597359076940997,7.0
2016-08-02 15:29:04.680,0.313,0.32,-0.797,1.7033956004648936,-18.889870534190166,23.825945025825437,7.0
2016-08-02 15:29:04.690,0.313,0.332,-0.855,3.241065598645464,-17.8803089075299,22.719522549130375,7.0
2016-08-02 15:29:04.700,0.332,0.352,-0.855,6.930097899675048,-18.17149508456707,19.441948922287395,7.0
2016-08-02 15:29:04.710,0.348,0.344,-0.828,5.049635123536938,-17.950115735347953,16.979716580752285,7.0
2016-08-02 15:29:04.720,0.336,0.324,-0.848,-2.6181131256968992,-15.973905161822586,20.805467074265625,7.0
2016-08-02 15:29:04.730,0.371,0.332,-0.832,-4.051114316385155,-16.068112824948884,27.02350642468058,7.0
2016-08-02 15:29:04.740,0.398,0.336,-0.785,-6.670033717184732,-17.315786755085895,27.605094552970638,7.0
2016-08-02 15:29:04.750,0.418,0.336,-0.781,-16.169519885168334,-14.865628485277787,27.348399224158868,7.0
2016-08-02 15:29:04.760,0.422,0.332,-0.766,-18.737409459941826,-11.864395445524174,30.816666747175518,7.0
2016-08-02 15:29:04.770,0.414,0.324,-0.777,-16.287798626645557,-10.350282168626997,31.66598543943646,7.0
2016-08-02 15:29:04.780,0.383,0.309,-0.859,-15.991408657182053,-7.780844769137531,28.54318075025656,7.0
2016-08-02 15:29:04.790,0.309,0.305,-0.941,-10.503302820927308,-6.478567771436584,26.282344218405342,7.0
2016-08-02 15:29:04.800,0.281,0.297,-0.965,-3.731366592433609,-7.216132324368228,25.794642223511296,7.0
2016-08-02 15:29:04.810,0.34,0.316,-0.941,-6.130971920729669,-6.389495751560024,25.395628230837218,7.0
2016-08-02 15:29:04.820,0.426,0.332,-0.859,-13.866956392355366,-3.757562695882272,25.674508400551478,7.0
2016-08-02 15:29:04.830,0.484,0.316,-0.762,-22.006699206921667,-0.38307921712439186,27.498847992418106,7.0
2016-08-02 15:29:04.840,0.52,0.324,-0.742,-27.067847667727644,3.895897978178999,28.021876981253374,7.0
2016-08-02 15:29:04.850,0.504,0.332,-0.766,-23.53270374895281,7.251007478574204,26.416043788244313,7.0
2016-08-02 15:29:04.860,0.438,0.293,-0.801,-20.129840321948613,8.573642833153556,26.35709990289267,7.0
2016-08-02 15:29:04.870,0.387,0.289,-0.914,-23.76785775980961,9.13232045740249,27.282036395013407,7.0
2016-08-02 15:29:04.880,0.359,0.328,-0.988,-21.318433394918394,8.751764578554733,25.91989908376834,7.0
2016-08-02 15:29:04.890,0.359,0.328,-0.98,-12.574621344237917,8.143831413773306,23.93702851680459,7.0
2016-08-02 15:29:04.900,0.434,0.305,-0.941,-11.31925703816934,10.086679345794387,23.285157557599955,7.0
2016-08-02 15:29:04.910,0.504,0.309,-0.844,-15.284579464367294,14.559182165502072,22.85528634173808,7.0
2016-08-02 15:29:04.920,0.539,0.313,-0.766,-18.459760787534048,20.03895593086889,22.41721989002784,7.0
2016-08-02 15:29:04.930,0.563,0.328,-0.754,-18.80055967106536,25.52652158528176,21.9686993542066,7.0
2016-08-02 15:29:04.940,0.547,0.324,-0.738,-15.348446787191703,29.188151632707083,20.90103691904282,7.0
2016-08-02 15:29:04.950,0.488,0.301,-0.813,-12.981053576483516,30.16855231246688,19.02421487714629,7.0
2016-08-02 15:29:04.960,0.453,0.34,-0.941,-7.045708718849598,28.379582936145685,16.389508047186848,7.0
2016-08-02 15:29:04.970,0.426,0.344,-0.934,3.2744138397438176,24.87203200483091,14.630498764704827,7.0
2016-08-02 15:29:04.980,0.453,0.305,-0.922,3.066188754396026,23.35216818423956,14.885766931849357,7.0
2016-08-02 15:29:04.990,0.539,0.313,-0.883,-2.3542260943667648,24.701408139655545,15.693734430175283,7.0
2016-08-02 15:29:05.000,0.57,0.32,-0.789,-2.8436020938161675,27.180390316978535,16.64818724605604,7.0
2016-08-02 15:29:05.010,0.613,0.297,-0.766,-6.167506266556217,31.596696456798462,17.92807618326129,7.0
2016-08-02 15:29:05.020,0.645,0.297,-0.762,-7.095403769687867,37.03160320955884,17.48367435224464,7.0
2016-08-02 15:29:05.030,0.609,0.313,-0.828,0.9496562437421217,40.252099724193386,14.108686256719857,7.0
2016-08-02 15:29:05.040,0.578,0.332,-0.945,11.234564497443104,40.86081744647391,8.978474485629423,7.0
2016-08-02 15:29:05.050,0.531,0.309,-0.98,18.807109366109454,40.92995182031748,3.7906802118635334,7.0
2016-08-02 15:29:05.060,0.523,0.258,-0.957,17.520692910542962,42.57580315891319,0.28117576914255277,7.0
2016-08-02 15:29:05.070,0.57,0.25,-0.891,10.556277035425216,45.61599468697476,-1.237273678971731,7.0
2016-08-02 15:29:05.080,0.602,0.242,-0.773,5.099917207188995,49.3702426178378,-1.3730673035773413,7.0
2016-08-02 15:29:05.090,0.617,0.223,-0.688,-0.968852645833381,54.5616240505544,0.18286461104953056,7.0
2016-08-02 15:29:05.100,0.633,0.238,-0.676,-0.035450588896600355,58.73143999882022,2.46249469523803,7.0
2016-08-02 15:29:05.110,0.602,0.297,-0.75,12.288378600538646,57.614247626846854,4.542872005586678,7.0
2016-08-02 15:29:05.120,0.566,0.34,-0.801,21.188838096400886,52.64404834362326,8.466953463557775,7.0
2016-08-02 15:29:05.130,0.551,0.344,-0.793,18.66619420849058,48.8182451842255,14.73360276970303,7.0
2016-08-02 15:29:05.140,0.586,0.375,-0.797,13.234889263821744,47.06774874662477,21.02894976539044,7.0
2016-08-02 15:29:05.150,0.633,0.383,-0.738,12.671514778023997,46.53220702626241,27.195331329523064,7.0
2016-08-02 15:29:05.160,0.652,0.355,-0.668,11.463440950857903,48.47614542339001,33.882960031164465,7.0
2016-08-02 15:29:05.170,0.676,0.344,-0.613,3.622590834763163,52.30577041655759,39.505606175391954,7.0
2016-08-02 15:29:05.180,0.684,0.328,-0.582,-4.596958693516916,56.089414034160825,42.95176495919934,7.0
2016-08-02 15:29:05.190,0.668,0.34,-0.625,-7.584985041007094,59.10389729521553,44.40947694324769,7.0
2016-08-02 15:29:05.200,0.652,0.348,-0.672,-5.9324893918246095,60.500712732254506,43.75336689329923,7.0
2016-08-02 15:29:05.210,0.637,0.344,-0.738,-3.3140431804066286,60.6581220407489,41.78464844046944,7.0
2016-08-02 15:29:05.220,0.645,0.344,-0.781,-3.0392758510597986,60.276200484406175,40.155455492481885,7.0
2016-08-02 15:29:05.230,0.676,0.336,-0.77,-3.584654583543907,59.4662812741581,39.17872965794774,7.0
2016-08-02 15:29:05.240,0.719,0.328,-0.734,-5.96906937213207,59.69788733479657,39.020436606113215,7.0
2016-08-02 15:29:05.250,0.777,0.34,-0.668,-13.393098234370983,61.85149888061892,40.19339938382045,7.0
2016-08-02 15:29:05.260,0.828,0.34,-0.598,-23.49631593418204,65.7396638921445,41.419905418926604,7.0
2016-08-02 15:29:05.270,0.871,0.332,-0.559,-31.45737219600398,70.5697246275596,41.86364272582787,7.0
2016-08-02 15:29:05.280,0.859,0.324,-0.57,-35.79174840455077,73.80745719502481,42.559392938948264,7.0
2016-08-02 15:29:05.290,0.813,0.328,-0.672,-36.66861086382444,73.5249547805251,43.0245027209675,7.0
2016-08-02 15:29:05.300,0.777,0.348,-0.73,-33.137910607490134,70.36279708203772,43.08175010857633,7.0
2016-08-02 15:29:05.310,0.766,0.371,-0.723,-31.579855894562645,66.75968878776922,44.347478799676786,7.0
2016-08-02 15:29:05.320,0.809,0.379,-0.684,-37.287922717742084,64.89429793341021,45.58894696037564,7.0
2016-08-02 15:29:05.330,0.871,0.359,-0.598,-40.59521080579933,65.215209410358,45.42443375924255,7.0
2016-08-02 15:29:05.340,0.906,0.316,-0.512,-39.414764531788265,67.56418228570176,45.65014278721307,7.0
2016-08-02 15:29:05.350,0.93,0.316,-0.469,-42.15278882817619,71.3176748696056,46.1189003904506,7.0
2016-08-02 15:29:05.360,0.938,0.313,-0.457,-45.70992934292394,75.22263933679116,45.51699831080286,7.0
2016-08-02 15:29:05.370,0.918,0.309,-0.523,-45.84338017265989,78.0167358583753,44.758878764151106,7.0
2016-08-02 15:29:05.380,0.891,0.332,-0.621,-42.81845301379246,77.62733673933602,44.15319162975179,7.0
2016-08-02 15:29:05.390,0.863,0.34,-0.668,-36.893797241908935,73.65696154893892,43.48640274450267,7.0
2016-08-02 15:29:05.400,0.871,0.34,-0.672,-34.35657634940296,69.34100949543175,43.41629316570757,7.0
2016-08-02 15:29:05.410,0.898,0.336,-0.617,-36.25918121219101,66.76989408510283,43.63547821052795,7.0
2016-08-02 15:29:05.420,0.941,0.32,-0.535,-36.70014760377733,65.50728128743442,43.22874262755093,7.0
2016-08-02 15:29:05.430,0.992,0.281,-0.48,-35.647773663260466,64.92618059168706,41.73951520675984,7.0
2016-08-02 15:29:05.440,1.008,0.273,-0.457,-33.82433223307923,63.42597127411561,39.268324672974444,7.0
2016-08-02 15:29:05.450,0.996,0.281,-0.492,-30.94774863191585,59.37960348502607,36.387076324758496,7.0
2016-08-02 15:29:05.460,0.973,0.285,-0.531,-27.13916164512335,52.57710365672891,33.083141751136566,7.0
2016-08-02 15:29:05.470,0.961,0.285,-0.539,-21.834069912255863,44.07834507537066,29.557459683117454,7.0
2016-08-02 15:29:05.480,0.969,0.266,-0.512,-18.905443053436585,36.45626078474339,26.4698244541022,7.0
2016-08-02 15:29:05.490,0.992,0.262,-0.469,-19.728460031810673,31.352026637167732,23.38123980504966,7.0
2016-08-02 15:29:05.500,0.992,0.25,-0.441,-19.61901211370479,28.258710609922204,20.24480809229579,7.0
2016-08-02 15:29:05.510,0.988,0.238,-0.438,-17.437266404800436,26.199165338589353,17.661827353992003,7.0
2016-08-02 15:29:05.520,0.961,0.227,-0.461,-13.767415635261194,23.707546841208448,15.24641785799838,7.0
2016-08-02 15:29:05.530,0.926,0.234,-0.492,-8.839189256691192,19.8636827300904,13.044997552370411,7.0
2016-08-02 15:29:05.540,0.898,0.262,-0.512,-4.926725032643217,15.149252063035597,11.27325721117868,7.0
2016-08-02 15:29:05.550,0.891,0.266,-0.492,-1.6509074837395157,10.362688824883854,9.422220822649754,7.0
2016-08-02 15:29:05.560,0.906,0.258,-0.453,2.356973685832937,6.798658176219437,7.686765716051072,7.0
2016-08-02 15:29:05.570,0.918,0.254,-0.426,5.011460945961608,5.175829101431362,6.352524773510453,7.0
2016-08-02 15:29:05.580,0.918,0.254,-0.418,5.797249936028658,4.391882642952361,5.204615429219977,7.0
2016-08-02 15:29:05.590,0.91,0.254,-0.43,6.500132330123795,3.6150130385928585,4.194134938716298,7.0
2016-08-02 15:29:05.600,0.902,0.266,-0.445,7.425453245720064,2.8583186817759842,3.2161984755758257,7.0
2016-08-02 15:29:05.610,0.895,0.258,-0.465,9.098732206716946,1.6747413242250706,2.059116777689416,7.0
2016-08-02 15:29:05.620,0.883,0.258,-0.484,12.068136524413024,-0.15866598791999187,0.590405000475544,7.0
2016-08-02 15:29:05.630,0.871,0.258,-0.484,14.82106098240195,-1.9670559981188442,-0.8422251911061448,7.0
2016-08-02 15:29:05.640,0.879,0.266,-0.473,15.377031005670375,-2.7469353445076283,-1.849699585882961,7.0
2016-08-02 15:29:05.650,0.891,0.273,-0.457,14.351679770352838,-2.3387276827705046,-2.5657646010060704,7.0
2016-08-02 15:29:05.660,0.902,0.27,-0.457,14.214008346558089,-1.5912276536499337,-2.897114399159979,7.0
2016-08-02 15:29:05.670,0.895,0.273,-0.469,15.12460142335961,-1.2573553118993037,-2.933771750235202,7.0
2016-08-02 15:29:05.680,0.879,0.273,-0.477,16.123201580965226,-1.9321476313719683,-3.0553035135429933,7.0
2016-08-02 15:29:05.690,0.871,0.273,-0.477,16.73213351234962,-3.557440558293712,-3.2245866376032337,7.0
2016-08-02 15:29:05.700,0.879,0.277,-0.473,15.517086536569904,-5.221053927563089,-3.6012069558896433,7.0
2016-08-02 15:29:05.710,0.887,0.281,-0.453,12.817394077491327,-6.571170583407778,-4.127380663938669,7.0
2016-08-02 15:29:05.720,0.895,0.273,-0.441,10.58735723325425,-7.592098551430845,-4.49443338185384,7.0
2016-08-02 15:29:05.730,0.898,0.27,-0.445,9.132478568327251,-8.295823935498714,-5.068672285771319,7.0
2016-08-02 15:29:05.740,0.891,0.258,-0.461,8.349902267567998,-9.24285551761501,-5.835717903491717,7.0
2016-08-02 15:29:05.750,0.891,0.262,-0.469,7.879418302203315,-10.563873748126428,-6.521621186441488,7.0
2016-08-02 15:29:05.760,0.895,0.266,-0.469,6.7089747535280395,-11.838352123041862,-7.37058402155176,7.0
2016-08-02 15:29:05.770,0.898,0.262,-0.473,4.98079298808647,-12.900934045221467,-8.10909041278745,7.0
2016-08-02 15:29:05.780,0.902,0.27,-0.48,3.22201446458729,-13.685268128299253,-8.535092759998658,7.0
2016-08-02 15:29:05.790,0.902,0.277,-0.484,1.8824397461864697,-14.347222804143254,-8.93160072861767,7.0
2016-08-02 15:29:05.800,0.902,0.281,-0.496,1.4573949975238192,-15.07414187416606,-9.276225161302158,7.0
2016-08-02 15:29:05.810,0.902,0.277,-0.504,1.5057556246528516,-15.804361085801634,-9.782076071216824,7.0
2016-08-02 15:29:05.820,0.898,0.273,-0.504,1.8807966699588836,-16.72872970679007,-10.340738232619275,7.0
2016-08-02 15:29:05.830,0.895,0.266,-0.492,2.210503716062774,-17.927008781471777,-10.621373073200695,7.0
2016-08-02 15:29:05.840,0.895,0.266,-0.48,1.5594837882476662,-19.23099594742247,-11.197109687407362,7.0
2016-08-02 15:29:05.850,0.891,0.262,-0.465,0.6983579988662048,-20.799391827775302,-12.029644696380714,7.0
2016-08-02 15:29:05.860,0.887,0.254,-0.449,0.5747837573686156,-22.54435564854962,-12.650178601422937,7.0
2016-08-02 15:29:05.870,0.895,0.258,-0.441,0.8967996152109623,-24.0061150295043,-13.59135716143848,7.0
2016-08-02 15:29:05.880,0.898,0.27,-0.449,1.1499564242705558,-25.3663419666492,-14.959422177044676,7.0
2016-08-02 15:29:05.890,0.895,0.273,-0.461,1.173122131321352,-27.208836997455993,-16.22213775080608,7.0
2016-08-02 15:29:05.900,0.891,0.273,-0.469,1.6590267126136653,-29.404530730983197,-17.302782308854,7.0
2016-08-02 15:29:05.910,0.895,0.277,-0.477,2.3329953908921937,-31.29120104833946,-18.051411997139184,7.0
2016-08-02 15:29:05.920,0.898,0.277,-0.488,2.2716276634189567,-32.734592185614666,-18.19378248293296,7.0
2016-08-02 15:29:05.930,0.898,0.281,-0.5,2.56549891622228,-34.15273048985247,-18.261457190435536,7.0
2016-08-02 15:29:05.940,0.895,0.273,-0.512,4.222602984458492,-35.67679184061558,-18.90700184884077,7.0
2016-08-02 15:29:05.950,0.895,0.27,-0.527,6.602960983380779,-37.12008838120003,-19.983859863876095,7.0
2016-08-02 15:29:05.960,0.895,0.27,-0.543,8.867007303551413,-38.68515963753066,-21.275133584795682,7.0
2016-08-02 15:29:05.970,0.883,0.277,-0.559,10.460139498292135,-40.93632021017174,-22.38024336853163,7.0
2016-08-02 15:29:05.980,0.879,0.277,-0.555,11.2881317443319,-43.61632090685171,-22.93184362926492,7.0
2016-08-02 15:29:05.990,0.891,0.281,-0.547,11.602844030823643,-45.8883553312139,-23.478445448496323,7.0
2016-08-02 15:29:06.000,0.902,0.289,-0.551,12.45335891581012,-48.080501433737304,-24.190835446824988,7.0
2016-08-02 15:29:06.010,0.918,0.293,-0.547,14.261780273006579,-50.99469956762645,-24.578547204600667,7.0
2016-08-02 15:29:06.020,0.922,0.297,-0.555,15.046670030808466,-54.53791908123534,-24.535993622311555,7.0
2016-08-02 15:29:06.030,0.922,0.297,-0.566,14.298760915445696,-58.1919966700234,-24.293052264979615,7.0
2016-08-02 15:29:06.040,0.926,0.297,-0.563,14.25407400906403,-61.13107381823014,-24.53718778419365,7.0
2016-08-02 15:29:06.050,0.922,0.293,-0.566,15.651217854627143,-62.876387916239985,-25.530600700812318,7.0
2016-08-02 15:29:06.060,0.918,0.273,-0.574,17.783766383738136,-64.1297506342585,-26.62091984856812,7.0
2016-08-02 15:29:06.070,0.902,0.273,-0.594,19.690530440353875,-65.41082126483492,-27.475239726929132,7.0
2016-08-02 15:29:06.080,0.895,0.289,-0.613,20.0264245013528,-66.53025161825937,-27.95796276051487,7.0
2016-08-02 15:29:06.090,0.891,0.289,-0.633,19.33957976675104,-67.34013664162173,-27.94369847058757,7.0
2016-08-02 15:29:06.100,0.883,0.309,-0.66,19.138930656601907,-67.79055200982341,-27.946059732216447,7.0
2016-08-02 15:29:06.110,0.875,0.324,-0.691,21.11482316205533,-68.41922149342446,-28.687021537464123,7.0
2016-08-02 15:29:06.120,0.871,0.324,-0.711,26.778178600634504,-69.65772482175105,-30.280973924881415,7.0
2016-08-02 15:29:06.130,0.859,0.316,-0.727,32.44107093002294,-70.96790054143193,-32.04366243863825,7.0
2016-08-02 15:29:06.140,0.855,0.316,-0.742,35.1167952175142,-72.28681744384672,-33.539885263646795,7.0
2016-08-02 15:29:06.150,0.855,0.32,-0.727,37.52311892382325,-73.813559018217,-34.921141791359474,7.0
2016-08-02 15:29:06.160,0.84,0.305,-0.715,38.334965779889,-74.98883627705047,-35.583473600740575,7.0
2016-08-02 15:29:06.170,0.836,0.301,-0.695,36.70069023701749,-75.88652678305479,-35.116192067796234,7.0
2016-08-02 15:29:06.180,0.82,0.309,-0.703,36.189642595763345,-76.84430930122616,-34.1547984905106,7.0
2016-08-02 15:29:06.190,0.801,0.297,-0.723,34.650812980949,-77.35892702267151,-32.55662760861658,7.0
2016-08-02 15:29:06.200,0.766,0.297,-0.742,31.388921130921865,-77.39333851032868,-30.433892811438096,7.0
2016-08-02 15:29:06.210,0.738,0.324,-0.777,30.81129472622851,-77.51209248931579,-28.961465218915748,7.0
2016-08-02 15:29:06.220,0.711,0.336,-0.793,32.309903284921674,-77.86717713208283,-28.03777012319216,7.0
2016-08-02 15:29:06.230,0.691,0.34,-0.797,33.43285719748291,-77.9426817635415,-27.070218225909827,7.0
2016-08-02 15:29:06.240,0.688,0.328,-0.789,33.64805619629553,-77.05886338200071,-26.423650013870656,7.0
2016-08-02 15:29:06.250,0.668,0.305,-0.773,32.103469645629765,-75.11004241184992,-25.736419788031075,7.0
2016-08-02 15:29:06.260,0.645,0.293,-0.773,29.158611607548394,-72.25814197353438,-24.36363866500153,7.0
2016-08-02 15:29:06.270,0.637,0.297,-0.777,27.494950395012967,-69.29018174930926,-23.328395095552647,7.0
2016-08-02 15:29:06.280,0.625,0.309,-0.789,28.006389115432082,-67.27047646385688,-22.767298753743468,7.0
2016-08-02 15:29:06.290,0.617,0.309,-0.789,26.364555243546828,-65.72264677404772,-21.164497510001066,7.0
2016-08-02 15:29:06.300,0.609,0.305,-0.789,20.764527761222173,-63.8116700977678,-19.069461459972693,7.0
2016-08-02 15:29:06.310,0.609,0.305,-0.797,16.268789272823,-61.88923079766607,-17.4592437311008,7.0
2016-08-02 15:29:06.320,0.609,0.305,-0.797,15.225682055550294,-60.31529409388255,-15.64612927081967,7.0
2016-08-02 15:29:06.330,0.609,0.305,-0.801,14.325035451533942,-58.70165305310823,-13.615679430337122,7.0
2016-08-02 15:29:06.340,0.613,0.301,-0.82,12.194064959325479,-57.024800569504535,-11.73586140352235,7.0
2016-08-02 15:29:06.350,0.609,0.309,-0.84,10.32581753959508,-56.05274567735053,-10.142978218782876,7.0
2016-08-02 15:29:06.360,0.586,0.289,-0.836,7.685378946321636,-55.32474080708529,-8.750908510733352,7.0
2016-08-02 15:29:06.370,0.582,0.285,-0.828,2.82620658070357,-53.56660467674783,-7.024494860037332,7.0
2016-08-02 15:29:06.380,0.586,0.289,-0.828,-1.2617252527902991,-51.399870917120246,-5.803131864280883,7.0
2016-08-02 15:29:06.390,0.578,0.281,-0.828,-2.804996289533082,-49.72256356126155,-5.743362792834112,7.0
2016-08-02 15:29:06.400,0.559,0.266,-0.836,-5.488210654712388,-47.79079035175524,-5.614360355340829,7.0
2016-08-02 15:29:06.410,0.539,0.258,-0.828,-10.739527338529001,-45.187904784187346,-5.187526862306614,7.0
2016-08-02 15:29:06.420,0.512,0.254,-0.836,-15.224399113464633,-42.48003551649357,-4.90046736912218,7.0
2016-08-02 15:29:06.430,0.492,0.25,-0.855,-18.001518296561088,-40.240307683023744,-4.634801568112375,7.0
2016-08-02 15:29:06.440,0.453,0.25,-0.875,-21.308661109512762,-38.33215461707927,-4.878323705849742,7.0
2016-08-02 15:29:06.450,0.434,0.262,-0.867,-23.548750331237546,-35.962847220507996,-5.964523664434887,7.0
2016-08-02 15:29:06.460,0.457,0.293,-0.859,-20.176863274857762,-33.13808841439656,-8.065813919900336,7.0
2016-08-02 15:29:06.470,0.477,0.309,-0.855,-12.681804877539102,-30.512803369056023,-10.981590482613859,7.0
2016-08-02 15:29:06.480,0.477,0.297,-0.844,-8.47140804795518,-28.134835909677648,-12.843198983541944,7.0
2016-08-02 15:29:06.490,0.465,0.289,-0.836,-14.239086747740597,-25.437030189799444,-12.445614090463016,7.0
2016-08-02 15:29:06.500,0.43,0.277,-0.824,-27.871033855406306,-22.0572198808536,-10.90461297674441,7.0
2016-08-02 15:29:06.510,0.426,0.25,-0.801,-37.538628149403245,-18.05466034599167,-9.88375869111907,7.0
2016-08-02 15:29:06.520,0.426,0.227,-0.793,-37.22373389359056,-13.346542422767524,-10.763358263411549,7.0
2016-08-02 15:29:06.530,0.402,0.246,-0.848,-30.05978627224341,-8.996037816627918,-14.150595422522276,7.0
2016-08-02 15:29:06.540,0.367,0.273,-0.895,-19.98697592133771,-6.61513787166083,-18.877791652713476,7.0
2016-08-02 15:29:06.550,0.367,0.289,-0.902,-13.664759680668725,-5.074978034874849,-22.418309882642763,7.0
2016-08-02 15:29:06.560,0.375,0.297,-0.887,-14.435796937321829,-2.7764792084207746,-23.32475813771032,7.0
2016-08-02 15:29:06.570,0.371,0.281,-0.848,-17.63749642531131,0.08233834810591056,-22.51909490470556,7.0
2016-08-02 15:29:06.580,0.355,0.246,-0.824,-20.2132272815863,3.6515975259723223,-21.477336790238617,7.0
2016-08-02 15:29:06.590,0.336,0.238,-0.813,-20.815888921149224,7.675873617821671,-21.33092684552722,7.0
2016-08-02 15:29:06.600,0.324,0.246,-0.816,-17.882280059573162,11.397509008166223,-23.07644752151329,7.0
2016-08-02 15:29:06.610,0.324,0.258,-0.824,-14.025949100684512,14.711199883543337,-26.65214159263668,7.0
2016-08-02 15:29:06.620,0.32,0.258,-0.828,-11.568957036179595,17.44905194255779,-30.74430244027831,7.0
2016-08-02 15:29:06.630,0.297,0.25,-0.832,-9.753086077564438,19.790371477304134,-34.286637860470776,7.0
2016-08-02 15:29:06.640,0.301,0.25,-0.813,-8.601819792529607,21.87734447350815,-37.18781371634719,7.0
2016-08-02 15:29:06.650,0.297,0.238,-0.785,-9.385692960732126,23.330499239577602,-39.45765065530189,7.0
2016-08-02 15:29:06.660,0.289,0.223,-0.758,-12.976245240740619,24.456700038928066,-41.4272219450642,7.0
2016-08-02 15:29:06.670,0.293,0.207,-0.73,-17.06927508536159,26.217782181520818,-43.8830765380187,7.0
2016-08-02 15:29:06.680,0.285,0.207,-0.715,-18.72987004402146,29.17096926616866,-47.08622755653241,7.0
2016-08-02 15:29:06.690,0.27,0.207,-0.734,-17.053025673963745,32.82595569374638,-50.790308291761704,7.0
2016-08-02 15:29:06.700,0.25,0.238,-0.754,-12.185155800219823,36.248319723290884,-54.542167785720295,7.0
2016-08-02 15:29:06.710,0.242,0.266,-0.766,-8.749259679600627,39.204139020068894,-57.53396446040999,7.0
2016-08-02 15:29:06.720,0.238,0.27,-0.773,-8.634541431817215,41.68273377475195,-59.08948615288711,7.0
2016-08-02 15:29:06.730,0.234,0.277,-0.777,-6.303431987314465,43.21171492966333,-59.60629159770576,7.0
2016-08-02 15:29:06.740,0.238,0.27,-0.766,-2.4465078620401286,43.419886246490556,-59.378672544550625,7.0
2016-08-02 15:29:06.750,0.238,0.258,-0.762,-1.4563015818397114,42.725692156323625,-57.65835801391486,7.0
2016-08-02 15:29:06.760,0.242,0.273,-0.75,-0.5465863479233606,41.96521651642593,-54.700538548510394,7.0
2016-08-02 15:29:06.770,0.254,0.301,-0.738,1.8935716129711015,41.642360823753435,-51.2391266980049,7.0
2016-08-02 15:29:06.780,0.273,0.328,-0.734,2.9691868232001095,42.431260158685525,-46.875738736500395,7.0
2016-08-02 15:29:06.790,0.281,0.352,-0.73,3.8036452267009904,44.563779095055914,-42.32585139177419,7.0
2016-08-02 15:29:06.800,0.27,0.379,-0.773,8.947148060019504,46.239105057429896,-39.1878336311721,7.0
2016-08-02 15:29:06.810,0.262,0.387,-0.781,17.858228168008463,45.67418827425285,-37.06729523826887,7.0
2016-08-02 15:29:06.820,0.289,0.406,-0.797,24.116252282114747,43.36477343908149,-34.58146951252264,7.0
2016-08-02 15:29:06.830,0.289,0.422,-0.805,25.396384808389,40.669694228010854,-30.483148055403976,7.0
2016-08-02 15:29:06.840,0.293,0.422,-0.785,25.706005602614784,38.09292891068202,-24.51288958022668,7.0
2016-08-02 15:29:06.850,0.313,0.422,-0.781,27.356820121136924,35.274742710067116,-18.662928709859642,7.0
2016-08-02 15:29:06.860,0.316,0.418,-0.781,29.122326057145752,32.432967162060635,-14.089433517091031,7.0
2016-08-02 15:29:06.870,0.324,0.426,-0.797,29.997585062616942,30.0427499912415,-10.488801663317863,7.0
2016-08-02 15:29:06.880,0.336,0.43,-0.813,30.069585631699972,27.636153372324582,-8.355144659434377,7.0
2016-08-02 15:29:06.890,0.324,0.414,-0.832,28.69951443262847,25.583201951945803,-7.579719157585973,7.0
2016-08-02 15:29:06.900,0.309,0.379,-0.844,27.174942066704126,24.880078162509385,-7.5434411178503655,7.0
2016-08-02 15:29:06.910,0.32,0.387,-0.867,27.550683438195392,24.571760070734424,-7.64493762104547,7.0
2016-08-02 15:29:06.920,0.332,0.395,-0.887,26.97484162568638,22.65925687415842,-6.87651902461092,7.0
2016-08-02 15:29:06.930,0.344,0.383,-0.879,23.09891804569365,18.66912843580746,-5.122319086759787,7.0
2016-08-02 15:29:06.940,0.359,0.367,-0.844,16.87713478263737,14.264326279582725,-2.557636082863565,7.0
2016-08-02 15:29:06.950,0.359,0.363,-0.816,9.871773576298777,10.983041756370984,0.5791655081019684,7.0
2016-08-02 15:29:06.960,0.348,0.367,-0.797,5.129493586587257,8.385057636862678,3.0889372998206177,7.0
2016-08-02 15:29:06.970,0.348,0.379,-0.805,2.263205626959565,5.589971290521786,3.9066088225721987,7.0
2016-08-02 15:29:06.980,0.336,0.402,-0.844,-0.8851006534039364,2.728741794909258,2.8499690829872373,7.0
2016-08-02 15:29:06.990,0.324,0.398,-0.855,-2.683151265996517,0.6467025938895308,0.8348326563777482,7.0
2016-08-02 15:29:07.000,0.328,0.391,-0.852,-4.246861884608078,-0.3627152320158331,-1.4429066875928642,7.0
2016-08-02 15:29:07.010,0.348,0.371,-0.836,-7.537500673805258,-1.0449220192322848,-3.9232196941389064,7.0
2016-08-02 15:29:07.020,0.367,0.363,-0.809,-10.81271897220073,-2.3174537383443576,-5.29460447990457,7.0
2016-08-02 15:29:07.030,0.387,0.371,-0.801,-15.302731591024035,-4.987269677512131,-5.023881261866399,7.0
2016-08-02 15:29:07.040,0.371,0.375,-0.816,-20.330338945756203,-8.278357494157767,-4.056058051189892,7.0
2016-08-02 15:29:07.050,0.375,0.395,-0.82,-20.890035487602844,-10.433091572296803,-2.243906465553339,7.0
2016-08-02 15:29:07.060,0.383,0.41,-0.82,-20.334658772812922,-11.933477185609355,0.25536921881491337,7.0
2016-08-02 15:29:07.070,0.395,0.418,-0.82,-23.397093846798143,-13.435966727117094,2.253794744158389,7.0
2016-08-02 15:29:07.080,0.387,0.418,-0.816,-24.340641548682335,-14.323014653052654,3.3135100813953584,7.0
2016-08-02 15:29:07.090,0.383,0.414,-0.797,-21.733895354786267,-14.795574231637934,4.055088198999477,7.0
2016-08-02 15:29:07.100,0.398,0.41,-0.77,-21.93885660895298,-14.735764351052557,5.036586908322798,7.0
2016-08-02 15:29:07.110,0.402,0.406,-0.773,-23.344045341243685,-13.800381386333326,5.682707762560149,7.0
2016-08-02 15:29:07.120,0.387,0.398,-0.777,-21.528791723791723,-13.031912808878818,5.648830508566902,7.0
2016-08-02 15:29:07.130,0.371,0.391,-0.777,-19.072201703747197,-13.306819752551567,5.657055321103954,7.0
2016-08-02 15:29:07.140,0.367,0.398,-0.773,-17.623617582927743,-14.144936016405563,6.2745567804536515,7.0
2016-08-02 15:29:07.150,0.359,0.398,-0.754,-14.827891648113233,-15.24137182691128,7.42999559954827,7.0
2016-08-02 15:29:07.160,0.352,0.395,-0.738,-10.997318931232476,-16.830429151599528,8.356477696379933,7.0
2016-08-02 15:29:07.170,0.336,0.391,-0.73,-8.692475643160279,-18.17434809171356,8.523490236115263,7.0
2016-08-02 15:29:07.180,0.336,0.379,-0.73,-6.711130709759144,-18.501635558741032,8.456198276451728,7.0
2016-08-02 15:29:07.190,0.332,0.363,-0.734,-3.4509914601765885,-18.311354662594127,8.484393740591855,7.0
2016-08-02 15:29:07.200,0.332,0.359,-0.734,-1.3615328538413343,-18.059374919953193,8.189548648447854,7.0
2016-08-02 15:29:07.210,0.32,0.352,-0.734,-0.3048164520242809,-17.69723129493135,7.644693367609739,7.0
2016-08-02 15:29:07.220,0.316,0.348,-0.742,2.3477061247506628,-17.259383097700482,7.270971335868003,7.0
2016-08-02 15:29:07.230,0.316,0.348,-0.762,6.247955117972435,-16.847694015326866,6.7604263646537195,7.0
2016-08-02 15:29:07.240,0.305,0.34,-0.773,10.642506020854995,-16.952996935114683,5.904681718366612,7.0
2016-08-02 15:29:07.250,0.293,0.332,-0.781,14.395492117958305,-17.7710034760855,5.247856789603553,7.0
2016-08-02 15:29:07.260,0.285,0.328,-0.777,16.101654817633246,-18.60205475340696,5.293334228765748,7.0
2016-08-02 15:29:07.270,0.289,0.313,-0.762,16.765630508703296,-19.20922440430808,6.328289924049324,7.0
2016-08-02 15:29:07.280,0.305,0.313,-0.754,16.974593826218932,-19.76670815692364,8.709725306927131,7.0
2016-08-02 15:29:07.290,0.32,0.324,-0.746,15.073651914903449,-19.971594265135487,12.368452596584618,7.0
2016-08-02 15:29:07.300,0.328,0.34,-0.746,11.726191237383468,-19.57305271266101,16.074247621557767,7.0
2016-08-02 15:29:07.310,0.34,0.344,-0.766,12.011026582763558,-18.915239354350245,18.273706493526987,7.0
2016-08-02 15:29:07.320,0.336,0.336,-0.789,16.049481544166788,-18.734797419899337,18.8634715192536,7.0
2016-08-02 15:29:07.330,0.297,0.316,-0.805,16.94355742284072,-19.0765578985842,19.075704370042693,7.0
2016-08-02 15:29:07.340,0.266,0.293,-0.805,13.816635342824428,-19.1358563684558,19.970665061666885,7.0
2016-08-02 15:29:07.350,0.277,0.301,-0.789,11.406236753187445,-18.67707045034118,21.40491384094127,7.0
2016-08-02 15:29:07.360,0.301,0.305,-0.777,11.345680311156372,-18.12789119548526,22.368254368403598,7.0
2016-08-02 15:29:07.370,0.313,0.309,-0.77,12.80182017800466,-17.402742916873965,22.644179534186502,7.0
2016-08-02 15:29:07.380,0.316,0.309,-0.789,14.603747472865898,-16.3667538767994,22.3707350845265,7.0
2016-08-02 15:29:07.390,0.289,0.297,-0.824,17.32416521682986,-15.672773448691864,21.519239396685194,7.0
2016-08-02 15:29:07.400,0.27,0.293,-0.844,19.36539834536463,-15.24973138910087,21.149085479549967,7.0
2016-08-02 15:29:07.410,0.285,0.289,-0.828,15.017382963934065,-13.658240884384057,21.600005102507676,7.0
2016-08-02 15:29:07.420,0.305,0.273,-0.793,5.918810824583853,-10.354682186811425,22.167175427452214,7.0
2016-08-02 15:29:07.430,0.324,0.266,-0.793,2.0994978548545107,-6.601506478305894,22.96266528898957,7.0
2016-08-02 15:29:07.440,0.352,0.297,-0.793,5.970628545705754,-4.03117565254947,23.707828236712714,7.0
2016-08-02 15:29:07.450,0.34,0.293,-0.789,7.8042615688154475,-2.9947260060736687,24.693437842937396,7.0
2016-08-02 15:29:07.460,0.336,0.293,-0.832,4.732129166857594,-2.692201877961346,27.09527961055327,7.0
2016-08-02 15:29:07.470,0.324,0.309,-0.855,4.860172207059394,-2.8938119806159444,29.763778725474822,7.0
2016-08-02 15:29:07.480,0.316,0.313,-0.863,6.571074973074559,-2.938193433659879,31.439107951741075,7.0
2016-08-02 15:29:07.490,0.332,0.289,-0.867,4.077591904342651,-1.5929062815602857,33.52875004132177,7.0
2016-08-02 15:29:07.500,0.316,0.281,-0.848,-0.7241802685144307,0.8971108851282552,36.905308260742316,7.0
2016-08-02 15:29:07.510,0.32,0.277,-0.82,-8.491674904518927,4.485787370099621,40.344834635743766,7.0
2016-08-02 15:29:07.520,0.34,0.285,-0.82,-15.499263481304466,9.162675907416613,41.90204071774144,7.0
2016-08-02 15:29:07.530,0.367,0.309,-0.848,-11.048614501317576,12.724736545721125,40.788282292960204,7.0
2016-08-02 15:29:07.540,0.391,0.324,-0.863,-0.21325364305768232,13.743818903093835,38.76201158228181,7.0
2016-08-02 15:29:07.550,0.387,0.309,-0.871,0.596247816336098,13.700979516116428,38.28039780990635,7.0
2016-08-02 15:29:07.560,0.387,0.293,-0.871,-8.638271841914644,14.118256545923952,40.142797210439205,7.0
2016-08-02 15:29:07.570,0.379,0.285,-0.844,-16.86069385665072,15.55979849357572,43.454319057153235,7.0
2016-08-02 15:29:07.580,0.391,0.293,-0.852,-22.450590262898054,18.607091822657193,47.074660579582066,7.0
2016-08-02 15:29:07.590,0.402,0.297,-0.848,-27.92039785387517,22.49181213880562,50.48715464870298,7.0
2016-08-02 15:29:07.600,0.41,0.305,-0.828,-33.38388675962102,25.911121716855384,52.78345196815871,7.0
2016-08-02 15:29:07.610,0.438,0.328,-0.852,-35.52155905596825,28.809597165837545,51.97968480027313,7.0
2016-08-02 15:29:07.620,0.461,0.375,-0.91,-26.960984269450933,30.288712585604493,47.7450733844739,7.0
2016-08-02 15:29:07.630,0.469,0.383,-0.875,-14.576948339759884,29.847080718172307,43.69314744583389,7.0
2016-08-02 15:29:07.640,0.508,0.363,-0.859,-13.958025998514385,29.66204009483912,42.00594654081176,7.0
2016-08-02 15:29:07.650,0.551,0.375,-0.832,-20.1873605889371,30.452749852471143,41.161578239192934,7.0
2016-08-02 15:29:07.660,0.547,0.359,-0.773,-24.821591728056617,31.531851656584116,41.66372388670678,7.0
2016-08-02 15:29:07.670,0.566,0.336,-0.738,-31.265234841872378,34.04527478450989,43.481710517757364,7.0
2016-08-02 15:29:07.680,0.582,0.34,-0.746,-34.100359945397344,37.49734082245096,43.599987947263386,7.0
2016-08-02 15:29:07.690,0.563,0.344,-0.766,-27.853573927281534,39.885920864423696,41.87445854313256,7.0
2016-08-02 15:29:07.700,0.559,0.375,-0.828,-18.68796378929212,40.97146465331796,39.412836640378345,7.0
2016-08-02 15:29:07.710,0.57,0.398,-0.867,-11.466264697709505,40.743875280774766,36.37461004783245,7.0
2016-08-02 15:29:07.720,0.57,0.379,-0.875,-9.807936314032155,39.74212462352627,34.90914944457956,7.0
2016-08-02 15:29:07.730,0.582,0.355,-0.844,-14.436984324772162,39.552953357781206,35.93819840769993,7.0
2016-08-02 15:29:07.740,0.621,0.34,-0.785,-19.833666351380987,40.66791706251943,37.27930132997875,7.0
2016-08-02 15:29:07.750,0.656,0.324,-0.75,-22.675959926392455,42.5353736540083,37.87815489210484,7.0
2016-08-02 15:29:07.760,0.676,0.32,-0.723,-23.1982110524593,44.82023429452516,38.18534512587393,7.0
2016-08-02 15:29:07.770,0.695,0.336,-0.715,-23.48444160069165,47.26712503802677,37.57258449076866,7.0
2016-08-02 15:29:07.780,0.719,0.352,-0.738,-23.690557478477675,48.86667383982151,35.279677911832245,7.0
2016-08-02 15:29:07.790,0.711,0.352,-0.801,-19.99390519906102,48.62427706905094,32.25622196547704,7.0
2016-08-02 15:29:07.800,0.672,0.352,-0.816,-15.944213793156802,47.57190673125606,30.082975970661398,7.0
2016-08-02 15:29:07.810,0.66,0.352,-0.809,-19.09789941630544,47.832844391781066,28.995581850048353,7.0
2016-08-02 15:29:07.820,0.691,0.344,-0.766,-24.3136605134641,49.88728560848233,28.121814928238006,7.0
2016-08-02 15:29:07.830,0.715,0.336,-0.699,-24.6982048484606,53.143279976079086,26.98673069463431,7.0
2016-08-02 15:29:07.840,0.738,0.332,-0.68,-22.760989973915834,56.77710411085653,25.045731581885747,7.0
2016-08-02 15:29:07.850,0.758,0.352,-0.699,-17.13304037945815,58.47590091788187,22.332173421836693,7.0
2016-08-02 15:29:07.860,0.734,0.359,-0.711,-9.081951102089842,56.83535425021831,20.927968647378577,7.0
2016-08-02 15:29:07.870,0.73,0.371,-0.738,-7.574062320223248,53.47128626483516,21.5865457732331,7.0
2016-08-02 15:29:07.880,0.754,0.383,-0.746,-10.3776537840313,50.21591837334924,22.696441469963823,7.0
2016-08-02 15:29:07.890,0.758,0.363,-0.723,-13.084492595229653,48.55133124085454,24.19421935298509,7.0
2016-08-02 15:29:07.900,0.77,0.336,-0.695,-18.28414957876869,49.64258513466387,26.36671348928924,7.0
2016-08-02 15:29:07.910,0.785,0.324,-0.66,-22.030737486977,52.86046793529003,27.70169126581026,7.0
2016-08-02 15:29:07.920,0.789,0.32,-0.637,-21.891303546828233,56.86620236546133,27.72243588358099,7.0
2016-08-02 15:29:07.930,0.809,0.344,-0.645,-20.119733722283275,60.07169881334208,27.190648431590194,7.0
2016-08-02 15:29:07.940,0.809,0.367,-0.641,-15.539873901311967,61.0448286670014,26.26255514145051,7.0
2016-08-02 15:29:07.950,0.801,0.375,-0.672,-10.384712499764797,59.512158704428664,25.143166591218726,7.0
2016-08-02 15:29:07.960,0.793,0.379,-0.711,-6.330579927408423,55.55862650818888,24.222536152593122,7.0
2016-08-02 15:29:07.970,0.785,0.359,-0.695,-2.6819149350709983,50.5673847239872,23.82087596735069,7.0
2016-08-02 15:29:07.980,0.801,0.328,-0.668,-3.4690008513624613,47.055041784190095,23.86876961668596,7.0
2016-08-02 15:29:07.990,0.836,0.301,-0.625,-7.865480039404167,45.8743199960132,23.845387424635337,7.0
2016-08-02 15:29:08.000,0.84,0.285,-0.578,-11.968222915313085,46.94323777635385,23.85038938121302,7.0
2016-08-02 15:29:08.010,0.859,0.266,-0.555,-16.724576735360138,50.180445325296645,23.745287279348563,7.0
2016-08-02 15:29:08.020,0.871,0.277,-0.563,-18.641941811727694,54.12080822550278,22.718133513138458,7.0
2016-08-02 15:29:08.030,0.859,0.297,-0.586,-15.02424527680049,56.470529430957356,21.136243907866323,7.0
2016-08-02 15:29:08.040,0.832,0.324,-0.66,-9.608292562894642,55.484508796575014,19.904635218255766,7.0
2016-08-02 15:29:08.050,0.789,0.336,-0.715,-2.5763809115360816,51.090162991786094,19.25198895908577,7.0
2016-08-02 15:29:08.060,0.766,0.344,-0.73,4.072349760300272,45.421470753035024,19.397759862418333,7.0
2016-08-02 15:29:08.070,0.789,0.336,-0.691,5.615266677951704,41.01394550128505,19.97886106989777,7.0
2016-08-02 15:29:08.080,0.828,0.309,-0.617,4.793883313156156,39.41737834042935,20.28212585942105,7.0
2016-08-02 15:29:08.090,0.863,0.277,-0.539,3.7211176864904494,41.07967353580166,20.38852807925433,7.0
2016-08-02 15:29:08.100,0.879,0.258,-0.477,0.8289747815743862,45.08995449356462,20.382485556600408,7.0
2016-08-02 15:29:08.110,0.883,0.242,-0.453,-1.402215008963945,49.984974094276694,20.031446157819932,7.0
2016-08-02 15:29:08.120,0.879,0.258,-0.496,-1.3594140979899771,53.76246668666266,19.43994324617147,7.0
2016-08-02 15:29:08.130,0.848,0.293,-0.566,-0.32528748201137936,53.93977794708678,19.483467121660016,7.0
2016-08-02 15:29:08.140,0.816,0.328,-0.598,0.8438027624982388,50.553355400906746,20.978927338812575,7.0
2016-08-02 15:29:08.150,0.824,0.34,-0.602,0.796537662699309,46.44947666606296,22.905777559881347,7.0
2016-08-02 15:29:08.160,0.855,0.336,-0.59,0.7579680461215965,43.47637901488515,23.61071750826627,7.0
2016-08-02 15:29:08.170,0.887,0.305,-0.547,3.293121779516717,42.046746090931535,23.352417031178256,7.0
2016-08-02 15:29:08.180,0.914,0.266,-0.496,6.1365602118065645,42.78268866318198,23.089050547402508,7.0
2016-08-02 15:29:08.190,0.918,0.246,-0.469,5.839180103550747,45.3043654950924,22.75549059174964,7.0
2016-08-02 15:29:08.200,0.918,0.227,-0.457,3.3030477654473263,47.947707535316624,22.526791132651308,7.0
2016-08-02 15:29:08.210,0.906,0.234,-0.473,0.7994700368720079,49.443325035708185,22.702246140239918,7.0
2016-08-02 15:29:08.220,0.891,0.258,-0.523,-0.6962557891047607,48.58075263259785,22.32855279507158,7.0
2016-08-02 15:29:08.230,0.871,0.273,-0.598,0.4492735623774833,43.83171472684811,20.67612028284425,7.0
2016-08-02 15:29:08.240,0.867,0.293,-0.621,4.418535241271434,35.797188892259676,18.68768329637281,7.0
2016-08-02 15:29:08.250,0.898,0.293,-0.574,7.372187339807561,27.61161752022412,16.924821660231753,7.0
2016-08-02 15:29:08.260,0.961,0.277,-0.492,7.651738370437306,21.327463108184055,14.636855532666264,7.0
2016-08-02 15:29:08.270,0.996,0.258,-0.414,7.015888917893867,17.06256164191789,12.221419667246158,7.0
2016-08-02 15:29:08.280,0.996,0.227,-0.379,4.831978917722241,14.450342729738718,10.67637498359288,7.0
2016-08-02 15:29:08.290,0.984,0.211,-0.395,1.3662879065703584,12.061133801885456,9.576276393075931,7.0
2016-08-02 15:29:08.300,0.961,0.23,-0.434,-1.6166311276191652,8.057268652795447,8.533949451032793,7.0
2016-08-02 15:29:08.310,0.926,0.254,-0.465,-4.752089559749672,2.105847567206406,7.917491787539458,7.0
2016-08-02 15:29:08.320,0.918,0.266,-0.473,-6.348281367796241,-4.441438744420478,7.066765596832831,7.0
2016-08-02 15:29:08.330,0.934,0.27,-0.465,-3.2599972201430303,-9.526701323440262,4.533150646073931,7.0
2016-08-02 15:29:08.340,0.938,0.25,-0.449,2.413172274686107,-12.005185330595395,1.0323070814529913,7.0
2016-08-02 15:29:08.350,0.93,0.246,-0.43,4.562522312714482,-12.188690444057826,-1.2265301979781829,7.0
2016-08-02 15:29:08.360,0.922,0.27,-0.434,0.37585562736556555,-10.702023649508423,-1.889684774215568,7.0
2016-08-02 15:29:08.370,0.91,0.277,-0.449,-5.145517829906897,-8.239182570031916,-1.625255272025592,7.0
2016-08-02 15:29:08.380,0.891,0.281,-0.48,-6.727933786328446,-5.824843418337462,-0.4724198302410365,7.0
2016-08-02 15:29:08.390,0.875,0.297,-0.512,-5.488686785607306,-4.185054057373645,1.218378925660367,7.0
2016-08-02 15:29:08.400,0.859,0.301,-0.516,-3.5993569465630477,-3.296008196176354,2.71357224004552,7.0
2016-08-02 15:29:08.410,0.852,0.309,-0.496,-2.1690984554034056,-2.560192392400719,3.782552070312173,7.0
2016-08-02 15:29:08.420,0.855,0.305,-0.465,-2.71584794689963,-1.3566486488213478,4.416685267969799,7.0
2016-08-02 15:29:08.430,0.859,0.301,-0.43,-5.010702672588689,0.4029148428012838,4.582916440828939,7.0
2016-08-02 15:29:08.440,0.859,0.289,-0.434,-7.143902663613122,1.950358079745235,4.377292243758166,7.0
2016-08-02 15:29:08.450,0.855,0.277,-0.453,-6.661417294894803,2.0326407194469054,3.7633302834474045,7.0
2016-08-02 15:29:08.460,0.852,0.262,-0.457,-3.393388318095476,0.5991897946442247,2.7933334041428455,7.0
2016-08-02 15:29:08.470,0.859,0.266,-0.473,-0.8053764826497298,-1.1473126840417667,1.5389851539479735,7.0
2016-08-02 15:29:08.480,0.875,0.258,-0.473,0.2704183405501007,-2.650929439669939,-0.03417155997364657,7.0
2016-08-02 15:29:08.490,0.887,0.25,-0.453,1.3588122868795673,-3.6774011056172444,-1.4312951652092103,7.0
2016-08-02 15:29:08.500,0.883,0.25,-0.445,1.683134683253387,-4.1342700396971805,-2.247546860434285,7.0
2016-08-02 15:29:08.510,0.891,0.254,-0.441,1.3028477176344022,-4.792874926761863,-2.847758094689003,7.0
2016-08-02 15:29:08.520,0.891,0.262,-0.438,0.8603359657494071,-5.925995772418546,-3.4797327204756394,7.0
2016-08-02 15:29:08.530,0.891,0.277,-0.441,0.3042391735292246,-7.327038732732097,-4.161522724664395,7.0
2016-08-02 15:29:08.540,0.891,0.281,-0.449,0.892913051049525,-9.211038864298624,-5.0583852068652435,7.0
2016-08-02 15:29:08.550,0.891,0.285,-0.449,2.3668065741368154,-11.245690347924977,-6.126564710593148,7.0
2016-08-02 15:29:08.560,0.902,0.285,-0.457,2.9495478175003855,-12.799670031445418,-7.196344226731725,7.0
2016-08-02 15:29:08.570,0.91,0.281,-0.465,2.5674740220835415,-13.905517092001503,-8.13881792053212,7.0
2016-08-02 15:29:08.580,0.906,0.285,-0.473,1.900654085163463,-14.924124675398794,-8.843599218615745,7.0
2016-08-02 15:29:08.590,0.906,0.285,-0.492,1.7126359578306398,-16.318010321754663,-9.46506029215664,7.0
2016-08-02 15:29:08.600,0.906,0.293,-0.516,2.982368573087936,-18.496139946720206,-10.481257026146395,7.0
2016-08-02 15:29:08.610,0.906,0.293,-0.527,5.732386928390483,-21.30972522099404,-12.13408858808423,7.0
2016-08-02 15:29:08.620,0.902,0.289,-0.531,8.240047439009984,-24.23600663592019,-13.955841372792797,7.0
2016-08-02 15:29:08.630,0.902,0.289,-0.516,8.968088588107912,-26.99335122475682,-15.608001182937464,7.0
2016-08-02 15:29:08.640,0.906,0.285,-0.508,9.0133237471202,-29.6223326251411,-17.207884206549526,7.0
2016-08-02 15:29:08.650,0.914,0.285,-0.5,9.682345503976922,-32.41409420348209,-18.521994838829812,7.0
2016-08-02 15:29:08.660,0.918,0.285,-0.5,10.534944199535891,-35.62427146998444,-19.698021732294745,7.0
2016-08-02 15:29:08.670,0.926,0.281,-0.523,11.879351688666752,-39.1374198238197,-21.291957050024415,7.0
2016-08-02 15:29:08.680,0.93,0.297,-0.555,14.001110692919397,-42.96719694465053,-22.71626230315401,7.0
2016-08-02 15:29:08.690,0.922,0.301,-0.574,15.567144923474213,-47.27831136209306,-23.559090647487547,7.0
2016-08-02 15:29:08.700,0.922,0.301,-0.578,16.224150278217515,-51.679837103422884,-24.48223276039295,7.0
2016-08-02 15:29:08.710,0.934,0.293,-0.566,16.18293263295441,-55.65321601035619,-25.365300343817704,7.0
2016-08-02 15:29:08.720,0.941,0.285,-0.559,14.74146033793882,-59.203513288139504,-25.88148021357245,7.0
2016-08-02 15:29:08.730,0.949,0.293,-0.563,12.400858315030893,-62.37100476969212,-26.35794654089876,7.0
2016-08-02 15:29:08.740,0.949,0.289,-0.59,10.371179735563727,-65.28290934962689,-26.806541990323222,7.0
2016-08-02 15:29:08.750,0.934,0.297,-0.621,9.815709281880288,-68.5151902624011,-27.530340164106036,7.0
2016-08-02 15:29:08.760,0.914,0.309,-0.652,11.948822150250706,-71.98977133202439,-28.93010943938196,7.0
2016-08-02 15:29:08.770,0.898,0.301,-0.66,15.142230367587185,-74.82814402853485,-30.211360964996757,7.0
2016-08-02 15:29:08.780,0.902,0.301,-0.664,17.109067423066772,-76.79197891326587,-31.155946471302137,7.0
2016-08-02 15:29:08.790,0.906,0.301,-0.672,18.520662597101094,-78.09256715333373,-32.34795293957996,7.0
2016-08-02 15:29:08.800,0.91,0.313,-0.668,18.960783650955516,-78.44440955880509,-33.09928192834724,7.0
2016-08-02 15:29:08.810,0.914,0.328,-0.676,16.95388702287819,-77.92294705578887,-32.98711860298122,7.0
2016-08-02 15:29:08.820,0.914,0.336,-0.684,14.390299451138805,-77.24443022731992,-32.46320218083124,7.0
2016-08-02 15:29:08.830,0.883,0.328,-0.699,13.141400318543011,-76.43628643704993,-31.69671132260264,7.0
2016-08-02 15:29:08.840,0.848,0.34,-0.727,13.226246439061045,-75.72049783923973,-31.22923040476693,7.0
2016-08-02 15:29:08.850,0.801,0.34,-0.727,15.105872793160799,-75.8736650998998,-31.051774804714668,7.0
2016-08-02 15:29:08.860,0.773,0.34,-0.719,16.6620336383934,-76.16568463693125,-30.50570895358764,7.0
2016-08-02 15:29:08.870,0.77,0.34,-0.711,15.892191401902075,-75.86959420289804,-29.974950518651717,7.0
2016-08-02 15:29:08.880,0.754,0.332,-0.695,15.006003809901722,-75.7406977916612,-29.323647104002884,7.0
2016-08-02 15:29:08.890,0.73,0.328,-0.695,14.028416697371716,-75.9995883868653,-27.704216166843132,7.0
2016-08-02 15:29:08.900,0.715,0.332,-0.688,12.241620013521672,-76.5510208091986,-25.98091374805311,7.0
2016-08-02 15:29:08.910,0.711,0.328,-0.699,12.815423586620648,-77.47380393709761,-25.006897814650713,7.0
2016-08-02 15:29:08.920,0.703,0.324,-0.727,16.18030704923146,-78.4163556516755,-24.40820656731955,7.0
2016-08-02 15:29:08.930,0.68,0.32,-0.754,18.517329338520213,-79.2208230252538,-23.85085099653646,7.0
2016-08-02 15:29:08.940,0.652,0.32,-0.789,17.22118542620692,-79.44321005632253,-22.78139812489386,7.0
2016-08-02 15:29:08.950,0.637,0.32,-0.813,14.316060333207824,-78.70077851864411,-21.602545871963095,7.0
2016-08-02 15:29:08.960,0.617,0.301,-0.816,13.999360582533065,-77.64223523250423,-21.183300747993165,7.0
2016-08-02 15:29:08.970,0.613,0.293,-0.813,15.2062757353019,-76.5357152215911,-20.712078004426168,7.0
2016-08-02 15:29:08.980,0.613,0.289,-0.789,14.346824236723492,-75.1923660716013,-19.680868136774755,7.0
2016-08-02 15:29:08.990,0.621,0.293,-0.762,11.976617359455577,-73.7859493713468,-18.731447586586967,7.0
2016-08-02 15:29:09.000,0.621,0.297,-0.734,9.695564322861458,-72.25646676024007,-17.999012642103402,7.0
2016-08-02 15:29:09.010,0.598,0.281,-0.738,8.018886898117959,-70.6483960052279,-17.39929049340313,7.0
2016-08-02 15:29:09.020,0.578,0.285,-0.77,7.429381004346917,-69.28527084536796,-16.93938302847935,7.0
2016-08-02 15:29:09.030,0.559,0.293,-0.789,7.711490656833908,-68.17282762647616,-16.584436057365913,7.0
2016-08-02 15:29:09.040,0.543,0.297,-0.816,7.745703236403536,-67.22538834391563,-16.24254682869596,7.0
2016-08-02 15:29:09.050,0.535,0.309,-0.836,6.90493484275029,-66.39326447623603,-15.786092961230562,7.0
2016-08-02 15:29:09.060,0.523,0.297,-0.855,6.677867188550177,-65.48334002232798,-15.532257320009656,7.0
2016-08-02 15:29:09.070,0.539,0.301,-0.875,8.674036909310564,-64.5671352079376,-15.646774038119858,7.0
2016-08-02 15:29:09.080,0.535,0.301,-0.863,10.536901830866055,-63.94375294938379,-15.48316548319174,7.0
2016-08-02 15:29:09.090,0.551,0.301,-0.832,7.844710208486109,-63.132772484312156,-14.406964875043926,7.0
2016-08-02 15:29:09.100,0.582,0.305,-0.809,2.173911483336507,-61.34410379600742,-12.890810859829545,7.0
2016-08-02 15:29:09.110,0.594,0.301,-0.789,-1.081515915910881,-58.71767822273446,-11.6721516879983,7.0
2016-08-02 15:29:09.120,0.574,0.297,-0.801,-1.9961773345470806,-55.965755576506375,-10.993962484095876,7.0
2016-08-02 15:29:09.130,0.539,0.305,-0.852,-2.011272517134033,-53.84119423173345,-11.656328822203657,7.0
2016-08-02 15:29:09.140,0.496,0.313,-0.891,-1.2660190899966048,-52.397223927902914,-13.279748880541629,7.0
2016-08-02 15:29:09.150,0.465,0.313,-0.902,-3.675937231078293,-50.53679125350076,-14.122629905325812,7.0
2016-08-02 15:29:09.160,0.461,0.301,-0.895,-9.388528752077997,-47.49547042384961,-14.459692590199955,7.0
2016-08-02 15:29:09.170,0.461,0.32,-0.867,-12.294199034881723,-43.10039744421075,-15.0609097868726,7.0
2016-08-02 15:29:09.180,0.465,0.336,-0.844,-11.554286563315733,-37.293231411565124,-15.659477309538348,7.0
2016-08-02 15:29:09.190,0.469,0.336,-0.836,-9.67303249573866,-31.10893940825906,-16.683608893518688,7.0
2016-08-02 15:29:09.200,0.453,0.344,-0.844,-7.290582711342716,-25.57604829665773,-18.23095161276561,7.0
2016-08-02 15:29:09.210,0.43,0.348,-0.859,-5.970672287611932,-20.8095461747253,-20.328082512738114,7.0
2016-08-02 15:29:09.220,0.406,0.344,-0.883,-4.60342467238363,-17.139722544890184,-23.394861771580054,7.0
2016-08-02 15:29:09.230,0.371,0.328,-0.875,-2.049535216920206,-14.433580482182352,-26.103383708149074,7.0
2016-08-02 15:29:09.240,0.367,0.313,-0.844,-2.3382439035804277,-11.974767494504517,-27.57928135419228,7.0
2016-08-02 15:29:09.250,0.375,0.305,-0.805,-6.140842700990021,-9.577968519610769,-28.919108115853998,7.0
2016-08-02 15:29:09.260,0.379,0.289,-0.754,-9.4127260752044,-6.873498137254522,-30.362780328454136,7.0
2016-08-02 15:29:09.270,0.387,0.285,-0.754,-9.934420035222525,-3.4553077596994077,-31.80255713633039,7.0
2016-08-02 15:29:09.280,0.371,0.293,-0.766,-7.817894124736616,0.06179350741165901,-33.64563785991627,7.0
2016-08-02 15:29:09.290,0.34,0.309,-0.793,-6.197731166829151,3.411036144633508,-35.79537858111104,7.0
2016-08-02 15:29:09.300,0.313,0.305,-0.82,-6.199493513180811,6.9992167395737805,-38.45594564279395,7.0
2016-08-02 15:29:09.310,0.293,0.305,-0.84,-4.290009357515233,10.693813678674484,-41.62758510312083,7.0
2016-08-02 15:29:09.320,0.289,0.316,-0.832,-1.3740616736342288,14.444143777338104,-44.107096528166984,7.0
2016-08-02 15:29:09.330,0.305,0.316,-0.809,-1.3001794069947423,18.08678108622548,-45.38918024951951,7.0
2016-08-02 15:29:09.340,0.32,0.313,-0.781,-3.2197799229707815,21.202963755726948,-46.17275089140678,7.0
2016-08-02 15:29:09.350,0.332,0.297,-0.762,-5.505225668221415,24.02103633144775,-46.991053773360775,7.0
2016-08-02 15:29:09.360,0.328,0.289,-0.754,-8.701955219099725,26.917280245544312,-47.89723634540108,7.0
2016-08-02 15:29:09.370,0.328,0.277,-0.762,-12.130270999364294,30.468738615424577,-48.19738450144791,7.0
2016-08-02 15:29:09.380,0.324,0.289,-0.793,-12.812419680872665,34.5553230680235,-47.9126578314271,7.0
2016-08-02 15:29:09.390,0.316,0.289,-0.816,-10.503377458272347,37.774279309743626,-48.66911159270315,7.0
2016-08-02 15:29:09.400,0.293,0.289,-0.836,-10.077515693165006,40.12267715050719,-50.5380490582143,7.0
2016-08-02 15:29:09.410,0.281,0.305,-0.832,-11.55356057202124,42.24880975406692,-52.16596736048884,7.0
2016-08-02 15:29:09.420,0.289,0.297,-0.797,-10.189760565397048,43.541217156955106,-53.55423933709221,7.0
2016-08-02 15:29:09.430,0.301,0.285,-0.773,-8.51107374088858,44.45999776193863,-54.70549504454495,7.0
2016-08-02 15:29:09.440,0.301,0.281,-0.762,-8.758383078183051,46.34572786184327,-55.154608272786916,7.0
2016-08-02 15:29:09.450,0.297,0.285,-0.754,-7.966502576943141,49.14006052462721,-54.840201303800576,7.0
2016-08-02 15:29:09.460,0.293,0.305,-0.758,-8.18111910235567,52.09049839533593,-53.86225791898468,7.0
2016-08-02 15:29:09.470,0.285,0.313,-0.777,-9.215340185023845,54.79377890263373,-53.29171041344164,7.0
2016-08-02 15:29:09.480,0.258,0.297,-0.801,-5.732230506644465,57.35716514616539,-53.78821497843783,7.0
2016-08-02 15:29:09.490,0.234,0.293,-0.848,0.919118469811423,59.638271906348734,-54.40207767928867,7.0
2016-08-02 15:29:09.500,0.215,0.316,-0.848,6.703142907329212,60.17789569835555,-54.298684907378174,7.0
2016-08-02 15:29:09.510,0.242,0.336,-0.82,8.909128033011743,58.38537446776159,-52.7581414719984,7.0
2016-08-02 15:29:09.520,0.277,0.352,-0.797,6.833747096488455,56.26996667719975,-49.19150539103215,7.0
2016-08-02 15:29:09.530,0.281,0.348,-0.746,4.0711840908398615,55.15645499455925,-43.91823451034699,7.0
2016-08-02 15:29:09.540,0.289,0.332,-0.719,0.18447011732492224,54.446418101722486,-38.07090663280577,7.0
2016-08-02 15:29:09.550,0.281,0.324,-0.73,-4.597218563234467,54.24326964717634,-33.48492438035979,7.0
2016-08-02 15:29:09.560,0.25,0.316,-0.758,-4.317037051659977,55.176819190690814,-31.5059750100312,7.0
2016-08-02 15:29:09.570,0.254,0.344,-0.813,2.2422860727547587,56.483130387723676,-32.889166074583514,7.0
2016-08-02 15:29:09.580,0.238,0.367,-0.863,12.115898709919202,56.23423317233262,-37.30361428236804,7.0
2016-08-02 15:29:09.590,0.227,0.363,-0.863,19.553352745065823,53.81600232441092,-41.3791488358865,7.0
2016-08-02 15:29:09.600,0.246,0.352,-0.824,19.04303453360365,50.80579105069217,-42.31010788655796,7.0
2016-08-02 15:29:09.610,0.25,0.316,-0.781,13.277738127716734,47.99811747692867,-40.667430249662985,7.0
2016-08-02 15:29:09.620,0.254,0.313,-0.75,8.121269794011756,44.611565653039705,-37.261110566404405,7.0
2016-08-02 15:29:09.630,0.266,0.367,-0.758,6.746442351315407,40.59635885450632,-33.28683623918149,7.0
2016-08-02 15:29:09.640,0.27,0.414,-0.785,7.80855944197485,36.371105003212676,-30.292741211313903,7.0
2016-08-02 15:29:09.650,0.27,0.438,-0.801,8.83109208316573,32.349104779884456,-28.004958993040837,7.0
2016-08-02 15:29:09.660,0.27,0.445,-0.813,11.316718438733098,29.330501074796693,-25.784344956014174,7.0
2016-08-02 15:29:09.670,0.258,0.445,-0.836,14.37310747618766,26.811826990126175,-22.983046974253263,7.0
2016-08-02 15:29:09.680,0.254,0.449,-0.848,14.298597707359313,23.305548954465902,-18.775678113292468,7.0
2016-08-02 15:29:09.690,0.281,0.461,-0.863,11.537832906699975,18.98382789144913,-13.68216768366145,7.0
2016-08-02 15:29:09.700,0.316,0.477,-0.859,8.73438290938231,14.79942805212801,-8.46951550277383,7.0
2016-08-02 15:29:09.710,0.348,0.473,-0.855,5.9724169251326815,10.19888521349819,-3.4169811272244655,7.0
2016-08-02 15:29:09.720,0.344,0.469,-0.852,2.268496152078687,4.731471388924155,0.9128666264639785,7.0
2016-08-02 15:29:09.730,0.328,0.461,-0.852,0.23307403278498445,-0.024848765180883747,4.4730674715734,7.0
2016-08-02 15:29:09.740,0.336,0.465,-0.848,0.8637852751290779,-2.7014417924343603,7.24011182568469,7.0
2016-08-02 15:29:09.750,0.359,0.457,-0.84,0.28871041099238,-4.123763718759419,8.495158255235381,7.0
2016-08-02 15:29:09.760,0.371,0.453,-0.824,-2.0763396164151597,-5.622682715318751,8.470893720118328,7.0
2016-08-02 15:29:09.770,0.391,0.43,-0.816,-4.956944849566167,-7.5280322157825825,8.036415047680197,7.0
2016-08-02 15:29:09.780,0.387,0.406,-0.816,-8.549334924867708,-10.01818422991169,7.17443741040224,7.0
2016-08-02 15:29:09.790,0.363,0.375,-0.828,-11.071521966921837,-13.281649223607666,6.023084599275332,7.0
2016-08-02 15:29:09.800,0.344,0.363,-0.832,-11.845408312113443,-16.298337673678567,5.259944173561559,7.0
2016-08-02 15:29:09.810,0.355,0.375,-0.84,-12.429209219959848,-17.59499134780735,4.982112271904825,7.0
2016-08-02 15:29:09.820,0.359,0.375,-0.832,-12.896019375834666,-17.588526028031318,5.233441838285005,7.0
2016-08-02 15:29:09.830,0.367,0.379,-0.813,-13.439904315708255,-17.949676550158976,6.474242559831696,7.0
2016-08-02 15:29:09.840,0.359,0.383,-0.781,-15.531641318179528,-19.020671547422943,8.78520531686161,7.0
2016-08-02 15:29:09.850,0.348,0.387,-0.754,-18.039962155412347,-20.346121983114372,11.877662259188444,7.0
2016-08-02 15:29:09.860,0.336,0.383,-0.742,-18.227396449783303,-22.06955708382523,15.11924442210939,7.0
2016-08-02 15:29:09.870,0.305,0.383,-0.742,-16.855785464640462,-24.05167851820371,17.54456486737463,7.0
2016-08-02 15:29:09.880,0.273,0.383,-0.754,-15.059669535179378,-25.732602575273912,18.752325685764145,7.0
2016-08-02 15:29:09.890,0.25,0.383,-0.754,-11.464172356980757,-26.907311797163874,18.999364573344153,7.0
2016-08-02 15:29:09.900,0.254,0.379,-0.742,-6.940100050748696,-27.458188186546998,18.540248540915208,7.0
2016-08-02 15:29:09.910,0.262,0.371,-0.723,-3.535460694231016,-27.155121628332783,17.4534465806333,7.0
2016-08-02 15:29:09.920,0.27,0.359,-0.691,-0.713488705951709,-25.995898640247457,16.407479058878806,7.0
2016-08-02 15:29:09.930,0.281,0.336,-0.672,1.4271199020600154,-24.602271495351573,16.66462677496856,7.0
2016-08-02 15:29:09.940,0.301,0.328,-0.676,2.2047544121027096,-24.08785055607207,17.921147712180005,7.0
2016-08-02 15:29:09.950,0.301,0.336,-0.707,3.8548274070393638,-24.971904669282708,18.93257177628295,7.0
2016-08-02 15:29:09.960,0.277,0.328,-0.742,7.99613317414209,-26.98676388580425,20.21839568432858,7.0
2016-08-02 15:29:09.970,0.254,0.324,-0.766,12.413563923083501,-29.77425525203155,22.34906817631728,7.0
2016-08-02 15:29:09.980,0.258,0.328,-0.77,14.480891127697838,-31.901529699963184,24.661008332771807,7.0
2016-08-02 15:29:09.990,0.313,0.336,-0.742,14.041059540317098,-31.30765602136919,27.009231768226197,7.0
2016-08-02 15:29:10.000,0.344,0.32,-0.703,12.194390656001627,-28.325476461164975,29.546826854634027,7.0
2016-08-02 15:29:10.010,0.344,0.297,-0.707,10.619260165287123,-24.95893108318649,32.008815186809294,7.0
2016-08-02 15:29:10.020,0.328,0.297,-0.734,11.402396192328581,-22.30765517123362,34.23253400065927,7.0
2016-08-02 15:29:10.030,0.297,0.297,-0.75,12.958575174422162,-21.09368553568032,36.546610830938675,7.0
2016-08-02 15:29:10.040,0.277,0.297,-0.785,14.050421125741696,-21.818724642664662,38.60786666451004,7.0
2016-08-02 15:29:10.050,0.277,0.324,-0.813,18.37864923259035,-23.702248186625678,39.559179512373994,7.0
2016-08-02 15:29:10.060,0.277,0.336,-0.801,22.856875599944676,-25.148237259546054,40.53324580090828,7.0
2016-08-02 15:29:10.070,0.297,0.328,-0.777,20.86785784605725,-24.55305216408233,42.71725230202195,7.0
2016-08-02 15:29:10.080,0.34,0.336,-0.758,15.71249252074183,-20.994586814674804,44.94110093402783,7.0
2016-08-02 15:29:10.090,0.359,0.328,-0.742,11.625830634162918,-15.538010856329326,46.288104095720314,7.0
2016-08-02 15:29:10.100,0.363,0.309,-0.762,9.524780685620915,-10.434342689445796,46.625219377720676,7.0
2016-08-02 15:29:10.110,0.348,0.301,-0.801,11.306180205268259,-7.124498618050287,45.58814862993538,7.0
2016-08-02 15:29:10.120,0.305,0.309,-0.859,14.06551306764405,-6.096898049291308,44.11570263789666,7.0
2016-08-02 15:29:10.130,0.273,0.316,-0.914,13.882428169292842,-6.617502805587849,43.71957765436877,7.0
2016-08-02 15:29:10.140,0.293,0.328,-0.922,13.090730823145098,-6.984904166336264,44.225542537480194,7.0
2016-08-02 15:29:10.150,0.352,0.344,-0.887,12.67494206238766,-6.174432718824428,45.03113581237936,7.0
2016-08-02 15:29:10.160,0.43,0.348,-0.816,9.089212116263212,-3.9637794246110696,46.517718364556984,7.0
2016-08-02 15:29:10.170,0.465,0.324,-0.766,0.40150143526655535,-0.4013754421306115,48.723261353012255,7.0
2016-08-02 15:29:10.180,0.465,0.305,-0.762,-9.545119220074884,3.7801187919068893,50.280513250911724,7.0
2016-08-02 15:29:10.190,0.43,0.309,-0.801,-12.559108157467408,7.119423441889159,49.85460182441622,7.0
2016-08-02 15:29:10.200,0.379,0.309,-0.84,-8.575670239892364,8.784448647423506,47.994131664280125,7.0
2016-08-02 15:29:10.210,0.348,0.316,-0.938,-4.682732707882466,8.976169863553057,45.66184690304555,7.0
2016-08-02 15:29:10.220,0.348,0.336,-0.961,-0.9345443015409755,7.792044725005213,43.514891750324246,7.0
2016-08-02 15:29:10.230,0.355,0.328,-0.922,-0.5428932386888012,6.648243010444155,43.06268110308789,7.0
2016-08-02 15:29:10.240,0.43,0.32,-0.887,-8.111649129054767,7.886124927515045,44.15210861931811,7.0
2016-08-02 15:29:10.250,0.484,0.32,-0.789,-14.958232828797073,11.288549938142978,45.17717845635343,7.0
2016-08-02 15:29:10.260,0.496,0.301,-0.746,-19.653372684647334,15.533608909426345,46.20811276575212,7.0
2016-08-02 15:29:10.270,0.512,0.305,-0.758,-25.982194608759745,20.236062463054708,46.671362269270105,7.0
2016-08-02 15:29:10.280,0.477,0.316,-0.789,-26.09754617820322,24.487273511541197,45.410845200022905,7.0
2016-08-02 15:29:10.290,0.438,0.336,-0.871,-20.493643174077917,26.811279408427104,43.36425515697681,7.0
2016-08-02 15:29:10.300,0.434,0.359,-0.934,-15.805565965406617,26.8371026748005,41.2264783290078,7.0
2016-08-02 15:29:10.310,0.422,0.375,-0.93,-13.875856214923108,26.23884245468787,39.51594059382155,7.0
2016-08-02 15:29:10.320,0.484,0.367,-0.895,-16.414001809388985,26.956465084252972,39.10770003296819,7.0
2016-08-02 15:29:10.330,0.555,0.363,-0.828,-18.14231221002241,28.958172637774908,39.22238028814426,7.0
2016-08-02 15:29:10.340,0.578,0.344,-0.75,-19.93745815944084,31.608495560296557,40.117468959534975,7.0
2016-08-02 15:29:10.350,0.59,0.309,-0.746,-29.481270593318403,35.11398721768898,42.32284452946536,7.0
2016-08-02 15:29:10.360,0.574,0.316,-0.754,-37.04359480900123,39.021598238815116,43.64399597242761,7.0
2016-08-02 15:29:10.370,0.555,0.348,-0.801,-33.223144556743385,41.904274878743436,42.768354469967726,7.0
2016-08-02 15:29:10.380,0.586,0.406,-0.863,-23.606021590102763,42.562207275572995,40.02732616525611,7.0
2016-08-02 15:29:10.390,0.605,0.43,-0.848,-15.019104171860949,41.104628045983446,36.908249196227246,7.0
2016-08-02 15:29:10.400,0.621,0.41,-0.859,-15.301590181161375,39.347324229006745,36.162461769808836,7.0
2016-08-02 15:29:10.410,0.645,0.391,-0.844,-22.843774489754175,38.4690246860247,37.83199699842491,7.0
2016-08-02 15:29:10.420,0.621,0.363,-0.773,-30.256989488079057,38.87959357314815,40.41954088141132,7.0
2016-08-02 15:29:10.430,0.633,0.344,-0.723,-40.32437097364995,41.76316530400344,43.01172843181636,7.0
2016-08-02 15:29:10.440,0.695,0.344,-0.688,-46.07880814843979,46.34777588898533,43.10839116213852,7.0
2016-08-02 15:29:10.450,0.703,0.352,-0.652,-40.34063409750645,49.945627034876054,40.21928220024448,7.0
2016-08-02 15:29:10.460,0.68,0.371,-0.723,-33.712198576717604,50.95468157939444,36.96054288322008,7.0
2016-08-02 15:29:10.470,0.641,0.402,-0.773,-27.681111012224264,48.87912491115779,34.34052884344587,7.0
2016-08-02 15:29:10.480,0.602,0.398,-0.785,-23.08693091724568,45.4309091820291,33.21206386331848,7.0
2016-08-02 15:29:10.490,0.629,0.395,-0.797,-27.33781035772179,43.300305239867356,34.09026273571317,7.0
2016-08-02 15:29:10.500,0.668,0.379,-0.734,-31.731026749085935,42.98001945969859,35.39911689147253,7.0
2016-08-02 15:29:10.510,0.695,0.344,-0.66,-33.945409137543805,45.08756983236934,36.835996903988566,7.0
2016-08-02 15:29:10.520,0.754,0.34,-0.625,-39.090602532125736,49.768151992289965,37.563052155333196,7.0
2016-08-02 15:29:10.530,0.773,0.344,-0.598,-37.97151060390445,54.16715612512642,36.19040808680829,7.0
2016-08-02 15:29:10.540,0.727,0.336,-0.668,-31.556530818524607,55.941863857459715,35.025865086725354,7.0
2016-08-02 15:29:10.550,0.68,0.352,-0.758,-26.360796259821548,54.714007198165206,35.38712845678554,7.0
2016-08-02 15:29:10.560,0.641,0.371,-0.785,-19.823693889176628,51.62189370801054,36.15837614387404,7.0
2016-08-02 15:29:10.570,0.664,0.379,-0.785,-18.61187369369201,49.26788765343563,37.92870981994263,7.0
2016-08-02 15:29:10.580,0.723,0.367,-0.73,-23.773804517174465,49.48466727817021,40.06282588561268,7.0
2016-08-02 15:29:10.590,0.766,0.344,-0.652,-25.516212535363167,52.763453700315,40.67512732918564,7.0
2016-08-02 15:29:10.600,0.801,0.34,-0.605,-24.424632031508253,57.9928842664103,40.05888545050028,7.0
2016-08-02 15:29:10.610,0.828,0.328,-0.578,-21.84428826088599,63.255637659267634,38.522177363217594,7.0
2016-08-02 15:29:10.620,0.832,0.332,-0.633,-16.217751453922514,67.47573051619605,35.41245092288692,7.0
2016-08-02 15:29:10.630,0.82,0.34,-0.715,-8.888693257013905,69.12033356635926,31.531200289031364,7.0
2016-08-02 15:29:10.640,0.797,0.355,-0.777,-0.7688628805601606,67.62022210997067,28.818878169849874,7.0
2016-08-02 15:29:10.650,0.793,0.359,-0.785,3.0039411140154497,65.07987652178139,27.835379793769796,7.0
2016-08-02 15:29:10.660,0.832,0.348,-0.723,0.2247140249838725,63.77940286972493,27.762146984075862,7.0
2016-08-02 15:29:10.670,0.875,0.313,-0.605,-4.042760136883432,64.95673865169678,27.984490581899177,7.0
2016-08-02 15:29:10.680,0.91,0.242,-0.484,-10.07671355205583,69.45677838601642,28.663968520507854,7.0
2016-08-02 15:29:10.690,0.926,0.211,-0.414,-20.18751840030191,77.56334677299535,30.41586774840132,7.0
2016-08-02 15:29:10.700,0.91,0.215,-0.422,-29.29816261991341,86.60975097026491,32.89866316007131,7.0
2016-08-02 15:29:10.710,0.855,0.262,-0.512,-30.70005296309973,91.34506884093511,34.99190075633595,7.0
2016-08-02 15:29:10.720,0.777,0.324,-0.629,-24.261289074977924,89.6999924231421,36.61367926581468,7.0
2016-08-02 15:29:10.730,0.734,0.383,-0.703,-14.50761731605709,83.79828248905545,38.2133129854279,7.0
2016-08-02 15:29:10.740,0.762,0.406,-0.695,-4.742871613263448,76.1618599429154,39.691208937968966,7.0
2016-08-02 15:29:10.750,0.84,0.398,-0.613,1.803305092101123,69.87820752005297,40.85652443825355,7.0
2016-08-02 15:29:10.760,0.941,0.355,-0.496,1.8234943959515233,68.14741182850628,41.386675415159644,7.0
2016-08-02 15:29:10.770,1.02,0.316,-0.395,-3.089014303746714,70.94345007531874,41.12115156338231,7.0
2016-08-02 15:29:10.780,1.047,0.266,-0.324,-8.913654564401131,75.91615401304749,41.042072776836235,7.0
2016-08-02 15:29:10.790,1.043,0.242,-0.316,-14.500024753995612,81.10413489529255,41.630040271117494,7.0
2016-08-02 15:29:10.800,1.031,0.254,-0.359,-19.436151142019572,84.80658716166401,41.41690216431532,7.0
2016-08-02 15:29:10.810,1.0,0.281,-0.426,-22.526278244111367,85.03275212256634,39.86663051981065,7.0
2016-08-02 15:29:10.820,0.965,0.313,-0.5,-22.952547800402066,80.00443609117298,37.83964733958166,7.0
2016-08-02 15:29:10.830,0.949,0.348,-0.52,-19.5421507015476,69.94169704613661,34.95644102938671,7.0
2016-08-02 15:29:10.840,0.973,0.344,-0.473,-12.143008074091057,58.14693855749743,31.171002462326307,7.0
2016-08-02 15:29:10.850,1.027,0.301,-0.387,-4.456552368067185,48.52093130879641,27.302522780080274,7.0
2016-08-02 15:29:10.860,1.059,0.266,-0.316,-1.2442218112745325,42.03365475339922,23.350963084247855,7.0
2016-08-02 15:29:10.870,1.055,0.223,-0.281,-2.7581274406008798,37.394333028756165,20.238945897345744,7.0
2016-08-02 15:29:10.880,1.039,0.207,-0.289,-7.185391380235858,33.92389619840196,19.0828636623291,7.0
2016-08-02 15:29:10.890,1.004,0.211,-0.316,-13.521509693106921,30.777754789999303,18.604833465649918,7.0
2016-08-02 15:29:10.900,0.969,0.211,-0.359,-18.04415923420442,26.564594440906433,17.42774712822565,7.0
2016-08-02 15:29:10.910,0.949,0.215,-0.387,-17.543795161457382,21.81374021912136,15.455283488205586,7.0
2016-08-02 15:29:10.920,0.953,0.203,-0.406,-12.616670922205628,18.18173331869668,12.322055377076444,7.0
2016-08-02 15:29:10.930,0.957,0.207,-0.434,-5.072715409663461,15.550866593704844,8.783166157430912,7.0
2016-08-02 15:29:10.940,0.949,0.242,-0.445,0.38081681659558203,12.58212375513552,6.976877962754762,7.0
2016-08-02 15:29:10.950,0.941,0.273,-0.434,0.1085559043287006,9.44174393506201,7.086523431782649,7.0
2016-08-02 15:29:10.960,0.953,0.277,-0.402,-2.532773993102354,7.574766150037259,7.6077566975268685,7.0
2016-08-02 15:29:10.970,0.961,0.258,-0.375,-3.573834939593045,7.258675638237495,7.79397241066739,7.0
2016-08-02 15:29:10.980,0.953,0.238,-0.371,-2.181656487925655,7.210875048540121,7.139697216476407,7.0
2016-08-02 15:29:10.990,0.938,0.227,-0.367,2.378697921576525,6.244084669256028,5.28178421056759,7.0
2016-08-02 15:29:11.000,0.918,0.227,-0.379,8.771404090201484,4.58860201461748,2.9534283428634573,7.0
2016-08-02 15:29:11.010,0.918,0.25,-0.387,12.727218105770241,2.8711659655395647,1.062560113570019,7.0
2016-08-02 15:29:11.020,0.926,0.258,-0.379,12.249998109781087,1.0917845577639265,-0.11685682026747325,7.0
2016-08-02 15:29:11.030,0.938,0.281,-0.371,8.829343536286354,-0.41023826584031203,-0.3154280578390482,7.0
2016-08-02 15:29:11.040,0.938,0.285,-0.367,4.842116312602632,-1.3962545811316103,0.2912892726156765,7.0
2016-08-02 15:29:11.050,0.941,0.281,-0.363,3.5290462433887804,-2.150080601024593,0.27357354631986447,7.0
2016-08-02 15:29:11.060,0.938,0.262,-0.371,6.167738586386433,-2.5603155751533437,-1.194220005266526,7.0
2016-08-02 15:29:11.070,0.922,0.262,-0.387,9.874923875085091,-3.136045698830803,-2.8603522499668554,7.0
2016-08-02 15:29:11.080,0.906,0.277,-0.395,12.116457734341711,-4.865648499277743,-3.8891970718671027,7.0
2016-08-02 15:29:11.090,0.902,0.281,-0.395,13.783811314180948,-7.361765619522361,-4.966260984040475,7.0
2016-08-02 15:29:11.100,0.91,0.293,-0.387,15.554678809954826,-9.616132718243053,-6.086479487042853,7.0
2016-08-02 15:29:11.110,0.93,0.297,-0.363,15.346900665336024,-11.238734448163122,-6.967573045775646,7.0
2016-08-02 15:29:11.120,0.949,0.289,-0.359,13.545236070376784,-12.189725038260118,-8.009432677312862,7.0
2016-08-02 15:29:11.130,0.953,0.281,-0.363,12.729829449390412,-12.874713464497464,-9.096087929850844,7.0
2016-08-02 15:29:11.140,0.945,0.285,-0.395,12.055000544579528,-14.334912606359932,-10.187964462234243,7.0
2016-08-02 15:29:11.150,0.93,0.285,-0.438,11.883199025397365,-17.32450418631991,-12.079388778669731,7.0
2016-08-02 15:29:11.160,0.922,0.281,-0.473,14.739586425011492,-21.82707790267013,-15.078409642691838,7.0
2016-08-02 15:29:11.170,0.918,0.281,-0.469,19.16617991046529,-27.362870732103076,-18.35479668461344,7.0
2016-08-02 15:29:11.180,0.938,0.277,-0.438,22.170383145578047,-32.563770339275614,-21.008791631941868,7.0
2016-08-02 15:29:11.190,0.957,0.281,-0.418,22.387245998620926,-36.20721842265982,-23.01653596076435,7.0
2016-08-02 15:29:11.200,0.961,0.289,-0.414,20.94597592715072,-39.19978955165171,-24.832481676923713,7.0
2016-08-02 15:29:11.210,0.961,0.293,-0.422,21.778948026274037,-43.183461398149646,-26.911275154205875,7.0
2016-08-02 15:29:11.220,0.961,0.305,-0.449,25.606329467195273,-48.733820245721155,-29.888439654503024,7.0
2016-08-02 15:29:11.230,0.957,0.34,-0.504,29.956417832519435,-56.45677014985077,-34.20339298684171,7.0
2016-08-02 15:29:11.240,0.957,0.355,-0.543,34.99434396742201,-66.65979870527624,-39.00826612502414,7.0
2016-08-02 15:29:11.250,0.969,0.348,-0.555,39.199820000983614,-77.31338097620512,-42.74796457009588,7.0
2016-08-02 15:29:11.260,1.004,0.332,-0.512,38.66383304316415,-85.56315883203469,-45.070752259763154,7.0
2016-08-02 15:29:11.270,1.043,0.309,-0.461,33.89061684080676,-90.87222261976939,-45.76328232966655,7.0
2016-08-02 15:29:11.280,1.07,0.285,-0.438,27.159408933818607,-94.9358645866632,-44.073786629237546,7.0
2016-08-02 15:29:11.290,1.086,0.285,-0.438,19.82076805392593,-99.44884992866066,-41.189138365696365,7.0
2016-08-02 15:29:11.300,1.09,0.309,-0.473,12.88427762441373,-104.38490128679317,-38.8896897859336,7.0
2016-08-02 15:29:11.310,1.074,0.324,-0.516,6.605977156927872,-108.59135417943946,-37.213136924453494,7.0
2016-08-02 15:29:11.320,1.059,0.336,-0.578,2.80501069719092,-111.29756555570006,-36.236519642499545,7.0
2016-08-02 15:29:11.330,1.031,0.363,-0.648,1.8916985211146384,-112.3949260960728,-36.182715714637034,7.0
2016-08-02 15:29:11.340,0.984,0.371,-0.699,2.0786073747209235,-112.10131453612992,-36.29823831802378,7.0
2016-08-02 15:29:11.350,0.938,0.359,-0.742,4.093015543018015,-110.7246792769064,-36.315602834643,7.0
2016-08-02 15:29:11.360,0.895,0.348,-0.758,8.785935441153642,-108.97642236523501,-36.897035489269776,7.0
2016-08-02 15:29:11.370,0.859,0.336,-0.738,14.845455025675665,-107.40093672256859,-37.910321468285076,7.0
2016-08-02 15:29:11.380,0.848,0.328,-0.703,20.357364640816733,-105.66700137645151,-38.48508274828305,7.0
2016-08-02 15:29:11.390,0.84,0.32,-0.676,23.24667927176399,-103.60207785509232,-38.32671152139746,7.0
2016-08-02 15:29:11.400,0.832,0.316,-0.656,23.262155401066295,-101.64895732617444,-37.66010953987655,7.0
2016-08-02 15:29:11.410,0.824,0.328,-0.66,22.74101845366276,-100.3254513274691,-36.80510626989259,7.0
2016-08-02 15:29:11.420,0.805,0.324,-0.648,22.56057939279942,-99.57268755893803,-35.652260512863705,7.0
2016-08-02 15:29:11.430,0.797,0.324,-0.66,20.641902564968483,-98.58762931931378,-33.99663421506311,7.0
2016-08-02 15:29:11.440,0.789,0.324,-0.66,16.403870894184454,-97.04348245595129,-32.29570212876392,7.0
2016-08-02 15:29:11.450,0.77,0.305,-0.664,11.917001500883547,-95.20612861131946,-30.574978900004027,7.0
2016-08-02 15:29:11.460,0.746,0.297,-0.672,8.637013213574644,-92.91364360940867,-28.957223225396604,7.0
2016-08-02 15:29:11.470,0.715,0.285,-0.68,7.8759849545380165,-90.21659058142895,-28.38953284946418,7.0
2016-08-02 15:29:11.480,0.684,0.281,-0.684,9.750347651233003,-87.5080423428715,-28.441518376572358,7.0
2016-08-02 15:29:11.490,0.66,0.285,-0.703,10.599276452136877,-84.34930484256438,-28.300994825708486,7.0
2016-08-02 15:29:11.500,0.625,0.301,-0.719,10.183310793682157,-80.57954110727279,-28.7023297345337,7.0
2016-08-02 15:29:11.510,0.602,0.301,-0.73,12.769954053405367,-76.98477369523297,-29.748672625050087,7.0
2016-08-02 15:29:11.520,0.582,0.297,-0.766,17.896280845375465,-73.84461625598387,-30.59938919805741,7.0
2016-08-02 15:29:11.530,0.559,0.305,-0.773,22.58531563012537,-71.42558009622468,-31.02292478473948,7.0
2016-08-02 15:29:11.540,0.559,0.313,-0.762,25.061125800555246,-69.77746308019456,-30.85323368326827,7.0
2016-08-02 15:29:11.550,0.57,0.313,-0.754,24.513680896639443,-68.25313913149668,-29.919531584841415,7.0
2016-08-02 15:29:11.560,0.582,0.309,-0.734,23.21777291668082,-67.01615078826205,-28.272891621670855,7.0
2016-08-02 15:29:11.570,0.582,0.313,-0.734,22.54552351081675,-66.13685690943542,-25.980941287964153,7.0
2016-08-02 15:29:11.580,0.574,0.301,-0.742,21.98566645536146,-65.00066839549466,-23.606485541700188,7.0
2016-08-02 15:29:11.590,0.559,0.293,-0.781,22.710862107509886,-63.780677351551034,-21.630163642817173,7.0
2016-08-02 15:29:11.600,0.543,0.316,-0.836,25.36652433642137,-63.22826284935739,-19.98825902947325,7.0
2016-08-02 15:29:11.610,0.52,0.34,-0.887,28.84708426218545,-63.78151961040331,-18.999397649185273,7.0
2016-08-02 15:29:11.620,0.523,0.348,-0.93,31.88897418919173,-64.9000513164513,-18.893324188419392,7.0
2016-08-02 15:29:11.630,0.535,0.348,-0.918,32.72758381138398,-65.42066337476611,-18.779376308888892,7.0
2016-08-02 15:29:11.640,0.539,0.332,-0.871,28.78545847797512,-64.5809335001034,-17.7814168162817,7.0
2016-08-02 15:29:11.650,0.539,0.301,-0.84,19.913302991562922,-62.2141329406776,-16.241906653237805,7.0
2016-08-02 15:29:11.660,0.508,0.266,-0.824,10.231461405087217,-58.495100839422776,-15.120972006225939,7.0
2016-08-02 15:29:11.670,0.488,0.27,-0.863,5.2649132744081,-54.12248145490696,-15.689456580732282,7.0
2016-08-02 15:29:11.680,0.48,0.297,-0.926,7.874110746720284,-50.92392685802439,-19.368139108011913,7.0
2016-08-02 15:29:11.690,0.477,0.332,-0.965,13.662505326789574,-49.36943887104793,-25.394049701259444,7.0
2016-08-02 15:29:11.700,0.492,0.379,-0.969,16.927811613233395,-47.987749690780745,-30.732812252192744,7.0
2016-08-02 15:29:11.710,0.512,0.41,-0.918,18.861380876355028,-46.828415090795914,-33.93322785572074,7.0
2016-08-02 15:29:11.720,0.516,0.387,-0.875,20.255733624223865,-45.54160059255332,-35.15299361234723,7.0
2016-08-02 15:29:11.730,0.492,0.34,-0.844,20.452019599937866,-42.76886206002344,-34.51465786721267,7.0
2016-08-02 15:29:11.740,0.434,0.301,-0.871,21.197247855348373,-39.49686402078767,-32.97903385972017,7.0
2016-08-02 15:29:11.750,0.371,0.285,-0.898,21.44166010956369,-36.99922824595784,-31.789617261078607,7.0
2016-08-02 15:29:11.760,0.324,0.266,-0.938,20.359752259964402,-35.42515226984539,-31.81504289310491,7.0
2016-08-02 15:29:11.770,0.309,0.254,-0.945,18.546993875305958,-34.5752505744824,-32.45429119631228,7.0
2016-08-02 15:29:11.780,0.313,0.25,-0.906,11.97481223556308,-33.12374673438997,-31.472374593069766,7.0
2016-08-02 15:29:11.790,0.32,0.227,-0.855,-0.06762756365546019,-30.497646582323174,-28.96570629980678,7.0
2016-08-02 15:29:11.800,0.316,0.195,-0.813,-11.870064625994655,-27.087026579746066,-27.119172182547576,7.0
2016-08-02 15:29:11.810,0.305,0.18,-0.813,-23.01438587358554,-22.087503206815363,-26.717765213130384,7.0
2016-08-02 15:29:11.820,0.285,0.176,-0.828,-33.74663862770096,-15.651489511922776,-28.52160107697314,7.0
2016-08-02 15:29:11.830,0.281,0.219,-0.844,-40.33620866432399,-9.66435684017657,-33.22026011573977,7.0
2016-08-02 15:29:11.840,0.281,0.258,-0.832,-44.880623269834516,-4.642372623830925,-39.576078748868255,7.0
2016-08-02 15:29:11.850,0.289,0.262,-0.813,-49.98454432489181,0.524704804802038,-46.30869988343569,7.0
2016-08-02 15:29:11.860,0.293,0.254,-0.777,-54.35172086788709,6.5509189721009236,-52.867014974719304,7.0
2016-08-02 15:29:11.870,0.293,0.254,-0.75,-58.30003036761288,13.191957157542834,-58.34638411341382,7.0
2016-08-02 15:29:11.880,0.281,0.254,-0.727,-61.20925322483589,19.438987493405275,-62.22299097796274,7.0
2016-08-02 15:29:11.890,0.277,0.273,-0.719,-64.02690391090948,24.151911117196256,-64.78711804831879,7.0
2016-08-02 15:29:11.900,0.277,0.297,-0.719,-68.13581332566324,28.101760162377886,-66.21018988663994,7.0
2016-08-02 15:29:11.910,0.266,0.305,-0.723,-69.4569646026223,33.13197253634661,-66.6964893711746,7.0
2016-08-02 15:29:11.920,0.23,0.297,-0.742,-67.14377531518565,38.96856561495002,-67.01787000804997,7.0
2016-08-02 15:29:11.930,0.199,0.309,-0.781,-62.8012564040495,44.479502284299265,-67.19341060736016,7.0
2016-08-02 15:29:11.940,0.176,0.336,-0.785,-54.16975115451113,49.14251099304803,-66.11335574164133,7.0
2016-08-02 15:29:11.950,0.188,0.359,-0.762,-44.56398813984686,51.86889263571576,-63.10629528352329,7.0
2016-08-02 15:29:11.960,0.191,0.375,-0.742,-38.94951361166622,52.359485289116904,-58.15355017518573,7.0
2016-08-02 15:29:11.970,0.195,0.379,-0.715,-33.71919879037018,51.7194564670748,-51.937393870080264,7.0
2016-08-02 15:29:11.980,0.188,0.383,-0.715,-26.56835239681331,50.57406348808234,-45.85400279469174,7.0
2016-08-02 15:29:11.990,0.168,0.383,-0.723,-20.773514990054665,49.65080907448669,-40.36355184757568,7.0
2016-08-02 15:29:12.000,0.16,0.395,-0.746,-16.388975615223924,50.262501891641335,-35.69273009904292,7.0
2016-08-02 15:29:12.010,0.145,0.406,-0.766,-10.28898445304652,52.10861990111195,-32.92706289475478,7.0
2016-08-02 15:29:12.020,0.156,0.414,-0.773,-1.0433476325998219,53.485559434092046,-31.979095978805404,7.0
2016-08-02 15:29:12.030,0.188,0.418,-0.766,10.568119864975172,53.549955367794304,-32.31388849190865,7.0
2016-08-02 15:29:12.040,0.191,0.414,-0.773,20.905976793214396,52.7014583875072,-33.701187607855175,7.0
2016-08-02 15:29:12.050,0.195,0.391,-0.777,25.982827726011514,52.152346086788086,-34.37097655386182,7.0
2016-08-02 15:29:12.060,0.223,0.367,-0.785,27.087544309228036,52.34716327624935,-33.54396806775615,7.0
2016-08-02 15:29:12.070,0.234,0.352,-0.813,28.63415890477722,52.156001815869644,-32.820109933724304,7.0
2016-08-02 15:29:12.080,0.23,0.348,-0.855,32.710977562362025,51.00863461531758,-32.598075315295844,7.0
2016-08-02 15:29:12.090,0.242,0.359,-0.883,37.75273413120225,48.84973365584362,-31.933545453727778,7.0
2016-08-02 15:29:12.100,0.262,0.371,-0.906,39.33370186915619,45.52776288798548,-30.48012776179223,7.0
2016-08-02 15:29:12.110,0.266,0.352,-0.906,37.11852251965384,42.57089171345916,-28.19208172374711,7.0
2016-08-02 15:29:12.120,0.273,0.344,-0.898,37.20605994948439,40.7845682392697,-25.304139103562758,7.0
2016-08-02 15:29:12.130,0.289,0.336,-0.891,39.38308639285147,38.22568731806881,-21.997921085069965,7.0
2016-08-02 15:29:12.140,0.281,0.32,-0.906,37.040536410012734,34.44132591369475,-18.208010996859986,7.0
2016-08-02 15:29:12.150,0.27,0.324,-0.902,31.226990112756205,30.921298380067586,-14.754264466380581,7.0
2016-08-02 15:29:12.160,0.258,0.332,-0.887,25.893888730366378,27.943513217002923,-12.259901572379482,7.0
2016-08-02 15:29:12.170,0.242,0.344,-0.875,21.405972076186387,25.421280685645666,-10.365618132578515,7.0
2016-08-02 15:29:12.180,0.254,0.363,-0.836,19.894958908219213,23.15509033349949,-9.776502549723102,7.0
2016-08-02 15:29:12.190,0.246,0.371,-0.824,19.65555756355505,20.59787099184982,-10.723189674352774,7.0
2016-08-02 15:29:12.200,0.219,0.359,-0.828,17.647253726487897,18.3461411657511,-11.04522771593383,7.0
2016-08-02 15:29:12.210,0.203,0.363,-0.816,18.179626458792406,15.928031309559568,-10.047369444587929,7.0
2016-08-02 15:29:12.220,0.23,0.398,-0.809,19.312824841716164,11.553036009909524,-8.436534183251524,7.0
2016-08-02 15:29:12.230,0.238,0.418,-0.793,15.491835301262526,6.067850249851398,-5.471889438809993,7.0
2016-08-02 15:29:12.240,0.23,0.414,-0.793,11.503366804930295,1.5008643897909346,-1.5802843020903716,7.0
2016-08-02 15:29:12.250,0.211,0.402,-0.785,9.41042760819023,-1.3580330952443136,1.9250654184203948,7.0
2016-08-02 15:29:12.260,0.191,0.391,-0.789,7.479970330495213,-2.2902917932307063,5.227883473889575,7.0
2016-08-02 15:29:12.270,0.191,0.414,-0.777,8.377979378016816,-2.2481391870231855,8.469902546413945,7.0
2016-08-02 15:29:12.280,0.215,0.449,-0.789,10.075604652595262,-2.939171140203189,11.375349209669324,7.0
2016-08-02 15:29:12.290,0.219,0.477,-0.781,8.871629864262452,-5.491220137576509,14.426097046842786,7.0
2016-08-02 15:29:12.300,0.234,0.477,-0.77,5.703400053182332,-9.96491993876058,18.176751028609033,7.0
2016-08-02 15:29:12.310,0.234,0.449,-0.758,0.3469688920599625,-14.615856742199899,22.054526767288092,7.0
2016-08-02 15:29:12.320,0.242,0.449,-0.762,-6.211863586190336,-17.025478845943425,24.91279175088878,7.0
2016-08-02 15:29:12.330,0.254,0.438,-0.773,-10.381400644636155,-16.377808193086526,25.834047691743393,7.0
2016-08-02 15:29:12.340,0.281,0.422,-0.789,-11.558887977004838,-13.526009800659125,24.49415378995865,7.0
2016-08-02 15:29:12.350,0.289,0.418,-0.809,-10.505090209939013,-10.349735083387124,21.62508030986144,7.0
2016-08-02 15:29:12.360,0.285,0.418,-0.816,-7.449247246005421,-8.801207913465781,18.787668485488105,7.0
2016-08-02 15:29:12.370,0.293,0.426,-0.82,-3.9799576487519652,-9.470418549325126,17.42990056740689,7.0
2016-08-02 15:29:12.380,0.309,0.434,-0.828,-2.568362585893838,-11.898561254307602,17.815026126297024,7.0
2016-08-02 15:29:12.390,0.309,0.43,-0.828,-4.366589159977744,-15.250425054850977,19.274537004730504,7.0
2016-08-02 15:29:12.400,0.316,0.426,-0.816,-7.39154406614753,-18.231513386760327,21.13057758590172,7.0
2016-08-02 15:29:12.410,0.332,0.426,-0.805,-9.011189054446104,-20.04940556139277,22.64193373942379,7.0
2016-08-02 15:29:12.420,0.34,0.43,-0.793,-9.762980149932492,-20.979933117918193,22.947177821659633,7.0
2016-08-02 15:29:12.430,0.344,0.418,-0.785,-11.503488102292208,-21.316478176411792,21.71492029594042,7.0
2016-08-02 15:29:12.440,0.332,0.402,-0.773,-13.200717152965254,-20.82980685935855,19.7648083453689,7.0
2016-08-02 15:29:12.450,0.285,0.363,-0.773,-11.223191740047088,-19.634150775896742,19.093155638808405,7.0
2016-08-02 15:29:12.460,0.242,0.34,-0.781,-5.144493743527481,-19.29315151946618,20.67086405141317,7.0
2016-08-02 15:29:12.470,0.242,0.359,-0.789,0.13137994884011833,-20.336830402814524,20.727312894405337,7.0
2016-08-02 15:29:12.480,0.246,0.363,-0.801,1.7543732073536598,-20.253381061558553,16.175141889019176,7.0
2016-08-02 15:29:12.490,0.25,0.359,-0.801,2.710674278230941,-18.53613066440442,12.284754406475777,7.0
2016-08-02 15:29:12.500,0.227,0.336,-0.82,5.415629852236318,-17.884418127717716,12.521876322017658,7.0
2016-08-02 15:29:12.510,0.211,0.309,-0.816,7.484045883912208,-18.705926936733,12.437669496843032,7.0
2016-08-02 15:29:12.520,0.215,0.309,-0.82,6.6029972190469906,-19.287082843303164,11.12002207867983,7.0
2016-08-02 15:29:12.530,0.227,0.301,-0.805,5.192061321950516,-19.117841407036288,11.7636336726314,7.0
2016-08-02 15:29:12.540,0.27,0.316,-0.781,4.987038203808419,-18.159525541103175,13.9861378077339,7.0
2016-08-02 15:29:12.550,0.309,0.313,-0.781,4.301779995251737,-15.871682955745277,15.429817307726882,7.0
2016-08-02 15:29:12.560,0.305,0.305,-0.797,4.608185569033237,-12.891236910222057,15.966085176966049,7.0
2016-08-02 15:29:12.570,0.277,0.305,-0.828,8.620362674225841,-11.183877213301255,16.997973620457838,7.0
2016-08-02 15:29:12.580,0.25,0.313,-0.863,13.538981913591673,-11.519155294352686,18.296187080421266,7.0
2016-08-02 15:29:12.590,0.223,0.289,-0.848,13.628260029892763,-12.9227325091,19.66480731483906,7.0
2016-08-02 15:29:12.600,0.219,0.266,-0.82,7.499468035917987,-13.950556888739255,22.782389986470754,7.0
2016-08-02 15:29:12.610,0.262,0.281,-0.773,0.5378065832829166,-13.405028615915967,27.132911980625238,7.0
2016-08-02 15:29:12.620,0.309,0.309,-0.754,-2.2933271714135537,-10.950812532858684,30.05227164613495,7.0
2016-08-02 15:29:12.630,0.371,0.332,-0.758,-0.7135824417628923,-7.028933291745293,31.096005770765277,7.0
2016-08-02 15:29:12.640,0.387,0.32,-0.762,2.5920888926892753,-2.753923845601948,31.08692615081332,7.0
2016-08-02 15:29:12.650,0.352,0.297,-0.809,2.6163283224870195,0.23518622571878184,30.461573601643515,7.0
2016-08-02 15:29:12.660,0.309,0.285,-0.848,-0.43977625292086453,1.2640630559312394,29.701770108092393,7.0
2016-08-02 15:29:12.670,0.273,0.285,-0.875,-1.9653347126909262,1.0301551091529269,28.776669305653414,7.0
2016-08-02 15:29:12.680,0.266,0.289,-0.883,-1.9023282591151844,0.34535391354598205,28.342016635218407,7.0
2016-08-02 15:29:12.690,0.305,0.309,-0.84,-2.190837676008384,0.001204451076022045,29.46048430755878,7.0
2016-08-02 15:29:12.700,0.367,0.32,-0.797,-5.737962018771794,0.9289995876610962,31.437282599959687,7.0
2016-08-02 15:29:12.710,0.414,0.32,-0.805,-10.556194723418475,2.7484002421592124,32.80173037762796,7.0
2016-08-02 15:29:12.720,0.398,0.328,-0.813,-9.222745890299663,3.9527530400543833,32.97424898496949,7.0
2016-08-02 15:29:12.730,0.363,0.313,-0.824,-5.229026683224865,4.293111813602893,32.72727880506338,7.0
2016-08-02 15:29:12.740,0.344,0.305,-0.844,-5.050210171624654,4.161607022935422,33.075267882627664,7.0
2016-08-02 15:29:12.750,0.324,0.316,-0.848,-5.56042917674514,3.380029208098235,33.7657421877631,7.0
2016-08-02 15:29:12.760,0.34,0.328,-0.84,-4.922221723034961,2.703059727178494,34.361197695058635,7.0
2016-08-02 15:29:12.770,0.367,0.336,-0.809,-4.941723368422356,3.1535603000540116,35.53901834379827,7.0
2016-08-02 15:29:12.780,0.391,0.328,-0.773,-7.424815248717736,4.505140130202134,37.76307262105607,7.0
2016-08-02 15:29:12.790,0.414,0.336,-0.773,-11.469698199808546,6.5323890929724495,39.99137619990704,7.0
2016-08-02 15:29:12.800,0.43,0.359,-0.789,-10.76410116080881,9.257856362829571,40.90613573393853,7.0
2016-08-02 15:29:12.810,0.426,0.375,-0.84,-2.6336674204855184,11.553361200394647,40.25087863351206,7.0
2016-08-02 15:29:12.820,0.402,0.371,-0.895,6.976835906868049,12.094393174744209,39.166728107527845,7.0
2016-08-02 15:29:12.830,0.371,0.344,-0.91,9.921978341813272,11.565464920587798,39.69700753537961,7.0
2016-08-02 15:29:12.840,0.359,0.32,-0.93,4.712291326326768,11.394916412383004,42.545728023350186,7.0
2016-08-02 15:29:12.850,0.371,0.324,-0.895,-2.290581710905664,12.068564022503512,46.52700006690366,7.0
2016-08-02 15:29:12.860,0.391,0.328,-0.852,-8.205656005922446,14.317704009230077,50.21718252753159,7.0
2016-08-02 15:29:12.870,0.434,0.332,-0.832,-12.529516713858804,18.16843919096668,52.5142131017897,7.0
2016-08-02 15:29:12.880,0.465,0.359,-0.832,-10.928930988046492,21.91613251538842,52.543481197519775,7.0
2016-08-02 15:29:12.890,0.473,0.371,-0.863,-4.544844251101546,24.383968400224973,50.300559956621555,7.0
2016-08-02 15:29:12.900,0.473,0.371,-0.902,0.9274943151612643,25.39087355297127,47.315047687859725,7.0
2016-08-02 15:29:12.910,0.453,0.367,-0.941,3.0588187017498205,25.075055441520256,45.02650918402252,7.0
2016-08-02 15:29:12.920,0.449,0.348,-0.945,0.8130171194871699,24.25125385793477,43.71286685595109,7.0
2016-08-02 15:29:12.930,0.473,0.328,-0.906,-5.348848200849549,23.977660766271825,43.47056878561051,7.0
2016-08-02 15:29:12.940,0.516,0.313,-0.844,-13.874030814930414,25.04693653146745,43.93791451309359,7.0
2016-08-02 15:29:12.950,0.547,0.309,-0.797,-22.47937922408992,27.787609785487287,43.98758876948112,7.0
2016-08-02 15:29:12.960,0.555,0.328,-0.809,-26.066685490125685,31.341891049251878,42.438250511431235,7.0
2016-08-02 15:29:12.970,0.543,0.344,-0.82,-22.440092755492927,33.81979278899924,39.59069450498039,7.0
2016-08-02 15:29:12.980,0.504,0.348,-0.836,-18.69079081823713,34.67663581790083,37.25484192724103,7.0
2016-08-02 15:29:12.990,0.488,0.352,-0.879,-20.45727479415621,34.62742871600899,35.95586103796402,7.0
2016-08-02 15:29:13.000,0.453,0.352,-0.879,-23.428134710113284,33.65346382768418,35.5135483999314,7.0
2016-08-02 15:29:13.010,0.43,0.332,-0.848,-27.52791318651896,33.19622902368114,36.55765998814154,7.0
2016-08-02 15:29:13.020,0.465,0.328,-0.848,-33.758375015411964,34.930310951445364,37.70145517643249,7.0
2016-08-02 15:29:13.030,0.512,0.332,-0.781,-33.812432574772885,37.33390117347702,36.903781426095435,7.0
2016-08-02 15:29:13.040,0.527,0.32,-0.758,-29.43421624734171,39.74535613567378,34.84692742251664,7.0
2016-08-02 15:29:13.050,0.551,0.332,-0.813,-25.480384622885776,42.13951981124785,31.871436885808322,7.0
2016-08-02 15:29:13.060,0.535,0.352,-0.828,-16.652016550558585,42.496201209650984,27.952358740320705,7.0
2016-08-02 15:29:13.070,0.504,0.344,-0.855,-10.276212265614388,41.44748396342726,25.511662063203072,7.0
2016-08-02 15:29:13.080,0.523,0.332,-0.836,-13.391997096827401,40.942906263197386,25.67097620786189,7.0
2016-08-02 15:29:13.090,0.543,0.324,-0.762,-19.528805265779518,41.709252636523274,27.364573717819063,7.0
2016-08-02 15:29:13.100,0.566,0.301,-0.668,-30.808225802151533,45.91677629574206,30.790260541787767,7.0
2016-08-02 15:29:13.110,0.613,0.281,-0.613,-43.2759374727295,53.81857711809511,34.066894491674795,7.0
2016-08-02 15:29:13.120,0.613,0.305,-0.668,-41.264672498095685,61.36154990596903,33.41820582626339,7.0
2016-08-02 15:29:13.130,0.551,0.344,-0.738,-26.7230194433161,64.52149846223975,30.452293941804058,7.0
2016-08-02 15:29:13.140,0.5,0.383,-0.805,-15.45562838772259,63.25442236155166,28.575549397225352,7.0
2016-08-02 15:29:13.150,0.531,0.402,-0.824,-13.413964611708048,60.33621798980509,27.20109214931368,7.0
2016-08-02 15:29:13.160,0.598,0.398,-0.758,-15.34565735901402,58.210159015534614,26.76785523304485,7.0
2016-08-02 15:29:13.170,0.66,0.371,-0.66,-20.793290604603577,59.84500363139865,28.806880764296082,7.0
2016-08-02 15:29:13.180,0.727,0.324,-0.555,-29.608358223533237,66.96302577012796,31.101468289318976,7.0
2016-08-02 15:29:13.190,0.762,0.297,-0.508,-31.14956729996064,76.93903261828578,31.397674595213836,7.0
2016-08-02 15:29:13.200,0.758,0.316,-0.527,-24.633242822026745,85.95599757288528,31.068371365430103,7.0
2016-08-02 15:29:13.210,0.723,0.34,-0.613,-19.978494245390742,91.11784023142452,31.30239180407894,7.0
2016-08-02 15:29:13.220,0.688,0.379,-0.691,-17.30523357882788,91.08062693032724,31.8266908202875,7.0
2016-08-02 15:29:13.230,0.68,0.387,-0.715,-15.502456645875323,88.23494525112191,32.8421355978781,7.0
2016-08-02 15:29:13.240,0.73,0.395,-0.75,-14.829193978700404,85.47898577648067,33.73472068573345,7.0
2016-08-02 15:29:13.250,0.797,0.387,-0.711,-10.691163436146264,83.11018252266726,34.531303597799,7.0
2016-08-02 15:29:13.260,0.855,0.352,-0.613,-7.6609627363647945,82.81773652382097,36.98908847037773,7.0
2016-08-02 15:29:13.270,0.91,0.309,-0.539,-14.328954493680707,86.7410460121759,40.344653948763415,7.0
2016-08-02 15:29:13.280,0.957,0.285,-0.492,-24.26881757149847,93.18638708947874,42.39563610234181,7.0
2016-08-02 15:29:13.290,0.977,0.285,-0.512,-26.932946604495505,99.29367094244341,42.75407809732494,7.0
2016-08-02 15:29:13.300,0.961,0.324,-0.609,-21.493563507275088,102.06087414218607,42.0487208173184,7.0
2016-08-02 15:29:13.310,0.93,0.359,-0.672,-13.884208235344554,99.22872899070192,42.34091717849388,7.0
2016-08-02 15:29:13.320,0.922,0.375,-0.676,-14.385362042950018,93.90649784824737,45.05743974943388,7.0
2016-08-02 15:29:13.330,0.969,0.398,-0.656,-24.87949774156759,90.45543174226859,48.062165293542144,7.0
2016-08-02 15:29:13.340,1.027,0.383,-0.598,-29.93133912493402,88.52813521645764,48.884673320755354,7.0
2016-08-02 15:29:13.350,1.078,0.328,-0.566,-20.295202346758742,86.74862883118315,47.280041923157846,7.0
2016-08-02 15:29:13.360,1.09,0.289,-0.555,-6.8672002280460935,84.61492480369954,44.01205018711195,7.0
2016-08-02 15:29:13.370,1.066,0.266,-0.543,-1.480446260341576,81.12773816885789,40.275957735147955,7.0
2016-08-02 15:29:13.380,1.039,0.254,-0.531,-4.674276630759689,76.2647652091281,36.7884426908689,7.0
2016-08-02 15:29:13.390,1.023,0.25,-0.488,-10.30608083469991,70.77600875975801,33.64105113311192,7.0
2016-08-02 15:29:13.400,1.02,0.25,-0.43,-13.863104605590049,65.12706626398779,31.2734860793599,7.0
2016-08-02 15:29:13.410,1.02,0.254,-0.387,-16.09400505948691,59.76780407816377,29.448818092100968,7.0
2016-08-02 15:29:13.420,1.023,0.254,-0.363,-17.218532742671215,54.81807464281112,27.106020733000317,7.0
2016-08-02 15:29:13.430,1.008,0.27,-0.371,-16.05234290469372,49.6029389902361,23.959592698578327,7.0
2016-08-02 15:29:13.440,0.98,0.285,-0.398,-13.265294668653436,42.99419241874636,20.54781818135386,7.0
2016-08-02 15:29:13.450,0.957,0.281,-0.41,-9.455292696485671,35.027517794430985,17.644409125222857,7.0
2016-08-02 15:29:13.460,0.953,0.281,-0.398,-6.394834253800688,27.31979257089569,15.63444856075742,7.0
2016-08-02 15:29:13.470,0.957,0.293,-0.383,-6.708027745862566,21.010931540772503,14.284192898274522,7.0
2016-08-02 15:29:13.480,0.957,0.293,-0.375,-8.950593632369792,16.06559076814226,13.591608021429307,7.0
2016-08-02 15:29:13.490,0.965,0.285,-0.359,-9.844755124871417,12.45091046057096,13.209127187421924,7.0
2016-08-02 15:29:13.500,0.961,0.277,-0.375,-8.653565133684808,10.142925418193913,11.919959190743239,7.0
2016-08-02 15:29:13.510,0.953,0.266,-0.398,-6.138576768733753,8.630342795936857,9.710103257612694,7.0
2016-08-02 15:29:13.520,0.934,0.273,-0.43,-3.8425827714563203,7.269196542319087,7.733872463801044,7.0
2016-08-02 15:29:13.530,0.922,0.285,-0.445,-3.3150251975465954,5.736717416704788,6.341996141631535,7.0
2016-08-02 15:29:13.540,0.918,0.301,-0.441,-4.178862034403865,4.181890595918803,5.661537229769448,7.0
2016-08-02 15:29:13.550,0.918,0.313,-0.422,-4.748645403736022,2.8139890242173116,5.580118017667805,7.0
2016-08-02 15:29:13.560,0.93,0.305,-0.398,-3.6026824965497326,1.840848780756228,5.19869754745817,7.0
2016-08-02 15:29:13.570,0.934,0.289,-0.391,-1.2714499989239945,1.6133418682426868,4.336835329025497,7.0
2016-08-02 15:29:13.580,0.926,0.285,-0.398,0.18407713502991127,1.572433742600022,3.477694093179882,7.0
2016-08-02 15:29:13.590,0.918,0.285,-0.418,0.8006350430998787,0.6366109167313873,2.5367492559921336,7.0
2016-08-02 15:29:13.600,0.906,0.277,-0.43,1.8020957507469517,-0.9519747406300573,1.438467984010529,7.0
2016-08-02 15:29:13.610,0.898,0.277,-0.434,2.611402680448432,-2.622338195042135,0.2730404895757006,7.0
2016-08-02 15:29:13.620,0.898,0.281,-0.422,2.964970899194066,-4.458833766568127,-1.0847382034778295,7.0
2016-08-02 15:29:13.630,0.906,0.281,-0.398,3.2995187664547414,-5.865116404927301,-2.3589762500584825,7.0
2016-08-02 15:29:13.640,0.922,0.289,-0.398,2.9306227020916786,-6.31775091137583,-3.3064273080734763,7.0
2016-08-02 15:29:13.650,0.926,0.285,-0.418,2.3459496690544803,-6.460736810506413,-4.002082797328578,7.0
2016-08-02 15:29:13.660,0.926,0.289,-0.434,3.0750142548265,-6.90527866633256,-4.224650629837917,7.0
2016-08-02 15:29:13.670,0.922,0.297,-0.449,4.325192283862165,-7.866839978289841,-4.179930253122626,7.0
2016-08-02 15:29:13.680,0.922,0.293,-0.449,5.374173151590127,-9.316926536817842,-4.532051594417793,7.0
2016-08-02 15:29:13.690,0.922,0.285,-0.449,7.101806823702593,-10.882015811176776,-5.489056872273501,7.0
2016-08-02 15:29:13.700,0.918,0.281,-0.445,8.777255644306457,-12.714703521574792,-6.954118395595922,7.0
2016-08-02 15:29:13.710,0.922,0.281,-0.441,9.558611262423893,-15.267737469847857,-8.745483051088977,7.0
2016-08-02 15:29:13.720,0.926,0.281,-0.438,9.799407135511055,-18.104344840875882,-10.515553122184572,7.0
2016-08-02 15:29:13.730,0.922,0.289,-0.438,9.41445808943644,-20.91762780230824,-12.064500164385045,7.0
2016-08-02 15:29:13.740,0.926,0.293,-0.445,9.23928341773757,-24.31403294514106,-13.555748964511245,7.0
2016-08-02 15:29:13.750,0.938,0.297,-0.445,9.677955270156858,-28.27957404336028,-14.900829504488502,7.0
2016-08-02 15:29:13.760,0.945,0.309,-0.449,9.481502682907404,-32.479905365360615,-15.985392719671616,7.0
2016-08-02 15:29:13.770,0.949,0.316,-0.469,9.815300163067754,-37.32202317557883,-17.575845218524925,7.0
2016-08-02 15:29:13.780,0.953,0.305,-0.469,12.166618402840491,-42.6715116618686,-19.939252665269564,7.0
2016-08-02 15:29:13.790,0.953,0.297,-0.48,13.842225101204933,-47.82858480582793,-22.446724745327376,7.0
2016-08-02 15:29:13.800,0.961,0.309,-0.492,13.830551551012078,-52.61442221848566,-25.14732216939158,7.0
2016-08-02 15:29:13.810,0.969,0.297,-0.484,14.514171592271662,-56.942237309017884,-27.805200349346165,7.0
2016-08-02 15:29:13.820,0.969,0.285,-0.492,15.154256379939156,-60.95410970636567,-29.71807198071192,7.0
2016-08-02 15:29:13.830,0.973,0.313,-0.52,14.953670194377299,-65.4676317178942,-31.086686892253738,7.0
2016-08-02 15:29:13.840,0.98,0.328,-0.535,15.433083204650387,-70.82151294718051,-31.91293479983031,7.0
2016-08-02 15:29:13.850,0.992,0.348,-0.543,15.380809824192063,-76.0510973766985,-32.178260681737086,7.0
2016-08-02 15:29:13.860,1.02,0.355,-0.551,14.950175981035041,-79.94963856745684,-33.21045264162676,7.0
2016-08-02 15:29:13.870,1.039,0.328,-0.539,17.84637336347536,-82.32334709040971,-35.36924551141832,7.0
2016-08-02 15:29:13.880,1.027,0.301,-0.547,22.15719970505323,-83.89404527538692,-36.84186929727477,7.0
2016-08-02 15:29:13.890,1.004,0.301,-0.563,22.51268173495471,-85.22350556198302,-36.668049228758164,7.0
2016-08-02 15:29:13.900,0.992,0.309,-0.566,19.943430301891805,-86.30832759605735,-35.71998977989075,7.0
2016-08-02 15:29:13.910,0.984,0.316,-0.57,17.400015687536925,-87.06052386154624,-34.787671962732915,7.0
2016-08-02 15:29:13.920,0.977,0.332,-0.582,15.127170409338335,-87.51401080822792,-34.18881991385971,7.0
2016-08-02 15:29:13.930,0.965,0.352,-0.598,14.097792039161597,-87.77065533286309,-34.18548769855015,7.0
2016-08-02 15:29:13.940,0.945,0.352,-0.613,15.284206365974876,-87.72053173097466,-34.82289562717463,7.0
2016-08-02 15:29:13.950,0.914,0.352,-0.629,19.037897115008114,-87.17807095638453,-35.83465701859726,7.0
2016-08-02 15:29:13.960,0.883,0.348,-0.629,23.412858036937465,-86.18678623565933,-36.47210809839961,7.0
2016-08-02 15:29:13.970,0.852,0.336,-0.66,25.04201216705706,-84.80925617192466,-36.51108407295736,7.0
2016-08-02 15:29:13.980,0.828,0.344,-0.699,26.576147245419378,-83.54469413932789,-36.64457617369533,7.0
2016-08-02 15:29:13.990,0.801,0.344,-0.723,31.43362251412291,-83.1361216249638,-36.9070796424587,7.0
2016-08-02 15:29:14.000,0.77,0.336,-0.719,35.03117873218411,-83.34320637991007,-36.39158735248891,7.0
2016-08-02 15:29:14.010,0.766,0.336,-0.703,33.160425132069385,-83.18086989531187,-34.714202183765416,7.0
2016-08-02 15:29:14.020,0.773,0.34,-0.672,29.274628333389256,-82.20517061123452,-32.623918530908114,7.0
2016-08-02 15:29:14.030,0.773,0.336,-0.648,26.42181181636245,-80.68142582403175,-30.425676115079522,7.0
2016-08-02 15:29:14.040,0.766,0.332,-0.652,23.681582591901325,-79.22114749713435,-27.965646596934626,7.0
2016-08-02 15:29:14.050,0.738,0.336,-0.656,21.93226898635375,-78.56391153091135,-25.5529181008258,7.0
2016-08-02 15:29:14.060,0.711,0.328,-0.672,20.13674342703768,-78.30410215117347,-22.79439883300132,7.0
2016-08-02 15:29:14.070,0.691,0.328,-0.707,16.39455008881749,-77.43222261213803,-19.661824125123918,7.0
2016-08-02 15:29:14.080,0.66,0.332,-0.742,15.296578387665143,-76.26773454027546,-17.10092846039343,7.0
2016-08-02 15:29:14.090,0.625,0.336,-0.762,17.6536471697982,-74.946746376865,-14.787613625078246,7.0
2016-08-02 15:29:14.100,0.621,0.328,-0.777,18.8319415923729,-73.08214623022019,-12.690061595977554,7.0
2016-08-02 15:29:14.110,0.609,0.316,-0.797,20.473590581036586,-71.4170323940767,-12.009202556634216,7.0
2016-08-02 15:29:14.120,0.602,0.313,-0.797,22.78117207700832,-69.97804084584025,-11.892350976887181,7.0
2016-08-02 15:29:14.130,0.602,0.297,-0.777,20.263193025016633,-67.63319564465179,-11.127725451303128,7.0
2016-08-02 15:29:14.140,0.602,0.281,-0.762,14.589426391554312,-64.55177861012012,-11.134909193422242,7.0
2016-08-02 15:29:14.150,0.609,0.277,-0.77,12.54177298176666,-61.6238602717855,-12.896682779113707,7.0
2016-08-02 15:29:14.160,0.609,0.277,-0.801,15.566637837746303,-59.49664932098569,-15.543091043373177,7.0
2016-08-02 15:29:14.170,0.59,0.293,-0.824,20.251747334540422,-58.74583954865287,-18.070239158601368,7.0
2016-08-02 15:29:14.180,0.574,0.305,-0.855,21.65530288645136,-58.761042266825,-19.621597153265242,7.0
2016-08-02 15:29:14.190,0.57,0.305,-0.863,19.595516401941133,-58.89763073850263,-20.210823185822314,7.0
2016-08-02 15:29:14.200,0.563,0.293,-0.859,18.876037804421358,-59.40805020582613,-20.2513352357447,7.0
2016-08-02 15:29:14.210,0.566,0.293,-0.852,18.974175146583647,-59.591552249417525,-19.34935087314168,7.0
2016-08-02 15:29:14.220,0.578,0.289,-0.828,16.224465307935358,-58.75305959982781,-17.8562718309265,7.0
2016-08-02 15:29:14.230,0.563,0.281,-0.832,11.643827176904814,-57.22470811814923,-16.81563141821115,7.0
2016-08-02 15:29:14.240,0.527,0.273,-0.848,7.878787826505892,-54.985755612683015,-16.804335911584076,7.0
2016-08-02 15:29:14.250,0.492,0.273,-0.879,6.922753693614636,-51.73261331674945,-18.672551911636372,7.0
2016-08-02 15:29:14.260,0.457,0.277,-0.922,10.645890879277186,-47.961430179240615,-22.573825233191343,7.0
2016-08-02 15:29:14.270,0.422,0.285,-0.938,17.26878213415631,-44.74432682724845,-27.09253264784831,7.0
2016-08-02 15:29:14.280,0.426,0.305,-0.934,21.376602412363823,-41.66162095058445,-31.228206233259435,7.0
2016-08-02 15:29:14.290,0.445,0.309,-0.914,22.548462481386846,-38.006094783230644,-35.276877742442785,7.0
2016-08-02 15:29:14.300,0.438,0.281,-0.879,23.47430909722609,-34.56399260936335,-39.21101191454167,7.0
2016-08-02 15:29:14.310,0.422,0.23,-0.879,22.048598153241457,-31.258815947092717,-43.08700567973872,7.0
2016-08-02 15:29:14.320,0.395,0.215,-0.902,19.569890622708208,-28.792623841993365,-47.994564024912286,7.0
2016-08-02 15:29:14.330,0.355,0.254,-0.93,19.918890836456157,-28.825675745694753,-53.5196675532961,7.0
2016-08-02 15:29:14.340,0.344,0.293,-0.93,21.06833917751968,-30.219297826683878,-58.14078365714512,7.0
2016-08-02 15:29:14.350,0.379,0.32,-0.898,21.77475638739856,-31.653976406009335,-61.80586536437852,7.0
2016-08-02 15:29:14.360,0.406,0.355,-0.84,21.72363557146665,-32.85492018548623,-64.06633082714701,7.0
2016-08-02 15:29:14.370,0.426,0.355,-0.793,21.092666124640076,-33.08399152931514,-64.14184147269464,7.0
2016-08-02 15:29:14.380,0.418,0.32,-0.762,22.845237652144434,-33.18160763848057,-62.878562012422364,7.0
2016-08-02 15:29:14.390,0.367,0.301,-0.75,22.801948371465745,-33.87732390241495,-60.48373500940828,7.0
2016-08-02 15:29:14.400,0.313,0.27,-0.777,16.03537611984736,-33.61766284254941,-57.158209733677396,7.0
2016-08-02 15:29:14.410,0.262,0.258,-0.801,10.0474002349474,-31.879726719045273,-55.098426121630965,7.0
2016-08-02 15:29:14.420,0.242,0.277,-0.82,9.596654834043344,-29.33426450391274,-54.46840173562812,7.0
2016-08-02 15:29:14.430,0.246,0.289,-0.801,8.196227704129125,-25.955669968756133,-52.969786688897535,7.0
2016-08-02 15:29:14.440,0.25,0.285,-0.773,2.888654768724492,-21.871739028386802,-49.779966790821135,7.0
2016-08-02 15:29:14.450,0.25,0.266,-0.758,-3.2260799686681096,-16.9655728645918,-45.53059830170328,7.0
2016-08-02 15:29:14.460,0.234,0.258,-0.746,-8.010051926460061,-11.656082962435654,-41.4135171370256,7.0
2016-08-02 15:29:14.470,0.242,0.266,-0.75,-12.023707478514725,-7.105994337011225,-38.16579310376659,7.0
2016-08-02 15:29:14.480,0.25,0.273,-0.746,-16.87748951027576,-3.0863112637094345,-35.55589827079089,7.0
2016-08-02 15:29:14.490,0.254,0.266,-0.742,-21.65829838010822,0.9304889221963127,-34.146786963281656,7.0
2016-08-02 15:29:14.500,0.234,0.242,-0.754,-25.60356399050716,4.990559374890597,-34.44839323119092,7.0
2016-08-02 15:29:14.510,0.223,0.215,-0.766,-30.605787065735274,9.687777648311497,-35.4516626843262,7.0
2016-08-02 15:29:14.520,0.227,0.23,-0.766,-37.18742486819582,15.421842493410978,-36.356408605761686,7.0
2016-08-02 15:29:14.530,0.258,0.246,-0.754,-43.8136210652583,22.1233682236697,-37.23121105118818,7.0
2016-08-02 15:29:14.540,0.289,0.266,-0.754,-47.82274305598233,29.268362907386383,-38.46406082859297,7.0
2016-08-02 15:29:14.550,0.305,0.273,-0.746,-46.80241711447888,35.3272489041336,-40.36059272059719,7.0
2016-08-02 15:29:14.560,0.32,0.277,-0.77,-43.56333803100593,39.37288426723632,-42.209001957385716,7.0
2016-08-02 15:29:14.570,0.301,0.281,-0.781,-42.814636120404614,41.79358235786069,-42.72859591482262,7.0
2016-08-02 15:29:14.580,0.281,0.281,-0.797,-43.234387158546234,42.917666609367075,-41.85369387477583,7.0
2016-08-02 15:29:14.590,0.266,0.281,-0.809,-41.12584692674449,43.140355294431444,-40.60040805891778,7.0
2016-08-02 15:29:14.600,0.254,0.297,-0.813,-36.92987587501779,42.750380432181686,-38.71977574921628,7.0
2016-08-02 15:29:14.610,0.254,0.32,-0.824,-33.707353920345525,42.1984825204686,-35.419192508052305,7.0
2016-08-02 15:29:14.620,0.242,0.332,-0.836,-31.140813479976053,42.22604362965424,-32.29484680642689,7.0
2016-08-02 15:29:14.630,0.215,0.352,-0.859,-25.304086550628092,41.81477477521392,-30.836047962744974,7.0
2016-08-02 15:29:14.640,0.195,0.344,-0.859,-16.796873983487714,39.93208732075946,-29.541831971349545,7.0
2016-08-02 15:29:14.650,0.188,0.348,-0.875,-10.749303572087205,38.48306111548358,-28.106293548282807,7.0
2016-08-02 15:29:14.660,0.18,0.367,-0.879,-7.359856538241967,38.566491532502205,-28.283143088771507,7.0
2016-08-02 15:29:14.670,0.176,0.359,-0.883,-2.891274599545529,38.621653676086346,-29.734194785027153,7.0
2016-08-02 15:29:14.680,0.18,0.355,-0.883,3.1014658098868093,38.5175253554056,-31.520326316951365,7.0
2016-08-02 15:29:14.690,0.191,0.355,-0.867,8.19435328353581,38.57982098897154,-33.47760231891472,7.0
2016-08-02 15:29:14.700,0.211,0.352,-0.84,10.553228396257191,37.791676567368526,-34.88951827952432,7.0
2016-08-02 15:29:14.710,0.211,0.352,-0.84,12.288236407858413,36.2057070171778,-35.75560441572911,7.0
2016-08-02 15:29:14.720,0.219,0.352,-0.836,16.490497202914355,33.896833791431035,-36.23381610260996,7.0
2016-08-02 15:29:14.730,0.223,0.371,-0.852,20.553441454248706,30.57650149433099,-36.11688026666756,7.0
2016-08-02 15:29:14.740,0.219,0.371,-0.867,22.215244654907522,27.32667735297632,-35.8525897337995,7.0
2016-08-02 15:29:14.750,0.211,0.363,-0.863,23.752980752872993,24.591493640026183,-35.043322398125284,7.0
2016-08-02 15:29:14.760,0.219,0.352,-0.859,23.687577053780476,22.074751764986864,-33.24231480805485,7.0
2016-08-02 15:29:14.770,0.215,0.332,-0.848,20.73097269138944,20.484110853499907,-30.952960254992973,7.0
2016-08-02 15:29:14.780,0.203,0.336,-0.848,19.542973315330787,19.5785818234501,-28.298025727956396,7.0
2016-08-02 15:29:14.790,0.211,0.359,-0.848,20.37102064624977,18.10305755695054,-25.563408749327223,7.0
2016-08-02 15:29:14.800,0.215,0.383,-0.844,18.728517342070685,15.796836692684874,-22.43802645186675,7.0
2016-08-02 15:29:14.810,0.219,0.383,-0.836,14.681440045333554,12.91770152536991,-18.628494501804006,7.0
2016-08-02 15:29:14.820,0.219,0.387,-0.824,11.222750906276033,10.019725942037876,-15.012619504418414,7.0
2016-08-02 15:29:14.830,0.223,0.387,-0.805,8.714774599356112,7.8236818163962365,-11.202531906222767,7.0
2016-08-02 15:29:14.840,0.227,0.383,-0.797,5.2490370501854215,6.1677286335301345,-6.954279131397395,7.0
2016-08-02 15:29:14.850,0.223,0.379,-0.809,2.124118019963009,4.485184398645499,-3.7514717900479795,7.0
2016-08-02 15:29:14.860,0.219,0.391,-0.82,2.6936168994351357,2.522884692013593,-1.4950963406992437,7.0
2016-08-02 15:29:14.870,0.223,0.41,-0.816,3.1839484133126534,0.06313969882141313,1.2528549104575384,7.0
2016-08-02 15:29:14.880,0.238,0.41,-0.801,-2.4854301703206088,-2.6148121632549053,4.640189303352214,7.0
2016-08-02 15:29:14.890,0.238,0.406,-0.793,-9.828247314144617,-4.564631284412522,8.279282699312487,7.0
2016-08-02 15:29:14.900,0.238,0.406,-0.797,-12.324821053708913,-5.604390449057725,11.61723597073397,7.0
2016-08-02 15:29:14.910,0.23,0.41,-0.816,-12.415773519928676,-6.790901563801704,13.986521099695715,7.0
2016-08-02 15:29:14.920,0.227,0.406,-0.828,-13.201772733359023,-8.588335551389566,15.938801450298772,7.0
2016-08-02 15:29:14.930,0.238,0.41,-0.844,-14.318663764997147,-10.491941138443895,18.092813046990123,7.0
2016-08-02 15:29:14.940,0.258,0.402,-0.836,-15.849640542397129,-12.18740570915418,19.94554143714743,7.0
2016-08-02 15:29:14.950,0.266,0.391,-0.824,-17.348368302876587,-13.498227315039484,21.16361884696366,7.0
2016-08-02 15:29:14.960,0.258,0.383,-0.82,-18.20671063659347,-14.605644977310664,21.679540253405015,7.0
2016-08-02 15:29:14.970,0.246,0.371,-0.82,-19.465805916845056,-15.775383190601286,21.346965374789796,7.0
2016-08-02 15:29:14.980,0.238,0.367,-0.813,-20.778843569155747,-16.770983534131396,20.496720990452523,7.0
2016-08-02 15:29:14.990,0.234,0.367,-0.809,-20.228496476808225,-17.600904154442425,19.526447789675153,7.0
2016-08-02 15:29:15.000,0.219,0.371,-0.801,-18.86018869052427,-18.629492801873436,18.760077498253352,7.0
2016-08-02 15:29:15.010,0.215,0.375,-0.793,-18.373494939639322,-20.107718032682172,18.54545990668417,7.0
2016-08-02 15:29:15.020,0.215,0.379,-0.785,-17.015395679013473,-22.014297362802033,18.461739193362888,7.0
2016-08-02 15:29:15.030,0.215,0.375,-0.789,-13.665726855908238,-23.918997970993882,18.00097574574259,7.0
2016-08-02 15:29:15.040,0.23,0.379,-0.785,-10.492285759777738,-24.91281217626294,17.329530527349572,7.0
2016-08-02 15:29:15.050,0.25,0.371,-0.789,-8.407804514858885,-24.139179347626136,16.355857985056456,7.0
2016-08-02 15:29:15.060,0.254,0.355,-0.805,-4.780769104390426,-22.346053907638456,14.667658444375196,7.0
2016-08-02 15:29:15.070,0.246,0.34,-0.828,1.6632515875890956,-21.303009421419127,12.298095606310227,7.0
2016-08-02 15:29:15.080,0.211,0.316,-0.836,7.0979525367628575,-21.54341971086446,10.273799665770703,7.0
2016-08-02 15:29:15.090,0.172,0.297,-0.824,7.540295814332384,-22.75154990340092,10.038244323292002,7.0
2016-08-02 15:29:15.100,0.156,0.293,-0.809,4.852896183011745,-24.40020799817264,11.325107640757306,7.0
2016-08-02 15:29:15.110,0.164,0.309,-0.793,4.259060686566955,-25.645857521453216,12.749393507157649,7.0
2016-08-02 15:29:15.120,0.184,0.328,-0.762,6.932297886193762,-26.11011751354653,14.350573003461136,7.0
2016-08-02 15:29:15.130,0.211,0.344,-0.754,9.886851604653948,-25.52374899556046,16.188219553189487,7.0
2016-08-02 15:29:15.140,0.234,0.359,-0.758,13.844212180981017,-23.74493416228277,17.363968122549664,7.0
2016-08-02 15:29:15.150,0.234,0.363,-0.766,20.261421804861822,-21.671441846246587,18.105527708443667,7.0
2016-08-02 15:29:15.160,0.211,0.344,-0.785,23.87448434507335,-19.94818257079278,19.556033188230508,7.0
2016-08-02 15:29:15.170,0.18,0.32,-0.801,21.471774187929242,-18.321864510248798,22.24575619398844,7.0
2016-08-02 15:29:15.180,0.164,0.305,-0.813,17.64630687403023,-16.69996948803873,25.052222830445267,7.0
2016-08-02 15:29:15.190,0.156,0.301,-0.836,17.20090909698077,-15.237325767180888,26.372607455128538,7.0
2016-08-02 15:29:15.200,0.172,0.305,-0.836,19.550330414012848,-14.42028037594771,26.853318025592205,7.0
2016-08-02 15:29:15.210,0.188,0.309,-0.836,19.18793137557218,-13.839176643231013,27.657329298829197,7.0
2016-08-02 15:29:15.220,0.227,0.305,-0.824,15.26695343723246,-12.541264185037376,28.559003955412088,7.0
2016-08-02 15:29:15.230,0.242,0.316,-0.816,12.966003378256307,-11.17165611590901,29.482117066169554,7.0
2016-08-02 15:29:15.240,0.25,0.324,-0.836,11.726994778995806,-9.589692659566538,30.524172958842602,7.0
2016-08-02 15:29:15.250,0.242,0.32,-0.867,9.692799383809376,-6.92963577873042,31.565919228873703,7.0
2016-08-02 15:29:15.260,0.219,0.316,-0.867,8.451175152019845,-4.423329218058134,32.707558515428005,7.0
2016-08-02 15:29:15.270,0.219,0.316,-0.867,4.710839832002823,-2.7725047648081245,34.02009861510613,7.0
2016-08-02 15:29:15.280,0.238,0.316,-0.844,-2.6202695713630897,-0.860154519318829,35.12963703180477,7.0
2016-08-02 15:29:15.290,0.273,0.336,-0.84,-6.104716226137259,1.607420657954131,35.11490819566304,7.0
2016-08-02 15:29:15.300,0.316,0.352,-0.844,-1.9652558894535066,3.7326364387558337,33.33610582819634,7.0
2016-08-02 15:29:15.310,0.324,0.336,-0.836,3.681439239071394,4.734817564750884,30.972176067007315,7.0
2016-08-02 15:29:15.320,0.313,0.305,-0.859,2.92497143170442,4.95886585029733,29.98408719853515,7.0
2016-08-02 15:29:15.330,0.293,0.289,-0.887,-1.6862856678697455,5.43950044498592,30.18614421356576,7.0
2016-08-02 15:29:15.340,0.285,0.316,-0.922,-1.5902833910684837,6.155333189713623,30.342271520012126,7.0
2016-08-02 15:29:15.350,0.297,0.332,-0.93,1.5894453789221858,6.990016003969398,30.800678935136588,7.0
2016-08-02 15:29:15.360,0.34,0.344,-0.93,1.7570514347144977,8.533777134531595,32.515014024505696,7.0
2016-08-02 15:29:15.370,0.379,0.352,-0.879,-1.9043931066595956,10.494382422145119,35.51799868066787,7.0
2016-08-02 15:29:15.380,0.41,0.359,-0.859,-8.304366293261218,12.921610355107603,38.668990991726616,7.0
2016-08-02 15:29:15.390,0.441,0.375,-0.875,-10.397249352950713,15.816213577426876,40.169629839104445,7.0
2016-08-02 15:29:15.400,0.414,0.367,-0.871,-4.229197771108273,17.747636799655996,39.85679916814589,7.0
2016-08-02 15:29:15.410,0.391,0.32,-0.875,-2.067216012446978,19.07690870110443,40.007022310970335,7.0
2016-08-02 15:29:15.420,0.391,0.324,-0.879,-8.500620664389295,20.469401796497927,41.32119881155098,7.0
2016-08-02 15:29:15.430,0.383,0.344,-0.871,-11.95170534769001,20.658724169963733,41.792565913030984,7.0
2016-08-02 15:29:15.440,0.398,0.344,-0.855,-11.340815459813129,20.517260061865034,41.76445332933858,7.0
2016-08-02 15:29:15.450,0.41,0.324,-0.801,-14.696018986937442,22.193152461883113,43.24886411236993,7.0
2016-08-02 15:29:15.460,0.43,0.328,-0.781,-21.458642397706527,25.797254785657856,45.24786058352492,7.0
2016-08-02 15:29:15.470,0.449,0.383,-0.789,-23.41834262260623,30.10637990874587,45.807310316112705,7.0
2016-08-02 15:29:15.480,0.461,0.406,-0.762,-18.17074461059584,33.97750401144908,44.721293802219854,7.0
2016-08-02 15:29:15.490,0.461,0.387,-0.793,-14.564029204116444,37.50597339240804,42.950713576562976,7.0
2016-08-02 15:29:15.500,0.453,0.367,-0.809,-15.858889911319975,40.600614503835615,41.58304306163593,7.0
2016-08-02 15:29:15.510,0.43,0.344,-0.844,-17.003001164210673,42.51783792397373,40.303617492382145,7.0
2016-08-02 15:29:15.520,0.422,0.34,-0.895,-16.32347133276479,43.27141507104938,38.912689302243976,7.0
2016-08-02 15:29:15.530,0.418,0.316,-0.855,-14.166715774624077,43.38809431946648,38.63479167652483,7.0
2016-08-02 15:29:15.540,0.445,0.313,-0.852,-15.111660336309152,44.23933635049946,39.48503198801555,7.0
2016-08-02 15:29:15.550,0.52,0.34,-0.781,-20.016493838595675,46.5291101283453,40.46906674798466,7.0
2016-08-02 15:29:15.560,0.551,0.332,-0.691,-24.77888368681038,50.25607246004428,41.744317924813465,7.0
2016-08-02 15:29:15.570,0.586,0.332,-0.664,-32.75411665450372,56.07238945867977,43.474898913172865,7.0
2016-08-02 15:29:15.580,0.605,0.355,-0.637,-39.32558814422821,62.879925058821044,44.405236912493294,7.0
2016-08-02 15:29:15.590,0.566,0.355,-0.676,-37.06330007981039,68.82870631521628,43.94386192314008,7.0
2016-08-02 15:29:15.600,0.516,0.367,-0.824,-30.478282652739008,71.79011504782916,43.033670400288756,7.0
2016-08-02 15:29:15.610,0.457,0.359,-0.879,-21.524234847274727,70.11561795752823,42.73762706248888,7.0
2016-08-02 15:29:15.620,0.434,0.348,-0.855,-19.9710453731626,67.93750498408205,44.801956388829936,7.0
2016-08-02 15:29:15.630,0.52,0.348,-0.766,-34.487866414678706,70.61444210990777,48.76796804062559,7.0
2016-08-02 15:29:15.640,0.621,0.328,-0.613,-48.46629771307138,79.0367460805649,51.23056021312563,7.0
2016-08-02 15:29:15.650,0.676,0.309,-0.551,-52.279797328006026,91.91979140366412,51.42954689080902,7.0
2016-08-02 15:29:15.660,0.703,0.344,-0.586,-48.727958910191575,104.41056614916104,49.86443282033058,7.0
2016-08-02 15:29:15.670,0.656,0.352,-0.648,-35.05844358636023,111.86804531095312,47.12734142198519,7.0
2016-08-02 15:29:15.680,0.59,0.359,-0.801,-22.809022278786134,114.97843739151962,45.70814167048216,7.0
2016-08-02 15:29:15.690,0.59,0.426,-0.922,-17.30759505123824,113.41809267750023,44.75814261946978,7.0
2016-08-02 15:29:15.700,0.645,0.418,-0.895,-6.137440684772789,108.29477420796493,43.067294103348274,7.0
2016-08-02 15:29:15.710,0.734,0.383,-0.793,-0.3876249249306043,106.55659283971757,43.7120315352323,7.0
2016-08-02 15:29:15.720,0.852,0.359,-0.664,-8.773323060935605,109.83500864495309,46.11393276390577,7.0
2016-08-02 15:29:15.730,0.918,0.328,-0.539,-15.224026279882448,114.61468976125309,48.42893611668941,7.0
2016-08-02 15:29:15.740,0.949,0.316,-0.484,-20.861140352474923,120.63275209386083,52.45570627706409,7.0
2016-08-02 15:29:15.750,0.996,0.359,-0.5,-28.29584128512695,126.64208267669075,56.40610480269156,7.0
2016-08-02 15:29:15.760,0.992,0.352,-0.566,-26.089931033384566,130.06001152649782,58.2683271835798,7.0
2016-08-02 15:29:15.770,0.969,0.383,-0.703,-20.781639905922084,130.33891595944786,60.24724076988727,7.0
2016-08-02 15:29:15.780,0.949,0.441,-0.77,-18.28547756239034,126.54204297870511,61.805918693310595,7.0
2016-08-02 15:29:15.790,0.984,0.441,-0.762,-10.651741514666872,119.57957000837557,61.78318980709642,7.0
2016-08-02 15:29:15.800,1.051,0.426,-0.703,-1.0791509212534867,112.92346177710297,61.45332745317795,7.0
2016-08-02 15:29:15.810,1.121,0.383,-0.609,6.526348600321226,106.49055994197516,60.4725538607197,7.0
2016-08-02 15:29:15.820,1.152,0.324,-0.516,11.111753517105708,99.73148066976545,58.77889200987498,7.0
2016-08-02 15:29:15.830,1.152,0.289,-0.438,6.002111790483512,94.9905096360789,56.732421356638106,7.0
2016-08-02 15:29:15.840,1.148,0.266,-0.41,-3.3134146289504782,91.81953593972496,53.47910622479188,7.0
2016-08-02 15:29:15.850,1.125,0.262,-0.406,-7.492355983956342,88.37242912170655,49.5535803829219,7.0
2016-08-02 15:29:15.860,1.094,0.273,-0.434,-8.87473007262784,83.84917814421476,45.3385517229838,7.0
2016-08-02 15:29:15.870,1.051,0.297,-0.484,-8.977887246903498,76.6548198197779,40.42477794137294,7.0
2016-08-02 15:29:15.880,1.016,0.324,-0.52,-7.31056664363645,66.62028291710652,35.663766395391995,7.0
2016-08-02 15:29:15.890,0.988,0.344,-0.527,-5.195159377465663,55.07775018705673,31.29177528054378,7.0
2016-08-02 15:29:15.900,0.984,0.348,-0.484,-3.1260127518449146,43.53950081939663,27.096501221278015,7.0
2016-08-02 15:29:15.910,1.0,0.336,-0.414,-2.9983886890831637,34.43844371675043,23.60279561559464,7.0
2016-08-02 15:29:15.920,1.016,0.305,-0.348,-5.611584402547489,28.671111111433344,20.346881124530057,7.0
2016-08-02 15:29:15.930,1.004,0.258,-0.332,-7.893891353444545,24.506204483359063,16.900867601439877,7.0
2016-08-02 15:29:15.940,0.98,0.238,-0.352,-8.171922341902288,20.44333530110843,13.95405302149452,7.0
2016-08-02 15:29:15.950,0.953,0.25,-0.379,-9.417688557682558,16.241852072458524,11.658747001192722,7.0
2016-08-02 15:29:15.960,0.934,0.277,-0.406,-13.870752839150644,12.408819035249621,9.693821417111106,7.0
2016-08-02 15:29:15.970,0.926,0.293,-0.426,-18.394261074173542,9.128725631595733,7.983943570748718,7.0
2016-08-02 15:29:15.980,0.93,0.309,-0.418,-20.299335829848843,6.20022637332694,6.897129596751852,7.0
2016-08-02 15:29:15.990,0.945,0.313,-0.406,-20.732896055507023,4.233335339971919,6.566169807728364,7.0
2016-08-02 15:29:16.000,0.938,0.309,-0.402,-19.361094879851656,3.239416700606745,6.138706080053917,7.0
2016-08-02 15:29:16.010,0.945,0.293,-0.395,-16.349643066087342,2.623626226300578,5.501910404592796,7.0
2016-08-02 15:29:16.020,0.945,0.285,-0.398,-15.009939276929526,2.8405505505759328,5.121865761466067,7.0
2016-08-02 15:29:16.030,0.93,0.277,-0.414,-15.215775860545893,3.5637244592296495,4.561179388629239,7.0
2016-08-02 15:29:16.040,0.922,0.277,-0.422,-14.231243737400058,3.6011993102028077,3.86369323085884,7.0
2016-08-02 15:29:16.050,0.906,0.27,-0.418,-12.6614082907264,2.9147089023631216,3.351756663855503,7.0
2016-08-02 15:29:16.060,0.902,0.285,-0.406,-12.064789146828524,1.7794736886052438,2.673207389838023,7.0
2016-08-02 15:29:16.070,0.914,0.289,-0.391,-12.456477668729747,0.7169383837878375,1.780259647407825,7.0
2016-08-02 15:29:16.080,0.918,0.281,-0.379,-12.91677111269065,0.4819797565664279,0.7351132163652047,7.0
2016-08-02 15:29:16.090,0.918,0.277,-0.359,-12.153334577451927,0.6064668966061658,-0.26887821452782823,7.0
2016-08-02 15:29:16.100,0.914,0.273,-0.363,-10.620425975444817,0.6394902982850676,-0.8250832665110523,7.0
2016-08-02 15:29:16.110,0.918,0.273,-0.363,-9.529457071616214,0.5899899651248665,-1.2568622861900738,7.0
2016-08-02 15:29:16.120,0.906,0.273,-0.367,-8.33859296759109,-0.05557466769225694,-1.9760936743247381,7.0
2016-08-02 15:29:16.130,0.898,0.277,-0.375,-6.635303097343568,-1.2734553300822236,-2.8075836535447554,7.0
2016-08-02 15:29:16.140,0.906,0.281,-0.379,-5.120361851184221,-2.5166990423691242,-3.5771247598126843,7.0
2016-08-02 15:29:16.150,0.922,0.281,-0.387,-3.978010341304179,-3.2161417929572953,-4.271849117854888,7.0
2016-08-02 15:29:16.160,0.934,0.281,-0.398,-2.4174058580373434,-3.0025342381206994,-4.952327800056363,7.0
2016-08-02 15:29:16.170,0.934,0.277,-0.406,0.4931171178823558,-2.3727005123056393,-5.671210219225419,7.0
2016-08-02 15:29:16.180,0.926,0.281,-0.418,3.6346189686521697,-2.0744644647565167,-6.153578717671435,7.0
2016-08-02 15:29:16.190,0.922,0.281,-0.418,4.6348741965914435,-2.5559203341622254,-6.214536322518707,7.0
2016-08-02 15:29:16.200,0.926,0.285,-0.406,3.7139933282317106,-3.5606696412067116,-6.34734550549122,7.0
2016-08-02 15:29:16.210,0.934,0.281,-0.398,2.577734550005658,-4.5364702434739055,-6.9997083976171535,7.0
2016-08-02 15:29:16.220,0.926,0.281,-0.398,2.459516541772536,-6.101009449281676,-8.092927338557024,7.0
2016-08-02 15:29:16.230,0.926,0.277,-0.398,4.783842074308833,-8.734361945848208,-9.744709866101665,7.0
2016-08-02 15:29:16.240,0.926,0.277,-0.414,9.217404325300542,-11.921368940376187,-12.35577774984868,7.0
2016-08-02 15:29:16.250,0.922,0.273,-0.438,14.512322428358992,-16.1730513580428,-15.974381313791174,7.0
2016-08-02 15:29:16.260,0.926,0.281,-0.465,20.706100712170834,-22.2579326711628,-20.214709290026896,7.0
2016-08-02 15:29:16.270,0.938,0.293,-0.48,26.241117704858873,-29.65648667715514,-24.79604446883749,7.0
2016-08-02 15:29:16.280,0.965,0.293,-0.508,30.228788726966997,-37.84466222939138,-30.362125868759726,7.0
2016-08-02 15:29:16.290,0.988,0.273,-0.559,36.5822536196119,-47.15729419986542,-37.468728372425936,7.0
2016-08-02 15:29:16.300,1.0,0.266,-0.613,47.47966133599094,-58.72021094820319,-44.3519412034412,7.0
2016-08-02 15:29:16.310,1.008,0.281,-0.621,57.99964700100067,-72.83382772629767,-48.89932891484251,7.0
2016-08-02 15:29:16.320,1.035,0.285,-0.551,62.65774417934172,-87.01411998913672,-51.939053400052316,7.0
2016-08-02 15:29:16.330,1.082,0.27,-0.465,62.23252919394548,-98.07230350100494,-54.48381440333594,7.0
2016-08-02 15:29:16.340,1.137,0.258,-0.43,58.865499167075534,-104.97690574781394,-55.313489038010985,7.0
2016-08-02 15:29:16.350,1.164,0.277,-0.461,50.94640651846617,-109.09894936895117,-54.896190035709736,7.0
2016-08-02 15:29:16.360,1.137,0.313,-0.52,39.94357491116756,-112.88158553017104,-54.81071177981692,7.0
2016-08-02 15:29:16.370,1.086,0.344,-0.598,32.089792409379825,-117.11313698077899,-53.788815279976966,7.0
2016-08-02 15:29:16.380,1.039,0.367,-0.68,29.990550130918358,-120.9888075399171,-51.42227642388637,7.0
2016-08-02 15:29:16.390,0.992,0.391,-0.73,32.025476155127905,-124.52112808139947,-49.10227073424662,7.0
2016-08-02 15:29:16.400,0.953,0.402,-0.738,35.326749445319805,-127.39255649089645,-46.448938649279604,7.0
2016-08-02 15:29:16.410,0.922,0.383,-0.719,36.07083658812813,-127.97811944768719,-43.250986141478556,7.0
2016-08-02 15:29:16.420,0.891,0.363,-0.691,33.899780457788275,-125.77671938306347,-40.40482384361967,7.0
2016-08-02 15:29:16.430,0.855,0.352,-0.664,31.596862701873594,-121.95189226725024,-38.17824239841982,7.0
2016-08-02 15:29:16.440,0.82,0.352,-0.66,29.10033668125042,-117.33727998698873,-36.1303098142778,7.0
2016-08-02 15:29:16.450,0.77,0.355,-0.672,25.45551293594783,-112.5990823543584,-33.77349617443561,7.0
2016-08-02 15:29:16.460,0.727,0.352,-0.676,21.759938514806244,-108.3969959144283,-31.262880218148368,7.0
2016-08-02 15:29:16.470,0.695,0.352,-0.684,18.435126788358307,-104.00011327133817,-29.035531057843116,7.0
2016-08-02 15:29:16.480,0.66,0.348,-0.703,15.516807433611746,-99.36212214709809,-27.065360505924655,7.0
2016-08-02 15:29:16.490,0.637,0.348,-0.727,14.725904107802759,-96.10956855642638,-24.881883393870936,7.0
2016-08-02 15:29:16.500,0.621,0.348,-0.719,16.06908149611349,-94.37075551484205,-22.176388635662914,7.0
2016-08-02 15:29:16.510,0.633,0.332,-0.699,15.425316333973651,-92.8552134468399,-19.05500277534771,7.0
2016-08-02 15:29:16.520,0.652,0.324,-0.68,11.9664142148271,-91.19580285413747,-16.126042275535724,7.0
2016-08-02 15:29:16.530,0.664,0.324,-0.656,10.098257853506471,-89.66409204425214,-13.91306250536272,7.0
2016-08-02 15:29:16.540,0.676,0.309,-0.652,9.383258033319876,-87.89186645120539,-12.067562903590042,7.0
2016-08-02 15:29:16.550,0.684,0.309,-0.684,7.200531633436619,-85.78197107045705,-10.653704000174926,7.0
2016-08-02 15:29:16.560,0.664,0.301,-0.699,5.497400817069963,-84.32378080023113,-9.580837066359685,7.0
2016-08-02 15:29:16.570,0.641,0.293,-0.723,2.3508540209141384,-83.35463933384858,-7.575933411717969,7.0
2016-08-02 15:29:16.580,0.641,0.293,-0.762,-4.333851297641512,-82.11114016637714,-5.068274288846532,7.0
2016-08-02 15:29:16.590,0.621,0.313,-0.805,-8.448247486022959,-81.47733925899664,-3.584547589004483,7.0
2016-08-02 15:29:16.600,0.609,0.328,-0.828,-8.615827921632457,-81.59685796090669,-2.416963901562478,7.0
2016-08-02 15:29:16.610,0.613,0.309,-0.828,-9.157639746634715,-81.34734147483661,-0.8539657687132047,7.0
2016-08-02 15:29:16.620,0.641,0.328,-0.84,-7.893584438286826,-80.79498602910421,-0.42937327964437444,7.0
2016-08-02 15:29:16.630,0.652,0.336,-0.84,-2.253782815463334,-80.86163643750177,-1.5832849395408397,7.0
2016-08-02 15:29:16.640,0.629,0.313,-0.824,1.5717096871126657,-81.28755213183373,-1.8817126872512786,7.0
2016-08-02 15:29:16.650,0.629,0.309,-0.816,-2.9724417639890492,-80.5512914223597,-0.3499363779280219,7.0
2016-08-02 15:29:16.660,0.617,0.313,-0.805,-9.83131735532865,-78.65252872644834,0.8078115378853199,7.0
2016-08-02 15:29:16.670,0.602,0.324,-0.82,-10.238232087252028,-76.4786709582082,0.3948556593204975,7.0
2016-08-02 15:29:16.680,0.563,0.324,-0.836,-7.66456462746946,-73.76315125491637,-1.1527358571547675,7.0
2016-08-02 15:29:16.690,0.52,0.332,-0.863,-7.5857093308141845,-70.53065101288873,-3.731221138676278,7.0
2016-08-02 15:29:16.700,0.492,0.348,-0.91,-6.389725514149008,-67.1064758885691,-7.345760804964396,7.0
2016-08-02 15:29:16.710,0.457,0.367,-0.926,1.4263071619528,-64.08562364117606,-12.005296353746614,7.0
2016-08-02 15:29:16.720,0.449,0.371,-0.918,11.58153946152392,-62.00981024289154,-16.310222351705843,7.0
2016-08-02 15:29:16.730,0.465,0.352,-0.883,14.94937357281929,-59.98399317067948,-18.098714103388843,7.0
2016-08-02 15:29:16.740,0.461,0.34,-0.855,12.210945995834713,-57.586034996461095,-17.90679868113829,7.0
2016-08-02 15:29:16.750,0.438,0.32,-0.836,8.986673566413025,-54.984860263207025,-17.150951857700004,7.0
2016-08-02 15:29:16.760,0.43,0.32,-0.832,6.127949677265843,-51.58521657969118,-15.875478088947332,7.0
2016-08-02 15:29:16.770,0.426,0.328,-0.84,4.402987534325588,-47.92522248376035,-15.10115886390889,7.0
2016-08-02 15:29:16.780,0.41,0.332,-0.859,6.6623479159232,-44.962110255296665,-16.341350856104498,7.0
2016-08-02 15:29:16.790,0.375,0.328,-0.883,11.819960526523019,-42.378622892518635,-18.8809860048205,7.0
2016-08-02 15:29:16.800,0.352,0.324,-0.871,13.625091319803206,-39.875388203542336,-20.809546384365795,7.0
2016-08-02 15:29:16.810,0.348,0.32,-0.855,10.577305723474586,-37.08291225959847,-21.664904325270314,7.0
2016-08-02 15:29:16.820,0.344,0.32,-0.832,8.2218979408873,-33.749711284017664,-22.353070427061017,7.0
2016-08-02 15:29:16.830,0.305,0.289,-0.816,6.422038308568822,-30.373320829121766,-23.25602882110742,7.0
2016-08-02 15:29:16.840,0.277,0.277,-0.82,1.1189958820745636,-26.543714030687326,-24.164317517278946,7.0
2016-08-02 15:29:16.850,0.254,0.285,-0.793,-4.5343764752243505,-21.630042543782505,-25.793501473434034,7.0
2016-08-02 15:29:16.860,0.254,0.297,-0.797,-6.415295187129713,-16.21816449229391,-29.268696974261267,7.0
2016-08-02 15:29:16.870,0.242,0.305,-0.773,-4.571320385636241,-11.09311049209739,-34.1846926543542,7.0
2016-08-02 15:29:16.880,0.23,0.297,-0.758,-1.6226043510047963,-6.695995711126839,-39.361527282203014,7.0
2016-08-02 15:29:16.890,0.223,0.281,-0.742,-2.691278519386383,-2.071948883404606,-44.58600206658901,7.0
2016-08-02 15:29:16.900,0.203,0.266,-0.746,-7.52473981626192,4.469201908553249,-49.942755361508496,7.0
2016-08-02 15:29:16.910,0.191,0.258,-0.758,-11.503424594914316,12.741069320010142,-55.50088775979103,7.0
2016-08-02 15:29:16.920,0.184,0.242,-0.773,-13.959213567751886,21.224673955407958,-61.7918282576568,7.0
2016-08-02 15:29:16.930,0.152,0.234,-0.805,-13.73275719090324,28.625913198255336,-68.35560868006547,7.0
2016-08-02 15:29:16.940,0.117,0.242,-0.832,-9.43341814526216,34.01811579303777,-73.71747217727268,7.0
2016-08-02 15:29:16.950,0.105,0.254,-0.844,-4.122017877365348,37.00439745406899,-77.55888412593194,7.0
2016-08-02 15:29:16.960,0.113,0.281,-0.836,0.3015942662378287,37.964232108130325,-79.50187575808042,7.0
2016-08-02 15:29:16.970,0.148,0.324,-0.816,2.953669867492667,37.439504188506994,-78.20274069916637,7.0
2016-08-02 15:29:16.980,0.195,0.344,-0.785,1.1720087625152273,35.73645003647688,-74.1838720010025,7.0
2016-08-02 15:29:16.990,0.215,0.336,-0.762,-3.053264509020539,33.91634938077182,-69.1514709064634,7.0
2016-08-02 15:29:17.000,0.203,0.316,-0.785,-4.9115125744730825,33.12698312512011,-63.902283594466724,7.0
2016-08-02 15:29:17.010,0.184,0.313,-0.82,-4.179392903219131,33.08186370056436,-59.295797309511,7.0
2016-08-02 15:29:17.020,0.152,0.309,-0.844,-4.037332304086294,33.03621937235047,-55.54566807135342,7.0
2016-08-02 15:29:17.030,0.137,0.297,-0.848,-7.788076631305064,33.215835077758555,-51.712636916965316,7.0
2016-08-02 15:29:17.040,0.145,0.324,-0.844,-14.294439013798659,34.80541377838979,-47.88334836509945,7.0
2016-08-02 15:29:17.050,0.156,0.348,-0.824,-16.781576164880214,37.55197494719486,-45.32069878128421,7.0
2016-08-02 15:29:17.060,0.168,0.352,-0.797,-12.53667617272712,39.3644102897999,-44.18508106755988,7.0
2016-08-02 15:29:17.070,0.18,0.355,-0.785,-7.2303811745920985,39.91305202095268,-43.29883071181219,7.0
2016-08-02 15:29:17.080,0.172,0.359,-0.781,-5.745723660885535,39.79298590840027,-42.04102845512082,7.0
2016-08-02 15:29:17.090,0.152,0.336,-0.789,-7.349629013114249,38.681940135848116,-40.44575017137704,7.0
2016-08-02 15:29:17.100,0.141,0.328,-0.809,-9.635352781555726,37.53686354509484,-38.347318429479174,7.0
2016-08-02 15:29:17.110,0.148,0.328,-0.82,-10.603414440894504,37.137773714910836,-35.882278162800745,7.0
2016-08-02 15:29:17.120,0.164,0.316,-0.844,-9.655705058194789,36.5786420045997,-33.700311541973235,7.0
2016-08-02 15:29:17.130,0.184,0.316,-0.871,-8.528400212886039,35.68020191663871,-31.9621900715794,7.0
2016-08-02 15:29:17.140,0.199,0.309,-0.867,-8.460716537676838,34.521221443217826,-29.919804004144275,7.0
2016-08-02 15:29:17.150,0.238,0.313,-0.902,-8.860621783035345,33.249928546429864,-26.973857036095932,7.0
2016-08-02 15:29:17.160,0.27,0.332,-0.914,-8.78594313350701,32.798395732957914,-23.2114106141726,7.0
2016-08-02 15:29:17.170,0.305,0.336,-0.91,-8.780735765162744,32.56515316782131,-18.988384376136754,7.0
2016-08-02 15:29:17.180,0.352,0.34,-0.906,-11.6541577014043,31.656443866345576,-14.688106257076207,7.0
2016-08-02 15:29:17.190,0.363,0.332,-0.918,-17.088732176857416,30.586769628369222,-11.023113316809678,7.0
2016-08-02 15:29:17.200,0.344,0.313,-0.938,-19.90835554262695,28.967224493000447,-8.896000510723333,7.0
2016-08-02 15:29:17.210,0.305,0.313,-0.945,-19.192392326561922,26.491374372324316,-7.936082953626039,7.0
2016-08-02 15:29:17.220,0.297,0.309,-0.922,-19.819221013748432,24.207560297161816,-7.33423694873426,7.0
2016-08-02 15:29:17.230,0.313,0.34,-0.91,-21.262947746808987,22.858632303976297,-7.737290542397165,7.0
2016-08-02 15:29:17.240,0.301,0.367,-0.887,-19.319881639265994,22.455388237274217,-9.373239968288521,7.0
2016-08-02 15:29:17.250,0.281,0.371,-0.867,-16.767281865842108,21.901818997005137,-11.092497508108737,7.0
2016-08-02 15:29:17.260,0.262,0.379,-0.848,-16.371762692013355,20.263506444717898,-12.123869340843196,7.0
2016-08-02 15:29:17.270,0.242,0.383,-0.824,-15.835548902588501,18.562261285194094,-12.497273900460419,7.0
2016-08-02 15:29:17.280,0.227,0.383,-0.801,-14.381028181826196,17.4365838427225,-12.848469241208837,7.0
2016-08-02 15:29:17.290,0.223,0.391,-0.785,-12.473801883229935,16.511707770845995,-13.442556091030658,7.0
2016-08-02 15:29:17.300,0.223,0.398,-0.777,-9.99931302437764,16.34822993489308,-13.718475322640368,7.0
2016-08-02 15:29:17.310,0.234,0.414,-0.773,-5.616025539222065,16.795471898464402,-13.824855013718018,7.0
2016-08-02 15:29:17.320,0.23,0.422,-0.789,0.32088964203349557,15.742801423562934,-13.831787200228746,7.0
2016-08-02 15:29:17.330,0.199,0.41,-0.797,2.721191602080803,12.133818676153409,-12.312775190915566,7.0
2016-08-02 15:29:17.340,0.16,0.422,-0.813,1.405186304332143,7.526054447265505,-8.615700007097214,7.0
2016-08-02 15:29:17.350,0.148,0.441,-0.801,2.6801524724363572,3.603229482743967,-4.009328526807883,7.0
2016-08-02 15:29:17.360,0.188,0.465,-0.785,6.372885618559723,0.9624525455751295,0.3843587050454219,7.0
2016-08-02 15:29:17.370,0.23,0.48,-0.77,8.059134790360167,0.18122218328255005,3.907063862009327,7.0
2016-08-02 15:29:17.380,0.266,0.465,-0.754,8.957993974171877,0.7579129328818605,5.823279547680828,7.0
2016-08-02 15:29:17.390,0.281,0.434,-0.75,10.536039310343803,0.7123260950069731,6.414561505058952,7.0
2016-08-02 15:29:17.400,0.258,0.402,-0.766,10.385372964616726,-0.3806623677123924,6.614971051023886,7.0
2016-08-02 15:29:17.410,0.227,0.395,-0.785,8.667071990808651,-1.498680006211032,6.635505458734217,7.0
2016-08-02 15:29:17.420,0.211,0.41,-0.809,8.657163982937345,-2.7243380395259718,6.268191955003464,7.0
2016-08-02 15:29:17.430,0.211,0.422,-0.824,10.733302518080267,-4.33732236830896,5.819389087648208,7.0
2016-08-02 15:29:17.440,0.23,0.441,-0.813,11.657765878341168,-5.9364940701128335,6.009357075873594,7.0
2016-08-02 15:29:17.450,0.242,0.445,-0.805,11.021727693322081,-7.362237778332857,6.812901496167581,7.0
2016-08-02 15:29:17.460,0.25,0.434,-0.793,11.584598995236757,-8.764458876509678,7.857035887231376,7.0
2016-08-02 15:29:17.470,0.254,0.406,-0.777,12.032259410100663,-10.368404882096458,9.387396003436855,7.0
2016-08-02 15:29:17.480,0.254,0.391,-0.773,9.436874416573943,-12.190877017938353,11.28324584655428,7.0
2016-08-02 15:29:17.490,0.234,0.367,-0.773,5.169787477257687,-13.90813916027121,12.998292299963827,7.0
2016-08-02 15:29:17.500,0.207,0.359,-0.793,2.230316189170873,-15.449564029342358,14.293996888595071,7.0
2016-08-02 15:29:17.510,0.195,0.367,-0.809,1.9306972725855807,-16.943907298683797,14.987225293899867,7.0
2016-08-02 15:29:17.520,0.195,0.375,-0.813,3.187722158801436,-18.11521498275258,15.288094381338762,7.0
2016-08-02 15:29:17.530,0.207,0.367,-0.816,3.630687095868433,-18.75356567406221,15.677667568895842,7.0
2016-08-02 15:29:17.540,0.207,0.352,-0.816,2.4907582914911712,-19.06339484784558,16.1302667437064,7.0
2016-08-02 15:29:17.550,0.215,0.34,-0.801,0.7595771254748678,-19.031248578479037,16.556275257993747,7.0
2016-08-02 15:29:17.560,0.207,0.328,-0.801,-0.8916701655457138,-18.691476846409458,16.880143306980443,7.0
2016-08-02 15:29:17.570,0.211,0.316,-0.789,-1.8418933268417206,-18.56304062652047,17.07527483401074,7.0
2016-08-02 15:29:17.580,0.223,0.316,-0.813,-1.5707649083827093,-18.97158913189987,17.543704419703523,7.0
2016-08-02 15:29:17.590,0.234,0.348,-0.84,0.33226216893951377,-19.988857638373695,18.218915738982663,7.0
2016-08-02 15:29:17.600,0.219,0.352,-0.855,3.2321315225414216,-21.875000297761993,19.080982847108398,7.0
2016-08-02 15:29:17.610,0.215,0.344,-0.855,2.7812005057106237,-24.067155129314937,21.045109923526173,7.0
2016-08-02 15:29:17.620,0.215,0.324,-0.824,-1.9759466582910392,-25.15830348208217,23.860948746499812,7.0
2016-08-02 15:29:17.630,0.211,0.32,-0.824,-4.994226221680882,-25.036422828319992,25.96204485629146,7.0
2016-08-02 15:29:17.640,0.211,0.332,-0.813,-3.971930544745058,-24.479423320903145,26.87864206160034,7.0
2016-08-02 15:29:17.650,0.195,0.324,-0.816,-1.6745927392701263,-23.55327353545147,26.859874768677557,7.0
2016-08-02 15:29:17.660,0.18,0.332,-0.813,0.46603912356525123,-22.567470883934682,26.336874960334,7.0
2016-08-02 15:29:17.670,0.16,0.328,-0.816,1.389062035258208,-22.012385079745535,25.821587703430357,7.0
2016-08-02 15:29:17.680,0.156,0.328,-0.82,1.4814108675042927,-21.472405899965064,25.28724095241246,7.0
2016-08-02 15:29:17.690,0.152,0.328,-0.805,3.51927755442735,-20.668447773112675,24.954031780895527,7.0
2016-08-02 15:29:17.700,0.172,0.348,-0.824,7.609306861713753,-19.97162688126074,24.7673914402348,7.0
2016-08-02 15:29:17.710,0.191,0.344,-0.801,11.448972156582455,-19.772973471977902,24.842285949032437,7.0
2016-08-02 15:29:17.720,0.207,0.324,-0.789,10.907370398555015,-19.773837698187968,26.425617960195193,7.0
2016-08-02 15:29:17.730,0.223,0.324,-0.793,4.286412284407461,-18.6764581046815,29.120055013538014,7.0
2016-08-02 15:29:17.740,0.215,0.316,-0.809,0.1251390834484245,-16.328720008021783,30.78120705641103,7.0
2016-08-02 15:29:17.750,0.227,0.328,-0.855,4.535759025071098,-14.033802020019326,31.19105234849929,7.0
2016-08-02 15:29:17.760,0.211,0.324,-0.871,10.385268374130314,-12.288429028529903,31.978333108607217,7.0
2016-08-02 15:29:17.770,0.211,0.328,-0.879,9.30539173403635,-10.722281349650988,33.79830944087398,7.0
2016-08-02 15:29:17.780,0.23,0.34,-0.895,4.510516765691741,-8.47869745196445,35.7296509730412,7.0
2016-08-02 15:29:17.790,0.246,0.34,-0.855,4.549735515929668,-5.051881246470169,36.70326546160202,7.0
2016-08-02 15:29:17.800,0.277,0.332,-0.852,7.656152339470973,-1.0752171086012972,36.72798500367639,7.0
2016-08-02 15:29:17.810,0.316,0.34,-0.84,9.55375013094334,2.5675087995821926,36.47422141253045,7.0
2016-08-02 15:29:17.820,0.32,0.332,-0.801,9.580634023249438,5.122709004388576,37.11333858119327,7.0
2016-08-02 15:29:17.830,0.352,0.328,-0.789,1.995940204157426,7.387610386937979,39.28894460339383,7.0
2016-08-02 15:29:17.840,0.371,0.336,-0.793,-8.749496153651883,11.12803606100113,41.162471709066146,7.0
2016-08-02 15:29:17.850,0.355,0.34,-0.797,-9.824719723552757,15.373373388279807,41.77789866837452,7.0
2016-08-02 15:29:17.860,0.344,0.336,-0.828,-6.49122617832395,18.427829638657307,42.66451332301742,7.0
2016-08-02 15:29:17.870,0.355,0.348,-0.867,-7.647724748007014,20.536472432095422,43.76757279581624,7.0
2016-08-02 15:29:17.880,0.344,0.352,-0.863,-9.820030102569946,21.560715347156357,44.81724241241016,7.0
2016-08-02 15:29:17.890,0.367,0.363,-0.879,-12.131160215867773,21.8471212230814,46.64774845456873,7.0
2016-08-02 15:29:17.900,0.414,0.387,-0.887,-13.61095153025612,22.887822059388036,47.66530141241185,7.0
2016-08-02 15:29:17.910,0.434,0.375,-0.859,-9.65283129288671,24.248909089814326,46.93884219155626,7.0
2016-08-02 15:29:17.920,0.457,0.379,-0.863,-4.9298036721211895,24.769620976316176,46.84038730928234,7.0
2016-08-02 15:29:17.930,0.488,0.383,-0.832,-6.55149720576232,25.034901523156364,48.0457417724376,7.0
2016-08-02 15:29:17.940,0.5,0.371,-0.793,-13.750447458702244,26.089956635801798,49.931598326441005,7.0
2016-08-02 15:29:17.950,0.531,0.375,-0.77,-22.398255578502386,28.479148605663028,52.54525692108622,7.0
2016-08-02 15:29:17.960,0.539,0.395,-0.766,-26.60912518146413,31.920667554994402,53.84690808260477,7.0
2016-08-02 15:29:17.970,0.516,0.395,-0.809,-24.635305615869395,35.15793219685802,52.55681703604089,7.0
2016-08-02 15:29:17.980,0.477,0.383,-0.844,-21.576307072160738,36.76801572478318,50.92426291342773,7.0
2016-08-02 15:29:17.990,0.453,0.391,-0.902,-20.70245302710002,36.32966086882118,49.883001894281286,7.0
2016-08-02 15:29:18.000,0.445,0.395,-0.926,-21.249764445037265,34.798012805630655,48.37746346478913,7.0
2016-08-02 15:29:18.010,0.445,0.363,-0.906,-21.708314544058734,33.34028390502614,46.80670034312985,7.0
2016-08-02 15:29:18.020,0.469,0.348,-0.867,-22.240796655681812,32.982986851665856,45.97285285812971,7.0
2016-08-02 15:29:18.030,0.508,0.355,-0.793,-24.588255368407694,35.00222839105282,45.95940733079413,7.0
2016-08-02 15:29:18.040,0.555,0.363,-0.754,-28.733505608281693,39.88420987651042,46.087511233767,7.0
2016-08-02 15:29:18.050,0.609,0.406,-0.773,-28.887940785072214,45.626371991820626,44.59481591845894,7.0
2016-08-02 15:29:18.060,0.598,0.422,-0.789,-21.759741685722254,49.3333787613266,41.5504650301616,7.0
2016-08-02 15:29:18.070,0.543,0.395,-0.867,-17.643206590866686,50.73045503501584,39.58452686637257,7.0
2016-08-02 15:29:18.080,0.508,0.371,-0.93,-20.673225971052894,50.5552931229182,39.26704436658744,7.0
2016-08-02 15:29:18.090,0.484,0.363,-0.895,-22.304194692449183,49.28607004665796,39.65935473922324,7.0
2016-08-02 15:29:18.100,0.523,0.352,-0.809,-26.26522204601445,49.71979907880367,41.338549109762205,7.0
2016-08-02 15:29:18.110,0.602,0.344,-0.699,-36.32654714975965,54.60324028941189,43.194656622996206,7.0
2016-08-02 15:29:18.120,0.656,0.34,-0.656,-41.230750463622286,63.12987048508221,42.258502565459864,7.0
2016-08-02 15:29:18.130,0.672,0.359,-0.723,-33.57901078081147,71.0155448106256,38.012987817089964,7.0
2016-08-02 15:29:18.140,0.613,0.375,-0.82,-16.446240087610995,73.14335850529343,33.433337385748345,7.0
2016-08-02 15:29:18.150,0.559,0.371,-0.848,-4.919412378573576,70.1507148685159,32.55197352774486,7.0
2016-08-02 15:29:18.160,0.594,0.395,-0.82,-11.74810224449947,67.86825882819359,35.40037425201936,7.0
2016-08-02 15:29:18.170,0.68,0.41,-0.734,-24.274124597845862,69.11663440288535,38.426078218607444,7.0
2016-08-02 15:29:18.180,0.742,0.379,-0.609,-29.526148210509525,73.8430959998505,41.45761277118298,7.0
2016-08-02 15:29:18.190,0.789,0.348,-0.504,-34.742044610478814,82.75324714805333,45.46005073501086,7.0
2016-08-02 15:29:18.200,0.824,0.352,-0.539,-40.49551048652032,94.18918684623837,45.99694197232219,7.0
2016-08-02 15:29:18.210,0.82,0.414,-0.68,-31.73039761157763,101.62989962851172,40.904313984526304,7.0
2016-08-02 15:29:18.220,0.746,0.441,-0.746,-8.803982977185262,99.14007673786031,37.356401796458016,7.0
2016-08-02 15:29:18.230,0.703,0.434,-0.789,1.4078497470942923,89.52537053264021,39.61377544011465,7.0
2016-08-02 15:29:18.240,0.754,0.445,-0.781,-11.06954428027992,80.66491675526287,42.566672000347765,7.0
2016-08-02 15:29:18.250,0.816,0.434,-0.699,-22.24242967812576,75.72923871308487,43.91415208024664,7.0
2016-08-02 15:29:18.260,0.863,0.359,-0.605,-21.17611294178324,75.33955104150635,45.764413904116104,7.0
2016-08-02 15:29:18.270,0.898,0.277,-0.543,-18.96559552059223,80.69951024453385,46.42955961056792,7.0
2016-08-02 15:29:18.280,0.887,0.266,-0.563,-18.392437220889217,89.78072909977581,43.60953176698855,7.0
2016-08-02 15:29:18.290,0.855,0.297,-0.645,-15.57462526042223,96.88267415555251,39.38267733106868,7.0
2016-08-02 15:29:18.300,0.82,0.352,-0.691,-9.678891466098124,97.2308731759811,37.017862897361766,7.0
2016-08-02 15:29:18.310,0.832,0.383,-0.684,-5.52938820515807,92.41578945736492,36.781272587125756,7.0
2016-08-02 15:29:18.320,0.891,0.418,-0.695,-7.6448245141060625,86.77758008917453,36.68279913019293,7.0
2016-08-02 15:29:18.330,0.93,0.434,-0.676,-7.55951202566531,79.58114175599275,36.303881972599484,7.0
2016-08-02 15:29:18.340,0.973,0.387,-0.594,0.46318123857053384,70.24036615973398,36.96633638077285,7.0
2016-08-02 15:29:18.350,1.031,0.34,-0.52,6.7364265943308546,63.04614999981851,37.315593580703144,7.0
2016-08-02 15:29:18.360,1.055,0.297,-0.473,7.480728771684427,59.42945427815421,34.58343657789807,7.0
2016-08-02 15:29:18.370,1.039,0.258,-0.473,7.041152385902794,57.136517723435595,30.723309590157314,7.0
2016-08-02 15:29:18.380,1.02,0.25,-0.496,3.5017516743183297,55.729757184301334,28.40150940153028,7.0
2016-08-02 15:29:18.390,0.984,0.25,-0.523,-1.6903574048957952,55.078391424258804,25.778793539838848,7.0
2016-08-02 15:29:18.400,0.961,0.273,-0.59,-2.061316786477252,53.86927984322912,22.161744119850876,7.0
2016-08-02 15:29:18.410,0.91,0.316,-0.641,2.4041112594211755,50.00832961754921,19.007139527792642,7.0
2016-08-02 15:29:18.420,0.887,0.348,-0.617,9.424718103567738,41.88232682559543,16.60815465981652,7.0
2016-08-02 15:29:18.430,0.91,0.375,-0.559,15.40054373982663,31.87913015844638,15.021658944474853,7.0
2016-08-02 15:29:18.440,0.934,0.359,-0.473,16.862643811460757,23.674032528237856,13.501352612743617,7.0
2016-08-02 15:29:18.450,0.953,0.301,-0.402,17.52469238729572,17.795330835379012,11.969119244373966,7.0
2016-08-02 15:29:18.460,0.953,0.254,-0.383,17.66208725769094,14.297659374820256,11.365686426051365,7.0
2016-08-02 15:29:18.470,0.938,0.254,-0.41,13.017593204346522,13.199058595384127,10.50246088030875,7.0
2016-08-02 15:29:18.480,0.902,0.254,-0.473,7.718477818004917,12.85695658698831,8.779107766870508,7.0
2016-08-02 15:29:18.490,0.867,0.277,-0.531,6.180959041143037,12.02931755433184,7.4483930478682545,7.0
2016-08-02 15:29:18.500,0.836,0.313,-0.574,6.617577592126173,10.126296995581862,6.165855299735211,7.0
2016-08-02 15:29:18.510,0.832,0.32,-0.57,8.342943483987856,6.956378214006717,4.57515091730893,7.0
2016-08-02 15:29:18.520,0.844,0.328,-0.523,10.830941722279027,3.2741342572414767,3.635287488444953,7.0
2016-08-02 15:29:18.530,0.871,0.316,-0.469,11.924041383701981,-0.0014814458357526594,3.4420316569488043,7.0
2016-08-02 15:29:18.540,0.895,0.309,-0.422,10.16542791930043,-1.5747224373739044,3.8795530576456283,7.0
2016-08-02 15:29:18.550,0.918,0.301,-0.414,5.657446040386797,-0.7506782145018264,4.637435763293268,7.0
2016-08-02 15:29:18.560,0.906,0.293,-0.465,1.2501490217091893,0.9384619302500466,4.5000290067514594,7.0
2016-08-02 15:29:18.570,0.875,0.277,-0.523,0.8054197266475561,1.490661493852185,3.6022655104302466,7.0
2016-08-02 15:29:18.580,0.852,0.285,-0.574,3.761767490491909,0.3747910379623706,3.189991442261889,7.0
2016-08-02 15:29:18.590,0.84,0.309,-0.582,4.955271900772307,-1.643541560555227,2.991059704586272,7.0
2016-08-02 15:29:18.600,0.855,0.316,-0.539,3.256687416858484,-3.716820491417783,2.089427592312097,7.0
2016-08-02 15:29:18.610,0.879,0.301,-0.488,2.75136625053237,-5.221288910680695,0.8837732953267408,7.0
2016-08-02 15:29:18.620,0.891,0.305,-0.461,3.2104571491094345,-5.370918856200296,0.17195709618481728,7.0
2016-08-02 15:29:18.630,0.891,0.313,-0.461,1.7983372813749963,-4.899597984357848,-0.11594583674223295,7.0
2016-08-02 15:29:18.640,0.895,0.313,-0.484,-0.061762983682729616,-5.28496789540587,-0.35562225919595847,7.0
2016-08-02 15:29:18.650,0.891,0.305,-0.5,-1.0704909845429518,-6.236962085886189,-0.6545790608193136,7.0
2016-08-02 15:29:18.660,0.883,0.313,-0.512,-1.726059617617978,-7.627536654661243,-1.0808849594722931,7.0
2016-08-02 15:29:18.670,0.883,0.313,-0.52,-0.7881752492680161,-10.163823921630366,-1.8419716767123002,7.0
2016-08-02 15:29:18.680,0.887,0.309,-0.516,1.5589748948647721,-13.313223413488926,-3.184191724577619,7.0
2016-08-02 15:29:18.690,0.891,0.309,-0.516,2.7023714964226793,-16.119256147384057,-5.020062494982798,7.0
2016-08-02 15:29:18.700,0.895,0.309,-0.512,2.652192439224159,-18.49744935050809,-7.151098237537932,7.0
2016-08-02 15:29:18.710,0.891,0.316,-0.527,3.409199085964236,-20.996074714201185,-9.495637382169775,7.0
2016-08-02 15:29:18.720,0.891,0.324,-0.531,5.132202117850237,-24.458428948818,-11.769512106508785,7.0
2016-08-02 15:29:18.730,0.891,0.316,-0.539,7.079680014557038,-28.958184483947996,-13.953565139407978,7.0
2016-08-02 15:29:18.740,0.891,0.324,-0.543,9.428494065536318,-33.78441296369303,-16.09161301104548,7.0
2016-08-02 15:29:18.750,0.902,0.328,-0.543,12.180358418850311,-38.50071182229333,-18.148678632594976,7.0
2016-08-02 15:29:18.760,0.902,0.32,-0.543,14.563144788123505,-42.78386436215606,-20.625406669722633,7.0
2016-08-02 15:29:18.770,0.914,0.316,-0.543,16.530923246959873,-46.490382852276596,-23.44964306615843,7.0
2016-08-02 15:29:18.780,0.918,0.316,-0.547,18.10104903960561,-49.632540926437095,-26.39544199068156,7.0
2016-08-02 15:29:18.790,0.91,0.313,-0.582,19.477028537054665,-52.56391879740217,-30.090067734240456,7.0
2016-08-02 15:29:18.800,0.906,0.316,-0.621,22.56669584572873,-56.18614351417254,-34.203306372032486,7.0
2016-08-02 15:29:18.810,0.914,0.328,-0.656,27.30336770320307,-60.03247852830818,-38.55171573930259,7.0
2016-08-02 15:29:18.820,0.922,0.316,-0.691,32.48532549898968,-63.042871205817946,-43.77649458040895,7.0
2016-08-02 15:29:18.830,0.922,0.32,-0.691,37.833969221574854,-65.76977722881061,-47.9056956937168,7.0
2016-08-02 15:29:18.840,0.922,0.363,-0.668,38.768481080588344,-68.31730890443497,-48.67582170653816,7.0
2016-08-02 15:29:18.850,0.941,0.406,-0.617,33.87713572331698,-70.14777695378194,-47.573764347522186,7.0
2016-08-02 15:29:18.860,0.973,0.406,-0.57,30.421375909324606,-71.86997193273159,-46.46165582658552,7.0
2016-08-02 15:29:18.870,0.984,0.395,-0.531,29.897662201353924,-74.04574978232102,-44.975899070938,7.0
2016-08-02 15:29:18.880,0.969,0.398,-0.516,27.071597216008673,-76.64712799455083,-42.66386037293379,7.0
2016-08-02 15:29:18.890,0.941,0.406,-0.523,20.79328507577492,-79.3189458908679,-40.05466222830767,7.0
2016-08-02 15:29:18.900,0.906,0.406,-0.547,13.375717653789737,-81.6132638431028,-37.887159468391076,7.0
2016-08-02 15:29:18.910,0.871,0.406,-0.578,7.983043173562869,-83.7327722951887,-36.48938985801902,7.0
2016-08-02 15:29:18.920,0.84,0.391,-0.621,6.594526457253414,-85.55001087406538,-35.64435162715379,7.0
2016-08-02 15:29:18.930,0.832,0.387,-0.66,8.160295398979077,-86.09075154522246,-34.79210394176984,7.0
2016-08-02 15:29:18.940,0.813,0.383,-0.691,10.381092318002748,-85.30246938650942,-33.88180267452189,7.0
2016-08-02 15:29:18.950,0.793,0.379,-0.723,11.980879994371447,-84.28772724936434,-33.14890627157015,7.0
2016-08-02 15:29:18.960,0.773,0.367,-0.73,13.379387674341533,-83.61192362286423,-32.1056035951431,7.0
2016-08-02 15:29:18.970,0.762,0.359,-0.73,13.965335924641378,-83.09757736167012,-30.679737491180664,7.0
2016-08-02 15:29:18.980,0.758,0.348,-0.719,12.838531802972906,-82.61258659663467,-29.294980438614946,7.0
2016-08-02 15:29:18.990,0.758,0.336,-0.699,11.750107610056562,-82.28333796214153,-27.730877559033164,7.0
2016-08-02 15:29:19.000,0.738,0.324,-0.691,10.152574007268909,-82.07232601440859,-25.898931414140122,7.0
2016-08-02 15:29:19.010,0.73,0.32,-0.699,5.893832061047816,-81.46725598821578,-24.1877021882647,7.0
2016-08-02 15:29:19.020,0.711,0.332,-0.715,1.6502917533575585,-80.19348787925719,-22.981265328885378,7.0
2016-08-02 15:29:19.030,0.688,0.324,-0.738,0.06307754498555518,-78.58789830202636,-21.86244919920455,7.0
2016-08-02 15:29:19.040,0.656,0.328,-0.762,-0.2518946551002598,-76.9917644773083,-19.924046895614353,7.0
2016-08-02 15:29:19.050,0.629,0.336,-0.789,-0.4290902434065505,-75.48560714483327,-17.797777199757558,7.0
2016-08-02 15:29:19.060,0.617,0.332,-0.793,0.2673242419513555,-74.30673552188256,-16.359565412852014,7.0
2016-08-02 15:29:19.070,0.621,0.336,-0.785,1.522311796627163,-73.5452265476263,-14.807006167872897,7.0
2016-08-02 15:29:19.080,0.625,0.328,-0.777,1.3784928671409353,-72.57423060189817,-13.314932048421703,7.0
2016-08-02 15:29:19.090,0.617,0.316,-0.777,0.7386466906837301,-70.9318470610548,-12.916354095484749,7.0
2016-08-02 15:29:19.100,0.602,0.32,-0.797,1.3163624780428056,-69.0391325895845,-12.793974661560197,7.0
2016-08-02 15:29:19.110,0.59,0.324,-0.816,0.8799665961113647,-67.00318208602711,-12.738716778991696,7.0
2016-08-02 15:29:19.120,0.582,0.324,-0.863,-0.5821766372486209,-64.08764057814392,-13.792663524851047,7.0
2016-08-02 15:29:19.130,0.559,0.332,-0.887,0.442610806624295,-60.555155300556464,-15.558805392034667,7.0
2016-08-02 15:29:19.140,0.523,0.332,-0.914,3.0846925822601197,-57.70591373972678,-17.209095664953075,7.0
2016-08-02 15:29:19.150,0.512,0.328,-0.902,4.58951788653116,-55.96584369835455,-18.33005197856028,7.0
2016-08-02 15:29:19.160,0.508,0.324,-0.871,5.363124351184328,-54.78550139457729,-18.57170672050224,7.0
2016-08-02 15:29:19.170,0.508,0.336,-0.84,5.846487983939672,-53.599246868070836,-18.282569126238975,7.0
2016-08-02 15:29:19.180,0.5,0.34,-0.836,6.2801606617323165,-52.379675200451736,-17.96134890379291,7.0
2016-08-02 15:29:19.190,0.5,0.352,-0.824,7.098669232788213,-51.06603555684393,-17.320976848933704,7.0
2016-08-02 15:29:19.200,0.5,0.352,-0.84,7.538909949813146,-49.63387592828936,-16.11800228905715,7.0
2016-08-02 15:29:19.210,0.473,0.359,-0.871,7.94355755959597,-48.507613846866946,-14.782367457450627,7.0
2016-08-02 15:29:19.220,0.438,0.359,-0.898,8.956142972523264,-47.50369925200849,-13.874182371189573,7.0
2016-08-02 15:29:19.230,0.422,0.352,-0.914,9.68401449156281,-46.351840171295194,-14.189639885683095,7.0
2016-08-02 15:29:19.240,0.398,0.336,-0.898,9.658894106480641,-45.12028803573222,-15.356049389100844,7.0
2016-08-02 15:29:19.250,0.395,0.324,-0.871,7.945949683234774,-43.06100838160908,-15.73123577824233,7.0
2016-08-02 15:29:19.260,0.391,0.324,-0.844,4.4556565146831115,-39.708768250496256,-15.75583458648578,7.0
2016-08-02 15:29:19.270,0.379,0.332,-0.824,2.6986494482356655,-35.81136173180946,-17.120616692241796,7.0
2016-08-02 15:29:19.280,0.367,0.324,-0.816,4.034638204254636,-32.01917555575744,-19.68471578351462,7.0
2016-08-02 15:29:19.290,0.355,0.324,-0.813,4.77197345774676,-28.505203730796147,-22.432855524517237,7.0
2016-08-02 15:29:19.300,0.34,0.324,-0.824,3.0773378810263274,-24.9676129998752,-25.10983282170339,7.0
2016-08-02 15:29:19.310,0.324,0.313,-0.836,1.9145632294627675,-20.968311275580838,-28.174230093853325,7.0
2016-08-02 15:29:19.320,0.332,0.301,-0.848,3.308460276930523,-17.00988670671791,-32.4063631442209,7.0
2016-08-02 15:29:19.330,0.344,0.297,-0.848,5.804875837896129,-13.549665461983238,-37.96187228262602,7.0
2016-08-02 15:29:19.340,0.363,0.289,-0.852,7.657249067225326,-9.984673719799016,-44.27238026032267,7.0
2016-08-02 15:29:19.350,0.371,0.266,-0.855,9.045964078394992,-6.1657973674194055,-51.51813960045993,7.0
2016-08-02 15:29:19.360,0.363,0.254,-0.844,10.767994913777336,-2.8869700817221746,-59.77092255851339,7.0
2016-08-02 15:29:19.370,0.348,0.223,-0.816,9.323164979486544,-0.08848225657454256,-67.37142002047707,7.0
2016-08-02 15:29:19.380,0.332,0.199,-0.777,1.7231983456652886,3.299432680351066,-73.04124283236155,7.0
2016-08-02 15:29:19.390,0.313,0.199,-0.762,-5.930012915176954,7.843817968438097,-77.763086719835,7.0
2016-08-02 15:29:19.400,0.293,0.242,-0.773,-5.837193451190171,13.035762140895054,-83.2968782653244,7.0
2016-08-02 15:29:19.410,0.254,0.273,-0.801,2.3096256166444564,17.755987276992265,-89.73296033884083,7.0
2016-08-02 15:29:19.420,0.18,0.281,-0.836,11.804870864604831,21.651374802301707,-94.65886895900071,7.0
2016-08-02 15:29:19.430,0.133,0.32,-0.871,16.961159340165736,24.907161551323966,-96.09691908653896,7.0
2016-08-02 15:29:19.440,0.117,0.352,-0.852,19.172773148792277,27.28888026799907,-94.75725596535833,7.0
2016-08-02 15:29:19.450,0.137,0.348,-0.813,19.58556578964872,29.369693841509857,-91.04067518751228,7.0
2016-08-02 15:29:19.460,0.191,0.367,-0.762,17.39997095327853,31.98185531209478,-84.31837853089708,7.0
2016-08-02 15:29:19.470,0.234,0.391,-0.742,14.487692984881283,34.665994148677385,-76.18443858945444,7.0
2016-08-02 15:29:19.480,0.234,0.383,-0.75,11.94941827838061,36.58675740284096,-68.2530688144128,7.0
2016-08-02 15:29:19.490,0.199,0.379,-0.781,10.625401787246346,37.29562401705708,-59.87768956267884,7.0
2016-08-02 15:29:19.500,0.141,0.383,-0.813,11.148796107697171,36.620406928670796,-51.59327051138361,7.0
2016-08-02 15:29:19.510,0.109,0.387,-0.836,11.786257787138823,34.784275080489564,-44.733613226063405,7.0
2016-08-02 15:29:19.520,0.102,0.402,-0.832,10.700158647048465,33.467025249040184,-39.46873247407395,7.0
2016-08-02 15:29:19.530,0.121,0.398,-0.824,6.901293668690805,34.620813239532254,-36.24269204657043,7.0
2016-08-02 15:29:19.540,0.16,0.383,-0.801,2.6916003438937506,37.648991374886954,-35.21943936344392,7.0
2016-08-02 15:29:19.550,0.191,0.355,-0.785,0.9258543755105798,40.772790676671214,-35.47511987613929,7.0
2016-08-02 15:29:19.560,0.203,0.316,-0.793,-0.3382073485106377,42.43867861811174,-36.56089878417274,7.0
2016-08-02 15:29:19.570,0.188,0.297,-0.828,-3.3537048322137766,42.0660161147514,-37.97751817221791,7.0
2016-08-02 15:29:19.580,0.156,0.277,-0.848,-7.714212626641373,40.78267623459635,-38.1209790846525,7.0
2016-08-02 15:29:19.590,0.176,0.281,-0.871,-12.158356928786958,39.169018170184714,-36.87117423353325,7.0
2016-08-02 15:29:19.600,0.219,0.309,-0.879,-15.441351540677083,37.577510235694874,-35.84792012993418,7.0
2016-08-02 15:29:19.610,0.262,0.301,-0.863,-18.496261967166358,36.918613106392684,-35.459261230557054,7.0
2016-08-02 15:29:19.620,0.301,0.281,-0.875,-22.54151835791412,36.979855726521485,-35.22935293050251,7.0
2016-08-02 15:29:19.630,0.289,0.277,-0.902,-24.836362340903342,36.85302727598253,-34.97927902337372,7.0
2016-08-02 15:29:19.640,0.254,0.293,-0.953,-22.915441567521697,35.38051966273676,-33.98155781473072,7.0
2016-08-02 15:29:19.650,0.23,0.309,-0.98,-21.26627589189256,31.8573257974947,-30.89815087958423,7.0
2016-08-02 15:29:19.660,0.211,0.309,-0.984,-25.86158294902887,27.894537363646087,-25.115806863991555,7.0
2016-08-02 15:29:19.670,0.258,0.332,-0.934,-31.77530114724059,25.34904852367067,-18.090292061781444,7.0
2016-08-02 15:29:19.680,0.309,0.383,-0.914,-29.506824709044892,23.579274376651558,-12.685883558927902,7.0
2016-08-02 15:29:19.690,0.32,0.391,-0.891,-22.130937288864164,21.371495902848114,-9.317494512047102,7.0
2016-08-02 15:29:19.700,0.297,0.379,-0.887,-19.32306590990896,18.39390687553868,-5.996736871252282,7.0
2016-08-02 15:29:19.710,0.258,0.352,-0.871,-21.871358919949074,15.036019218318632,-3.162927738176019,7.0
2016-08-02 15:29:19.720,0.227,0.34,-0.859,-23.700956032131433,12.485852105735379,-2.226533601852597,7.0
2016-08-02 15:29:19.730,0.203,0.363,-0.859,-22.239298371293255,11.054709621230195,-2.638089309245895,7.0
2016-08-02 15:29:19.740,0.211,0.383,-0.855,-19.499385856741814,10.17180881229262,-4.156412340885456,7.0
2016-08-02 15:29:19.750,0.219,0.402,-0.828,-16.853664575284427,9.798482356267433,-6.253526740190233,7.0
2016-08-02 15:29:19.760,0.234,0.406,-0.797,-15.759511784465374,9.355968487244857,-7.232749193925677,7.0
2016-08-02 15:29:19.770,0.246,0.383,-0.77,-16.5591083782543,8.206158946340167,-7.06066188983005,7.0
2016-08-02 15:29:19.780,0.227,0.406,-0.789,-14.155133693535017,6.554697058502796,-7.135543580022379,7.0
2016-08-02 15:29:19.790,0.188,0.398,-0.801,-7.102160601219226,3.8815588201829136,-7.326159147776275,7.0
2016-08-02 15:29:19.800,0.164,0.371,-0.785,-4.029974070045793,0.1361057377857019,-6.032308109291252,7.0
2016-08-02 15:29:19.810,0.184,0.387,-0.758,-8.700929848960467,-2.47689188261755,-3.040658110687064,7.0
2016-08-02 15:29:19.820,0.223,0.406,-0.73,-12.447945621206458,-2.092817363552424,-0.24743184485812722,7.0
2016-08-02 15:29:19.830,0.273,0.418,-0.711,-7.774723868835561,0.03285893266656331,0.6369876735855284,7.0
2016-08-02 15:29:19.840,0.27,0.414,-0.738,1.0410335425743718,0.9161662141855869,-0.06331989054516927,7.0
2016-08-02 15:29:19.850,0.211,0.398,-0.797,5.007248388028383,-1.0009874377807368,-0.7986236858203383,7.0
2016-08-02 15:29:19.860,0.137,0.367,-0.852,5.20576497143259,-5.017249692170659,-0.9215335888389057,7.0
2016-08-02 15:29:19.870,0.105,0.355,-0.844,7.933279717269562,-9.327358053519323,0.2123301670267379,7.0
2016-08-02 15:29:19.880,0.191,0.387,-0.785,10.77204782634458,-12.0224935962055,3.2509455598149017,7.0
2016-08-02 15:29:19.890,0.289,0.434,-0.734,10.555598313324182,-11.530320354630899,6.276074178348994,7.0
2016-08-02 15:29:19.900,0.34,0.434,-0.699,10.49347754268428,-8.63989577279106,7.935007136041001,7.0
2016-08-02 15:29:19.910,0.34,0.406,-0.715,11.419056911552577,-6.860961085949594,9.393393998823157,7.0
2016-08-02 15:29:19.920,0.281,0.387,-0.766,10.908287150523634,-7.5248679992817475,10.837714342372369,7.0
2016-08-02 15:29:19.930,0.211,0.387,-0.809,10.425013301426263,-9.298211308590773,12.331837047900919,7.0
2016-08-02 15:29:19.940,0.184,0.402,-0.836,11.694448462219905,-11.589679830473967,14.471235746583076,7.0
2016-08-02 15:29:19.950,0.211,0.422,-0.84,11.906322771372329,-13.157892823007002,16.648503219676492,7.0
2016-08-02 15:29:19.960,0.266,0.445,-0.813,12.44621185095653,-13.11582453455865,18.088225294327632,7.0
2016-08-02 15:29:19.970,0.297,0.453,-0.785,16.549419812943917,-13.029357025388025,18.707763410504363,7.0
2016-08-02 15:29:19.980,0.301,0.441,-0.773,18.71528734187518,-13.814257903707826,19.471441020859128,7.0
2016-08-02 15:29:19.990,0.289,0.422,-0.766,15.097353062435227,-14.727690917147626,21.089995719523078,7.0
2016-08-02 15:29:20.000,0.281,0.402,-0.77,10.776330527775592,-15.02668043126902,22.375320168112527,7.0
2016-08-02 15:29:20.010,0.285,0.379,-0.781,8.964363261278661,-14.564850516362643,22.430544497353885,7.0
2016-08-02 15:29:20.020,0.281,0.387,-0.82,8.554440537512292,-14.00299804623061,21.84558744394489,7.0
2016-08-02 15:29:20.030,0.27,0.387,-0.824,9.020286750092488,-14.116941672553237,21.42670711214179,7.0
2016-08-02 15:29:20.040,0.266,0.387,-0.84,8.337608152436186,-15.006930120171166,21.731032657110752,7.0
2016-08-02 15:29:20.050,0.254,0.383,-0.832,4.932797318519721,-16.32640249201172,22.83985186738642,7.0
2016-08-02 15:29:20.060,0.246,0.375,-0.82,2.1309252895434523,-17.89746012235247,24.31981960646496,7.0
2016-08-02 15:29:20.070,0.25,0.379,-0.805,2.0752469657876373,-19.342092894078903,25.60958413581426,7.0
2016-08-02 15:29:20.080,0.273,0.387,-0.797,2.731339031110897,-19.640716579143138,26.683233410459145,7.0
2016-08-02 15:29:20.090,0.289,0.375,-0.793,2.783553469215542,-18.400537765426286,27.812041728665378,7.0
2016-08-02 15:29:20.100,0.285,0.375,-0.809,2.979215879283009,-16.72706508764283,28.588606306407605,7.0
2016-08-02 15:29:20.110,0.262,0.359,-0.82,4.191289773673797,-16.00919162406543,28.77364984128109,7.0
2016-08-02 15:29:20.120,0.234,0.348,-0.836,5.341764319112654,-16.58811642506595,28.914661168729143,7.0
2016-08-02 15:29:20.130,0.203,0.332,-0.824,5.235333611897821,-18.20585187761684,29.423831763994016,7.0
2016-08-02 15:29:20.140,0.191,0.324,-0.805,3.6522580214513236,-20.411480261418767,30.716172014900128,7.0
2016-08-02 15:29:20.150,0.215,0.328,-0.777,0.14440684500742862,-21.81944069399978,32.997739666344145,7.0
2016-08-02 15:29:20.160,0.242,0.348,-0.762,-3.0882952035658073,-21.2117903772096,35.24140468695157,7.0
2016-08-02 15:29:20.170,0.254,0.359,-0.762,-3.335468448473746,-19.094300666102136,36.278735085554935,7.0
2016-08-02 15:29:20.180,0.25,0.363,-0.781,-1.6433201919399338,-16.76376289230672,36.11444719096953,7.0
2016-08-02 15:29:20.190,0.23,0.375,-0.813,0.5038126058596587,-15.327100538208867,34.89797759227041,7.0
2016-08-02 15:29:20.200,0.207,0.355,-0.824,2.9375569538957675,-15.408457990420358,32.595834468799595,7.0
2016-08-02 15:29:20.210,0.188,0.324,-0.824,4.737240261463448,-16.57130837475257,30.098090584760744,7.0
2016-08-02 15:29:20.220,0.191,0.313,-0.82,4.6808334797418265,-17.683369376220263,28.51524635755519,7.0
2016-08-02 15:29:20.230,0.215,0.324,-0.793,3.4173410378662408,-17.93611074378488,27.880933129238873,7.0
2016-08-02 15:29:20.240,0.262,0.336,-0.773,2.4831267069185152,-17.030428997273795,27.86048503342799,7.0
2016-08-02 15:29:20.250,0.289,0.34,-0.758,1.552241233249086,-15.284112413781623,28.549337922783224,7.0
2016-08-02 15:29:20.260,0.273,0.328,-0.766,-0.9772764768272157,-13.69635437427717,29.703368322648153,7.0
2016-08-02 15:29:20.270,0.242,0.336,-0.801,-3.572751556455783,-12.68442837798682,30.34853766520984,7.0
2016-08-02 15:29:20.280,0.211,0.336,-0.832,-1.6146785673344553,-12.002785867896346,30.05262745480854,7.0
2016-08-02 15:29:20.290,0.203,0.332,-0.844,4.086279831780799,-11.887453593975597,29.85608824652763,7.0
2016-08-02 15:29:20.300,0.227,0.344,-0.844,8.071587898636256,-12.355743915353525,30.797330138971297,7.0
2016-08-02 15:29:20.310,0.238,0.344,-0.832,9.120740036824206,-12.981631353089774,32.572204556626865,7.0
2016-08-02 15:29:20.320,0.254,0.336,-0.836,8.89221847888841,-13.459135281538112,34.770406622904474,7.0
2016-08-02 15:29:20.330,0.254,0.32,-0.82,8.271085920312274,-13.424238968995137,37.52257800486672,7.0
2016-08-02 15:29:20.340,0.262,0.313,-0.813,5.918883001045121,-12.362966452383535,40.99662771633835,7.0
2016-08-02 15:29:20.350,0.273,0.32,-0.801,0.29949289038142646,-9.743922020385295,44.95053188832537,7.0
2016-08-02 15:29:20.360,0.27,0.348,-0.816,-4.232445516915206,-6.04657685632305,48.19017668121917,7.0
2016-08-02 15:29:20.370,0.262,0.383,-0.852,-2.628744879891273,-2.3466486021232456,49.58073609922478,7.0
2016-08-02 15:29:20.380,0.254,0.383,-0.879,3.804047263322939,0.9900199219343636,49.40536980920993,7.0
2016-08-02 15:29:20.390,0.242,0.359,-0.883,10.501311033897744,3.8493884724072265,49.19663805546253,7.0
2016-08-02 15:29:20.400,0.242,0.348,-0.895,12.84651729056347,6.476671275332305,49.90351987070353,7.0
2016-08-02 15:29:20.410,0.258,0.348,-0.891,10.76290141056596,9.076346302110018,50.65243579557376,7.0
2016-08-02 15:29:20.420,0.281,0.328,-0.875,8.04873137668138,11.232099826981399,50.73991106571705,7.0
2016-08-02 15:29:20.430,0.297,0.277,-0.844,3.0685760111384606,13.37807160325803,51.0521207754973,7.0
2016-08-02 15:29:20.440,0.344,0.262,-0.859,-5.981406212346739,16.422502561474055,51.68097229124786,7.0
2016-08-02 15:29:20.450,0.367,0.289,-0.863,-11.595329248956364,19.495925058619402,50.49830531045942,7.0
2016-08-02 15:29:20.460,0.375,0.305,-0.898,-10.06516209043983,21.349057022842267,46.53743261771314,7.0
2016-08-02 15:29:20.470,0.398,0.305,-0.934,-7.18353288308627,22.495412086855655,41.56571899287909,7.0
2016-08-02 15:29:20.480,0.398,0.293,-0.945,-5.897993817047659,22.964684640951035,37.09869804210381,7.0
2016-08-02 15:29:20.490,0.391,0.266,-0.922,-9.31737748257866,22.541696306989195,34.15848791428282,7.0
2016-08-02 15:29:20.500,0.395,0.242,-0.902,-20.64867184695471,23.659073893416,33.48403997901703,7.0
2016-08-02 15:29:20.510,0.426,0.258,-0.887,-30.61771288201058,27.5588446669383,33.440080035747286,7.0
2016-08-02 15:29:20.520,0.422,0.289,-0.883,-29.241014712725757,31.659604836599154,31.914787608621715,7.0
2016-08-02 15:29:20.530,0.438,0.332,-0.98,-18.383279886213778,33.72197710531029,28.461921872877546,7.0
2016-08-02 15:29:20.540,0.441,0.383,-1.027,-0.2987768449887658,31.884708535734095,23.9004025146391,7.0
2016-08-02 15:29:20.550,0.43,0.375,-1.012,14.462104975486042,25.770786049710832,21.367398737111838,7.0
2016-08-02 15:29:20.560,0.477,0.313,-0.969,7.8148430935819375,20.182693402435167,23.53922173924226,7.0
2016-08-02 15:29:20.570,0.496,0.293,-0.879,-11.188407271802888,18.99917753149373,28.875031169409507,7.0
2016-08-02 15:29:20.580,0.504,0.309,-0.805,-22.915034236433264,21.354685373552982,34.73132853685547,7.0
2016-08-02 15:29:20.590,0.539,0.301,-0.723,-31.21555892784316,26.994401692042647,39.53709883550293,7.0
2016-08-02 15:29:20.600,0.563,0.289,-0.719,-37.83773327856481,35.951040944798926,40.764761453278894,7.0
2016-08-02 15:29:20.610,0.543,0.336,-0.816,-31.30551290837914,43.76394239035697,36.725027922026186,7.0
2016-08-02 15:29:20.620,0.457,0.383,-0.918,-13.880003989106825,45.18007565263594,30.239837517069347,7.0
2016-08-02 15:29:20.630,0.418,0.395,-0.984,-2.9057011878498633,41.85440847444683,25.45316223331124,7.0
2016-08-02 15:29:20.640,0.465,0.383,-0.973,-3.59119542652864,38.48376314943475,22.665231915926885,7.0
2016-08-02 15:29:20.650,0.523,0.332,-0.852,-6.272285015848599,36.97143771393942,21.251171860935234,7.0
2016-08-02 15:29:20.660,0.598,0.285,-0.73,-11.294079474674216,39.46734691157283,22.41099212092592,7.0
2016-08-02 15:29:20.670,0.672,0.281,-0.66,-21.55477686453819,46.42322999847802,24.79782466573838,7.0
2016-08-02 15:29:20.680,0.684,0.305,-0.621,-27.92555954718955,54.20001133599601,25.77939749584326,7.0
2016-08-02 15:29:20.690,0.68,0.332,-0.699,-26.183060995346175,59.92497784186213,25.513197560648717,7.0
2016-08-02 15:29:20.700,0.645,0.371,-0.773,-19.238897130788825,62.0980017126046,24.359109803230822,7.0
2016-08-02 15:29:20.710,0.586,0.379,-0.82,-12.832073547325132,60.46620271570332,23.987811012593752,7.0
2016-08-02 15:29:20.720,0.582,0.395,-0.859,-15.821259747645746,57.563474575636675,26.904098021985593,7.0
2016-08-02 15:29:20.730,0.602,0.402,-0.824,-24.796601744960007,55.88979732786055,31.244356025489523,7.0
2016-08-02 15:29:20.740,0.629,0.367,-0.703,-31.70176762380897,57.079974064426736,35.34862121113436,7.0
2016-08-02 15:29:20.750,0.68,0.313,-0.563,-40.60637390579351,63.24688893072816,39.93539645828284,7.0
2016-08-02 15:29:20.760,0.727,0.289,-0.504,-51.380465419820354,74.86170461425174,42.2510788155909,7.0
2016-08-02 15:29:20.770,0.73,0.328,-0.609,-50.154723916448845,87.20431124343403,38.83288463222372,7.0
2016-08-02 15:29:20.780,0.664,0.395,-0.758,-27.495345425494907,91.75053652438433,31.652159719942468,7.0
2016-08-02 15:29:20.790,0.59,0.387,-0.813,1.870809621534788,86.79193809868666,27.242899800144457,7.0
2016-08-02 15:29:20.800,0.613,0.375,-0.785,9.798318016482327,81.17623939680283,29.08911049143569,7.0
2016-08-02 15:29:20.810,0.707,0.395,-0.688,-5.9787626851542015,81.04095964016003,33.300631938380164,7.0
2016-08-02 15:29:20.820,0.77,0.367,-0.535,-23.26955034498548,86.00098383621145,37.605056335735945,7.0
2016-08-02 15:29:20.830,0.809,0.289,-0.387,-33.64114456632984,96.62814078943879,44.31340010395277,7.0
2016-08-02 15:29:20.840,0.859,0.266,-0.363,-40.95784560590171,111.8606446295953,50.68315779854917,7.0
2016-08-02 15:29:20.850,0.863,0.336,-0.574,-41.92683770245309,125.74909189583657,52.41021871512247,7.0
2016-08-02 15:29:20.860,0.758,0.422,-0.84,-31.18530917905564,128.78985169298085,52.115478663726876,7.0
2016-08-02 15:29:20.870,0.68,0.457,-0.961,-13.721485539155314,116.6008067776968,52.611621248929154,7.0
2016-08-02 15:29:20.880,0.75,0.461,-0.906,-4.921814931502087,100.12211275554081,52.21448450978159,7.0
2016-08-02 15:29:20.890,0.887,0.434,-0.727,-8.997425975616533,91.34467017014944,50.11520083527518,7.0
2016-08-02 15:29:20.900,1.004,0.352,-0.512,-12.257694402116243,89.51141159729701,47.901218146311344,7.0
2016-08-02 15:29:20.910,1.09,0.242,-0.352,-9.767866950819874,92.54474151543526,46.37708736221627,7.0
2016-08-02 15:29:20.920,1.125,0.227,-0.387,-7.963168212822826,99.32536032839587,44.03526137323028,7.0
2016-08-02 15:29:20.930,1.082,0.273,-0.488,-6.149594889865872,102.75422700316379,40.131151457109624,7.0
2016-08-02 15:29:20.940,1.016,0.297,-0.57,-4.171824970097703,98.04789755633414,37.12875076336193,7.0
2016-08-02 15:29:20.950,1.004,0.301,-0.598,-7.057733230666055,88.72392406423317,35.45014421719536,7.0
2016-08-02 15:29:20.960,1.02,0.305,-0.594,-10.872219361320127,79.37174533240194,32.05070779201336,7.0
2016-08-02 15:29:20.970,1.035,0.305,-0.566,-8.331631047203487,70.82080720468781,27.19559519817406,7.0
2016-08-02 15:29:20.980,1.039,0.297,-0.527,-2.3588495129749507,62.87885758623648,23.606956150683118,7.0
2016-08-02 15:29:20.990,1.027,0.301,-0.484,1.5280396177611624,56.702782269552955,21.627628625837268,7.0
2016-08-02 15:29:21.000,1.008,0.305,-0.457,2.481488404907797,52.87767202198384,20.83000795172726,7.0
2016-08-02 15:29:21.010,1.008,0.293,-0.457,1.6971599159792847,50.48453915830914,20.731418979145886,7.0
2016-08-02 15:29:21.020,0.98,0.309,-0.496,1.610421803540381,48.07752103596645,20.059724610329884,7.0
2016-08-02 15:29:21.030,0.934,0.309,-0.523,3.4851923356730508,43.617692579237556,18.432334245838497,7.0
2016-08-02 15:29:21.040,0.906,0.293,-0.516,6.405386188155418,36.735696211397794,16.52374588308143,7.0
2016-08-02 15:29:21.050,0.91,0.289,-0.477,8.926545407273103,30.105303588732752,14.583871174069365,7.0
2016-08-02 15:29:21.060,0.934,0.285,-0.422,9.216369788101595,25.685717972402536,12.43217682465,7.0
2016-08-02 15:29:21.070,0.949,0.273,-0.383,7.349780688742097,23.47620945848783,10.677158727361082,7.0
2016-08-02 15:29:21.080,0.953,0.281,-0.387,4.5845124701354685,23.107297075209317,10.118872797477943,7.0
2016-08-02 15:29:21.090,0.945,0.285,-0.406,0.7888397705044061,23.284540734596042,10.238765969830027,7.0
2016-08-02 15:29:21.100,0.93,0.285,-0.438,-2.978049851014251,22.664933843853376,10.482370466733336,7.0
2016-08-02 15:29:21.110,0.914,0.301,-0.469,-4.422239988912027,21.052536934091652,10.804906869310406,7.0
2016-08-02 15:29:21.120,0.902,0.309,-0.48,-2.6289627247458447,18.316142417506832,10.610889999169945,7.0
2016-08-02 15:29:21.130,0.906,0.293,-0.469,0.9820724743610416,14.921295648668048,9.872706966691924,7.0
2016-08-02 15:29:21.140,0.91,0.297,-0.453,3.0204783074562265,12.132081511141248,8.986592934106794,7.0
2016-08-02 15:29:21.150,0.906,0.285,-0.422,2.1701984044260905,10.087167481300996,7.825490055220152,7.0
2016-08-02 15:29:21.160,0.91,0.266,-0.402,-0.19051570968843468,8.673930508472111,6.8314426302903035,7.0
2016-08-02 15:29:21.170,0.902,0.254,-0.398,-3.67091137486723,8.320380678725655,6.375150969839019,7.0
2016-08-02 15:29:21.180,0.895,0.258,-0.402,-7.359897469466805,8.149635523477762,6.098390659199822,7.0
2016-08-02 15:29:21.190,0.891,0.27,-0.418,-9.181758598719648,7.187675474828202,5.920020127080726,7.0
2016-08-02 15:29:21.200,0.891,0.277,-0.434,-8.843347993439634,5.648198808269527,5.471533543081572,7.0
2016-08-02 15:29:21.210,0.902,0.281,-0.434,-6.763682943301763,3.6535454595235866,4.420533454376047,7.0
2016-08-02 15:29:21.220,0.91,0.289,-0.438,-4.271503711995494,1.7146880424758826,3.4390607217146947,7.0
2016-08-02 15:29:21.230,0.906,0.297,-0.449,-3.803018809590851,0.4575883998723366,2.702408066041601,7.0
2016-08-02 15:29:21.240,0.906,0.289,-0.441,-4.363584288628173,-0.28160150336530543,1.8386616304859147,7.0
2016-08-02 15:29:21.250,0.902,0.277,-0.441,-4.454779122991336,-0.30911521627966854,1.193825831253388,7.0
2016-08-02 15:29:21.260,0.895,0.277,-0.445,-5.6270843052252815,0.2401888413503176,0.8486022764735166,7.0
2016-08-02 15:29:21.270,0.895,0.281,-0.453,-6.594185706233416,0.11866103219543614,0.5529779907189194,7.0
2016-08-02 15:29:21.280,0.895,0.297,-0.445,-5.79610962796321,-0.960315550947156,0.5750313149056109,7.0
2016-08-02 15:29:21.290,0.91,0.313,-0.445,-5.745239415962968,-2.232539739617786,0.6127564088542251,7.0
2016-08-02 15:29:21.300,0.914,0.305,-0.434,-5.646593052679201,-3.4976109699094993,-0.044747468507932237,7.0
2016-08-02 15:29:21.310,0.918,0.297,-0.422,-3.1198976354743597,-4.886613639999968,-1.0992908488757143,7.0
2016-08-02 15:29:21.320,0.91,0.293,-0.43,-0.6087667375310742,-6.528710538772817,-2.255408114643724,7.0
2016-08-02 15:29:21.330,0.902,0.293,-0.43,0.1072790649114968,-8.49492435955795,-3.721139613823235,7.0
2016-08-02 15:29:21.340,0.902,0.285,-0.426,-0.07272069805187334,-10.561590947030409,-5.199897088412943,7.0
2016-08-02 15:29:21.350,0.914,0.285,-0.426,0.22420139624076174,-12.79913034475177,-6.772140860940518,7.0
2016-08-02 15:29:21.360,0.918,0.285,-0.434,2.47511051215478,-15.606976822365121,-8.89735443435348,7.0
2016-08-02 15:29:21.370,0.922,0.289,-0.426,4.981919302338328,-18.757590029458235,-11.030434518132825,7.0
2016-08-02 15:29:21.380,0.938,0.293,-0.43,5.860426142377497,-21.779128146166954,-12.802945236366186,7.0
2016-08-02 15:29:21.390,0.945,0.297,-0.449,7.0789952382630945,-25.050104280457898,-15.007964277847258,7.0
2016-08-02 15:29:21.400,0.945,0.301,-0.48,9.651817353899652,-29.515079787366332,-17.855508874088525,7.0
2016-08-02 15:29:21.410,0.945,0.301,-0.5,12.870824927505897,-35.70630571844573,-20.74522130536815,7.0
2016-08-02 15:29:21.420,0.969,0.289,-0.488,16.551214490252757,-42.662762789267695,-23.827807153540263,7.0
2016-08-02 15:29:21.430,0.98,0.281,-0.488,19.127113961140193,-48.4925818419107,-27.016392466160195,7.0
2016-08-02 15:29:21.440,0.98,0.285,-0.496,19.3397333591534,-52.7763210339735,-29.03389398045016,7.0
2016-08-02 15:29:21.450,0.984,0.301,-0.5,18.432302518137657,-56.40539628553141,-29.59920749336265,7.0
2016-08-02 15:29:21.460,0.98,0.309,-0.523,18.511768610301942,-59.85763708004113,-30.510863768035826,7.0
2016-08-02 15:29:21.470,0.984,0.313,-0.555,22.556785628844445,-63.59326983511017,-33.340683903209694,7.0
2016-08-02 15:29:21.480,0.984,0.313,-0.586,31.420055295366218,-68.43528912266494,-37.3249461406177,7.0
2016-08-02 15:29:21.490,0.988,0.336,-0.605,40.074664579556696,-74.57500384149368,-40.85859695175088,7.0
2016-08-02 15:29:21.500,0.988,0.367,-0.594,43.78909362269074,-81.2937398305929,-43.41134570394419,7.0
2016-08-02 15:29:21.510,1.02,0.355,-0.559,42.60394966576432,-87.52944627277407,-44.4994418733729,7.0
2016-08-02 15:29:21.520,1.047,0.336,-0.551,37.91864689743031,-92.18125868152566,-43.587446901632674,7.0
2016-08-02 15:29:21.530,1.047,0.328,-0.566,31.755687858799742,-95.23707216809237,-41.35258374329754,7.0
2016-08-02 15:29:21.540,1.02,0.332,-0.598,25.294096599953427,-97.91614037008021,-38.630445850485096,7.0
2016-08-02 15:29:21.550,0.992,0.355,-0.645,19.05274333900777,-100.5303174923114,-36.06265632672565,7.0
2016-08-02 15:29:21.560,0.969,0.355,-0.684,17.17412024547702,-102.70444819951075,-35.12112246571746,7.0
2016-08-02 15:29:21.570,0.938,0.348,-0.719,21.19610322127376,-104.69576827795834,-35.984949357538575,7.0
2016-08-02 15:29:21.580,0.91,0.355,-0.746,25.0954021451439,-106.80557834826519,-37.14621539659469,7.0
2016-08-02 15:29:21.590,0.895,0.367,-0.75,26.825863596540884,-109.2982812795983,-38.04946563142412,7.0
2016-08-02 15:29:21.600,0.883,0.355,-0.738,30.121564127839978,-111.86664217085816,-38.265815711333005,7.0
2016-08-02 15:29:21.610,0.883,0.34,-0.719,33.13391396270097,-113.58258060615482,-36.90196473905473,7.0
2016-08-02 15:29:21.620,0.879,0.344,-0.711,32.191699736360384,-114.56430002981332,-33.938420285981074,7.0
2016-08-02 15:29:21.630,0.867,0.332,-0.691,27.898735035592043,-115.2831386625016,-29.769973288400138,7.0
2016-08-02 15:29:21.640,0.855,0.32,-0.688,20.41511419622049,-115.11938256329357,-24.989732453474613,7.0
2016-08-02 15:29:21.650,0.844,0.336,-0.699,12.756444490676618,-113.70199810072845,-21.265970011597915,7.0
2016-08-02 15:29:21.660,0.805,0.34,-0.727,10.896478764149967,-112.09960727055406,-19.7897030345183,7.0
2016-08-02 15:29:21.670,0.762,0.336,-0.75,12.964892201119643,-111.1366585742601,-19.270884565587835,7.0
2016-08-02 15:29:21.680,0.723,0.34,-0.77,13.931935879517301,-109.84470168552866,-18.97618822214241,7.0
2016-08-02 15:29:21.690,0.691,0.328,-0.801,15.29371225263634,-107.49752441732407,-20.107855485489775,7.0
2016-08-02 15:29:21.700,0.66,0.324,-0.816,18.457737293913247,-105.01517234674068,-21.978521400567182,7.0
2016-08-02 15:29:21.710,0.633,0.301,-0.816,20.976407609929062,-102.89062913086312,-22.889752107155203,7.0
2016-08-02 15:29:21.720,0.637,0.289,-0.824,22.06866133663915,-100.57663796242547,-23.2703618877874,7.0
2016-08-02 15:29:21.730,0.641,0.305,-0.813,23.58966923340332,-98.28323351140871,-23.74538776677123,7.0
2016-08-02 15:29:21.740,0.656,0.309,-0.805,25.154652075468924,-96.74215369645721,-23.678183275189518,7.0
2016-08-02 15:29:21.750,0.66,0.289,-0.801,23.212850192781456,-95.48670968637171,-22.772680978967486,7.0
2016-08-02 15:29:21.760,0.641,0.277,-0.801,18.21805573160652,-93.83608495440564,-21.2980993621433,7.0
2016-08-02 15:29:21.770,0.609,0.277,-0.789,12.956226939812343,-91.62182635948615,-19.335614145335988,7.0
2016-08-02 15:29:21.780,0.59,0.297,-0.789,7.063625970961342,-88.247722481619,-17.61484868482197,7.0
2016-08-02 15:29:21.790,0.57,0.316,-0.785,3.878490375350945,-84.2553204014229,-17.14879866575656,7.0
2016-08-02 15:29:21.800,0.547,0.324,-0.781,6.113963476904601,-80.932118090443,-17.490960651965445,7.0
2016-08-02 15:29:21.810,0.516,0.305,-0.793,8.1062435974394,-77.78339592305913,-17.7243347577201,7.0
2016-08-02 15:29:21.820,0.465,0.313,-0.816,8.034564541265016,-74.41601945072968,-18.236415380766108,7.0
2016-08-02 15:29:21.830,0.414,0.313,-0.844,9.606826962323623,-71.78332252449182,-19.391321626117893,7.0
2016-08-02 15:29:21.840,0.387,0.305,-0.836,10.935028432116795,-69.95576276314262,-20.063251725916572,7.0
2016-08-02 15:29:21.850,0.379,0.289,-0.797,8.10495047020361,-68.3054171085926,-19.57195916419628,7.0
2016-08-02 15:29:21.860,0.391,0.285,-0.742,1.6266960535605701,-66.80916916611913,-18.53489415826557,7.0
2016-08-02 15:29:21.870,0.402,0.285,-0.688,-4.902869375293138,-65.62600036719786,-17.83841951238061,7.0
2016-08-02 15:29:21.880,0.395,0.285,-0.656,-7.741522880419638,-65.17073129820491,-18.458273603710243,7.0
2016-08-02 15:29:21.890,0.391,0.309,-0.648,-7.687840766519365,-65.13565983651674,-20.207442468138893,7.0
2016-08-02 15:29:21.900,0.355,0.313,-0.684,-9.319745803349095,-62.928546202844146,-22.31412859218836,7.0
2016-08-02 15:29:21.910,0.301,0.281,-0.75,-12.399677674611988,-56.546414684719,-25.251672962093686,7.0
2016-08-02 15:29:21.920,0.234,0.281,-0.855,-10.38438103562315,-47.83529523646834,-29.63050619922237,7.0
2016-08-02 15:29:21.930,0.18,0.289,-0.918,-1.75702313545091,-39.39452224164928,-34.864666211418935,7.0
2016-08-02 15:29:21.940,0.172,0.289,-0.945,6.517526929890496,-31.435078281630116,-39.563593075528765,7.0
2016-08-02 15:29:21.950,0.18,0.285,-0.945,11.429128790438012,-24.207819489821304,-43.351368452154205,7.0
2016-08-02 15:29:21.960,0.191,0.289,-0.941,14.513665814399099,-18.49075319819358,-46.69462327616964,7.0
2016-08-02 15:29:21.970,0.215,0.285,-0.91,15.178884791312164,-13.75301157644972,-48.780775857027265,7.0
2016-08-02 15:29:21.980,0.234,0.27,-0.883,15.040076777075408,-9.6814306323734,-49.14987460562031,7.0
2016-08-02 15:29:21.990,0.258,0.266,-0.863,15.180242136922399,-6.578323909807061,-48.45563899734771,7.0
2016-08-02 15:29:22.000,0.27,0.289,-0.855,12.176110133562368,-4.129229771844002,-46.22962293115758,7.0
2016-08-02 15:29:22.010,0.285,0.309,-0.844,4.880574777885397,-1.945285832055687,-42.5910592146071,7.0
2016-08-02 15:29:22.020,0.293,0.316,-0.848,-2.4970414363894093,0.49631803650484985,-39.484112479797275,7.0
2016-08-02 15:29:22.030,0.273,0.32,-0.855,-5.879565791856527,3.194883390185564,-37.67971529379199,7.0
2016-08-02 15:29:22.040,0.234,0.309,-0.875,-8.170809043444326,5.524424607708079,-36.59177147446945,7.0
2016-08-02 15:29:22.050,0.184,0.293,-0.914,-12.097609001983642,7.900230375120747,-36.83698857879482,7.0
2016-08-02 15:29:22.060,0.133,0.293,-0.918,-12.002957013452217,10.193810630756143,-39.00092153072071,7.0
2016-08-02 15:29:22.070,0.141,0.309,-0.898,-8.195520410189378,11.624035766688987,-41.501639974642764,7.0
2016-08-02 15:29:22.080,0.172,0.301,-0.855,-10.100666022911991,13.276736438261432,-43.149614289613474,7.0
2016-08-02 15:29:22.090,0.191,0.293,-0.828,-17.780655287282535,16.490929299548466,-44.76016304582288,7.0
2016-08-02 15:29:22.100,0.184,0.293,-0.832,-22.57318733687235,20.77243004630764,-47.32558534674905,7.0
2016-08-02 15:29:22.110,0.18,0.289,-0.813,-22.06623048374242,24.33614984799187,-51.01191216651908,7.0
2016-08-02 15:29:22.120,0.176,0.27,-0.813,-23.22164289841115,26.421578766886462,-54.71113974520988,7.0
2016-08-02 15:29:22.130,0.133,0.242,-0.816,-30.359353543480523,28.435363110416752,-57.66045769564467,7.0
2016-08-02 15:29:22.140,0.105,0.242,-0.836,-35.13998543235627,30.831047201853085,-60.73500064672409,7.0
2016-08-02 15:29:22.150,0.098,0.266,-0.828,-31.420766245063895,32.48057538113237,-63.95671959286186,7.0
2016-08-02 15:29:22.160,0.105,0.277,-0.824,-27.012459744393535,33.36511590080436,-66.10763716189896,7.0
2016-08-02 15:29:22.170,0.145,0.277,-0.809,-26.96110378479692,34.34055602963282,-66.79034046225927,7.0
2016-08-02 15:29:22.180,0.164,0.277,-0.805,-27.56333101894213,35.99392983728623,-66.49152874900386,7.0
2016-08-02 15:29:22.190,0.172,0.281,-0.816,-27.723485194994467,38.238933638869966,-65.64301435597682,7.0
2016-08-02 15:29:22.200,0.16,0.273,-0.852,-27.098166979619066,40.23401924354887,-64.60956539490624,7.0
2016-08-02 15:29:22.210,0.141,0.262,-0.867,-24.22608463895822,41.430705988327404,-63.35640965793931,7.0
2016-08-02 15:29:22.220,0.121,0.281,-0.883,-22.26639153430353,41.54198686408781,-60.503768466744084,7.0
2016-08-02 15:29:22.230,0.137,0.305,-0.867,-22.708782324566975,40.18250374093622,-55.66619786836687,7.0
2016-08-02 15:29:22.240,0.152,0.332,-0.867,-20.69125989302678,38.36757373140932,-50.828294516448395,7.0
2016-08-02 15:29:22.250,0.164,0.359,-0.887,-15.335608904840027,37.05783989104176,-46.35591191325159,7.0
2016-08-02 15:29:22.260,0.16,0.352,-0.863,-11.159437935641764,35.17098576761282,-40.729143482674274,7.0
2016-08-02 15:29:22.270,0.176,0.352,-0.848,-11.036508651335064,32.8364801799209,-34.246979899330405,7.0
2016-08-02 15:29:22.280,0.188,0.352,-0.832,-15.253576181951765,31.747943144563138,-28.504125664841684,7.0
2016-08-02 15:29:22.290,0.199,0.332,-0.805,-19.539842155934924,32.12036682762876,-24.416253589112124,7.0
2016-08-02 15:29:22.300,0.203,0.316,-0.801,-19.1369754097259,33.42542543778731,-22.415661380039765,7.0
2016-08-02 15:29:22.310,0.188,0.336,-0.836,-16.202139247281234,35.45553351070473,-22.684224540543077,7.0
2016-08-02 15:29:22.320,0.168,0.359,-0.867,-13.07745178681885,37.34687090981615,-24.862027911865546,7.0
2016-08-02 15:29:22.330,0.164,0.348,-0.875,-7.762179782452628,37.295762677451336,-27.876838080273107,7.0
2016-08-02 15:29:22.340,0.18,0.359,-0.863,-2.636380720223047,34.90597851456128,-29.71618623346921,7.0
2016-08-02 15:29:22.350,0.188,0.367,-0.844,-2.477551879058086,32.07234383794006,-28.88265102061044,7.0
2016-08-02 15:29:22.360,0.191,0.371,-0.82,-5.085425824301854,29.752054748968433,-25.83238275895429,7.0
2016-08-02 15:29:22.370,0.184,0.402,-0.789,-7.308089884804117,27.44725758205361,-21.403690748459557,7.0
2016-08-02 15:29:22.380,0.195,0.422,-0.781,-8.943189807055493,25.528900135352316,-16.795829787669796,7.0
2016-08-02 15:29:22.390,0.191,0.422,-0.773,-6.575533237860905,24.68539819528499,-13.454322984356017,7.0
2016-08-02 15:29:22.400,0.184,0.426,-0.793,0.16121046021748608,23.833283000599767,-10.903916223462119,7.0
2016-08-02 15:29:22.410,0.137,0.43,-0.824,5.30789796844497,20.914114186260843,-8.32676388699557,7.0
2016-08-02 15:29:22.420,0.09,0.422,-0.809,6.789843951334426,15.692573542948553,-5.359393531650369,7.0
2016-08-02 15:29:22.430,0.07,0.402,-0.77,4.253872956107801,9.820890567398358,-1.281682171312723,7.0
2016-08-02 15:29:22.440,0.086,0.414,-0.754,-1.9555406489951757,5.916909439009167,2.719954156131667,7.0
2016-08-02 15:29:22.450,0.113,0.434,-0.754,-3.729022376467451,5.630872882268443,4.779764848901296,7.0
2016-08-02 15:29:22.460,0.133,0.434,-0.746,1.5197063924573686,6.704091659396219,5.468147110139988,7.0
2016-08-02 15:29:22.470,0.145,0.43,-0.75,4.018786844377932,6.343677467518043,5.7133256011171945,7.0
2016-08-02 15:29:22.480,0.125,0.418,-0.789,2.077028749127778,4.262079103637963,5.2487325780247005,7.0
2016-08-02 15:29:22.490,0.102,0.41,-0.805,3.3133614850086346,-0.13899963589319886,4.50277399932724,7.0
2016-08-02 15:29:22.500,0.098,0.422,-0.813,6.138153193723055,-6.583304845647863,4.683618446687333,7.0
2016-08-02 15:29:22.510,0.129,0.418,-0.793,4.069072472960732,-12.204083837345584,6.028220815857836,7.0
2016-08-02 15:29:22.520,0.172,0.434,-0.789,-0.669430177250812,-14.870419691921017,7.932182434079994,7.0
2016-08-02 15:29:22.530,0.219,0.449,-0.809,-2.086794440646476,-14.697693677380734,9.735297595355718,7.0
2016-08-02 15:29:22.540,0.23,0.441,-0.828,-0.25769573603478213,-13.31288620909316,10.533816712983409,7.0
2016-08-02 15:29:22.550,0.219,0.438,-0.859,0.6097963051925893,-12.84497614453992,10.611345971945477,7.0
2016-08-02 15:29:22.560,0.195,0.43,-0.871,-0.743737018717084,-14.503937083171902,11.427832397113868,7.0
2016-08-02 15:29:22.570,0.172,0.41,-0.863,-2.4695144353609972,-18.32337325519866,13.086225813000068,7.0
2016-08-02 15:29:22.580,0.172,0.406,-0.844,-3.8202355020572876,-23.064688976970572,15.023709691934123,7.0
2016-08-02 15:29:22.590,0.176,0.402,-0.797,-5.245414342319096,-27.360286142145892,17.196753502842633,7.0
2016-08-02 15:29:22.600,0.172,0.395,-0.762,-8.027331280254655,-30.794959382122443,19.541335226419122,7.0
2016-08-02 15:29:22.610,0.168,0.398,-0.738,-12.53599965800224,-32.56365641003308,21.63781413620401,7.0
2016-08-02 15:29:22.620,0.145,0.395,-0.727,-14.981821920770502,-32.51072544813281,22.542603205009,7.0
2016-08-02 15:29:22.630,0.105,0.375,-0.738,-13.985740278982945,-32.26330081648203,22.071423184354074,7.0
2016-08-02 15:29:22.640,0.063,0.359,-0.762,-13.3456233595727,-32.475015290464434,20.832828734556458,7.0
2016-08-02 15:29:22.650,0.031,0.34,-0.77,-12.1432176961516,-32.78608494183595,19.13318411795596,7.0
2016-08-02 15:29:22.660,0.02,0.328,-0.781,-7.529274640225712,-33.49619375121601,17.405959228399617,7.0
2016-08-02 15:29:22.670,0.039,0.336,-0.777,-2.6417120253499067,-34.052199371145036,16.282454221161867,7.0
2016-08-02 15:29:22.680,0.094,0.348,-0.73,0.328935505204356,-33.11500296234357,16.76357486344384,7.0
2016-08-02 15:29:22.690,0.156,0.348,-0.688,0.937107539649946,-30.668973152719957,19.584055589235952,7.0
2016-08-02 15:29:22.700,0.184,0.34,-0.691,-3.3998431071240782,-27.81782423751458,23.756317272856275,7.0
2016-08-02 15:29:22.710,0.168,0.34,-0.715,-9.548007396641541,-25.354504515850252,27.663271356933983,7.0
2016-08-02 15:29:22.720,0.117,0.332,-0.75,-10.817400032013811,-23.79486424340723,30.553562976705262,7.0
2016-08-02 15:29:22.730,0.086,0.32,-0.797,-8.12178649693253,-23.47344855274098,32.427743794854244,7.0
2016-08-02 15:29:22.740,0.07,0.313,-0.793,-5.830126396701648,-23.696820039202635,34.02612631055706,7.0
2016-08-02 15:29:22.750,0.078,0.332,-0.813,-5.2618982803834635,-23.388060845137225,35.76524026217299,7.0
2016-08-02 15:29:22.760,0.109,0.371,-0.832,-3.3104494549640457,-22.416884245728582,36.15402882868325,7.0
2016-08-02 15:29:22.770,0.121,0.375,-0.805,4.881298714812843,-21.37767334510179,34.40834722625382,7.0
2016-08-02 15:29:22.780,0.141,0.359,-0.785,13.065542164620709,-20.178564978567728,33.268970271434,7.0
2016-08-02 15:29:22.790,0.156,0.348,-0.742,10.963987041731043,-17.627961808424566,34.87978850830737,7.0
2016-08-02 15:29:22.800,0.172,0.344,-0.73,3.136750110550701,-12.982090552012565,37.66214615758965,7.0
2016-08-02 15:29:22.810,0.199,0.359,-0.746,-0.9357654686733176,-6.9614403292676545,39.55457946289007,7.0
2016-08-02 15:29:22.820,0.188,0.355,-0.773,0.22222948316161772,-1.0769894420140957,40.005334989798726,7.0
2016-08-02 15:29:22.830,0.18,0.359,-0.832,3.633637621276076,3.561758605579712,39.46411732610964,7.0
2016-08-02 15:29:22.840,0.164,0.375,-0.887,7.958221035097321,6.327823824702402,38.52629714350433,7.0
2016-08-02 15:29:22.850,0.172,0.383,-0.902,13.66030190604938,7.2308644741691195,37.26748726045938,7.0
2016-08-02 15:29:22.860,0.215,0.371,-0.867,18.376849170525567,7.388688621705553,36.314675616288724,7.0
2016-08-02 15:29:22.870,0.234,0.344,-0.801,18.084210887323515,8.010547377781718,37.004135362050135,7.0
2016-08-02 15:29:22.880,0.27,0.332,-0.781,10.309765923440517,10.52140921042684,39.86886577114028,7.0
2016-08-02 15:29:22.890,0.305,0.348,-0.797,1.6987718383521706,15.557681279075744,43.52026180150371,7.0
2016-08-02 15:29:22.900,0.297,0.367,-0.828,3.4211660113987548,21.11057342202606,45.33479798898283,7.0
2016-08-02 15:29:22.910,0.324,0.395,-0.898,12.076475980935257,25.512977371616323,44.90987945228642,7.0
2016-08-02 15:29:22.920,0.336,0.406,-0.918,19.423876862309932,28.435103436194435,43.830595813177,7.0
2016-08-02 15:29:22.930,0.316,0.391,-0.953,21.494710744315157,29.31077690444137,42.87634306148733,7.0
2016-08-02 15:29:22.940,0.332,0.355,-0.941,14.027110713941546,29.401825145886008,43.28092470871626,7.0
2016-08-02 15:29:22.950,0.352,0.332,-0.891,4.3702744812945316,31.114464622320483,44.73740184334503,7.0
2016-08-02 15:29:22.960,0.422,0.355,-0.918,3.3255321133318967,34.63806465001176,44.15953298606001,7.0
2016-08-02 15:29:22.970,0.465,0.375,-0.902,11.969357729806596,37.5002063002049,40.85013056624959,7.0
2016-08-02 15:29:22.980,0.434,0.352,-0.891,20.977623577945618,37.861001076259555,37.474953185810904,7.0
2016-08-02 15:29:22.990,0.477,0.355,-0.961,18.176810279392086,38.126601704920844,35.71825014984899,7.0
2016-08-02 15:29:23.000,0.469,0.414,-0.988,17.466022289270413,39.427004977962916,33.015595318393046,7.0
2016-08-02 15:29:23.010,0.422,0.371,-0.961,29.287123164875368,38.52362938991023,28.650804347409256,7.0
2016-08-02 15:29:23.020,0.465,0.309,-0.926,27.987788010019237,36.96996708208821,27.93176198108595,7.0
2016-08-02 15:29:23.030,0.5,0.309,-0.836,10.813171870418563,39.44875612784666,30.904063885792286,7.0
2016-08-02 15:29:23.040,0.492,0.313,-0.781,0.011631917218095644,44.80986118501343,32.830437879334454,7.0
2016-08-02 15:29:23.050,0.504,0.32,-0.813,-4.430201448218375,50.89728941131546,33.337074913528696,7.0
2016-08-02 15:29:23.060,0.484,0.355,-0.859,-1.3217927015102875,57.048742430339644,31.10345937793983,7.0
2016-08-02 15:29:23.070,0.422,0.359,-0.902,12.134353651108956,60.15281243104575,26.585738249066374,7.0
2016-08-02 15:29:23.080,0.414,0.355,-0.941,18.566016252437805,59.71160990548876,24.800966850618416,7.0
2016-08-02 15:29:23.090,0.438,0.359,-0.902,12.619723134849398,59.175526167519926,25.432677766768357,7.0
2016-08-02 15:29:23.100,0.457,0.348,-0.848,5.4046602002787,60.24210855146937,27.094866107642737,7.0
2016-08-02 15:29:23.110,0.5,0.328,-0.758,-1.9130518174740805,63.50714186987775,31.371111103436142,7.0
2016-08-02 15:29:23.120,0.531,0.301,-0.691,-9.082484037972396,69.42922946592151,35.760178736291046,7.0
2016-08-02 15:29:23.130,0.566,0.324,-0.699,-12.030005805158083,77.04479760256245,37.496388418092906,7.0
2016-08-02 15:29:23.140,0.582,0.379,-0.762,-7.933148705165552,83.6263388381835,37.02969946174485,7.0
2016-08-02 15:29:23.150,0.563,0.406,-0.816,2.978783046788428,86.2247462888747,35.36510620029269,7.0
2016-08-02 15:29:23.160,0.551,0.387,-0.836,7.957742300724257,86.04029554441992,35.308053582476184,7.0
2016-08-02 15:29:23.170,0.59,0.383,-0.824,-0.8552624264408237,86.5302117483858,38.09875476510626,7.0
2016-08-02 15:29:23.180,0.625,0.375,-0.73,-13.080274046655724,88.82321628780086,42.083243174550404,7.0
2016-08-02 15:29:23.190,0.672,0.348,-0.66,-23.03093794982872,93.69430080107804,47.10423573206115,7.0
2016-08-02 15:29:23.200,0.746,0.363,-0.695,-28.01230559026221,100.58740632478471,50.270243636615575,7.0
2016-08-02 15:29:23.210,0.797,0.43,-0.852,-15.432978365951044,104.1255626503979,46.58723823406514,7.0
2016-08-02 15:29:23.220,0.773,0.43,-0.992,13.380914047039786,98.91279207745117,39.52456184357723,7.0
2016-08-02 15:29:23.230,0.762,0.402,-1.055,32.71325383813766,87.20949736249554,36.971705598177536,7.0
2016-08-02 15:29:23.240,0.809,0.387,-0.992,26.08537467611285,76.192142175556,39.37955470667221,7.0
2016-08-02 15:29:23.250,0.883,0.355,-0.824,5.676779722493602,68.99751257717871,43.362917729615546,7.0
2016-08-02 15:29:23.260,0.938,0.277,-0.637,-13.599349576534262,66.63448143892464,49.41481117402092,7.0
2016-08-02 15:29:23.270,0.977,0.234,-0.492,-31.153610293865924,71.43590686338258,56.55590744557919,7.0
2016-08-02 15:29:23.280,0.984,0.23,-0.457,-44.205987885492945,81.41574129493115,58.92784490324392,7.0
2016-08-02 15:29:23.290,0.953,0.309,-0.621,-43.492943199812224,89.55097380709432,54.215029600578895,7.0
2016-08-02 15:29:23.300,0.836,0.395,-0.813,-28.089337365405015,88.45130184203187,46.03514030791301,7.0
2016-08-02 15:29:23.310,0.715,0.387,-0.891,-11.518566931047054,77.34541400911132,38.957065214868145,7.0
2016-08-02 15:29:23.320,0.73,0.379,-0.895,-7.652459730551406,64.52796744301077,35.094744365019956,7.0
2016-08-02 15:29:23.330,0.828,0.375,-0.777,-10.885248074183446,56.2255520966946,32.89901186607788,7.0
2016-08-02 15:29:23.340,0.887,0.324,-0.625,-10.822090245395138,52.069250853917666,32.158416326869954,7.0
2016-08-02 15:29:23.350,0.934,0.266,-0.5,-13.539951830171436,51.56123272930854,34.30373706111951,7.0
2016-08-02 15:29:23.360,0.965,0.25,-0.418,-22.956414029150363,54.32673041488809,37.09640650037246,7.0
2016-08-02 15:29:23.370,0.969,0.258,-0.398,-31.799693462158068,58.831765725432994,38.39905838814497,7.0
2016-08-02 15:29:23.380,0.969,0.277,-0.48,-36.2005704228441,62.966916494344375,37.93628652036722,7.0
2016-08-02 15:29:23.390,0.922,0.324,-0.617,-35.305881622511166,63.45872629128793,34.7158764445606,7.0
2016-08-02 15:29:23.400,0.828,0.352,-0.715,-30.903995479555714,58.80986175937792,30.827660473572003,7.0
2016-08-02 15:29:23.410,0.785,0.359,-0.73,-28.502175015939493,51.98604757162233,29.724291561053505,7.0
2016-08-02 15:29:23.420,0.809,0.359,-0.664,-28.5151129685767,47.308349059577765,30.448844631829733,7.0
2016-08-02 15:29:23.430,0.859,0.352,-0.551,-28.331976236068254,46.80461795273762,31.32704329467312,7.0
2016-08-02 15:29:23.440,0.898,0.324,-0.449,-28.923725373943437,49.94699749990892,32.60888707965848,7.0
2016-08-02 15:29:23.450,0.93,0.305,-0.43,-29.94139176449218,54.62531814294557,33.24697753913025,7.0
2016-08-02 15:29:23.460,0.914,0.305,-0.5,-27.616793838438145,57.36712746788747,31.951869611343056,7.0
2016-08-02 15:29:23.470,0.867,0.305,-0.57,-21.264825368731664,55.28076887020514,29.78826869596491,7.0
2016-08-02 15:29:23.480,0.848,0.32,-0.602,-16.223055470497652,49.74731311342669,28.11512650845546,7.0
2016-08-02 15:29:23.490,0.871,0.324,-0.586,-16.3486040633637,44.43653709007158,26.411933175143687,7.0
2016-08-02 15:29:23.500,0.895,0.324,-0.539,-17.94206725912048,40.1751693724152,24.04406033078933,7.0
2016-08-02 15:29:23.510,0.926,0.305,-0.461,-17.456577722105855,36.17291085295989,21.51832485777335,7.0
2016-08-02 15:29:23.520,0.949,0.27,-0.402,-16.200228803028892,32.40410990761527,18.85894187919227,7.0
2016-08-02 15:29:23.530,0.965,0.238,-0.383,-14.603011322071952,28.329335276309642,15.477823546315665,7.0
2016-08-02 15:29:23.540,0.977,0.246,-0.41,-12.58176653965911,23.197976089788117,11.653748946458286,7.0
2016-08-02 15:29:23.550,0.957,0.25,-0.449,-11.357091167393929,17.02127775153064,8.155734977290862,7.0
2016-08-02 15:29:23.560,0.949,0.258,-0.477,-9.998569466347115,10.364391136377536,5.2876951008173805,7.0
2016-08-02 15:29:23.570,0.949,0.27,-0.484,-7.308717337087573,4.390642024020912,3.1197895050997424,7.0
2016-08-02 15:29:23.580,0.945,0.297,-0.484,-5.080446585599831,-0.05219787282807342,1.6003965339808492,7.0
2016-08-02 15:29:23.590,0.926,0.305,-0.469,-4.787370831279766,-2.8954608971208944,0.546202176435998,7.0
2016-08-02 15:29:23.600,0.922,0.305,-0.457,-5.867597381400753,-3.8616609778590134,-0.10728785307592235,7.0
2016-08-02 15:29:23.610,0.918,0.313,-0.457,-6.869262928362343,-2.9351136249512133,-0.633648145111325,7.0
2016-08-02 15:29:23.620,0.906,0.301,-0.492,-5.340513299789908,-1.2372708701148318,-1.4580304762116243,7.0
2016-08-02 15:29:23.630,0.879,0.301,-0.531,-0.7511848062845039,-0.16487324805562545,-2.3831252065105897,7.0
2016-08-02 15:29:23.640,0.852,0.305,-0.559,4.143054310780702,-0.4233264222596532,-3.1155081862355694,7.0
2016-08-02 15:29:23.650,0.848,0.309,-0.555,7.388913712604392,-1.7267567643751636,-4.0025272070936975,7.0
2016-08-02 15:29:23.660,0.852,0.309,-0.531,8.730380252331825,-3.2802999216686786,-5.142106790789159,7.0
2016-08-02 15:29:23.670,0.852,0.297,-0.484,8.389471513456789,-4.608604394913617,-6.230378915605608,7.0
2016-08-02 15:29:23.680,0.863,0.277,-0.441,7.6707116960329955,-5.363978814971272,-7.337229027588542,7.0
2016-08-02 15:29:23.690,0.875,0.262,-0.43,7.479206153925548,-5.422613119173726,-8.449777715956262,7.0
2016-08-02 15:29:23.700,0.867,0.258,-0.441,6.966447864380864,-5.457776038698782,-9.104282486269598,7.0
2016-08-02 15:29:23.710,0.852,0.277,-0.465,5.352231775170043,-6.062550143251093,-9.203148811924889,7.0
2016-08-02 15:29:23.720,0.848,0.297,-0.496,4.280582863890355,-7.1585444152278,-9.32955721885526,7.0
2016-08-02 15:29:23.730,0.855,0.293,-0.516,5.959099295646968,-8.64351137029905,-9.743160157453254,7.0
2016-08-02 15:29:23.740,0.859,0.289,-0.52,8.40953297790595,-10.26998093903931,-10.21640110086851,7.0
2016-08-02 15:29:23.750,0.867,0.301,-0.527,8.981277492093778,-11.533127414760656,-10.90598298176693,7.0
2016-08-02 15:29:23.760,0.867,0.289,-0.516,9.658971867872753,-12.336837155159156,-11.829941459172208,7.0
2016-08-02 15:29:23.770,0.875,0.281,-0.512,11.686595165654014,-13.21772043684021,-12.883452791883727,7.0
2016-08-02 15:29:23.780,0.879,0.277,-0.52,13.423181101524428,-14.977137180517492,-14.461548881093325,7.0
2016-08-02 15:29:23.790,0.879,0.27,-0.531,14.411942906259931,-17.97286161808661,-16.259805228303314,7.0
2016-08-02 15:29:23.800,0.887,0.27,-0.539,14.527384688092916,-21.840922687573325,-17.566687799475886,7.0
2016-08-02 15:29:23.810,0.895,0.285,-0.539,13.848770007052593,-26.112966049531323,-18.63712097370489,7.0
2016-08-02 15:29:23.820,0.91,0.289,-0.531,13.558836909648226,-30.481399560517268,-19.947514809152842,7.0
2016-08-02 15:29:23.830,0.922,0.289,-0.535,14.298031145528604,-35.04226090863791,-21.51253216199409,7.0
2016-08-02 15:29:23.840,0.93,0.293,-0.547,15.7446435200233,-40.567557563908615,-23.164027107471945,7.0
2016-08-02 15:29:23.850,0.938,0.297,-0.559,16.256392341430892,-47.1436446336105,-24.89463106756299,7.0
2016-08-02 15:29:23.860,0.945,0.305,-0.578,14.860823919278927,-53.957526297498205,-26.711337652676853,7.0
2016-08-02 15:29:23.870,0.945,0.301,-0.59,13.927111320193411,-60.56535426707029,-28.501768251217076,7.0
2016-08-02 15:29:23.880,0.949,0.301,-0.594,15.158882655759685,-66.0185605449868,-30.27487155546829,7.0
2016-08-02 15:29:23.890,0.969,0.305,-0.598,16.839986924246496,-69.551351239605,-31.728299540909063,7.0
2016-08-02 15:29:23.900,0.973,0.313,-0.609,17.18289425639571,-72.4905055622921,-32.53128865501708,7.0
2016-08-02 15:29:23.910,0.961,0.32,-0.629,15.906218975221766,-75.91503746344367,-32.45077651038783,7.0
2016-08-02 15:29:23.920,0.953,0.336,-0.652,13.39280186599329,-79.446428510285,-31.2639462310247,7.0
2016-08-02 15:29:23.930,0.941,0.352,-0.672,11.381576174021948,-83.40976551348457,-30.13595267234382,7.0
2016-08-02 15:29:23.940,0.93,0.359,-0.676,12.944321403628198,-87.9550967528102,-30.473173754088076,7.0
2016-08-02 15:29:23.950,0.93,0.363,-0.676,17.673497096229884,-91.54986061807637,-31.938982697326068,7.0
2016-08-02 15:29:23.960,0.926,0.355,-0.684,21.16770897161398,-93.1450377188616,-33.73759504275629,7.0
2016-08-02 15:29:23.970,0.914,0.344,-0.699,22.26385858237682,-93.6502288096545,-35.402862378507095,7.0
2016-08-02 15:29:23.980,0.891,0.344,-0.719,21.995355113349447,-93.88477496505313,-35.95832218264396,7.0
2016-08-02 15:29:23.990,0.863,0.34,-0.742,19.70206565652163,-93.71566844095165,-34.65515056312482,7.0
2016-08-02 15:29:24.000,0.828,0.348,-0.754,16.692604720134526,-93.73115133547161,-32.37173973132999,7.0
2016-08-02 15:29:24.010,0.816,0.348,-0.754,15.078036678024846,-94.64253983104103,-30.545758751404676,7.0
2016-08-02 15:29:24.020,0.809,0.344,-0.758,15.373193188859654,-96.36373965784337,-29.449352617245033,7.0
2016-08-02 15:29:24.030,0.797,0.352,-0.75,17.325572031460187,-98.87334874250557,-28.480574889399623,7.0
2016-08-02 15:29:24.040,0.789,0.363,-0.746,19.61165973056585,-101.80858483440016,-27.393371548429883,7.0
2016-08-02 15:29:24.050,0.809,0.375,-0.738,21.12604233029146,-104.40766126410418,-26.081438449515144,7.0
2016-08-02 15:29:24.060,0.805,0.363,-0.715,18.94826902248055,-105.50588017877857,-23.996188210179845,7.0
2016-08-02 15:29:24.070,0.789,0.355,-0.734,13.195998682933975,-104.36640409880827,-21.77867403984211,7.0
2016-08-02 15:29:24.080,0.762,0.348,-0.77,11.290449560207378,-102.75116887623739,-20.419337038762404,7.0
2016-08-02 15:29:24.090,0.703,0.332,-0.809,14.00388752922731,-102.0777251306024,-19.3485916274241,7.0
2016-08-02 15:29:24.100,0.66,0.34,-0.883,17.428766064915557,-102.20116279774166,-19.323988104811164,7.0
2016-08-02 15:29:24.110,0.621,0.367,-0.922,21.885428454110418,-103.46666205203172,-21.270149855717754,7.0
2016-08-02 15:29:24.120,0.594,0.359,-0.922,23.90603730673567,-104.42712261253831,-23.187677215137693,7.0
2016-08-02 15:29:24.130,0.602,0.34,-0.879,21.990503356845714,-103.48133578758166,-24.191919928078452,7.0
2016-08-02 15:29:24.140,0.594,0.332,-0.813,18.908709014035946,-100.95052801410634,-24.90972648808715,7.0
2016-08-02 15:29:24.150,0.594,0.313,-0.789,16.384465095437083,-96.99664026227856,-25.15610646973985,7.0
2016-08-02 15:29:24.160,0.59,0.293,-0.781,18.901218168728004,-93.5224849822221,-25.339026164205592,7.0
2016-08-02 15:29:24.170,0.547,0.297,-0.809,22.5981032560669,-92.37630588007293,-24.884791835472306,7.0
2016-08-02 15:29:24.180,0.508,0.297,-0.828,18.351240482200623,-92.00853451997723,-22.6692599434854,7.0
2016-08-02 15:29:24.190,0.492,0.293,-0.832,9.948438112518664,-90.7372140966751,-19.745329010806444,7.0
2016-08-02 15:29:24.200,0.496,0.301,-0.844,3.8015847583125497,-88.45868678254872,-17.300196922982522,7.0
2016-08-02 15:29:24.210,0.477,0.305,-0.84,0.6163153111555304,-85.5863744281217,-15.505093215170366,7.0
2016-08-02 15:29:24.220,0.465,0.301,-0.844,0.7409388951095595,-82.25031704884832,-14.690636635595524,7.0
2016-08-02 15:29:24.230,0.453,0.305,-0.84,2.0401866293701025,-78.56970166856546,-15.111260395270197,7.0
2016-08-02 15:29:24.240,0.438,0.301,-0.84,2.339692335973589,-75.0917549470081,-16.377412221087372,7.0
2016-08-02 15:29:24.250,0.422,0.281,-0.848,2.394728691655977,-71.56788745657308,-17.91388047974411,7.0
2016-08-02 15:29:24.260,0.395,0.285,-0.844,1.0856715324468118,-67.37064245513166,-19.291465037513294,7.0
2016-08-02 15:29:24.270,0.367,0.273,-0.844,-2.1654107006263796,-62.603776962119554,-20.523922133887016,7.0
2016-08-02 15:29:24.280,0.359,0.273,-0.844,-3.239336253780252,-57.44554713433529,-22.663988211495703,7.0
2016-08-02 15:29:24.290,0.336,0.281,-0.828,-0.44035980626946547,-51.772930027219935,-26.02405404821522,7.0
2016-08-02 15:29:24.300,0.301,0.281,-0.852,4.562766007557531,-46.37296972567193,-29.45228298277069,7.0
2016-08-02 15:29:24.310,0.27,0.293,-0.895,10.56199245241286,-43.11495977868891,-32.452809672086126,7.0
2016-08-02 15:29:24.320,0.242,0.332,-0.895,12.900184217984425,-41.685917397722406,-34.722334717481445,7.0
2016-08-02 15:29:24.330,0.262,0.344,-0.883,9.949273210507435,-39.753742240071354,-35.432787451223426,7.0
2016-08-02 15:29:24.340,0.273,0.336,-0.836,5.354941534974716,-36.464219367144196,-34.63266965867096,7.0
2016-08-02 15:29:24.350,0.281,0.313,-0.789,-1.2586744698837016,-31.486499780412327,-33.13380712748817,7.0
2016-08-02 15:29:24.360,0.289,0.297,-0.762,-9.21098056861736,-24.742449853861405,-31.70466020386892,7.0
2016-08-02 15:29:24.370,0.273,0.293,-0.758,-15.454944407444499,-17.166570999971803,-31.605304160543334,7.0
2016-08-02 15:29:24.380,0.254,0.297,-0.789,-16.460456279954165,-9.599912112175012,-34.573111051044954,7.0
2016-08-02 15:29:24.390,0.23,0.316,-0.871,-8.914596099254338,-3.8960193233468456,-40.44415245037603,7.0
2016-08-02 15:29:24.400,0.18,0.348,-0.906,-2.000069682880218,-1.0709163486950488,-45.95193132210119,7.0
2016-08-02 15:29:24.410,0.16,0.324,-0.918,-3.837380175057941,0.842926181717114,-48.62241054569955,7.0
2016-08-02 15:29:24.420,0.164,0.301,-0.91,-6.761476470917774,2.8627935928536106,-49.34404194649553,7.0
2016-08-02 15:29:24.430,0.176,0.289,-0.863,-8.187985584887182,4.321987896000335,-48.84996606886171,7.0
2016-08-02 15:29:24.440,0.203,0.281,-0.809,-12.075063948382908,5.607058770207068,-46.43734741021269,7.0
2016-08-02 15:29:24.450,0.227,0.262,-0.793,-15.622354681424259,7.360934915202947,-42.80611462690727,7.0
2016-08-02 15:29:24.460,0.242,0.273,-0.824,-14.920993387268553,9.049135960072713,-40.154875931397434,7.0
2016-08-02 15:29:24.470,0.227,0.313,-0.867,-10.7161417468358,9.999708806883255,-39.835479818542666,7.0
2016-08-02 15:29:24.480,0.203,0.328,-0.922,-7.626552214875979,10.5329541109756,-40.9382501250106,7.0
2016-08-02 15:29:24.490,0.172,0.309,-0.953,-7.775287340499026,10.994410605690504,-42.08257935466814,7.0
2016-08-02 15:29:24.500,0.129,0.297,-0.973,-8.311624563298283,11.236144303055664,-43.555693491621064,7.0
2016-08-02 15:29:24.510,0.117,0.289,-0.945,-8.289762708135612,11.399610033198226,-45.3579281880443,7.0
2016-08-02 15:29:24.520,0.125,0.27,-0.922,-10.190310451373696,11.948793421580353,-46.213082996920924,7.0
2016-08-02 15:29:24.530,0.141,0.258,-0.863,-15.737207713715136,13.297492945029589,-45.85522256133017,7.0
2016-08-02 15:29:24.540,0.152,0.266,-0.84,-21.633767741538414,15.441126489369147,-45.803564565028594,7.0
2016-08-02 15:29:24.550,0.148,0.293,-0.848,-21.94549399934542,17.724367672456772,-47.42017462711804,7.0
2016-08-02 15:29:24.560,0.137,0.313,-0.852,-17.456616990854734,19.450305004603436,-50.317033037626075,7.0
2016-08-02 15:29:24.570,0.125,0.309,-0.863,-13.819605453562772,20.519622518644255,-53.45724069709395,7.0
2016-08-02 15:29:24.580,0.113,0.297,-0.883,-13.158966142951824,20.983895188871898,-56.12093979684742,7.0
2016-08-02 15:29:24.590,0.086,0.293,-0.902,-14.682817968341729,20.872901267398355,-57.81966823569124,7.0
2016-08-02 15:29:24.600,0.074,0.281,-0.898,-17.38796945510433,20.612356142220797,-58.56851380167869,7.0
2016-08-02 15:29:24.610,0.082,0.258,-0.875,-20.349338579815033,20.53733914388655,-58.520467136703004,7.0
2016-08-02 15:29:24.620,0.09,0.254,-0.84,-23.259946736248818,20.417543906717043,-57.791538938565964,7.0
2016-08-02 15:29:24.630,0.105,0.27,-0.813,-25.689054701581412,20.382162098857258,-56.89160464118094,7.0
2016-08-02 15:29:24.640,0.121,0.266,-0.801,-25.379768202671883,21.117406345200934,-56.62899128603913,7.0
2016-08-02 15:29:24.650,0.137,0.281,-0.805,-21.938187764094856,22.50909306644101,-57.30219130474805,7.0
2016-08-02 15:29:24.660,0.117,0.285,-0.824,-19.228338629331876,24.101930045725553,-58.231347950481705,7.0
2016-08-02 15:29:24.670,0.102,0.289,-0.871,-19.080782164848372,25.758728150077268,-58.4962466145174,7.0
2016-08-02 15:29:24.680,0.082,0.281,-0.879,-20.92982645201508,27.253325837705976,-57.849657525953724,7.0
2016-08-02 15:29:24.690,0.09,0.281,-0.871,-23.50419939085592,29.177033816121305,-56.54649886749138,7.0
2016-08-02 15:29:24.700,0.09,0.301,-0.875,-23.348213356263447,31.4783868432223,-54.96575536428098,7.0
2016-08-02 15:29:24.710,0.094,0.316,-0.855,-20.063605285765906,32.14146809381551,-53.234273993390474,7.0
2016-08-02 15:29:24.720,0.098,0.324,-0.84,-15.779143219170088,31.0018804281082,-50.80010991621557,7.0
2016-08-02 15:29:24.730,0.094,0.332,-0.848,-11.851280619366058,29.944652910967065,-47.375158461861716,7.0
2016-08-02 15:29:24.740,0.082,0.348,-0.848,-11.102037438832056,29.031962103839845,-42.89934153428466,7.0
2016-08-02 15:29:24.750,0.066,0.367,-0.855,-13.546395520827105,27.74306827183818,-37.318959306873545,7.0
2016-08-02 15:29:24.760,0.063,0.375,-0.836,-14.691314956584293,26.638664843349815,-31.716229135305607,7.0
2016-08-02 15:29:24.770,0.055,0.371,-0.828,-11.681438733313708,25.4464190886482,-26.847768383587024,7.0
2016-08-02 15:29:24.780,0.055,0.379,-0.828,-7.298466341529348,22.94959182852478,-22.125432999718818,7.0
2016-08-02 15:29:24.790,0.043,0.402,-0.824,-7.177317273463821,19.358948622575387,-17.071604043158068,7.0
2016-08-02 15:29:24.800,0.02,0.395,-0.816,-9.521672585690428,16.287365980100603,-11.981163119402694,7.0
2016-08-02 15:29:24.810,0.008,0.383,-0.816,-7.43937510375853,13.795798447823277,-7.967167856695326,7.0
2016-08-02 15:29:24.820,0.008,0.398,-0.813,-3.135847797034889,10.612657102762352,-5.1316417181677165,7.0
2016-08-02 15:29:24.830,0.023,0.41,-0.781,-3.018979095417341,6.968822378876723,-2.4772932087366604,7.0
2016-08-02 15:29:24.840,0.043,0.391,-0.777,-4.075779580628625,4.004972426820153,-0.9457268569575923,7.0
2016-08-02 15:29:24.850,0.039,0.383,-0.801,-0.6060951403964717,1.3392339473365715,-1.305627090081694,7.0
2016-08-02 15:29:24.860,0.012,0.371,-0.816,2.9101670304471643,-1.7642326813944806,-1.691286530512288,7.0
2016-08-02 15:29:24.870,0.016,0.359,-0.852,1.971076326964191,-4.300123419685406,-1.1672658614354745,7.0
2016-08-02 15:29:24.880,0.027,0.391,-0.875,2.218290068572923,-5.986770553516024,-0.4992449027047062,7.0
2016-08-02 15:29:24.890,0.082,0.383,-0.871,4.7584901997968725,-8.398681667631479,0.6534493436551427,7.0
2016-08-02 15:29:24.900,0.125,0.367,-0.855,2.6245510364627744,-11.517634308323096,3.3307468731966896,7.0
2016-08-02 15:29:24.910,0.137,0.355,-0.852,-3.919110082533681,-14.249219910733663,7.143007269546953,7.0
2016-08-02 15:29:24.920,0.133,0.367,-0.852,-7.500812824528827,-17.123429673427257,10.109009549897488,7.0
2016-08-02 15:29:24.930,0.117,0.387,-0.883,-5.228979106695975,-20.29028424337439,11.273012918405824,7.0
2016-08-02 15:29:24.940,0.098,0.379,-0.875,-1.2316229178919262,-22.613205992177424,12.066294075823972,7.0
2016-08-02 15:29:24.950,0.113,0.375,-0.852,-0.7602879089888489,-23.192602598499292,13.273417814121721,7.0
2016-08-02 15:29:24.960,0.141,0.398,-0.832,-2.8380202661951457,-21.214274549166568,13.99698639496089,7.0
2016-08-02 15:29:24.970,0.168,0.426,-0.82,-2.386692204620961,-17.105208666508663,14.20988911614582,7.0
2016-08-02 15:29:24.980,0.191,0.441,-0.801,-0.6249694911254484,-13.134249828957278,14.492658936267139,7.0
2016-08-02 15:29:24.990,0.203,0.426,-0.789,-1.4166206525607514,-10.750081757897185,14.881047901165136,7.0
2016-08-02 15:29:25.000,0.184,0.422,-0.805,-1.1866354274608657,-10.169185358016904,15.651670802175818,7.0
2016-08-02 15:29:25.010,0.152,0.434,-0.832,2.373298585430239,-11.770244464064088,17.272502207106527,7.0
2016-08-02 15:29:25.020,0.102,0.445,-0.863,3.714756523348949,-14.429767977845696,19.955829981610798,7.0
2016-08-02 15:29:25.030,0.074,0.445,-0.871,2.243826196865559,-15.347505714972433,23.088472713900956,7.0
2016-08-02 15:29:25.040,0.098,0.453,-0.844,2.832042737318436,-13.24531015515812,25.282528409861577,7.0
2016-08-02 15:29:25.050,0.16,0.453,-0.781,4.191564850553897,-8.973100461884284,26.133748234030552,7.0
2016-08-02 15:29:25.060,0.199,0.453,-0.727,3.9337317679171893,-4.453552745716337,26.24381493174265,7.0
2016-08-02 15:29:25.070,0.203,0.441,-0.703,3.35609869638924,-1.6771371018263224,25.93615862475877,7.0
2016-08-02 15:29:25.080,0.16,0.426,-0.711,1.8715435678483245,-0.9875884065875249,25.21189790712847,7.0
2016-08-02 15:29:25.090,0.098,0.391,-0.73,-0.9056257411060379,-1.5878528479241287,23.799487251470776,7.0
2016-08-02 15:29:25.100,0.039,0.363,-0.75,-2.41993958192334,-2.558491252048588,21.433930520335263,7.0
2016-08-02 15:29:25.110,0.031,0.383,-0.758,-1.5019249156586687,-2.276531716601145,18.281041760718946,7.0
2016-08-02 15:29:25.120,0.07,0.41,-0.75,0.16072553167735026,0.11866858751510001,14.986968968754827,7.0
2016-08-02 15:29:25.130,0.105,0.398,-0.73,1.1564761669196977,3.1702144040981097,12.508540645159218,7.0
2016-08-02 15:29:25.140,0.117,0.387,-0.738,1.8829384561651272,5.3292251478102415,11.249232882801614,7.0
2016-08-02 15:29:25.150,0.102,0.371,-0.742,2.6141313222443205,6.3115575489834335,10.979201009512522,7.0
2016-08-02 15:29:25.160,0.07,0.352,-0.746,2.569301236974516,5.834180172247822,11.7211934827455,7.0
2016-08-02 15:29:25.170,0.039,0.316,-0.746,0.6572428513289874,4.018806057309414,13.699664893380731,7.0
2016-08-02 15:29:25.180,0.012,0.313,-0.727,-2.962514081575305,2.2995896135417904,16.428798778707225,7.0
2016-08-02 15:29:25.190,0.02,0.332,-0.734,-3.4460496926686193,2.1260065937220833,18.492179513674383,7.0
2016-08-02 15:29:25.200,0.043,0.383,-0.762,3.3478146245049873,2.8514413964265497,19.194180200760613,7.0
2016-08-02 15:29:25.210,0.055,0.414,-0.762,11.029578300431591,2.551756867644275,19.870390741450535,7.0
2016-08-02 15:29:25.220,0.063,0.406,-0.758,10.813616704057342,1.471595547729038,22.13512427867268,7.0
2016-08-02 15:29:25.230,0.063,0.375,-0.738,5.193450986333241,1.2620369612795446,25.28748027117743,7.0
2016-08-02 15:29:25.240,0.051,0.348,-0.75,3.0463657071049233,1.730906256519728,27.304276213904,7.0
2016-08-02 15:29:25.250,0.047,0.336,-0.75,6.433060966380795,1.5726405248971738,27.75891967371727,7.0
2016-08-02 15:29:25.260,0.039,0.328,-0.77,9.786211936186998,0.39830728855612696,27.933355907494246,7.0
2016-08-02 15:29:25.270,0.047,0.32,-0.781,10.090366318997527,-0.7421406418968297,28.82087053080631,7.0
2016-08-02 15:29:25.280,0.063,0.352,-0.836,11.557405068838765,-0.8582776981206597,29.906911267381112,7.0
2016-08-02 15:29:25.290,0.094,0.402,-0.879,16.548081597106048,-0.5397332954368158,30.765974626356083,7.0
2016-08-02 15:29:25.300,0.102,0.402,-0.906,18.23706672004093,0.0022368928246985775,32.81620494139473,7.0
2016-08-02 15:29:25.310,0.137,0.379,-0.91,12.31735461411733,1.8296754799237644,37.13561700130123,7.0
2016-08-02 15:29:25.320,0.156,0.363,-0.875,4.154367695797411,5.115984893590241,42.232655388778,7.0
2016-08-02 15:29:25.330,0.191,0.363,-0.871,-0.3419792555064992,9.003325523321077,45.96575067540307,7.0
2016-08-02 15:29:25.340,0.223,0.375,-0.852,-0.032188119264865006,12.55597315259948,47.97787801966703,7.0
2016-08-02 15:29:25.350,0.238,0.383,-0.844,1.7551289285019633,14.793949690815067,48.78948772583892,7.0
2016-08-02 15:29:25.360,0.246,0.375,-0.883,3.0846149305720263,14.918646306964687,48.433281233948776,7.0
2016-08-02 15:29:25.370,0.227,0.371,-0.906,3.3640327030349706,13.011171858008446,47.87492776467931,7.0
2016-08-02 15:29:25.380,0.184,0.348,-0.922,-0.5173668778552847,10.828261268837817,48.659682486201746,7.0
2016-08-02 15:29:25.390,0.172,0.336,-0.934,-6.451457653518904,10.457438478234668,50.250630443273515,7.0
2016-08-02 15:29:25.400,0.191,0.336,-0.914,-10.118875616261942,12.150089838460973,51.92364349789555,7.0
2016-08-02 15:29:25.410,0.23,0.348,-0.855,-14.850813683448273,15.235726147159852,54.0903332556254,7.0
2016-08-02 15:29:25.420,0.266,0.332,-0.801,-22.937084337287995,19.620937412647354,55.94323006164321,7.0
2016-08-02 15:29:25.430,0.313,0.344,-0.777,-27.28932153759905,24.648452631174145,56.162763000065794,7.0
2016-08-02 15:29:25.440,0.328,0.371,-0.77,-22.881818942737976,28.480497545005395,54.12648672023603,7.0
2016-08-02 15:29:25.450,0.313,0.383,-0.844,-15.77153413145822,29.76042442967407,50.804121274048,7.0
2016-08-02 15:29:25.460,0.262,0.352,-0.898,-14.050907266900818,28.733021199742513,49.39505006982462,7.0
2016-08-02 15:29:25.470,0.223,0.309,-0.922,-19.22138612342658,27.130010766656483,51.15062451654824,7.0
2016-08-02 15:29:25.480,0.242,0.324,-0.926,-27.263407117658346,27.070603036332038,53.41808650078057,7.0
2016-08-02 15:29:25.490,0.305,0.348,-0.848,-34.9145644857044,29.911447343751608,54.77320679623102,7.0
2016-08-02 15:29:25.500,0.371,0.34,-0.762,-39.49960178104342,35.91196871571928,55.48149286150605,7.0
2016-08-02 15:29:25.510,0.465,0.355,-0.734,-35.47993026929099,43.15411311586206,53.98036968695872,7.0
2016-08-02 15:29:25.520,0.473,0.398,-0.738,-26.766598936164208,48.64236190285003,50.94047695702016,7.0
2016-08-02 15:29:25.530,0.434,0.395,-0.793,-22.78658367129131,51.6500285287998,49.36622063237663,7.0
2016-08-02 15:29:25.540,0.434,0.414,-0.898,-19.77888107697315,52.921750918637244,48.27015958316205,7.0
2016-08-02 15:29:25.550,0.422,0.445,-0.957,-16.422179908666482,52.55156892388934,47.23233042906207,7.0
2016-08-02 15:29:25.560,0.398,0.414,-0.977,-20.540805907418502,51.703180959079894,49.06920595625098,7.0
2016-08-02 15:29:25.570,0.434,0.375,-0.941,-30.385825149697553,53.116362692747515,52.714818111789484,7.0
2016-08-02 15:29:25.580,0.473,0.348,-0.836,-40.086629568489414,58.281395422154766,55.06664269111288,7.0
2016-08-02 15:29:25.590,0.531,0.336,-0.766,-41.63624837716149,65.39809474998364,54.384426097448355,7.0
2016-08-02 15:29:25.600,0.609,0.387,-0.77,-26.738004253651035,70.37930120270052,49.97831175071558,7.0
2016-08-02 15:29:25.610,0.613,0.426,-0.742,-11.92929531495913,71.64605337125518,45.676613792213814,7.0
2016-08-02 15:29:25.620,0.59,0.43,-0.773,-14.910818221992425,71.29590588111932,44.4196462237628,7.0
2016-08-02 15:29:25.630,0.602,0.457,-0.813,-21.323941583315253,71.2082215878203,43.577835501488316,7.0
2016-08-02 15:29:25.640,0.582,0.457,-0.801,-23.57470139062911,72.69891941114587,43.47630294493691,7.0
2016-08-02 15:29:25.650,0.563,0.41,-0.77,-29.79911056236976,76.84658062789948,45.91518891642738,7.0
2016-08-02 15:29:25.660,0.613,0.391,-0.707,-33.40301111937835,83.99942134608384,47.425005006083396,7.0
2016-08-02 15:29:25.670,0.648,0.387,-0.672,-28.898856489474962,92.34503763794558,45.8720882883345,7.0
2016-08-02 15:29:25.680,0.645,0.395,-0.754,-17.362794316099144,96.13186732441561,43.311659265957495,7.0
2016-08-02 15:29:25.690,0.602,0.414,-0.836,-2.3253605685274024,93.22383520771196,42.142998763741865,7.0
2016-08-02 15:29:25.700,0.574,0.418,-0.828,0.588093238557936,89.28013926788162,43.359712275160284,7.0
2016-08-02 15:29:25.710,0.641,0.449,-0.805,-7.533358744394689,88.42529704996025,44.58412202150787,7.0
2016-08-02 15:29:25.720,0.766,0.445,-0.703,-10.659832806357123,91.64877352317421,44.89623559134667,7.0
2016-08-02 15:29:25.730,0.824,0.398,-0.633,-11.798637047643156,98.70143498185985,46.092494172293186,7.0
2016-08-02 15:29:25.740,0.84,0.375,-0.656,-10.412395088027989,103.92981637258968,47.23155079863616,7.0
2016-08-02 15:29:25.750,0.813,0.383,-0.691,-2.8341375025676774,103.6500208459542,49.05149501305784,7.0
2016-08-02 15:29:25.760,0.766,0.402,-0.707,-2.9043251661944884,101.10398975834568,52.65982338218468,7.0
2016-08-02 15:29:25.770,0.805,0.449,-0.734,-7.868308248427895,98.10262430342442,53.946686824023544,7.0
2016-08-02 15:29:25.780,0.871,0.477,-0.73,-3.6254245154963995,94.9752911296861,52.52381745922946,7.0
2016-08-02 15:29:25.790,0.902,0.453,-0.684,0.5263952018524706,92.74886594473502,52.91117830803016,7.0
2016-08-02 15:29:25.800,0.934,0.426,-0.609,-4.22196859603328,91.91411379745077,55.085491626559254,7.0
2016-08-02 15:29:25.810,0.961,0.398,-0.527,-11.739795919126614,94.36262291451408,57.01270428301456,7.0
2016-08-02 15:29:25.820,0.984,0.367,-0.465,-18.333003767900976,99.85838559490502,58.66424082381411,7.0
2016-08-02 15:29:25.830,1.008,0.367,-0.492,-21.01511504322847,104.05955225304935,58.76600184771338,7.0
2016-08-02 15:29:25.840,0.992,0.395,-0.582,-17.568231502240376,103.86967484656849,56.526512744327945,7.0
2016-08-02 15:29:25.850,0.945,0.414,-0.676,-13.355833465045034,99.00264960815565,54.34401745435525,7.0
2016-08-02 15:29:25.860,0.91,0.438,-0.719,-12.631614846444803,91.20482368290244,53.291977187482246,7.0
2016-08-02 15:29:25.870,0.926,0.457,-0.672,-13.261707270579961,83.81254488958297,51.8626959993604,7.0
2016-08-02 15:29:25.880,0.98,0.438,-0.566,-13.666897520947751,79.04596396773078,50.272515032968094,7.0
2016-08-02 15:29:25.890,1.031,0.383,-0.465,-15.252004402262976,76.57538094733854,49.26772291550833,7.0
2016-08-02 15:29:25.900,1.055,0.359,-0.41,-18.90471920829971,74.75792251807835,47.763151400482,7.0
2016-08-02 15:29:25.910,1.039,0.336,-0.395,-23.22388227142466,72.15462589952857,45.596513190028354,7.0
2016-08-02 15:29:25.920,1.027,0.328,-0.406,-26.49844871107415,68.38786624039892,43.60868250812271,7.0
2016-08-02 15:29:25.930,1.02,0.324,-0.43,-28.967558961273774,63.933528279424806,41.306250476974434,7.0
2016-08-02 15:29:25.940,1.004,0.336,-0.453,-30.275753274175802,58.743050815763276,38.115677368909985,7.0
2016-08-02 15:29:25.950,0.992,0.344,-0.465,-28.451534572313406,52.24201899749266,34.78546419763039,7.0
2016-08-02 15:29:25.960,0.98,0.34,-0.465,-24.77275936059168,45.04140325100991,32.07212106480457,7.0
2016-08-02 15:29:25.970,0.965,0.332,-0.438,-22.35575983205289,38.31376085295286,29.76199822638205,7.0
2016-08-02 15:29:25.980,0.965,0.32,-0.391,-21.575768242063905,32.37625916335505,27.343779506775938,7.0
2016-08-02 15:29:25.990,0.973,0.309,-0.363,-22.492907623634252,27.437146369207376,24.62898537476178,7.0
2016-08-02 15:29:26.000,0.957,0.301,-0.359,-24.70902761831846,23.394194161920325,21.90567885101317,7.0
2016-08-02 15:29:26.010,0.941,0.289,-0.359,-25.411738748779413,19.361398626445126,19.528453955132033,7.0
2016-08-02 15:29:26.020,0.926,0.285,-0.367,-22.710207298983832,15.205799377922446,17.291606823320294,7.0
2016-08-02 15:29:26.030,0.926,0.289,-0.363,-17.566998463587915,11.476362677734745,14.907052811933797,7.0
2016-08-02 15:29:26.040,0.941,0.293,-0.355,-13.166066861781536,8.18652966165676,12.744593163113082,7.0
2016-08-02 15:29:26.050,0.941,0.313,-0.359,-12.713782556305887,5.284757674461952,11.420046896611343,7.0
2016-08-02 15:29:26.060,0.941,0.332,-0.367,-15.128884373953227,3.2682592936992814,10.843334822394898,7.0
2016-08-02 15:29:26.070,0.945,0.328,-0.371,-16.37001246946234,2.718411935195781,10.364477533405847,7.0
2016-08-02 15:29:26.080,0.949,0.324,-0.383,-14.1639720879614,2.9355982551934314,9.447834054581822,7.0
2016-08-02 15:29:26.090,0.941,0.309,-0.406,-8.521955356507627,2.644738489807464,8.045798613997073,7.0
2016-08-02 15:29:26.100,0.934,0.305,-0.418,-2.6683416366202226,1.8828563155379234,6.8683003402526515,7.0
2016-08-02 15:29:26.110,0.926,0.313,-0.41,-0.6837365886522091,0.8487367603295365,6.279639728157849,7.0
2016-08-02 15:29:26.120,0.922,0.328,-0.402,-1.359272145145305,-0.5663054823806026,5.723303908120328,7.0
2016-08-02 15:29:26.130,0.934,0.336,-0.383,-1.943372001633906,-1.4413968456021449,4.982500645024724,7.0
2016-08-02 15:29:26.140,0.934,0.332,-0.367,-2.092864370509017,-1.2836308954230171,4.187806887406168,7.0
2016-08-02 15:29:26.150,0.926,0.32,-0.371,-0.02927126494517407,-1.1301307360954318,3.265898325139348,7.0
2016-08-02 15:29:26.160,0.918,0.32,-0.387,4.113609506267257,-1.427343853331084,2.178298058350158,7.0
2016-08-02 15:29:26.170,0.918,0.32,-0.398,6.707845562004733,-1.8049265042905418,0.9313712871086511,7.0
2016-08-02 15:29:26.180,0.918,0.328,-0.398,7.573125115740903,-2.348060425021049,-0.3597976003677228,7.0
2016-08-02 15:29:26.190,0.922,0.328,-0.395,8.523964847156385,-3.032865749844247,-1.6244925747018613,7.0
2016-08-02 15:29:26.200,0.926,0.324,-0.395,9.700219381992234,-3.9503720974980037,-2.9190019546652914,7.0
2016-08-02 15:29:26.210,0.93,0.324,-0.398,11.755483164695747,-5.630630790161753,-4.217319742857224,7.0
2016-08-02 15:29:26.220,0.934,0.32,-0.395,14.552870864825984,-7.903463263340975,-5.733226502806997,7.0
2016-08-02 15:29:26.230,0.938,0.305,-0.383,16.242202829215373,-10.082363214102143,-7.495304958628838,7.0
2016-08-02 15:29:26.240,0.938,0.313,-0.371,16.231183023634223,-12.173403020928443,-9.093416521243057,7.0
2016-08-02 15:29:26.250,0.945,0.324,-0.371,15.456376948395354,-14.681372472025819,-10.71421942380688,7.0
2016-08-02 15:29:26.260,0.945,0.324,-0.375,14.714363635178223,-17.7564735170601,-12.759347750630763,7.0
2016-08-02 15:29:26.270,0.949,0.324,-0.391,14.744211940285293,-21.459205278332945,-15.279292108187633,7.0
2016-08-02 15:29:26.280,0.949,0.336,-0.426,16.94456279070363,-26.232949681740777,-18.547809971387924,7.0
2016-08-02 15:29:26.290,0.938,0.328,-0.461,21.719751687244376,-32.268858165383655,-22.735925206018067,7.0
2016-08-02 15:29:26.300,0.938,0.324,-0.477,27.324624309515613,-39.114279052054826,-27.422940700240424,7.0
2016-08-02 15:29:26.310,0.941,0.332,-0.488,32.779117559127556,-46.32762948225276,-31.906308468346523,7.0
2016-08-02 15:29:26.320,0.949,0.336,-0.457,37.646134263095234,-53.43965054725519,-35.43610625184504,7.0
2016-08-02 15:29:26.330,0.969,0.328,-0.414,38.473971398438245,-59.43377158203269,-37.57055330787587,7.0
2016-08-02 15:29:26.340,0.988,0.324,-0.383,33.695669270990074,-63.862100076956615,-38.701845201469595,7.0
2016-08-02 15:29:26.350,1.0,0.32,-0.391,28.393810254595305,-67.7922124335289,-39.429755349775775,7.0
2016-08-02 15:29:26.360,1.004,0.332,-0.422,25.418264683090488,-72.0591430604853,-39.894424072994596,7.0
2016-08-02 15:29:26.370,1.012,0.352,-0.473,22.346262510101244,-76.01557963134978,-40.753036421805724,7.0
2016-08-02 15:29:26.380,1.008,0.379,-0.539,22.131581867783044,-79.12987015105546,-43.029472376164875,7.0
2016-08-02 15:29:26.390,0.98,0.375,-0.586,29.157297574926496,-82.0388842515801,-45.69363292997462,7.0
2016-08-02 15:29:26.400,0.953,0.359,-0.609,36.30071524085313,-85.27575425164585,-47.01347930237,7.0
2016-08-02 15:29:26.410,0.93,0.375,-0.609,36.15986922664188,-88.55673102600618,-47.43437390898165,7.0
2016-08-02 15:29:26.420,0.93,0.383,-0.586,33.27862336636956,-91.86683864054945,-47.172689453593414,7.0
2016-08-02 15:29:26.430,0.945,0.383,-0.539,30.877528707565,-95.3688202331482,-45.43114528233441,7.0
2016-08-02 15:29:26.440,0.965,0.375,-0.52,26.248652512827796,-98.72131485328326,-42.362387990412586,7.0
2016-08-02 15:29:26.450,0.988,0.371,-0.523,19.56347603529221,-101.55884782747839,-38.95798416664423,7.0
2016-08-02 15:29:26.460,0.98,0.387,-0.574,13.142918967554127,-103.63641995150817,-36.50855237892208,7.0
2016-08-02 15:29:26.470,0.949,0.402,-0.625,9.871547326780515,-105.40321139733358,-35.42424567355923,7.0
2016-08-02 15:29:26.480,0.926,0.406,-0.684,10.753443556569994,-107.69480579361368,-35.830792195843095,7.0
2016-08-02 15:29:26.490,0.902,0.41,-0.734,13.933550613951335,-110.60482835075275,-37.8197079434445,7.0
2016-08-02 15:29:26.500,0.875,0.402,-0.738,18.209344183799345,-113.59556685997148,-39.89895055059502,7.0
2016-08-02 15:29:26.510,0.875,0.391,-0.719,20.691236731750895,-115.00308094021916,-40.89117787608895,7.0
2016-08-02 15:29:26.520,0.883,0.383,-0.699,19.397452904405476,-113.68035944893576,-40.88051778523899,7.0
2016-08-02 15:29:26.530,0.887,0.375,-0.715,17.27773233845197,-111.1149644722207,-40.06975825683447,7.0
2016-08-02 15:29:26.540,0.848,0.375,-0.746,16.610442887264732,-108.87790327268779,-39.01970249711778,7.0
2016-08-02 15:29:26.550,0.793,0.367,-0.781,17.236200042524118,-107.0859533306655,-38.186455198131206,7.0
2016-08-02 15:29:26.560,0.758,0.359,-0.813,18.448625975531847,-105.87708978542446,-37.39534197834535,7.0
2016-08-02 15:29:26.570,0.738,0.363,-0.824,18.920746315904353,-105.45697554504166,-36.018131464103874,7.0
2016-08-02 15:29:26.580,0.73,0.375,-0.816,17.50673192818698,-105.28484049482769,-33.706182398781166,7.0
2016-08-02 15:29:26.590,0.734,0.387,-0.793,14.169928654027052,-104.84642579234317,-30.91688587334595,7.0
2016-08-02 15:29:26.600,0.738,0.387,-0.762,10.520991639209816,-104.45316616882747,-28.366709709070047,7.0
2016-08-02 15:29:26.610,0.73,0.379,-0.742,8.78464594779935,-104.09801291475135,-26.597809063451173,7.0
2016-08-02 15:29:26.620,0.688,0.344,-0.746,9.686908076941188,-103.07992264578742,-25.818328193965595,7.0
2016-08-02 15:29:26.630,0.633,0.324,-0.777,12.321805526998876,-101.43896553304053,-25.95588760388016,7.0
2016-08-02 15:29:26.640,0.59,0.344,-0.805,14.926545315769523,-99.83487066770735,-26.726334689105716,7.0
2016-08-02 15:29:26.650,0.574,0.367,-0.828,16.230733195017187,-98.22662661841397,-28.021797389275605,7.0
2016-08-02 15:29:26.660,0.57,0.371,-0.832,17.314685200137472,-96.64434092091832,-29.95629035623761,7.0
2016-08-02 15:29:26.670,0.559,0.359,-0.832,17.613310300427752,-95.08980722844854,-31.57250440493567,7.0
2016-08-02 15:29:26.680,0.539,0.352,-0.82,14.023685355754857,-92.21384792019313,-31.848018816300623,7.0
2016-08-02 15:29:26.690,0.531,0.352,-0.816,9.376391256170283,-88.10427544135416,-31.71350036792623,7.0
2016-08-02 15:29:26.700,0.523,0.336,-0.813,9.17524567892203,-84.74449268054988,-32.139076490245074,7.0
2016-08-02 15:29:26.710,0.5,0.344,-0.828,11.806610370416678,-82.16669439267106,-32.66328683802292,7.0
2016-08-02 15:29:26.720,0.48,0.375,-0.836,12.708111868622138,-80.23753850994363,-33.005544253322526,7.0
2016-08-02 15:29:26.730,0.449,0.367,-0.828,9.597649226983336,-79.04882350064541,-33.06593408698279,7.0
2016-08-02 15:29:26.740,0.418,0.348,-0.824,4.1387636315692795,-76.3921403744096,-32.584350814513975,7.0
2016-08-02 15:29:26.750,0.383,0.348,-0.813,1.7367263880410602,-72.03286390534532,-32.486324222019654,7.0
2016-08-02 15:29:26.760,0.352,0.355,-0.813,2.782187041648948,-67.96233530801705,-33.384155895552595,7.0
2016-08-02 15:29:26.770,0.32,0.355,-0.809,3.1858828093561797,-63.978731821973355,-34.412351993694095,7.0
2016-08-02 15:29:26.780,0.293,0.355,-0.82,2.999540618222454,-59.5191531386737,-35.38431463831158,7.0
2016-08-02 15:29:26.790,0.285,0.367,-0.82,2.7900138874958587,-55.04724872572885,-36.15329620926233,7.0
2016-08-02 15:29:26.800,0.27,0.379,-0.82,1.535032127209862,-50.56621597221101,-36.24919654939004,7.0
2016-08-02 15:29:26.810,0.273,0.375,-0.824,1.4624384164327857,-46.37280155788576,-36.3335430035444,7.0
2016-08-02 15:29:26.820,0.277,0.379,-0.805,2.368460959248172,-43.46258381446711,-36.22054200689948,7.0
2016-08-02 15:29:26.830,0.277,0.379,-0.789,-0.9770249558780963,-41.73940423903683,-34.823755173313764,7.0
2016-08-02 15:29:26.840,0.273,0.363,-0.777,-7.641032956756042,-40.20926663078115,-32.80991526954735,7.0
2016-08-02 15:29:26.850,0.262,0.344,-0.766,-12.975641284658524,-38.4707997808609,-31.313899027875756,7.0
2016-08-02 15:29:26.860,0.254,0.34,-0.793,-16.751822805172818,-36.30856386153045,-30.227002971588462,7.0
2016-08-02 15:29:26.870,0.227,0.344,-0.816,-18.89023444174462,-33.39752238091182,-29.309638802995956,7.0
2016-08-02 15:29:26.880,0.211,0.34,-0.852,-19.356553787680703,-29.448303817966973,-28.61065727423,7.0
2016-08-02 15:29:26.890,0.211,0.352,-0.871,-19.47700685869067,-24.82612486754482,-27.669561430102654,7.0
2016-08-02 15:29:26.900,0.203,0.371,-0.875,-21.286121900592498,-20.24007581394377,-26.044418484865716,7.0
2016-08-02 15:29:26.910,0.203,0.371,-0.883,-25.231724649319027,-14.948061936764896,-24.557380545236832,7.0
2016-08-02 15:29:26.920,0.184,0.352,-0.867,-28.78749676478008,-8.48454358119414,-23.893922710697577,7.0
2016-08-02 15:29:26.930,0.168,0.355,-0.867,-32.31297861017909,-2.155915437831288,-23.791739569520104,7.0
2016-08-02 15:29:26.940,0.156,0.344,-0.863,-34.513692932207384,3.5595323163346055,-25.340102726397802,7.0
2016-08-02 15:29:26.950,0.152,0.348,-0.859,-31.278238265524784,8.696069322472917,-28.88637621496477,7.0
2016-08-02 15:29:26.960,0.137,0.355,-0.859,-26.513459241945277,12.205245005097566,-32.08291408809314,7.0
2016-08-02 15:29:26.970,0.113,0.371,-0.867,-25.94620534139515,13.667673772470721,-34.16923675024192,7.0
2016-08-02 15:29:26.980,0.105,0.379,-0.863,-29.742321801171286,13.989766768270277,-35.603377252318154,7.0
2016-08-02 15:29:26.990,0.109,0.363,-0.832,-36.018782218078044,14.855949540994905,-35.679241433627595,7.0
2016-08-02 15:29:27.000,0.133,0.363,-0.789,-41.82699594798511,17.74035120777783,-35.048420945088935,7.0
2016-08-02 15:29:27.010,0.16,0.367,-0.77,-45.664415326803834,22.05873575652764,-35.52567044901387,7.0
2016-08-02 15:29:27.020,0.129,0.332,-0.762,-46.28094051218606,26.383408079457425,-37.435232633214895,7.0
2016-08-02 15:29:27.030,0.109,0.336,-0.801,-42.48827683833365,30.253723198642163,-40.330314409510926,7.0
2016-08-02 15:29:27.040,0.086,0.371,-0.828,-37.74151403766581,32.93891765247648,-44.02409533557998,7.0
2016-08-02 15:29:27.050,0.07,0.387,-0.836,-35.77630633691635,34.37198979322238,-47.42037049224965,7.0
2016-08-02 15:29:27.060,0.082,0.402,-0.816,-35.865320088411714,36.02311406041905,-49.81296921027686,7.0
2016-08-02 15:29:27.070,0.094,0.406,-0.777,-36.51738296430429,37.99122029629635,-52.15274606288132,7.0
2016-08-02 15:29:27.080,0.09,0.371,-0.758,-37.06329733722322,39.62807478514008,-54.442951042829776,7.0
2016-08-02 15:29:27.090,0.074,0.352,-0.75,-34.791632779031744,41.06798498048663,-55.80710717886346,7.0
2016-08-02 15:29:27.100,0.066,0.352,-0.758,-29.304903124896565,41.75839160568763,-55.9499560824806,7.0
2016-08-02 15:29:27.110,0.066,0.379,-0.781,-26.603112194857378,41.89530225178459,-54.47967222364458,7.0
2016-08-02 15:29:27.120,0.063,0.422,-0.805,-27.540263506569552,42.61653855689959,-52.190568174947636,7.0
2016-08-02 15:29:27.130,0.074,0.434,-0.813,-24.84867440444833,43.705984724795,-50.6125003562942,7.0
2016-08-02 15:29:27.140,0.094,0.422,-0.789,-18.781357660307748,44.77202009660933,-49.752737503068204,7.0
2016-08-02 15:29:27.150,0.125,0.418,-0.773,-15.878409499475897,46.13922565740636,-49.39468459868683,7.0
2016-08-02 15:29:27.160,0.133,0.402,-0.762,-14.347487579589181,47.462417106633715,-49.33657652892565,7.0
2016-08-02 15:29:27.170,0.094,0.387,-0.777,-9.377634410023948,47.64696040107938,-48.084707308955906,7.0
2016-08-02 15:29:27.180,0.086,0.414,-0.766,-4.899781567224391,46.77485378503165,-44.79964321451666,7.0
2016-08-02 15:29:27.190,0.113,0.445,-0.758,-6.946154732284972,46.89490937663169,-41.171891243652205,7.0
2016-08-02 15:29:27.200,0.129,0.473,-0.777,-9.732890875313991,48.687651664053554,-38.945127803455534,7.0
2016-08-02 15:29:27.210,0.117,0.477,-0.777,-5.125899042443741,50.1283312430266,-38.13247510886072,7.0
2016-08-02 15:29:27.220,0.125,0.453,-0.766,0.21548210472040324,49.941102939409454,-37.885810735331994,7.0
2016-08-02 15:29:27.230,0.098,0.434,-0.742,0.9212002913108414,47.6206770626849,-36.10939725196348,7.0
2016-08-02 15:29:27.240,0.102,0.453,-0.711,1.0492296128605878,42.91966919347966,-32.43112412718877,7.0
2016-08-02 15:29:27.250,0.09,0.488,-0.73,-0.03193192167953901,38.14772628589917,-29.10650628565352,7.0
2016-08-02 15:29:27.260,0.059,0.48,-0.73,-1.2634301210793402,35.14295767514657,-25.9802399996082,7.0
2016-08-02 15:29:27.270,0.051,0.469,-0.742,1.3118997260196414,32.803208773669816,-22.171020911570537,7.0
2016-08-02 15:29:27.280,0.047,0.516,-0.77,5.538524063636007,30.271938920165752,-17.658813968939516,7.0
2016-08-02 15:29:27.290,0.059,0.563,-0.777,7.069978317330726,27.08214054732611,-11.771232717496481,7.0
2016-08-02 15:29:27.300,0.078,0.551,-0.773,3.650239245068289,23.066640380428275,-5.759531234513732,7.0
2016-08-02 15:29:27.310,0.082,0.523,-0.762,-0.8919375304634443,19.548960551354995,-0.6777313950259324,7.0
2016-08-02 15:29:27.320,0.086,0.504,-0.75,-1.9080794581572242,16.88851562532616,3.675082197471169,7.0
2016-08-02 15:29:27.330,0.094,0.48,-0.727,-3.08117566839492,14.495653074723723,6.378120178884549,7.0
2016-08-02 15:29:27.340,0.109,0.484,-0.727,-6.945893112242718,12.461656488472597,7.310684459132624,7.0
2016-08-02 15:29:27.350,0.082,0.492,-0.766,-8.409412845947692,9.977319918727957,6.693616736174039,7.0
2016-08-02 15:29:27.360,0.051,0.488,-0.793,-4.435434711442873,6.387603255776831,4.9665145884462625,7.0
2016-08-02 15:29:27.370,0.051,0.477,-0.813,-0.34238248432924445,2.7791524813278285,3.7906280996211295,7.0
2016-08-02 15:29:27.380,0.074,0.48,-0.809,-0.7500159898825138,-0.25806234615185,4.050639737733773,7.0
2016-08-02 15:29:27.390,0.109,0.473,-0.766,-3.0428990885120974,-2.5900898952065043,5.538440151914585,7.0
2016-08-02 15:29:27.400,0.152,0.473,-0.754,-5.864009792107931,-3.1516494705365847,7.3201356538961795,7.0
2016-08-02 15:29:27.410,0.168,0.473,-0.785,-7.498952155737007,-2.843937733643883,8.639515511409526,7.0
2016-08-02 15:29:27.420,0.164,0.473,-0.836,-4.981873186167047,-4.830273603070741,10.093349523478855,7.0
2016-08-02 15:29:27.430,0.152,0.488,-0.867,-3.2066335928254595,-9.184572779137078,12.513540021700669,7.0
2016-08-02 15:29:27.440,0.164,0.504,-0.863,-4.567418217040243,-12.812246035044904,15.833212167208938,7.0
2016-08-02 15:29:27.450,0.195,0.508,-0.832,-3.5203309059484242,-14.389512281974913,19.083272791382107,7.0
2016-08-02 15:29:27.460,0.227,0.504,-0.789,-1.555645111986358,-14.404397591609934,21.422065332514396,7.0
2016-08-02 15:29:27.470,0.238,0.5,-0.75,-3.536435415705987,-13.288968960126011,23.006325261123813,7.0
2016-08-02 15:29:27.480,0.223,0.5,-0.742,-5.251836729942691,-12.098489627235567,24.112667821156712,7.0
2016-08-02 15:29:27.490,0.199,0.496,-0.754,-2.4411466829976147,-11.985549728276723,24.55468643665811,7.0
2016-08-02 15:29:27.500,0.176,0.504,-0.758,1.5557217741353515,-13.19528134543432,24.613476034886208,7.0
2016-08-02 15:29:27.510,0.16,0.5,-0.766,3.534758632219101,-15.31194220236808,25.032095154760018,7.0
2016-08-02 15:29:27.520,0.137,0.496,-0.746,4.687856861302182,-17.59993599019186,25.90080604613414,7.0
2016-08-02 15:29:27.530,0.125,0.488,-0.715,6.876189419613995,-19.285676094524696,26.999829658078056,7.0
2016-08-02 15:29:27.540,0.133,0.477,-0.672,8.690224949707286,-19.259018823406997,28.698915080584342,7.0
2016-08-02 15:29:27.550,0.164,0.488,-0.66,8.49305924018757,-17.3265844825019,30.883187835688602,7.0
2016-08-02 15:29:27.560,0.18,0.484,-0.664,8.685950712457688,-15.201891402419887,32.453239518374865,7.0
2016-08-02 15:29:27.570,0.16,0.465,-0.691,11.051910117838485,-13.979143919990394,33.28747559706247,7.0
2016-08-02 15:29:27.580,0.141,0.449,-0.707,14.225463583931674,-13.46255921277609,33.9981461384514,7.0
2016-08-02 15:29:27.590,0.125,0.422,-0.699,16.86996812577819,-13.748891079441544,34.320192178446185,7.0
2016-08-02 15:29:27.600,0.113,0.402,-0.703,18.737046929685178,-14.91411528513925,34.384547936437684,7.0
2016-08-02 15:29:27.610,0.113,0.383,-0.672,19.673737692676497,-16.357144170703847,34.89370096195832,7.0
2016-08-02 15:29:27.620,0.121,0.387,-0.656,18.114112587289906,-16.926302008243017,35.85269045726797,7.0
2016-08-02 15:29:27.630,0.137,0.406,-0.668,15.253597054148482,-15.37053302155763,37.222006405445676,7.0
2016-08-02 15:29:27.640,0.156,0.422,-0.695,15.238951014806787,-11.055203854375849,38.50528435058274,7.0
2016-08-02 15:29:27.650,0.172,0.422,-0.742,19.023441037070885,-5.344203679224895,38.27434934565266,7.0
2016-08-02 15:29:27.660,0.172,0.418,-0.805,26.5552818537516,-1.2299363388308209,36.532627829031284,7.0
2016-08-02 15:29:27.670,0.164,0.398,-0.813,34.246997293551814,0.02842157484702798,34.751642786951244,7.0
2016-08-02 15:29:27.680,0.16,0.387,-0.824,35.30418113603731,-0.7095199907648275,33.71597473890678,7.0
2016-08-02 15:29:27.690,0.156,0.367,-0.789,31.477527077869656,-2.524938605294322,34.13857456494928,7.0
2016-08-02 15:29:27.700,0.184,0.367,-0.75,27.518402606893524,-4.228018305035679,36.09404355996371,7.0
2016-08-02 15:29:27.710,0.254,0.391,-0.711,23.146489029327775,-4.809186776724323,38.53427614979053,7.0
2016-08-02 15:29:27.720,0.281,0.406,-0.684,17.958027758607088,-4.150404264308739,41.394602802978646,7.0
2016-08-02 15:29:27.730,0.277,0.43,-0.719,13.669943030450131,-2.0682711017728925,43.95547905711165,7.0
2016-08-02 15:29:27.740,0.27,0.449,-0.801,16.178853578379783,0.7887459575047312,44.31726426540764,7.0
2016-08-02 15:29:27.750,0.227,0.441,-0.859,26.236980656048026,2.650321248169202,42.945313474084074,7.0
2016-08-02 15:29:27.760,0.195,0.426,-0.875,31.65072972268156,3.7816217332386763,41.59974976494445,7.0
2016-08-02 15:29:27.770,0.203,0.402,-0.82,25.3827077296477,6.71125305450805,40.08317051090717,7.0
2016-08-02 15:29:27.780,0.234,0.379,-0.766,16.129394467731423,12.777398419276562,36.665435802897036,7.0
2016-08-02 15:29:27.790,0.285,0.359,-0.723,15.213317660408215,21.03007171998599,30.31746614213784,7.0
2016-08-02 15:29:27.800,0.305,0.324,-0.734,21.968349901746738,29.00046203802973,23.529460753267426,7.0
2016-08-02 15:29:27.810,0.289,0.313,-0.746,25.776033590912466,33.48972627582178,20.65863981321168,7.0
2016-08-02 15:29:27.820,0.25,0.352,-0.805,23.20446984210072,33.09413549055787,21.612091042233498,7.0
2016-08-02 15:29:27.830,0.215,0.387,-0.871,21.31821709092791,29.298505589887245,23.648783670821718,7.0
2016-08-02 15:29:27.840,0.207,0.406,-0.922,24.966200278443907,23.685972802806607,26.773304754993564,7.0
2016-08-02 15:29:27.850,0.242,0.426,-0.93,30.26439234503237,17.170616804497847,31.447933057167702,7.0
2016-08-02 15:29:27.860,0.285,0.445,-0.898,28.48629090017079,11.652720856448688,37.048577141492835,7.0
2016-08-02 15:29:27.870,0.336,0.457,-0.824,17.467210753906777,9.464788572947857,42.84427541230264,7.0
2016-08-02 15:29:27.880,0.398,0.441,-0.77,5.786582736034726,11.638540303165698,47.42810925946688,7.0
2016-08-02 15:29:27.890,0.441,0.426,-0.75,-0.5571483672956312,16.992429357659002,50.07378016471985,7.0
2016-08-02 15:29:27.900,0.43,0.426,-0.758,-4.917451352696014,23.34555956894901,50.823445564592944,7.0
2016-08-02 15:29:27.910,0.402,0.441,-0.828,-7.013983245459112,29.405240681367587,49.1229243342628,7.0
2016-08-02 15:29:27.920,0.371,0.445,-0.879,-3.5260683220589835,34.173513046851454,45.70983319354199,7.0
2016-08-02 15:29:27.930,0.336,0.438,-0.914,-0.38843382518064307,36.54979252298445,41.949509905397804,7.0
2016-08-02 15:29:27.940,0.332,0.43,-0.973,-0.1971545750319752,36.629630506504355,38.098361449138544,7.0
2016-08-02 15:29:27.950,0.313,0.414,-0.957,0.004996156610988622,35.77813017427812,35.74819098415627,7.0
2016-08-02 15:29:27.960,0.309,0.371,-0.895,-5.451939485994963,35.969753817062816,36.04453851099329,7.0
2016-08-02 15:29:27.970,0.363,0.371,-0.871,-14.298679031016947,38.14902396296193,37.24945025907009,7.0
2016-08-02 15:29:27.980,0.43,0.406,-0.813,-18.536829633682093,41.51174744043299,38.31062811008441,7.0
2016-08-02 15:29:27.990,0.461,0.414,-0.781,-24.174894132864928,45.61025622557015,38.739995837913185,7.0
2016-08-02 15:29:28.000,0.512,0.43,-0.809,-29.335647854954274,49.682720930662526,37.63552088629106,7.0
2016-08-02 15:29:28.010,0.488,0.418,-0.797,-29.130633666518357,52.43536417099421,36.50182182496566,7.0
2016-08-02 15:29:28.020,0.449,0.406,-0.852,-31.88493338958748,54.17450998618701,36.19152891052609,7.0
2016-08-02 15:29:28.030,0.469,0.418,-0.895,-31.447471345829197,55.04376984043704,34.945902195160244,7.0
2016-08-02 15:29:28.040,0.445,0.406,-0.883,-24.578508704103697,54.82585651510701,34.031276697109675,7.0
2016-08-02 15:29:28.050,0.457,0.406,-0.887,-26.20003452568743,54.83931492873296,35.914821722238884,7.0
2016-08-02 15:29:28.060,0.52,0.414,-0.836,-33.207836068943514,56.66060944171217,39.00354564357719,7.0
2016-08-02 15:29:28.070,0.555,0.422,-0.77,-38.42222055316571,60.613803013657346,41.449695067581246,7.0
2016-08-02 15:29:28.080,0.605,0.426,-0.766,-42.01098217508907,65.10338790588754,42.592092124773764,7.0
2016-08-02 15:29:28.090,0.656,0.414,-0.742,-38.03966398121433,68.71830133715171,41.56847858287455,7.0
2016-08-02 15:29:28.100,0.625,0.371,-0.746,-34.722178123666616,71.71763986840269,39.642842618186286,7.0
2016-08-02 15:29:28.110,0.605,0.363,-0.832,-35.869175555647075,72.91430668949602,37.75279833494754,7.0
2016-08-02 15:29:28.120,0.602,0.395,-0.852,-29.427034375495822,71.45322693379654,35.66862302733188,7.0
2016-08-02 15:29:28.130,0.609,0.41,-0.813,-25.970792712363405,69.85410930587085,35.13510164171779,7.0
2016-08-02 15:29:28.140,0.664,0.41,-0.754,-34.7914635332034,69.97489607636433,36.71846517677207,7.0
2016-08-02 15:29:28.150,0.723,0.398,-0.648,-43.56085154789437,72.50887745750586,39.56257522661257,7.0
2016-08-02 15:29:28.160,0.742,0.402,-0.563,-52.977733466311776,78.35553945385783,43.495563032416854,7.0
2016-08-02 15:29:28.170,0.766,0.406,-0.559,-59.79057570663952,85.26904494190954,45.62273521170424,7.0
2016-08-02 15:29:28.180,0.754,0.414,-0.648,-46.73354388884467,88.56197728018489,43.39860259121903,7.0
2016-08-02 15:29:28.190,0.688,0.414,-0.758,-21.143831066243024,85.58283725935112,40.07249584557232,7.0
2016-08-02 15:29:28.200,0.648,0.438,-0.844,-4.9128630187980225,78.19834875800882,38.68367292183203,7.0
2016-08-02 15:29:28.210,0.695,0.445,-0.801,-4.0313352291506614,72.04103780835705,38.29024670336698,7.0
2016-08-02 15:29:28.220,0.793,0.422,-0.688,-13.724397614560253,71.36047952481269,39.064734892914856,7.0
2016-08-02 15:29:28.230,0.871,0.387,-0.559,-26.803729371281122,75.83399019152286,41.74758376154221,7.0
2016-08-02 15:29:28.240,0.922,0.371,-0.48,-36.377552285621476,83.05600995246614,44.525016343313865,7.0
2016-08-02 15:29:28.250,0.934,0.375,-0.477,-37.61740286977417,89.88690694050251,45.8262254653462,7.0
2016-08-02 15:29:28.260,0.91,0.387,-0.531,-29.697027721459282,92.84516484160439,46.462545626695444,7.0
2016-08-02 15:29:28.270,0.875,0.422,-0.598,-19.80731228202309,91.12861019602582,47.24614512188241,7.0
2016-08-02 15:29:28.280,0.871,0.453,-0.617,-15.534541158192853,88.14143394126404,47.639869955419,7.0
2016-08-02 15:29:28.290,0.918,0.477,-0.602,-16.00963457658999,87.48778284813623,47.71584778868406,7.0
2016-08-02 15:29:28.300,0.945,0.453,-0.559,-16.795391676292432,88.74518826225449,48.78427433542682,7.0
2016-08-02 15:29:28.310,0.965,0.402,-0.504,-16.837362075859296,90.61100195176152,51.33136175469173,7.0
2016-08-02 15:29:28.320,0.965,0.375,-0.477,-17.730463592001847,92.9585421038109,53.936844241054395,7.0
2016-08-02 15:29:28.330,0.969,0.371,-0.5,-17.30322677871845,93.64492975027724,54.56175669862369,7.0
2016-08-02 15:29:28.340,0.969,0.383,-0.594,-9.91307690012902,89.90083847606624,51.81606991412971,7.0
2016-08-02 15:29:28.350,0.957,0.371,-0.656,3.6039216914321917,81.90916781536016,46.59587740740152,7.0
2016-08-02 15:29:28.360,0.984,0.352,-0.637,13.33962040235551,72.78626021170726,41.25392076370798,7.0
2016-08-02 15:29:28.370,1.047,0.336,-0.563,12.698355461357611,65.68404544048315,35.84908082555182,7.0
2016-08-02 15:29:28.380,1.098,0.316,-0.48,7.354579780947584,60.87724886271749,30.607295114530167,7.0
2016-08-02 15:29:28.390,1.109,0.277,-0.418,4.766922335727306,56.89534689994795,27.588863475740283,7.0
2016-08-02 15:29:28.400,1.105,0.262,-0.387,4.0541976321531,52.840300096495994,25.9367822956251,7.0
2016-08-02 15:29:28.410,1.086,0.273,-0.371,2.9925366021013415,48.14531428827347,23.64965549720532,7.0
2016-08-02 15:29:28.420,1.059,0.281,-0.383,2.926246107573397,42.3099271174222,20.98990508791836,7.0
2016-08-02 15:29:28.430,1.031,0.297,-0.406,4.506788376806405,35.69233789760857,17.95276313393602,7.0
2016-08-02 15:29:28.440,1.0,0.309,-0.438,7.1156594018585535,28.879511204108674,14.623786262801588,7.0
2016-08-02 15:29:28.450,0.969,0.328,-0.441,10.394598896161575,22.12315995584296,12.144013049854761,7.0
2016-08-02 15:29:28.460,0.957,0.324,-0.426,13.192760753742997,16.446830940389027,10.83045038446695,7.0
2016-08-02 15:29:28.470,0.957,0.32,-0.395,14.023645092959098,12.770697841508447,10.453705264876668,7.0
2016-08-02 15:29:28.480,0.957,0.313,-0.375,13.262607908478252,10.497180864229371,10.712973985907345,7.0
2016-08-02 15:29:28.490,0.957,0.305,-0.367,12.41453418222704,8.657414899431576,10.956059528496366,7.0
2016-08-02 15:29:28.500,0.938,0.313,-0.379,12.269164012002099,6.792552837327781,10.811946060229737,7.0
2016-08-02 15:29:28.510,0.926,0.316,-0.391,13.094540311462017,4.926753582829303,10.29509687651639,7.0
2016-08-02 15:29:28.520,0.914,0.309,-0.402,14.301693364912074,3.601138138357459,9.690621543774212,7.0
2016-08-02 15:29:28.530,0.906,0.305,-0.41,14.732468680112035,3.1725591145841774,9.282858288407985,7.0
2016-08-02 15:29:28.540,0.898,0.313,-0.422,13.791560335944702,3.3885884261071486,9.07292239519935,7.0
2016-08-02 15:29:28.550,0.887,0.32,-0.426,12.189310591345013,3.842421758659447,9.162302884317556,7.0
2016-08-02 15:29:28.560,0.891,0.32,-0.43,12.142228254222383,4.154549426301031,9.432458665439412,7.0
2016-08-02 15:29:28.570,0.891,0.316,-0.43,14.094626489811251,4.072503114778401,9.346343398959318,7.0
2016-08-02 15:29:28.580,0.887,0.316,-0.418,15.48335868162633,3.617324824133022,9.076044900925485,7.0
2016-08-02 15:29:28.590,0.887,0.313,-0.402,14.755919673827714,3.0743266090145864,9.069258773554612,7.0
2016-08-02 15:29:28.600,0.895,0.305,-0.383,12.310528528499358,2.8930824452580106,8.975164478925288,7.0
2016-08-02 15:29:28.610,0.898,0.297,-0.375,8.625533379500737,3.071701875836473,8.89926408891514,7.0
2016-08-02 15:29:28.620,0.902,0.293,-0.379,4.80113740439603,3.1520100706690646,9.128749297110444,7.0
2016-08-02 15:29:28.630,0.898,0.293,-0.395,2.291068866414719,2.944024895605191,9.096191049965299,7.0
2016-08-02 15:29:28.640,0.891,0.289,-0.418,1.6855755727522357,2.271803980854004,8.62956390249672,7.0
2016-08-02 15:29:28.650,0.891,0.293,-0.43,3.3153138600438536,0.9851518547713041,7.768805989008315,7.0
2016-08-02 15:29:28.660,0.891,0.289,-0.43,6.162283743230404,-0.2446412218582382,6.503370487502693,7.0
2016-08-02 15:29:28.670,0.902,0.289,-0.422,7.5942652463867475,-0.6339639440129367,5.429737454984352,7.0
2016-08-02 15:29:28.680,0.898,0.289,-0.41,6.467371885438924,-0.5025545123235203,4.980012050835236,7.0
2016-08-02 15:29:28.690,0.898,0.285,-0.395,3.6463841065723837,-0.3254143735802324,5.1624555601772695,7.0
2016-08-02 15:29:28.700,0.902,0.289,-0.391,0.904421352897287,0.2002788524071795,5.561819305880319,7.0
2016-08-02 15:29:28.710,0.906,0.285,-0.398,0.2019212403111429,0.8966273443830004,5.556314258169793,7.0
2016-08-02 15:29:28.720,0.906,0.289,-0.406,1.6828815893146727,1.0370582932961239,5.320805156296485,7.0
2016-08-02 15:29:28.730,0.898,0.285,-0.414,3.578317418985282,0.6687027950823902,5.1541180061315,7.0
2016-08-02 15:29:28.740,0.902,0.285,-0.41,4.2375460010833645,0.13593591569841268,4.814423689254671,7.0
2016-08-02 15:29:28.750,0.902,0.285,-0.398,2.608461583449124,-0.6285610580290849,4.6327950407953455,7.0
2016-08-02 15:29:28.760,0.898,0.289,-0.391,-1.0084801026166592,-1.5055807131218029,4.996164837351055,7.0
2016-08-02 15:29:28.770,0.914,0.285,-0.379,-3.6823836346626506,-1.9767962569661146,5.1202355929384655,7.0
2016-08-02 15:29:28.780,0.918,0.273,-0.363,-2.938951399599017,-1.926047789216822,4.44126175264622,7.0
2016-08-02 15:29:28.790,0.918,0.266,-0.367,-0.24822036411238485,-1.7956850907146715,3.5733273655518887,7.0
2016-08-02 15:29:28.800,0.922,0.273,-0.383,1.3430321363127509,-1.6523879657175713,2.9746378664134316,7.0
2016-08-02 15:29:28.810,0.918,0.285,-0.387,0.8699258245535871,-1.2927561487035322,2.584588593483311,7.0
2016-08-02 15:29:28.820,0.914,0.293,-0.387,-0.5834755099545299,-0.913825796747451,2.466226371096332,7.0
2016-08-02 15:29:28.830,0.914,0.297,-0.395,-1.8672687644880075,-0.6181545907785221,2.5308217240366226,7.0
2016-08-02 15:29:28.840,0.91,0.289,-0.395,-2.7473570760758497,-0.2716999224634832,2.6804460953328486,7.0
2016-08-02 15:29:28.850,0.91,0.281,-0.391,-3.1900353305927647,0.04175879894121793,2.9376200592570356,7.0
2016-08-02 15:29:28.860,0.914,0.277,-0.387,-2.740819600781816,0.29706530477456156,3.0098258253099273,7.0
2016-08-02 15:29:28.870,0.914,0.273,-0.379,-2.021244284624676,0.6507185809000021,2.978465841113126,7.0
2016-08-02 15:29:28.880,0.918,0.281,-0.383,-2.2492926408376004,1.0707008928346178,3.085398214338557,7.0
2016-08-02 15:29:28.890,0.922,0.281,-0.387,-2.740788043451759,1.409420294552981,3.0205715932221766,7.0
2016-08-02 15:29:28.900,0.914,0.277,-0.391,-2.8172815671391263,1.445358102801035,2.743511487496387,7.0
2016-08-02 15:29:28.910,0.91,0.277,-0.391,-2.8718648745733595,1.1130858039041722,2.405016281279514,7.0
2016-08-02 15:29:28.920,0.914,0.273,-0.379,-2.533971873892616,0.9895273965208055,1.9516632057868675,7.0
2016-08-02 15:29:28.930,0.918,0.273,-0.375,-1.9286834805242576,1.2616184362847982,1.3854574462674811,7.0
2016-08-02 15:29:28.940,0.918,0.262,-0.367,-1.714659421272235,1.3182541371430712,0.8022930145534932,7.0
2016-08-02 15:29:28.950,0.914,0.262,-0.375,-1.7552716488911768,1.2027393415505163,0.3996058804648939,7.0
2016-08-02 15:29:28.960,0.914,0.266,-0.379,-1.980878292764829,1.1895113609594081,0.1347460484287737,7.0
2016-08-02 15:29:28.970,0.918,0.27,-0.379,-2.5146405762622805,0.9732718342375025,-0.08928595022577834,7.0
2016-08-02 15:29:28.980,0.91,0.27,-0.379,-3.6377951724888122,0.6081130803629299,-0.23594242607881943,7.0
2016-08-02 15:29:28.990,0.906,0.273,-0.383,-4.711678177788946,0.3799624400429277,-0.4181770887562959,7.0
2016-08-02 15:29:29.000,0.898,0.266,-0.375,-4.073618390790702,0.3516424405697762,-0.6062806550932129,7.0
2016-08-02 15:29:29.010,0.906,0.258,-0.371,-2.5663097823034597,0.6451705622922859,-0.645896464828686,7.0
2016-08-02 15:29:29.020,0.91,0.258,-0.367,-2.1325583843181755,1.2664149508763392,-0.630914113865621,7.0
2016-08-02 15:29:29.030,0.91,0.262,-0.375,-2.475851278235083,2.048724567704574,-0.7174328015910012,7.0
2016-08-02 15:29:29.040,0.914,0.266,-0.383,-3.336046801267438,2.6949430281179345,-0.6175823513230055,7.0
2016-08-02 15:29:29.050,0.902,0.273,-0.391,-4.36011520617452,2.930812669920993,-0.16396506274958622,7.0
2016-08-02 15:29:29.060,0.906,0.27,-0.387,-4.244603681100444,2.856298221059009,0.09609596420307447,7.0
2016-08-02 15:29:29.070,0.902,0.266,-0.387,-3.819920823368197,2.8209037895866933,0.07587438988821019,7.0
2016-08-02 15:29:29.080,0.902,0.273,-0.383,-4.341542082821324,2.8920922597089955,0.15370714942751343,7.0
2016-08-02 15:29:29.090,0.898,0.266,-0.375,-4.395050709861563,2.9780492048813385,0.1488832510851186,7.0
2016-08-02 15:29:29.100,0.902,0.254,-0.363,-3.305426734977927,3.296183236955489,0.01353391395609177,7.0
2016-08-02 15:29:29.110,0.906,0.254,-0.363,-3.0806295263392536,3.764604121270553,0.011169325153920225,7.0
2016-08-02 15:29:29.120,0.898,0.266,-0.367,-4.539395274887009,3.9545296219144896,0.09989270497599417,7.0
2016-08-02 15:29:29.130,0.902,0.258,-0.379,-5.546910183584103,3.8058263297557726,0.11355862439544491,7.0
2016-08-02 15:29:29.140,0.902,0.254,-0.387,-4.934960948166056,3.361023940937775,-0.144099561108253,7.0
2016-08-02 15:29:29.150,0.906,0.25,-0.387,-3.988503303432923,2.6590753672532053,-0.5897686233537113,7.0
2016-08-02 15:29:29.160,0.91,0.25,-0.387,-3.470946384370623,1.9825562092654383,-0.801720772826316,7.0
2016-08-02 15:29:29.170,0.91,0.258,-0.375,-3.458165941984783,1.5448271224926753,-0.7683845281659702,7.0
2016-08-02 15:29:29.180,0.918,0.254,-0.363,-3.8702797144900325,1.435134934181377,-0.7519075965532517,7.0
2016-08-02 15:29:29.190,0.93,0.254,-0.359,-3.999280477901782,1.6392287749809569,-0.7341077817525765,7.0
2016-08-02 15:29:29.200,0.922,0.254,-0.367,-3.6528250968936944,1.77266075923575,-0.5645482183025244,7.0
2016-08-02 15:29:29.210,0.918,0.254,-0.379,-3.228531481659671,1.72546132051493,-0.25889546057719104,7.0
2016-08-02 15:29:29.220,0.914,0.262,-0.383,-3.1670613018717795,1.9423075849101217,0.009911434848330923,7.0
2016-08-02 15:29:29.230,0.918,0.266,-0.383,-3.727484747571594,2.4559089322184917,0.2406540516770366,7.0
2016-08-02 15:29:29.240,0.918,0.27,-0.387,-4.43528868346138,3.0159941510463204,0.5679257681068939,7.0
2016-08-02 15:29:29.250,0.914,0.266,-0.379,-4.436015750998168,3.64917134532104,0.9509310031583318,7.0
2016-08-02 15:29:29.260,0.91,0.258,-0.383,-3.416491722218294,4.2469789639214675,1.363053213466074,7.0
2016-08-02 15:29:29.270,0.914,0.258,-0.379,-2.210433646667463,4.778774909633182,1.8498356229400152,7.0
2016-08-02 15:29:29.280,0.914,0.262,-0.379,-1.669292715878686,5.521264843560743,2.2991660484735186,7.0
2016-08-02 15:29:29.290,0.918,0.262,-0.383,-1.2734396881670025,6.482517438206304,2.6601026020581133,7.0
2016-08-02 15:29:29.300,0.91,0.262,-0.391,-0.35597495799393664,7.454478970834799,2.9002844548178066,7.0
2016-08-02 15:29:29.310,0.906,0.258,-0.395,0.672614543260435,8.201634593628915,2.8501525436048136,7.0
2016-08-02 15:29:29.320,0.902,0.258,-0.398,1.0832210423884994,8.275216674706817,2.665572337258942,7.0
2016-08-02 15:29:29.330,0.895,0.262,-0.395,0.8202130882487559,7.519820323417823,2.62339019937845,7.0
2016-08-02 15:29:29.340,0.895,0.258,-0.375,0.6456018402211805,6.495256876867233,2.611680877651508,7.0
2016-08-02 15:29:29.350,0.895,0.246,-0.355,1.0116527106835775,5.579650706944989,2.508150152807435,7.0
2016-08-02 15:29:29.360,0.898,0.246,-0.348,1.411244077610761,4.549540219669186,2.1822522794743566,7.0
2016-08-02 15:29:29.370,0.898,0.246,-0.352,1.5644823953957665,3.4344230098269337,1.624680912530938,7.0
2016-08-02 15:29:29.380,0.898,0.246,-0.359,1.4569765515421962,2.3816851281142974,1.3196832427610452,7.0
2016-08-02 15:29:29.390,0.898,0.25,-0.355,0.8390576891112375,1.3529667933597784,1.2636203590706385,7.0
2016-08-02 15:29:29.400,0.91,0.25,-0.359,0.09366681519303695,0.8115852282942919,1.0438586966952192,7.0
2016-08-02 15:29:29.410,0.914,0.254,-0.363,-0.37820122736872275,0.9297820923789266,0.8606488977985371,7.0
2016-08-02 15:29:29.420,0.914,0.258,-0.375,-0.7994608061992177,1.0887453985884696,0.9579825202126312,7.0
2016-08-02 15:29:29.430,0.91,0.262,-0.391,-0.9264992996316671,1.1466377401010366,1.2504192533650296,7.0
2016-08-02 15:29:29.440,0.914,0.266,-0.387,-0.08917163270902217,1.1059029944624204,1.4617151730990836,7.0
2016-08-02 15:29:29.450,0.918,0.258,-0.383,1.4858208010463172,0.9932060408146681,1.3792572940656205,7.0
2016-08-02 15:29:29.460,0.922,0.262,-0.379,2.559846292595875,1.333280256014348,1.207812545645048,7.0
2016-08-02 15:29:29.470,0.922,0.258,-0.379,2.9564339011144076,1.882850831724249,1.0541608166501468,7.0
2016-08-02 15:29:29.480,0.918,0.254,-0.375,3.3475481700348078,2.0725382807912363,0.9328390789530521,7.0
2016-08-02 15:29:29.490,0.918,0.254,-0.375,2.915160601102076,2.0941604477985747,1.1061161575861722,7.0
2016-08-02 15:29:29.500,0.91,0.262,-0.375,1.3924840082051662,1.9631679355148055,1.4965020116415775,7.0
2016-08-02 15:29:29.510,0.91,0.262,-0.371,0.33335087228819854,1.637718327921005,1.8087156557891966,7.0
2016-08-02 15:29:29.520,0.918,0.266,-0.367,0.10104243022910274,1.4168578415854747,2.107344091946681,7.0
2016-08-02 15:29:29.530,0.918,0.258,-0.367,0.015526219074729314,1.2992963507646016,2.348978766285189,7.0
2016-08-02 15:29:29.540,0.918,0.262,-0.363,-0.0678451302706234,1.2608817274214321,2.365761905414389,7.0
2016-08-02 15:29:29.550,0.918,0.262,-0.367,-0.25656549435033826,1.384426257017622,2.3334039237818134,7.0
2016-08-02 15:29:29.560,0.918,0.258,-0.363,-0.39988027263518755,1.4308596366400013,2.3406760633346164,7.0
2016-08-02 15:29:29.570,0.91,0.254,-0.367,-0.3242404981419298,1.2951512522804591,2.2935608319664698,7.0
2016-08-02 15:29:29.580,0.914,0.258,-0.367,-0.39777995749515976,1.2408291538001703,2.305430012039161,7.0
2016-08-02 15:29:29.590,0.914,0.258,-0.363,-0.7152260325611386,1.2656229930929812,2.4130739929408556,7.0
2016-08-02 15:29:29.600,0.918,0.262,-0.363,-0.9218762912650791,1.156461551118671,2.4024472326924373,7.0
2016-08-02 15:29:29.610,0.918,0.258,-0.367,-0.8349510499130844,0.9967177084879477,2.2124243835212307,7.0
2016-08-02 15:29:29.620,0.918,0.254,-0.367,-0.6493364510794232,0.8410393994850591,2.0510968285100883,7.0
2016-08-02 15:29:29.630,0.918,0.254,-0.367,-0.8097486008516737,0.7015007880793338,2.0226798801150276,7.0
2016-08-02 15:29:29.640,0.922,0.258,-0.367,-1.258027983817135,0.7006188024915782,1.9793272739989187,7.0
2016-08-02 15:29:29.650,0.918,0.254,-0.371,-1.2864571699996552,0.6986259873109198,1.9577553659793225,7.0
2016-08-02 15:29:29.660,0.918,0.262,-0.371,-1.0939068851672502,0.6646665194190777,2.0898008733363533,7.0
2016-08-02 15:29:29.670,0.922,0.266,-0.367,-1.634948827459158,0.7988377361491286,2.218887809715613,7.0
2016-08-02 15:29:29.680,0.922,0.266,-0.363,-2.6135478526170353,1.0359245507028747,2.348970599471217,7.0
2016-08-02 15:29:29.690,0.922,0.262,-0.363,-3.1168559159438107,1.1814507887695602,2.489240546571356,7.0
2016-08-02 15:29:29.700,0.922,0.258,-0.367,-2.898353756319991,1.1259966854129595,2.3666316979107336,7.0
2016-08-02 15:29:29.710,0.922,0.254,-0.363,-2.1346300350537684,0.8351378563925479,2.0888690689718867,7.0
2016-08-02 15:29:29.720,0.918,0.254,-0.363,-1.6469650401186962,0.31591753777661685,1.914403843927357,7.0
2016-08-02 15:29:29.730,0.914,0.262,-0.355,-1.992041542069186,-0.29737115251355345,1.7341009256926387,7.0
2016-08-02 15:29:29.740,0.918,0.258,-0.352,-2.257086602558734,-0.7121067369840396,1.4423361051717367,7.0
2016-08-02 15:29:29.750,0.918,0.25,-0.344,-2.031293913851287,-0.7866613402018016,1.1435531725397288,7.0
2016-08-02 15:29:29.760,0.914,0.254,-0.355,-2.371653043794849,-0.6443911723973215,1.0265503903686803,7.0
2016-08-02 15:29:29.770,0.91,0.266,-0.363,-3.1976173520165503,-0.4914593349397198,1.1245272485736213,7.0
2016-08-02 15:29:29.780,0.91,0.27,-0.367,-3.2533356969287475,-0.3747118688378936,1.2364482105569325,7.0
2016-08-02 15:29:29.790,0.914,0.262,-0.367,-2.4688550485642358,-0.2784525406447579,1.2504885161296213,7.0
2016-08-02 15:29:29.800,0.91,0.266,-0.367,-1.6067532955110901,-0.3440759809957702,1.2656553376144133,7.0
2016-08-02 15:29:29.810,0.914,0.262,-0.363,-1.181781601189696,-0.44882640437286114,1.3135359846069012,7.0
2016-08-02 15:29:29.820,0.918,0.262,-0.359,-1.4587263948304066,-0.35699984650178007,1.3549570987781605,7.0
2016-08-02 15:29:29.830,0.914,0.262,-0.359,-2.060102174832829,-0.17503065337107973,1.4557540652249388,7.0
2016-08-02 15:29:29.840,0.918,0.258,-0.352,-2.3115271662200207,0.13339759518835997,1.5564739677155637,7.0
2016-08-02 15:29:29.850,0.918,0.254,-0.352,-2.2749175641169748,0.4562537035090646,1.5317809026996854,7.0
2016-08-02 15:29:29.860,0.918,0.254,-0.355,-2.0186653259928264,0.4020163233993559,1.5077659152260443,7.0
2016-08-02 15:29:29.870,0.914,0.254,-0.363,-1.3083853090450888,0.23146987597264218,1.4364588632620627,7.0
2016-08-02 15:29:29.880,0.91,0.254,-0.367,-0.9001746188273105,0.2709185736537879,1.1799225983985009,7.0
2016-08-02 15:29:29.890,0.914,0.254,-0.367,-1.1285389710738063,0.29371263409369464,1.0316756898065929,7.0
2016-08-02 15:29:29.900,0.918,0.254,-0.363,-1.1163059404042939,0.22710200970907507,1.1069880732671655,7.0
2016-08-02 15:29:29.910,0.918,0.258,-0.363,-1.062452164518978,0.14522786026378517,1.2066643790496423,7.0
2016-08-02 15:29:29.920,0.926,0.258,-0.355,-1.234401731003152,0.008527053991023582,1.2471406844532682,7.0
2016-08-02 15:29:29.930,0.93,0.254,-0.359,-1.1224533159865135,-0.12931575935704318,1.1993416651189717,7.0
2016-08-02 15:29:29.940,0.934,0.254,-0.363,-1.05550520926742,-0.24846105098170682,1.0678915902588098,7.0
2016-08-02 15:29:29.950,0.926,0.258,-0.367,-0.9048658916694562,-0.5022700495266345,0.8374147674991361,7.0
2016-08-02 15:29:29.960,0.926,0.254,-0.367,-0.1921225148790055,-0.7654420320515642,0.6642791564049421,7.0
2016-08-02 15:29:29.970,0.922,0.25,-0.367,0.3717964822207797,-0.8174819130729043,0.6082817734113197,7.0
2016-08-02 15:29:29.980,0.922,0.254,-0.363,0.448910061431099,-0.8395648000266862,0.4671975517006012,7.0
2016-08-02 15:29:29.990,0.922,0.254,-0.359,0.22670868963694618,-0.8774503982598254,0.3909391551493866,7.0
2016-08-02 15:29:30.000,0.914,0.258,-0.363,-0.28724410184635785,-0.845383811834375,0.4115939250944949,7.0
2016-08-02 15:31:23.000,1.0,0.012,-0.004,-0.9841135592316402,0.42811540888643806,0.42499139074368064,8.0
2016-08-02 15:31:23.010,1.008,0.008,-0.004,-0.9103839784913672,0.44885361041547667,0.5142314900158025,8.0
2016-08-02 15:31:23.020,1.008,0.008,0.0,-1.4339634922149764,0.304301778921588,0.7041212709076435,8.0
2016-08-02 15:31:23.030,1.004,0.008,0.0,-2.1011331768757073,-0.10711673398807245,0.8293104652877346,8.0
2016-08-02 15:31:23.040,1.012,0.012,0.008,-2.2558705299343345,-0.18423454660669542,0.9135853676561343,8.0
2016-08-02 15:31:23.050,1.012,0.012,0.004,-2.07369761893941,0.09306607242686249,0.9598213167249381,8.0
2016-08-02 15:31:23.060,1.008,0.008,0.004,-1.8833717256040143,-0.00010726489205768047,0.973557441207741,8.0
2016-08-02 15:31:23.070,1.004,0.008,-0.004,-1.8181727812652229,-0.239670681046373,1.0107438996362854,8.0
2016-08-02 15:31:23.080,1.008,0.0,-0.008,-1.7859308731868624,-0.20925450179099175,0.9732455713543264,8.0
2016-08-02 15:31:23.090,1.012,0.004,-0.008,-1.7400395160044766,-0.26362364561238977,1.0081402807586755,8.0
2016-08-02 15:31:23.100,1.004,0.012,-0.008,-1.8657005326201108,-0.39647492139024076,1.1670239733982113,8.0
2016-08-02 15:31:23.110,1.008,0.008,0.0,-1.7642981943520026,-0.16540077907264844,1.190909960004443,8.0
2016-08-02 15:31:23.120,1.008,-0.004,0.004,-1.1155363455313112,0.21993298892604027,1.0879684732656896,8.0
2016-08-02 15:31:23.130,1.008,0.0,0.0,-0.5925777152163775,0.17860542451129682,0.9882466658021927,8.0
2016-08-02 15:31:23.140,1.004,0.008,0.004,-0.3982371013681802,-0.08088261491362558,0.9330982986616969,8.0
2016-08-02 15:31:23.150,1.008,0.008,0.0,-0.14600110377691983,-0.0602675678958854,0.9596163409556573,8.0
2016-08-02 15:31:23.160,1.008,0.008,-0.004,0.01668063861113213,-0.05674530354132945,0.9604203778397156,8.0
2016-08-02 15:31:23.170,1.016,0.012,0.0,0.41491566757597814,-0.21187598412464242,0.8587841503645075,8.0
2016-08-02 15:31:23.180,1.02,0.008,0.004,1.3445347190306667,-0.18149438345783894,0.7565762283047606,8.0
2016-08-02 15:31:23.190,1.016,0.012,0.0,1.9177982657386128,-0.30355415931375246,0.5904547419913231,8.0
2016-08-02 15:31:23.200,1.008,0.004,0.0,1.9293646319517936,-0.6136659752693246,0.37529531646824454,8.0
2016-08-02 15:31:23.210,1.008,0.0,0.004,2.0104550043561296,-0.44453914113188414,0.37718626907069974,8.0
2016-08-02 15:31:23.220,1.012,0.004,-0.004,2.2594668701876,-0.10645273786030639,0.5015961832776038,8.0
2016-08-02 15:31:23.230,1.012,0.012,-0.008,2.6402393516412963,-0.038018005799466945,0.5047422631513626,8.0
2016-08-02 15:31:23.240,1.012,0.012,-0.004,2.8107329618542076,0.1213938848805805,0.5246801924156377,8.0
2016-08-02 15:31:23.250,1.012,0.012,-0.004,2.2834782822283772,0.3131157700010803,0.6979061488100174,8.0
2016-08-02 15:31:23.260,1.016,0.012,-0.004,1.5138804718134156,0.2708835207061925,0.8937323985888252,8.0
2016-08-02 15:31:23.270,1.016,0.008,0.0,1.215810685841274,0.24554633998992698,1.0109258903173104,8.0
2016-08-02 15:31:23.280,1.02,0.0,0.0,1.3615109304023036,0.3518596530326573,0.9791432722988798,8.0
2016-08-02 15:31:23.290,1.02,0.008,0.004,1.6065082671593776,0.3407438513200366,0.8555523455650913,8.0
2016-08-02 15:31:23.300,1.02,0.008,0.004,1.608752330084623,0.23807680393082692,0.9512518420429426,8.0
2016-08-02 15:31:23.310,1.02,0.012,0.004,1.0767418014313537,0.21262752698031623,1.2508537025069886,8.0
2016-08-02 15:31:23.320,1.02,0.016,0.004,0.11538898620881413,0.19593143029788182,1.4433987816742246,8.0
2016-08-02 15:31:23.330,1.023,0.016,0.008,-0.6913703024332696,0.08666502991229548,1.4615455327901938,8.0
2016-08-02 15:31:23.340,1.023,0.012,0.008,-0.9663662175888512,-0.08692229814795116,1.3880224319870151,8.0
2016-08-02 15:31:23.350,1.023,0.012,0.008,-1.0499869470241183,-0.18601919259968602,1.2465672615965684,8.0
2016-08-02 15:31:23.360,1.016,0.008,0.008,-1.263714109143159,-0.19182327523738826,1.0515466997464111,8.0
2016-08-02 15:31:23.370,1.016,0.008,0.008,-1.6017017229565176,-0.11517621299234748,0.9337049991129271,8.0
2016-08-02 15:31:23.380,1.012,0.008,0.004,-2.031194947523658,0.03480953713745817,0.8701215039324369,8.0
2016-08-02 15:31:23.390,1.016,0.012,0.008,-2.2949466463544304,0.13210983558178585,0.8052931286798897,8.0
2016-08-02 15:31:23.400,1.012,0.008,0.004,-2.2791391847720583,0.20516703680669898,0.892051458505418,8.0
2016-08-02 15:31:23.410,1.016,0.012,0.004,-2.103534064191596,0.24083442702258712,1.0295705141063318,8.0
2016-08-02 15:31:23.420,1.02,0.012,0.004,-1.835542559826271,0.2347873219948204,1.2098656593271673,8.0
2016-08-02 15:31:23.430,1.016,0.008,0.004,-1.6947052961132176,0.3240816800434058,1.4706681696824222,8.0
2016-08-02 15:31:23.440,1.008,0.004,0.0,-1.5035029964459277,0.45449174189729574,1.463907445609252,8.0
2016-08-02 15:31:23.450,1.004,0.008,0.0,-0.9499247537837339,0.6571090622093427,1.3129855030737871,8.0
2016-08-02 15:31:23.460,1.004,0.008,0.0,-0.5212460748602932,0.8862177607367345,1.2168269134934577,8.0
2016-08-02 15:31:23.470,1.004,0.004,0.004,-0.5751037883941539,0.8367653045830336,1.0058382137200361,8.0
2016-08-02 15:31:23.480,0.996,0.004,0.008,-0.8998307988454028,0.547705688048624,0.9451117549069932,8.0
2016-08-02 15:31:23.490,1.0,0.012,0.008,-1.3106480310198427,0.2995309438060765,0.997878196481673,8.0
2016-08-02 15:31:23.500,0.992,0.012,0.012,-1.38411312366967,0.2744250791128318,0.7826199685648763,8.0
2016-08-02 15:31:23.510,1.0,0.0,0.008,-0.9867344920662053,0.37077843643837083,0.5441179820081404,8.0
2016-08-02 15:31:23.520,1.004,0.008,0.004,-0.7722131745009586,0.36011299845076794,0.46629887536114956,8.0
2016-08-02 15:31:23.530,1.004,0.008,0.0,-0.8430933251225359,0.4195030687215975,0.4214569865450848,8.0
2016-08-02 15:31:23.540,1.0,0.008,0.0,-0.688026369528176,0.5808492474087755,0.4036889495096412,8.0
2016-08-02 15:31:23.550,1.0,0.008,-0.004,-0.3533555263405301,0.5353053594774554,0.41018260123534755,8.0
2016-08-02 15:31:23.560,1.008,0.008,0.0,0.0843337787549911,0.4739153828602424,0.4671111664051527,8.0
2016-08-02 15:31:23.570,1.016,0.012,0.0,0.6822110878559744,0.6970255873591976,0.5999795649379295,8.0
2016-08-02 15:31:23.580,1.02,0.012,0.004,0.9273795351646716,0.9222178870366367,0.7875897084227973,8.0
2016-08-02 15:31:23.590,1.012,0.012,0.0,0.6852607140086036,0.9391477121279566,0.9173731506370848,8.0
2016-08-02 15:31:23.600,1.012,0.004,0.0,0.631498000882895,0.8917229076762949,0.8930306225986271,8.0
2016-08-02 15:31:23.610,1.012,0.004,-0.004,0.9781292393516037,0.7680889221860321,0.8664201741916622,8.0
2016-08-02 15:31:23.620,1.012,0.0,0.0,1.2901680883656446,0.6443716709250453,0.845288072046055,8.0
2016-08-02 15:31:23.630,1.012,0.008,0.004,1.1252922406402217,0.5978016391169213,0.6789825114397305,8.0
2016-08-02 15:31:23.640,1.012,0.012,0.004,0.46935161419691074,0.4551956411928276,0.5616026314532225,8.0
2016-08-02 15:31:23.650,1.008,0.012,0.0,-0.24965587788579738,0.2363624903511522,0.5332843022683257,8.0
2016-08-02 15:31:23.660,1.016,0.008,0.0,-0.6819553012844803,-0.04658120296354744,0.33897885605702793,8.0
2016-08-02 15:31:23.670,1.016,0.012,0.0,-0.5710629036861895,-0.3094962714956372,0.1782339491192831,8.0
2016-08-02 15:31:23.680,1.02,0.008,0.0,-0.06444919684688735,-0.2593130355220169,0.23051064425033285,8.0
2016-08-02 15:31:23.690,1.02,0.008,-0.008,0.23767681466888393,-0.050728174224867514,0.31526456089816324,8.0
2016-08-02 15:31:23.700,1.012,0.004,-0.008,0.28970105524511847,0.05962019440844299,0.34263229043903254,8.0
2016-08-02 15:31:23.710,1.012,0.012,-0.008,0.32519645462896296,0.18751644182742144,0.3297551437109688,8.0
2016-08-02 15:31:23.720,1.008,0.012,-0.008,0.21985709988087543,0.2117204824263507,0.3876976049203269,8.0
2016-08-02 15:31:23.730,1.008,0.008,0.0,0.03963325309441359,0.02526712232652073,0.41108532899552386,8.0
2016-08-02 15:31:23.740,1.004,0.008,0.0,0.1164826863317087,-0.05212163224209369,0.3886469614516339,8.0
2016-08-02 15:31:23.750,1.004,0.004,0.0,0.24039666992325012,-0.01679596150240685,0.5014432857709485,8.0
2016-08-02 15:31:23.760,1.004,0.004,0.004,-0.17542890381608048,-0.05317780986302456,0.4884756573581518,8.0
2016-08-02 15:31:23.770,1.0,0.008,0.008,-0.9310990944099595,-0.20793974444941532,0.40766244489929027,8.0
2016-08-02 15:31:23.780,1.0,0.012,0.004,-1.4146994550238232,-0.5684836632467223,0.5654234951981949,8.0
2016-08-02 15:31:23.790,1.004,0.004,0.0,-1.4997030106235725,-0.8321511779176128,0.6369775710165639,8.0
2016-08-02 15:31:23.800,1.004,0.004,0.0,-1.4442357031036182,-0.7545484892931669,0.5316002631352665,8.0
2016-08-02 15:31:23.810,1.004,0.008,-0.004,-1.5176999012001944,-0.6730247612942192,0.501927291027396,8.0
2016-08-02 15:31:23.820,1.008,0.008,0.004,-1.361441920706452,-0.5935576863815706,0.434545696973462,8.0
2016-08-02 15:31:23.830,1.012,0.004,0.004,-0.7938735526850459,-0.33554893347872805,0.28760794389158145,8.0
2016-08-02 15:31:23.840,1.012,0.004,0.0,-0.4915457470350246,-0.36639159081993034,0.17284767032791284,8.0
2016-08-02 15:31:23.850,1.008,0.0,-0.004,-0.38200157870203,-0.7085916019535147,0.1047266576588873,8.0
2016-08-02 15:31:23.860,1.016,0.0,0.0,-0.13387830458370953,-0.6663307180278533,0.09820709210321636,8.0
2016-08-02 15:31:23.870,1.02,0.0,0.0,-0.4999546849959145,-0.3513311723860997,0.12764881759037566,8.0
2016-08-02 15:31:23.880,1.02,0.004,0.004,-1.326271813710044,-0.39560380373257953,0.19871203076104013,8.0
2016-08-02 15:31:23.890,1.016,0.004,0.004,-1.303940962323287,-0.7895319866611805,0.19238605858474808,8.0
2016-08-02 15:31:23.900,1.02,0.0,0.004,-0.5972028337588509,-1.0098751987417327,-0.036572875625539444,8.0
2016-08-02 15:31:23.910,1.02,-0.004,0.004,-0.3660302950684948,-1.0548290484976666,-0.32757924842760766,8.0
2016-08-02 15:31:23.920,1.02,-0.004,0.0,-0.6034683007029473,-1.4839411114543883,-0.555844451156947,8.0
2016-08-02 15:31:23.930,1.027,0.0,0.0,-0.7854811049896244,-1.8262815006236013,-0.8242279431512575,8.0
2016-08-02 15:31:23.940,1.035,-0.004,-0.004,-1.001377425316164,-1.6104584603438004,-1.4324408960274209,8.0
2016-08-02 15:31:23.950,1.047,-0.012,0.0,-1.2236794197230823,-1.6544118487128645,-2.5068783708941793,8.0
2016-08-02 15:31:23.960,1.043,-0.027,-0.008,-0.9467838461384507,-2.0656037852364513,-3.661755719288734,8.0
2016-08-02 15:31:23.970,1.039,-0.031,-0.012,-0.13910449954393947,-2.29956558646489,-4.549882820209404,8.0
2016-08-02 15:31:23.980,1.043,-0.027,-0.004,0.06123890363544912,-2.1760393704516314,-5.08232194013555,8.0
2016-08-02 15:31:23.990,1.047,-0.012,-0.004,-0.5267425794546724,-1.734568975959166,-5.3800896131218146,8.0
2016-08-02 15:31:24.000,1.031,-0.016,0.0,-0.002320768921418359,-1.3649285381252352,-5.547357598835573,8.0
2016-08-02 15:31:24.010,1.035,-0.008,0.004,1.244845702770269,-1.188964865655366,-5.453370246630579,8.0
2016-08-02 15:31:24.020,1.027,-0.004,0.004,0.8872694881193259,-1.3868232354351175,-5.2027886433457695,8.0
2016-08-02 15:31:24.030,1.023,0.0,0.0,-0.04874653957995905,-1.9166995637985114,-4.990512944241852,8.0
2016-08-02 15:31:24.040,1.02,-0.008,0.0,0.24142614510165322,-2.13909700634014,-4.886233128328149,8.0
2016-08-02 15:31:24.050,1.02,-0.004,0.0,1.0915342985347034,-2.275423830713006,-4.995452734200923,8.0
2016-08-02 15:31:24.060,1.02,0.0,0.004,2.2372279300524944,-2.548106529934368,-5.448693429720228,8.0
2016-08-02 15:31:24.070,1.016,0.0,0.004,3.772625450790998,-2.6719950205349177,-6.278040890078037,8.0
2016-08-02 15:31:24.080,1.012,0.004,-0.004,4.458609872310881,-3.004783750895477,-7.075717035015593,8.0
2016-08-02 15:31:24.090,1.008,0.008,-0.004,3.64388569047667,-3.576883989814605,-7.680697325042772,8.0
2016-08-02 15:31:24.100,1.008,0.02,-0.004,2.343112025397418,-4.2407760434890065,-8.554765688065485,8.0
2016-08-02 15:31:24.110,1.012,0.035,-0.008,1.5129943848360148,-5.306749159144161,-9.608564981107818,8.0
2016-08-02 15:31:24.120,1.008,0.047,-0.008,0.5653763260827135,-6.753104946305726,-10.519246043286877,8.0
2016-08-02 15:31:24.130,1.008,0.047,-0.008,-1.5073240381086217,-8.926027196927734,-11.679566001257596,8.0
2016-08-02 15:31:24.140,1.008,0.055,-0.016,-4.089979077767482,-11.960548471507614,-13.094387256504698,8.0
2016-08-02 15:31:24.150,1.02,0.066,-0.012,-6.2814751542768725,-14.870496790027037,-14.25016670710362,8.0
2016-08-02 15:31:24.160,1.039,0.063,-0.016,-8.588810544700983,-17.40380613589563,-15.546178072174046,8.0
2016-08-02 15:31:24.170,1.051,0.031,-0.02,-10.947687439979616,-19.660045608111837,-17.499309198840976,8.0
2016-08-02 15:31:24.180,1.066,0.008,-0.035,-12.37117451386922,-20.79253604115106,-19.55801935397946,8.0
2016-08-02 15:31:24.190,1.07,0.004,-0.059,-12.834966589821525,-20.68824432331723,-21.270522565563738,8.0
2016-08-02 15:31:24.200,1.066,0.0,-0.074,-12.183038642251077,-19.836052492252975,-22.693216791741452,8.0
2016-08-02 15:31:24.210,1.074,0.0,-0.082,-9.812786940388289,-17.964524985421267,-23.71793699125468,8.0
2016-08-02 15:31:24.220,1.078,0.012,-0.082,-6.99016186006053,-15.735202884229338,-24.451327453763664,8.0
2016-08-02 15:31:24.230,1.074,0.035,-0.09,-5.4645385497089,-14.429342467086565,-24.820566598938015,8.0
2016-08-02 15:31:24.240,1.07,0.043,-0.094,-4.791756274407832,-13.739467190487705,-24.314158016311747,8.0
2016-08-02 15:31:24.250,1.059,0.043,-0.105,-4.400184664321118,-13.441402417713382,-23.448632383079655,8.0
2016-08-02 15:31:24.260,1.047,0.039,-0.102,-4.507645736762486,-13.86050898272515,-23.084234942704455,8.0
2016-08-02 15:31:24.270,1.043,0.039,-0.09,-4.759422256821227,-14.352438430576498,-22.926924299690754,8.0
2016-08-02 15:31:24.280,1.055,0.051,-0.078,-5.661399045275532,-14.637466332841981,-22.93676267022527,8.0
2016-08-02 15:31:24.290,1.07,0.039,-0.055,-7.5492953697740255,-14.743643534733465,-23.414875599248038,8.0
2016-08-02 15:31:24.300,1.07,0.027,-0.043,-9.910110307749566,-14.49781712239421,-23.982587737929705,8.0
2016-08-02 15:31:24.310,1.066,0.031,-0.031,-13.424294765307948,-14.740968469510701,-24.556003867719365,8.0
2016-08-02 15:31:24.320,1.066,0.051,-0.031,-16.266177376330013,-15.675385659011965,-25.28770519005576,8.0
2016-08-02 15:31:24.330,1.086,0.059,-0.027,-14.975972461463448,-16.22770565151152,-26.222392846138,8.0
2016-08-02 15:31:24.340,1.113,0.07,-0.031,-12.09995168189208,-16.40591115068125,-27.366445407117315,8.0
2016-08-02 15:31:24.350,1.113,0.07,-0.055,-11.507658136813395,-17.186064359360763,-28.366777699038117,8.0
2016-08-02 15:31:24.360,1.098,0.07,-0.074,-11.488763827674344,-18.92492359594617,-29.248971131273816,8.0
2016-08-02 15:31:24.370,1.094,0.074,-0.102,-10.958184633561816,-20.651523553779384,-29.89565022658731,8.0
2016-08-02 15:31:24.380,1.094,0.078,-0.109,-11.514685835779666,-21.29798577734189,-29.872613697744015,8.0
2016-08-02 15:31:24.390,1.098,0.086,-0.102,-12.09467981975345,-21.364217305365692,-29.908299544476698,8.0
2016-08-02 15:31:24.400,1.105,0.086,-0.094,-10.648382153890255,-21.23174363859283,-30.442524222381437,8.0
2016-08-02 15:31:24.410,1.113,0.09,-0.094,-7.8154218650103315,-20.72567515082653,-30.629393994044968,8.0
2016-08-02 15:31:24.420,1.102,0.102,-0.117,-6.120549517050465,-20.666694328699144,-30.378574113402372,8.0
2016-08-02 15:31:24.430,1.09,0.113,-0.145,-6.49647592304019,-21.295890551773574,-29.97001031112152,8.0
2016-08-02 15:31:24.440,1.07,0.113,-0.148,-6.810609683334757,-21.831776113986827,-29.136161404078045,8.0
2016-08-02 15:31:24.450,1.066,0.121,-0.141,-6.387135857955057,-21.9021120201675,-28.30043274108151,8.0
2016-08-02 15:31:24.460,1.074,0.133,-0.117,-6.295911643151274,-21.244840472306496,-27.750100074788445,8.0
2016-08-02 15:31:24.470,1.078,0.133,-0.113,-5.487375219927448,-19.778533098121397,-26.97200886590729,8.0
2016-08-02 15:31:24.480,1.09,0.141,-0.109,-3.860782912690709,-17.852202455242697,-25.98551199373737,8.0
2016-08-02 15:31:24.490,1.086,0.148,-0.121,-2.9675369177118576,-16.118290009059695,-24.991236488555398,8.0
2016-08-02 15:31:24.500,1.074,0.148,-0.133,-1.7504030964033441,-15.385315596289,-24.061024155066583,8.0
2016-08-02 15:31:24.510,1.078,0.148,-0.137,0.08141384753976132,-15.271167450413127,-23.091196979540186,8.0
2016-08-02 15:31:24.520,1.078,0.148,-0.152,-1.0045989950256988,-14.884246938825534,-21.49954288522946,8.0
2016-08-02 15:31:24.530,1.07,0.164,-0.152,-5.70587072446777,-14.931147193906941,-19.828665360862352,8.0
2016-08-02 15:31:24.540,1.082,0.18,-0.133,-10.121729984688848,-15.344531033856654,-18.83757064931495,8.0
2016-08-02 15:31:24.550,1.102,0.176,-0.113,-12.016529765463504,-14.713981030216102,-17.772584134508918,8.0
2016-08-02 15:31:24.560,1.102,0.168,-0.109,-10.747255494767515,-14.208667805070629,-17.269376959872844,8.0
2016-08-02 15:31:24.570,1.098,0.164,-0.121,-5.607304276587199,-14.829475785354578,-17.9747224175467,8.0
2016-08-02 15:31:24.580,1.098,0.18,-0.141,0.12688269535847108,-14.907564992849402,-17.814579861418014,8.0
2016-08-02 15:31:24.590,1.098,0.207,-0.152,2.703422012638674,-15.12633905173292,-17.054166333194782,8.0
2016-08-02 15:31:24.600,1.105,0.223,-0.148,3.8681924555368457,-16.4213241926128,-17.291965437993102,8.0
2016-08-02 15:31:24.610,1.117,0.227,-0.137,4.492305596971137,-16.64582296852254,-17.088663155541504,8.0
2016-08-02 15:31:24.620,1.133,0.238,-0.129,3.669748831160498,-15.991905774376464,-16.39249527040793,8.0
2016-08-02 15:31:24.630,1.125,0.234,-0.129,4.0772162969144015,-15.920378908614868,-16.393480363912968,8.0
2016-08-02 15:31:24.640,1.117,0.238,-0.133,6.768292792571545,-15.701264109522029,-16.4021711580449,8.0
2016-08-02 15:31:24.650,1.117,0.246,-0.152,10.105903389589423,-15.42766225927912,-16.336546193835737,8.0
2016-08-02 15:31:24.660,1.113,0.254,-0.156,13.618700676872564,-15.246332615796657,-16.212127930604495,8.0
2016-08-02 15:31:24.670,1.109,0.273,-0.156,15.520950988339859,-14.697330884014846,-15.377488385477225,8.0
2016-08-02 15:31:24.680,1.102,0.297,-0.148,15.22417965363784,-14.309458917320969,-14.087599283420449,8.0
2016-08-02 15:31:24.690,1.105,0.293,-0.133,15.947296974147278,-13.895292424130073,-12.586845363436542,8.0
2016-08-02 15:31:24.700,1.094,0.285,-0.148,18.438970575140566,-13.134942500427755,-10.984867748477868,8.0
2016-08-02 15:31:24.710,1.063,0.277,-0.176,20.965175883608627,-12.834504443221174,-9.766086887217174,8.0
2016-08-02 15:31:24.720,1.043,0.277,-0.195,23.46021376050696,-12.909462927910905,-8.783025285530783,8.0
2016-08-02 15:31:24.730,1.039,0.289,-0.211,25.04255058293266,-12.398172747188005,-7.51037674615023,8.0
2016-08-02 15:31:24.740,1.031,0.285,-0.211,25.609888331789463,-11.34219624757122,-6.39880855785177,8.0
2016-08-02 15:31:24.750,1.023,0.293,-0.203,27.485438694254462,-9.941114751244928,-5.899075232282019,8.0
2016-08-02 15:31:24.760,1.023,0.297,-0.191,29.533297074911314,-7.678786411717996,-4.809223811915647,8.0
2016-08-02 15:31:24.770,1.02,0.297,-0.172,29.261649741802188,-5.130693010945029,-2.750642947986539,8.0
2016-08-02 15:31:24.780,1.004,0.297,-0.168,28.81379963493597,-3.380492241310595,-1.0941473251224052,8.0
2016-08-02 15:31:24.790,0.988,0.301,-0.176,30.275229213386055,-2.05940887285318,0.256739750722973,8.0
2016-08-02 15:31:24.800,0.996,0.297,-0.188,32.090729080489005,-0.7971978548428176,1.8172800514005822,8.0
2016-08-02 15:31:24.810,0.992,0.285,-0.215,32.824157130669676,0.4609878830515778,3.021459997481852,8.0
2016-08-02 15:31:24.820,0.965,0.285,-0.242,32.98604308315276,1.9515870031499258,4.108160619094448,8.0
2016-08-02 15:31:24.830,0.965,0.297,-0.227,33.93209638277459,3.2444139315599916,5.301791259012204,8.0
2016-08-02 15:31:24.840,0.984,0.285,-0.207,35.83110497664593,4.67545749357356,6.062468109221582,8.0
2016-08-02 15:31:24.850,0.984,0.277,-0.191,37.441695318195656,6.449698897747957,6.526170555354441,8.0
2016-08-02 15:31:24.860,0.977,0.285,-0.176,37.835642147582135,7.485904759025876,7.5118100657670475,8.0
2016-08-02 15:31:24.870,0.973,0.277,-0.188,36.439861057803654,7.997947625185059,9.384464142081436,8.0
2016-08-02 15:31:24.880,0.941,0.266,-0.215,34.548432718583456,7.727610469405345,11.224295249264296,8.0
2016-08-02 15:31:24.890,0.934,0.273,-0.234,34.53103320348511,6.223069353172099,12.577669226349517,8.0
2016-08-02 15:31:24.900,0.953,0.277,-0.242,34.69227047125747,6.014929846910829,14.855747716195438,8.0
2016-08-02 15:31:24.910,0.961,0.258,-0.23,32.76062454115888,7.361156898068883,17.830644194380383,8.0
2016-08-02 15:31:24.920,0.973,0.258,-0.219,31.01737211339666,8.26233009082869,19.711189661703976,8.0
2016-08-02 15:31:24.930,0.957,0.25,-0.211,30.342815463903918,9.564612092110272,21.422222719599116,8.0
2016-08-02 15:31:24.940,0.941,0.246,-0.195,28.73304110798148,10.659003072168659,23.563741041277204,8.0
2016-08-02 15:31:24.950,0.945,0.238,-0.203,26.75898548681834,10.555900540923158,24.444917966622018,8.0
2016-08-02 15:31:24.960,0.918,0.242,-0.215,26.08517762399354,10.773962825101227,24.90451225939853,8.0
2016-08-02 15:31:24.970,0.914,0.242,-0.203,26.424641357780008,10.757365095163596,26.110273915818894,8.0
2016-08-02 15:31:24.980,0.91,0.227,-0.207,26.384314568958462,10.438201040825904,27.007595117960154,8.0
2016-08-02 15:31:24.990,0.898,0.23,-0.199,25.062590293474926,11.199012077792437,28.662264360821794,8.0
2016-08-02 15:31:25.000,0.914,0.242,-0.184,22.874097247490575,12.268687754985578,31.276150106805087,8.0
2016-08-02 15:31:25.010,0.91,0.215,-0.195,21.33386354053072,12.732779806098243,32.14892991365896,8.0
2016-08-02 15:31:25.020,0.887,0.199,-0.195,21.673990885887168,12.19477560296524,31.818796381907852,8.0
2016-08-02 15:31:25.030,0.895,0.176,-0.176,21.34050127387766,11.333612101206585,32.067368065394376,8.0
2016-08-02 15:31:25.040,0.871,0.16,-0.172,17.132125975232487,10.880667473451975,32.26625123454945,8.0
2016-08-02 15:31:25.050,0.84,0.164,-0.168,12.267984619861632,9.58737239938353,32.60437301099225,8.0
2016-08-02 15:31:25.060,0.828,0.176,-0.141,9.962220335110091,8.350955653824583,34.17867972443226,8.0
2016-08-02 15:31:25.070,0.832,0.176,-0.105,8.404000268544113,8.932654311668228,36.74068235713922,8.0
2016-08-02 15:31:25.080,0.859,0.18,-0.098,7.7784479700218725,10.912920494468645,39.20407345746754,8.0
2016-08-02 15:31:25.090,0.879,0.172,-0.109,8.890885215155645,14.280798830900086,41.29777572653542,8.0
2016-08-02 15:31:25.100,0.84,0.148,-0.156,10.553366819517706,16.330583837823806,42.07953931020139,8.0
2016-08-02 15:31:25.110,0.793,0.113,-0.199,12.778352531896811,14.569499422366734,40.44035915585626,8.0
2016-08-02 15:31:25.120,0.777,0.086,-0.195,12.807962083754242,12.51782186412651,38.562872331652315,8.0
2016-08-02 15:31:25.130,0.785,0.09,-0.152,7.890092914749906,10.92046812904,37.39907833964229,8.0
2016-08-02 15:31:25.140,0.813,0.125,-0.105,2.0155997163955033,8.422087875722383,36.55668913257358,8.0
2016-08-02 15:31:25.150,0.832,0.133,-0.051,-1.866582876153939,7.442426881118928,37.55761685480097,8.0
2016-08-02 15:31:25.160,0.852,0.125,-0.039,-3.714937504273461,7.231294821019588,37.73350893344466,8.0
2016-08-02 15:31:25.170,0.863,0.117,-0.086,-1.9020198345223207,7.169111205050376,35.65182179083393,8.0
2016-08-02 15:31:25.180,0.859,0.105,-0.129,1.718772368826036,8.89021313849253,34.82983714381366,8.0
2016-08-02 15:31:25.190,0.883,0.102,-0.168,4.307993441211053,9.856047763325243,33.67252941263954,8.0
2016-08-02 15:31:25.200,0.922,0.098,-0.191,6.299726724991714,10.190806009355402,31.717249158985616,8.0
2016-08-02 15:31:25.210,0.941,0.09,-0.191,5.474215985948207,11.722525216099342,31.895587797218635,8.0
2016-08-02 15:31:25.220,0.93,0.102,-0.172,0.6321774654206259,10.442763037785525,31.50544346409595,8.0
2016-08-02 15:31:25.230,0.93,0.102,-0.117,-3.7575467889784253,5.808244941277518,30.152329800256673,8.0
2016-08-02 15:31:25.240,0.93,0.07,-0.082,-5.1310914935310485,1.81454744680508,29.626840259792175,8.0
2016-08-02 15:31:25.250,0.914,0.055,-0.059,-4.43005682791234,-1.165514252689439,27.865274874792597,8.0
2016-08-02 15:31:25.260,0.91,0.055,-0.059,-4.376523110809805,-2.631119175593171,26.624781044293737,8.0
2016-08-02 15:31:25.270,0.898,0.074,-0.082,-7.313549136349167,-2.3259903424595247,27.075965441671507,8.0
2016-08-02 15:31:25.280,0.863,0.082,-0.109,-9.156879880868052,-2.465688540448844,25.88462404754515,8.0
2016-08-02 15:31:25.290,0.867,0.082,-0.117,-7.5706832124924315,-2.0683348111573427,23.695810458030515,8.0
2016-08-02 15:31:25.300,0.883,0.074,-0.113,-7.417904095200168,-0.16326344813142543,21.788010975407502,8.0
2016-08-02 15:31:25.310,0.902,0.063,-0.152,-7.21970194053569,1.2070049220781374,18.822936293917316,8.0
2016-08-02 15:31:25.320,0.879,0.02,-0.184,-2.033227891091636,2.124911944358737,15.414689392473068,8.0
2016-08-02 15:31:25.330,0.816,-0.039,-0.191,4.099706889962694,2.134442888153149,11.486280020955988,8.0
2016-08-02 15:31:25.340,0.785,-0.059,-0.176,6.420758977944882,0.44223571020475533,6.589912699096748,8.0
2016-08-02 15:31:25.350,0.801,-0.027,-0.141,5.5199876970705075,0.16827537099090206,3.785759426983678,8.0
2016-08-02 15:31:25.360,0.848,0.027,-0.109,3.3477972841778496,2.312728085707417,3.9232428960757497,8.0
2016-08-02 15:31:25.370,0.879,0.07,-0.094,3.223380870802477,4.63539560424344,4.492288797900866,8.0
2016-08-02 15:31:25.380,0.887,0.059,-0.082,5.642243668523964,6.078489618004381,4.263789742627746,8.0
2016-08-02 15:31:25.390,0.875,0.012,-0.129,7.443366807491298,5.2611214491241745,1.707237374716885,8.0
2016-08-02 15:31:25.400,0.844,-0.016,-0.172,8.52952106702497,2.205064182878066,-2.2236827801103365,8.0
2016-08-02 15:31:25.410,0.816,-0.039,-0.188,8.625560720628835,-0.7297315428514874,-4.035130660643011,8.0
2016-08-02 15:31:25.420,0.832,-0.031,-0.172,5.662629282175015,-3.081567755658406,-4.754075372068858,8.0
2016-08-02 15:31:25.430,0.871,0.016,-0.152,2.637670289792503,-4.641740444878185,-5.519095905922156,8.0
2016-08-02 15:31:25.440,0.906,0.023,-0.117,3.339402046015225,-4.227463757419239,-5.030869366830912,8.0
2016-08-02 15:31:25.450,0.922,0.02,-0.09,5.758978449460549,-3.2900449972294465,-5.512115711814214,8.0
2016-08-02 15:31:25.460,0.922,0.035,-0.086,6.974490487767325,-3.380693424785954,-7.727427809272413,8.0
2016-08-02 15:31:25.470,0.938,0.051,-0.105,7.316185334878263,-3.271987380332813,-9.225612146226183,8.0
2016-08-02 15:31:25.480,0.945,0.051,-0.137,7.214233699513372,-2.7368891358849345,-11.079322094296325,8.0
2016-08-02 15:31:25.490,0.922,0.031,-0.172,5.896346879818759,-3.6089126844907016,-14.039813994287414,8.0
2016-08-02 15:31:25.500,0.879,0.023,-0.191,4.375030923946785,-6.12807687651031,-16.435983068176313,8.0
2016-08-02 15:31:25.510,0.871,0.02,-0.176,3.677747495069248,-8.420881247355776,-18.45792178647245,8.0
2016-08-02 15:31:25.520,0.891,0.023,-0.137,2.434229755103987,-9.32751521208538,-20.232406476658475,8.0
2016-08-02 15:31:25.530,0.914,0.043,-0.105,0.3480686238620164,-9.0210056423709,-21.14556433138319,8.0
2016-08-02 15:31:25.540,0.93,0.059,-0.105,-0.7740817204708369,-7.715634239247714,-21.833236046051795,8.0
2016-08-02 15:31:25.550,0.93,0.074,-0.113,-0.015370822326439215,-5.541939378313272,-23.04628052162532,8.0
2016-08-02 15:31:25.560,0.926,0.07,-0.137,1.2794465848279963,-3.2532647830410255,-24.6959148438627,8.0
2016-08-02 15:31:25.570,0.926,0.07,-0.152,1.2333036546504828,-1.686016417963814,-26.42535535759705,8.0
2016-08-02 15:31:25.580,0.914,0.059,-0.168,-0.5943176429633659,-0.9572215920402662,-28.025302563445845,8.0
2016-08-02 15:31:25.590,0.891,0.055,-0.168,-3.6118850291559514,-1.1222906917430668,-29.42485693314765,8.0
2016-08-02 15:31:25.600,0.879,0.051,-0.148,-7.107446003356605,-1.9698521970358864,-30.66082971954276,8.0
2016-08-02 15:31:25.610,0.859,0.051,-0.129,-10.596823612774623,-2.9683456069998178,-31.675895582901646,8.0
2016-08-02 15:31:25.620,0.859,0.066,-0.102,-12.790829159411016,-3.7911819238109326,-32.479363753545954,8.0
2016-08-02 15:31:25.630,0.891,0.09,-0.078,-11.981180743590073,-3.1051252808572363,-33.184550411545395,8.0
2016-08-02 15:31:25.640,0.938,0.102,-0.086,-8.833529104458016,-0.36572558421838214,-33.45849371692612,8.0
2016-08-02 15:31:25.650,0.938,0.098,-0.121,-5.462412438118861,1.9415740723752641,-33.25914017912318,8.0
2016-08-02 15:31:25.660,0.902,0.094,-0.152,-3.4482189444635476,2.000931234902667,-33.49233807056529,8.0
2016-08-02 15:31:25.670,0.859,0.082,-0.172,-4.815851719455595,0.45973657631497794,-34.52197181938684,8.0
2016-08-02 15:31:25.680,0.82,0.078,-0.164,-10.825263519246288,-2.119405167581907,-35.692230718161454,8.0
2016-08-02 15:31:25.690,0.809,0.09,-0.125,-19.18204551950381,-5.183341846513775,-36.64574479253753,8.0
2016-08-02 15:31:25.700,0.852,0.105,-0.078,-25.603383973778598,-6.795468716034323,-36.92124866145157,8.0
2016-08-02 15:31:25.710,0.906,0.129,-0.063,-27.378339180939022,-5.645326682758187,-35.97174154943747,8.0
2016-08-02 15:31:25.720,0.926,0.16,-0.082,-24.131456680067366,-3.1260073231128582,-34.66083626586279,8.0
2016-08-02 15:31:25.730,0.926,0.176,-0.109,-17.72208511187025,-0.743900172668586,-33.99277787639291,8.0
2016-08-02 15:31:25.740,0.895,0.141,-0.141,-12.576643442663169,0.860564151768995,-33.84150697143397,8.0
2016-08-02 15:31:25.750,0.848,0.117,-0.16,-13.057141794481392,0.31478354704839456,-34.058473354873826,8.0
2016-08-02 15:31:25.760,0.801,0.117,-0.156,-19.461463151303192,-2.086185604645375,-34.45187890498464,8.0
2016-08-02 15:31:25.770,0.797,0.148,-0.125,-28.02720631669053,-3.940575107557973,-34.40431574155661,8.0
2016-08-02 15:31:25.780,0.848,0.191,-0.086,-33.83109618586296,-3.7070761620604538,-33.345686057788086,8.0
2016-08-02 15:31:25.790,0.918,0.219,-0.082,-34.403591040201725,-0.6549433007295847,-31.180363119766483,8.0
2016-08-02 15:31:25.800,0.953,0.227,-0.109,-30.120856654803475,4.110120435326435,-29.13305209835215,8.0
2016-08-02 15:31:25.810,0.945,0.207,-0.145,-22.07864407469195,7.319288119567315,-28.701013357306756,8.0
2016-08-02 15:31:25.820,0.914,0.16,-0.152,-14.77475617993837,7.850317889566245,-29.27115217018481,8.0
2016-08-02 15:31:25.830,0.871,0.141,-0.156,-14.445897162729167,6.231798945448739,-29.982777450419455,8.0
2016-08-02 15:31:25.840,0.84,0.176,-0.141,-20.81915875740423,2.6148175317169255,-30.73896128750266,8.0
2016-08-02 15:31:25.850,0.855,0.227,-0.094,-28.30772246513,-0.07688385726300545,-29.762036712898453,8.0
2016-08-02 15:31:25.860,0.898,0.242,-0.07,-32.41541176495065,0.5983398466522133,-26.951282027940483,8.0
2016-08-02 15:31:25.870,0.938,0.262,-0.074,-31.017216960540996,2.7120872986402222,-24.77778090923648,8.0
2016-08-02 15:31:25.880,0.945,0.238,-0.109,-25.709096310563922,5.456355282830371,-22.997075193482857,8.0
2016-08-02 15:31:25.890,0.906,0.219,-0.156,-21.131390161412895,8.061383367737381,-21.37854254298496,8.0
2016-08-02 15:31:25.900,0.859,0.23,-0.172,-20.326715789764027,7.513647846839077,-20.6844114951892,8.0
2016-08-02 15:31:25.910,0.836,0.238,-0.152,-23.635759095283124,4.972439640379049,-19.57217352254585,8.0
2016-08-02 15:31:25.920,0.852,0.258,-0.105,-28.105556217061608,3.2151306210672503,-18.58530938092721,8.0
2016-08-02 15:31:25.930,0.891,0.273,-0.063,-29.454702303838197,2.6265171116089068,-18.029487227316903,8.0
2016-08-02 15:31:25.940,0.938,0.277,-0.043,-27.186449481294844,4.342024701868517,-16.113338545745552,8.0
2016-08-02 15:31:25.950,0.98,0.285,-0.063,-22.592633525219224,8.032816891268237,-14.006500205697257,8.0
2016-08-02 15:31:25.960,0.973,0.285,-0.117,-17.888321073786344,11.242647007239558,-12.219939448253063,8.0
2016-08-02 15:31:25.970,0.938,0.281,-0.184,-15.641343016384056,11.903152218900704,-10.480376042433345,8.0
2016-08-02 15:31:25.980,0.902,0.27,-0.211,-15.129650922260192,9.761333791617245,-10.101850920251415,8.0
2016-08-02 15:31:25.990,0.887,0.25,-0.188,-17.225833314206632,6.983375505324092,-9.856443277639514,8.0
2016-08-02 15:31:26.000,0.914,0.285,-0.125,-23.850211441890384,4.452946632167085,-8.913021485981728,8.0
2016-08-02 15:31:26.010,1.008,0.344,-0.066,-31.41475855394159,4.165930723546918,-6.821050188001145,8.0
2016-08-02 15:31:26.020,1.059,0.344,-0.07,-34.550435090734155,7.840471124598575,-3.153352027732289,8.0
2016-08-02 15:31:26.030,1.027,0.348,-0.109,-29.63580906763699,9.975510511172146,-1.3326310703292532,8.0
2016-08-02 15:31:26.040,0.988,0.305,-0.141,-18.99797526348018,9.61312085794803,-1.0464538586021592,8.0
2016-08-02 15:31:26.050,0.961,0.246,-0.152,-11.973026929269071,10.323363361195138,-0.6274318529832837,8.0
2016-08-02 15:31:26.060,0.949,0.258,-0.16,-12.610726792463952,8.204769910883366,-2.2235998986971635,8.0
2016-08-02 15:31:26.070,0.969,0.281,-0.133,-17.77698638753023,4.687968354676097,-2.3611267414523107,8.0
2016-08-02 15:31:26.080,0.992,0.324,-0.109,-22.763229050482945,4.124638056100441,0.12002408864224863,8.0
2016-08-02 15:31:26.090,1.059,0.387,-0.094,-22.4540387252038,3.8107875834820595,2.0151889675126373,8.0
2016-08-02 15:31:26.100,1.098,0.355,-0.117,-20.48292820032553,6.517413091848699,7.0727575776730305,8.0
2016-08-02 15:31:26.110,1.051,0.313,-0.164,-21.987443456434576,10.470006647068058,11.810248771832603,8.0
2016-08-02 15:31:26.120,0.977,0.281,-0.184,-21.38785834080399,7.930881413502318,10.024492230794905,8.0
2016-08-02 15:31:26.130,0.945,0.242,-0.191,-18.547766279712853,5.01761932851152,9.620921879353663,8.0
2016-08-02 15:31:26.140,0.941,0.25,-0.176,-19.04203908912713,4.7935754692221195,11.869581852119854,8.0
2016-08-02 15:31:26.150,0.977,0.297,-0.137,-20.164976284834804,2.847908150532053,10.870022561557754,8.0
2016-08-02 15:31:26.160,1.039,0.324,-0.105,-19.52865068933397,4.146096042244928,11.096371423581703,8.0
2016-08-02 15:31:26.170,1.098,0.34,-0.105,-17.92940848948969,9.206375040225234,13.966428035259373,8.0
2016-08-02 15:31:26.180,1.117,0.324,-0.133,-16.08184422595574,12.851324813927743,16.12331757103724,8.0
2016-08-02 15:31:26.190,1.074,0.27,-0.172,-16.421505820954785,15.135743961546652,18.471928185487396,8.0
2016-08-02 15:31:26.200,1.004,0.223,-0.203,-17.67282247655499,13.963873381551954,19.937484862979062,8.0
2016-08-02 15:31:26.210,0.965,0.199,-0.203,-17.299896941021217,9.612674831578442,20.55438767925329,8.0
2016-08-02 15:31:26.220,0.957,0.207,-0.172,-17.44228091358557,6.8402121717572495,22.499278698114647,8.0
2016-08-02 15:31:26.230,0.984,0.23,-0.125,-19.73514001105769,5.186288517786957,24.140166660567417,8.0
2016-08-02 15:31:26.240,1.031,0.262,-0.094,-22.425869311977507,4.725652355454562,25.210937074714614,8.0
2016-08-02 15:31:26.250,1.07,0.258,-0.078,-22.127050626714972,7.4178721527145015,27.187911485190646,8.0
2016-08-02 15:31:26.260,1.09,0.254,-0.098,-17.79031867445809,10.757539012225447,29.10345131730154,8.0
2016-08-02 15:31:26.270,1.082,0.238,-0.145,-13.754048601453706,13.186188623489867,31.149757436240805,8.0
2016-08-02 15:31:26.280,1.047,0.211,-0.191,-12.956898083187198,14.416518689155152,33.86705059165982,8.0
2016-08-02 15:31:26.290,1.016,0.188,-0.195,-12.487665559796424,13.043532315418677,35.24047881961501,8.0
2016-08-02 15:31:26.300,1.02,0.176,-0.16,-11.063817080779007,11.207540498210843,35.456343312419335,8.0
2016-08-02 15:31:26.310,1.035,0.18,-0.102,-11.532679957939434,10.64014550539746,36.599968482722375,8.0
2016-08-02 15:31:26.320,1.051,0.184,-0.047,-13.875670528877535,10.040337008140149,38.295848954434874,8.0
2016-08-02 15:31:26.330,1.039,0.168,-0.031,-14.912725322709155,9.926397822497016,40.654937867502866,8.0
2016-08-02 15:31:26.340,1.004,0.141,-0.043,-14.58095224414894,11.386056097676462,44.48736078902075,8.0
2016-08-02 15:31:26.350,0.977,0.129,-0.078,-14.776885230843781,14.262896304958586,48.419174519407335,8.0
2016-08-02 15:31:26.360,0.965,0.164,-0.121,-13.387839803563498,17.263107916106197,51.75081857696948,8.0
2016-08-02 15:31:26.370,0.996,0.18,-0.133,-8.323986469125275,19.832718401728837,55.436539760014156,8.0
2016-08-02 15:31:26.380,1.043,0.184,-0.145,-3.068134256467024,22.568646125287597,58.70071705991778,8.0
2016-08-02 15:31:26.390,1.094,0.168,-0.109,0.303665830027937,24.903816639089555,60.1890361104449,8.0
2016-08-02 15:31:26.400,1.125,0.125,-0.047,4.219444547288026,26.66186094573726,60.60838982464941,8.0
2016-08-02 15:31:26.410,1.133,0.105,-0.004,7.6807076385493,27.369055983535844,60.47582100157665,8.0
2016-08-02 15:31:26.420,1.121,0.094,0.016,6.781539855538191,27.16450056491753,60.27204936975827,8.0
2016-08-02 15:31:26.430,1.09,0.074,0.016,3.2047509643156165,27.151030962608832,60.52866623941344,8.0
2016-08-02 15:31:26.440,1.066,0.07,0.0,0.8158834122226498,25.66222990883234,60.45149226147281,8.0
2016-08-02 15:31:26.450,1.066,0.07,0.004,-1.9272295992194974,22.46492979114109,61.093786649688596,8.0
2016-08-02 15:31:26.460,1.098,0.063,-0.016,-6.7232663641578725,19.472564517401885,61.97431119199007,8.0
2016-08-02 15:31:26.470,1.137,0.059,-0.051,-10.18167763542046,16.751703720838446,59.84047674706707,8.0
2016-08-02 15:31:26.480,1.164,0.02,-0.082,-8.199626475611645,15.258047472418284,55.57694890679211,8.0
2016-08-02 15:31:26.490,1.172,-0.027,-0.105,-1.6452054725107494,15.253563856846771,50.886041666884985,8.0
2016-08-02 15:31:26.500,1.164,-0.055,-0.094,3.8797157095517263,14.86247057157558,45.57856333941064,8.0
2016-08-02 15:31:26.510,1.172,-0.055,-0.055,6.200091249569432,14.295169444838029,40.08729299624501,8.0
2016-08-02 15:31:26.520,1.176,-0.043,-0.023,8.52172005821625,14.405705178686654,34.61161512624156,8.0
2016-08-02 15:31:26.530,1.188,-0.051,-0.004,11.818314422614863,14.708508162322389,30.11418981241739,8.0
2016-08-02 15:31:26.540,1.18,-0.066,0.012,14.944004573931714,14.295729222085797,26.768552016905872,8.0
2016-08-02 15:31:26.550,1.164,-0.066,0.012,16.531098417966714,12.09313553554914,23.717896720755967,8.0
2016-08-02 15:31:26.560,1.168,-0.051,0.0,14.749582574504583,9.048284477781253,21.302299638109798,8.0
2016-08-02 15:31:26.570,1.172,-0.059,-0.016,12.042860103749488,6.999473595111834,18.763362671829626,8.0
2016-08-02 15:31:26.580,1.156,-0.082,-0.023,11.255347006374487,5.01257695525955,15.394186347689336,8.0
2016-08-02 15:31:26.590,1.133,-0.07,-0.016,10.114159711830744,2.3703580185002537,12.634943101168336,8.0
2016-08-02 15:31:26.600,1.129,-0.07,0.008,8.944946989465414,0.865126341848912,10.408530073816921,8.0
2016-08-02 15:31:26.610,1.137,-0.094,0.031,11.799105788788077,0.5737579298810763,6.8444120470022884,8.0
2016-08-02 15:31:26.620,1.145,-0.105,0.043,16.430928411609912,0.14661826533165165,2.855397418541396,8.0
2016-08-02 15:31:26.630,1.129,-0.105,0.023,17.163312931948695,-0.35151447825872484,0.4647773496579851,8.0
2016-08-02 15:31:26.640,1.113,-0.109,0.004,15.417577287162867,-1.205982910772151,-1.151710673357555,8.0
2016-08-02 15:31:26.650,1.113,-0.102,-0.027,14.158533895175967,-2.344761515904543,-2.6388670116585504,8.0
2016-08-02 15:31:26.660,1.086,-0.09,-0.031,11.132678116198583,-3.092505047280045,-2.6292922710977216,8.0
2016-08-02 15:31:26.670,1.078,-0.082,-0.016,7.639702795695261,-4.064929139320667,-1.631189866785172,8.0
2016-08-02 15:31:26.680,1.098,-0.063,0.0,8.314253274984283,-4.362866279063456,-1.6108219863662847,8.0
2016-08-02 15:31:26.690,1.09,-0.074,0.0,11.204679008096324,-3.264591263629461,-1.7146783817075082,8.0
2016-08-02 15:31:26.700,1.082,-0.094,0.008,13.543885874054915,-2.87093475795886,-1.1372335158276754,8.0
2016-08-02 15:31:26.710,1.078,-0.07,0.012,15.384984108179689,-3.074749171815583,-0.9048472950479597,8.0
2016-08-02 15:31:26.720,1.063,-0.051,0.023,14.328361878819148,-2.824784846457135,-0.6632644540803359,8.0
2016-08-02 15:31:26.730,1.047,-0.059,0.031,11.764682415494907,-2.979565611881365,-0.6863393400506601,8.0
2016-08-02 15:31:26.740,1.039,-0.059,0.027,11.109529453554105,-3.1379120283453767,-1.3165558576727312,8.0
2016-08-02 15:31:26.750,1.047,-0.059,0.016,10.451453253937462,-2.8645976685012733,-1.4911839482330496,8.0
2016-08-02 15:31:26.760,1.043,-0.066,0.008,9.709468470980594,-2.6996937682081303,-1.765057486520777,8.0
2016-08-02 15:31:26.770,1.023,-0.066,0.012,9.167433716475998,-2.84898705550561,-2.3684917858867998,8.0
2016-08-02 15:31:26.780,1.023,-0.063,0.02,6.341286661882755,-3.3654668780102734,-2.6535006344605008,8.0
2016-08-02 15:31:26.790,1.027,-0.051,0.039,2.903971460387762,-3.456436559860781,-2.8199031835136843,8.0
2016-08-02 15:31:26.800,1.02,-0.039,0.055,0.3246936480653574,-3.317821800385617,-2.587865311852758,8.0
2016-08-02 15:31:26.810,1.023,-0.043,0.063,-2.3700107516284916,-3.7630560326195237,-2.421473688741283,8.0
2016-08-02 15:31:26.820,1.023,-0.051,0.055,-3.423451868585104,-3.644746202115336,-2.6915338755458276,8.0
2016-08-02 15:31:26.830,1.023,-0.063,0.035,-2.7206769488657256,-2.9361793740903046,-2.4785442162835416,8.0
2016-08-02 15:31:26.840,1.027,-0.055,0.016,-2.6764723673754833,-2.582687474965977,-2.0288952159760543,8.0
2016-08-02 15:31:26.850,1.02,-0.035,0.012,-3.750426063523078,-2.115104458351865,-1.6782640510983684,8.0
2016-08-02 15:31:26.860,1.016,-0.039,0.023,-5.103638627120316,-1.6185651015634286,-1.4394173085233,8.0
2016-08-02 15:31:26.870,1.023,-0.047,0.035,-5.533033508863241,-1.0683419981809805,-1.9242760226090851,8.0
2016-08-02 15:31:26.880,1.02,-0.039,0.027,-5.725508181604113,-0.43223281910332645,-2.209556004794858,8.0
2016-08-02 15:31:26.890,1.027,-0.035,0.027,-7.26481180276409,-0.6441647756723118,-1.8065823612148795,8.0
2016-08-02 15:31:26.900,1.047,-0.039,0.031,-8.106702714907748,-0.7715553158027514,-2.3631338108515476,8.0
2016-08-02 15:31:26.910,1.051,-0.043,0.023,-7.519150182193573,-0.1637300156604074,-3.6098779822692637,8.0
2016-08-02 15:31:26.920,1.051,-0.051,0.027,-7.935586508484658,-0.4308891621709128,-4.696019658191282,8.0
2016-08-02 15:31:26.930,1.063,-0.051,0.031,-8.649072807419145,-0.8769347387664984,-6.6411160276082954,8.0
2016-08-02 15:31:26.940,1.07,-0.047,0.023,-9.050144282627203,-0.5910763827473817,-8.799771821794895,8.0
2016-08-02 15:31:26.950,1.066,-0.047,0.023,-10.513476177931944,-1.3796918005261412,-10.208151688216985,8.0
2016-08-02 15:31:26.960,1.066,-0.035,0.023,-11.86517434654819,-2.824576962615291,-11.56377514854757,8.0
2016-08-02 15:31:26.970,1.074,-0.035,0.023,-12.367567630971353,-3.301793034620009,-12.849056378872518,8.0
2016-08-02 15:31:26.980,1.09,-0.043,0.016,-12.645039991149432,-3.559722072946063,-14.407114914830046,8.0
2016-08-02 15:31:26.990,1.105,-0.043,0.004,-12.062911463923973,-3.9712162403862825,-16.482513101894153,8.0
2016-08-02 15:31:27.000,1.098,-0.039,-0.012,-10.595792152815658,-4.402956459677932,-18.074393201461163,8.0
2016-08-02 15:31:27.010,1.094,-0.051,-0.027,-8.37623818899877,-5.308076216375352,-19.554840352994617,8.0
2016-08-02 15:31:27.020,1.094,-0.059,-0.039,-5.79091424739652,-6.025072695966473,-21.42119874106532,8.0
2016-08-02 15:31:27.030,1.09,-0.055,-0.039,-4.52798675684514,-6.244041099379919,-22.883986794594804,8.0
2016-08-02 15:31:27.040,1.094,-0.043,-0.039,-4.457061104051016,-7.136566189699499,-24.158841524193814,8.0
2016-08-02 15:31:27.050,1.121,-0.027,-0.02,-4.541512199872972,-8.283653382330378,-25.981130916309432,8.0
2016-08-02 15:31:27.060,1.156,-0.023,-0.004,-5.341744217793134,-8.477789258393038,-28.643907166942867,8.0
2016-08-02 15:31:27.070,1.168,-0.031,-0.008,-6.8983642457770324,-8.866185469153702,-32.116648230000834,8.0
2016-08-02 15:31:27.080,1.168,-0.051,-0.016,-8.709485782761057,-10.444346229353213,-35.297381510316484,8.0
2016-08-02 15:31:27.090,1.152,-0.059,-0.02,-11.05003968504601,-12.533803211659125,-37.303344943175574,8.0
2016-08-02 15:31:27.100,1.141,-0.047,-0.027,-14.452744161139128,-14.78582763427761,-38.59920786653726,8.0
2016-08-02 15:31:27.110,1.145,-0.016,-0.027,-18.525061560552587,-16.530995790613545,-39.814863971896116,8.0
2016-08-02 15:31:27.120,1.164,0.016,-0.023,-20.940478620251472,-17.198445440087944,-41.409670887950156,8.0
2016-08-02 15:31:27.130,1.188,0.035,-0.023,-20.144680141326663,-17.448034741666678,-43.43234871367869,8.0
2016-08-02 15:31:27.140,1.211,0.012,-0.047,-18.08172001119614,-17.154466948216275,-45.14885398964212,8.0
2016-08-02 15:31:27.150,1.195,-0.008,-0.09,-17.426968186001453,-16.689525438906266,-46.269816270533475,8.0
2016-08-02 15:31:27.160,1.148,0.008,-0.125,-18.548156167198155,-18.109875366483582,-46.84986435489799,8.0
2016-08-02 15:31:27.170,1.133,0.043,-0.121,-20.161867026702755,-20.428288166405032,-46.21302309232187,8.0
2016-08-02 15:31:27.180,1.16,0.07,-0.086,-20.58855583852626,-20.451103376401775,-44.589097870912184,8.0
2016-08-02 15:31:27.190,1.195,0.078,-0.07,-18.81244696837802,-18.385411070633232,-43.39961646222372,8.0
2016-08-02 15:31:27.200,1.203,0.09,-0.078,-15.701996430975825,-16.637198554552196,-42.795737730828435,8.0
2016-08-02 15:31:27.210,1.184,0.105,-0.098,-12.840123995029318,-16.686078503956583,-41.927693077631936,8.0
2016-08-02 15:31:27.220,1.168,0.109,-0.094,-11.136307277963267,-18.106831434835467,-40.709927818894926,8.0
2016-08-02 15:31:27.230,1.164,0.113,-0.094,-11.119969010547253,-19.103716068129057,-39.742177726711866,8.0
2016-08-02 15:31:27.240,1.156,0.113,-0.102,-11.916564825404146,-19.415916707585875,-39.112972755075475,8.0
2016-08-02 15:31:27.250,1.141,0.117,-0.117,-11.746643714260305,-19.8533576310292,-38.14211673209037,8.0
2016-08-02 15:31:27.260,1.129,0.121,-0.113,-10.445873882216794,-19.9924706969917,-36.96294733229056,8.0
2016-08-02 15:31:27.270,1.125,0.137,-0.109,-8.404020873283207,-19.69482705508088,-36.3804947293021,8.0
2016-08-02 15:31:27.280,1.141,0.16,-0.113,-5.508454952371791,-19.02627973256933,-35.703444095491534,8.0
2016-08-02 15:31:27.290,1.133,0.172,-0.137,-2.8643637979130254,-17.665542268022453,-33.81788526582765,8.0
2016-08-02 15:31:27.300,1.094,0.164,-0.152,-1.309085383195821,-17.393231660021065,-31.72771035354993,8.0
2016-08-02 15:31:27.310,1.07,0.176,-0.148,-0.042250253315674724,-19.062674209472476,-30.408165880488248,8.0
2016-08-02 15:31:27.320,1.078,0.195,-0.141,0.7698395513973054,-19.549240822309432,-28.58075973857549,8.0
2016-08-02 15:31:27.330,1.078,0.215,-0.121,1.227021684214474,-18.151908444604086,-25.851339736594852,8.0
2016-08-02 15:31:27.340,1.063,0.211,-0.117,3.817571975406767,-17.576071003463554,-24.05531641220739,8.0
2016-08-02 15:31:27.350,1.039,0.191,-0.129,9.165652914879914,-17.79868336987319,-23.728338981679023,8.0
2016-08-02 15:31:27.360,1.016,0.203,-0.148,14.039476635477747,-17.730793524853134,-23.001699927199223,8.0
2016-08-02 15:31:27.370,1.02,0.234,-0.156,15.722509003166103,-17.602652698216275,-20.998352600423296,8.0
2016-08-02 15:31:27.380,1.023,0.242,-0.18,16.22789510762697,-17.238182745298122,-19.096467577246862,8.0
2016-08-02 15:31:27.390,1.008,0.246,-0.188,19.69713631619853,-17.21667261888397,-17.400701277513445,8.0
2016-08-02 15:31:27.400,1.012,0.246,-0.164,25.22686835142184,-17.44642179820819,-14.841691206778233,8.0
2016-08-02 15:31:27.410,1.016,0.234,-0.141,28.907422217946895,-16.458882277659058,-12.767937243515973,8.0
2016-08-02 15:31:27.420,1.016,0.254,-0.129,30.13915427860929,-15.619976659665879,-11.564503145588754,8.0
2016-08-02 15:31:27.430,1.012,0.27,-0.113,29.661065996071404,-16.00303251396166,-9.265260051703878,8.0
2016-08-02 15:31:27.440,1.004,0.262,-0.109,28.166119779725342,-16.108777671447776,-7.020771913219077,8.0
2016-08-02 15:31:27.450,0.988,0.254,-0.102,26.968605475527504,-16.372758011896906,-6.033001705607712,8.0
2016-08-02 15:31:27.460,0.996,0.254,-0.098,25.85091885484328,-16.50855717270894,-4.5589778182937435,8.0
2016-08-02 15:31:27.470,1.008,0.258,-0.109,25.086654038034773,-15.28980415122242,-2.554602368111588,8.0
2016-08-02 15:31:27.480,1.004,0.273,-0.113,26.08681566554375,-14.54118966680338,-0.1464993473547208,8.0
2016-08-02 15:31:27.490,0.996,0.27,-0.129,27.31723009828304,-14.69771016291971,2.6267506993604663,8.0
2016-08-02 15:31:27.500,0.969,0.273,-0.16,27.43903796915486,-14.238644752502935,4.152097973563169,8.0
2016-08-02 15:31:27.510,0.961,0.277,-0.148,27.605356230948075,-13.584837968349367,5.422495220182041,8.0
2016-08-02 15:31:27.520,0.973,0.281,-0.117,27.44110838002345,-13.329300165731626,7.099054481109117,8.0
2016-08-02 15:31:27.530,0.984,0.285,-0.098,27.2500776440477,-13.127677890487494,7.745298363120708,8.0
2016-08-02 15:31:27.540,0.98,0.285,-0.113,28.627906274695853,-12.188820530057646,8.919962812783332,8.0
2016-08-02 15:31:27.550,0.977,0.281,-0.137,29.73327773815794,-10.36219815186578,10.973296831516446,8.0
2016-08-02 15:31:27.560,0.965,0.293,-0.176,28.580594151905853,-9.368033153326323,12.02919503121731,8.0
2016-08-02 15:31:27.570,0.957,0.305,-0.184,25.486999613032893,-9.711916574471681,13.369970883461974,8.0
2016-08-02 15:31:27.580,0.957,0.309,-0.168,20.601699920907492,-9.61456399768019,14.80086471838938,8.0
2016-08-02 15:31:27.590,0.969,0.32,-0.137,16.94306634347906,-8.403033978620039,14.546112936576357,8.0
2016-08-02 15:31:27.600,0.977,0.309,-0.117,17.563093960392685,-6.153314109960219,14.660310620329701,8.0
2016-08-02 15:31:27.610,0.953,0.293,-0.121,20.580654145930605,-3.6041686380233173,15.305008344238928,8.0
2016-08-02 15:31:27.620,0.934,0.293,-0.141,24.390100205185583,-2.397498249408242,14.816862273129306,8.0
2016-08-02 15:31:27.630,0.934,0.309,-0.16,27.51418242403609,-1.6492974713941375,15.027732984281268,8.0
2016-08-02 15:31:27.640,0.941,0.324,-0.164,27.989902513678533,-0.49144589702588826,15.821957028013216,8.0
2016-08-02 15:31:27.650,0.953,0.336,-0.152,27.351704727202616,-0.21024631037226557,15.93870543241282,8.0
2016-08-02 15:31:27.660,0.949,0.328,-0.141,25.691361943904838,-0.26342304810128686,16.66085741743282,8.0
2016-08-02 15:31:27.670,0.934,0.305,-0.109,22.44151871363463,-0.013421407071282185,17.061499286228962,8.0
2016-08-02 15:31:27.680,0.941,0.277,-0.09,21.02667697925175,0.008906739397231717,15.948800705043581,8.0
2016-08-02 15:31:27.690,0.93,0.246,-0.109,22.010519867108314,0.3148554968435679,14.977320081961484,8.0
2016-08-02 15:31:27.700,0.895,0.234,-0.129,22.79434076221174,0.7142656526796578,14.933194403307478,8.0
2016-08-02 15:31:27.710,0.895,0.254,-0.137,22.619820163858023,1.3815040683479083,15.808836083025996,8.0
2016-08-02 15:31:27.720,0.898,0.277,-0.141,21.743793334350627,2.952206110983691,17.98712101749158,8.0
2016-08-02 15:31:27.730,0.902,0.277,-0.137,21.92931027642782,3.620124715770197,20.184671431615733,8.0
2016-08-02 15:31:27.740,0.906,0.27,-0.152,23.469465352737547,3.189322488588405,21.081832415291103,8.0
2016-08-02 15:31:27.750,0.906,0.215,-0.141,23.73967233746604,3.2779861924146685,21.36232198982339,8.0
2016-08-02 15:31:27.760,0.898,0.18,-0.133,22.773233794802184,2.7743839335364946,20.732217470771715,8.0
2016-08-02 15:31:27.770,0.883,0.16,-0.164,22.883477894873685,1.9793686257703504,19.299441165108412,8.0
2016-08-02 15:31:27.780,0.867,0.145,-0.164,23.89662682931827,2.666635891194347,19.29132802563985,8.0
2016-08-02 15:31:27.790,0.875,0.156,-0.145,23.57067113329154,3.174872885706936,20.23889712018722,8.0
2016-08-02 15:31:27.800,0.887,0.176,-0.145,21.61689998870286,3.3355630227229254,21.671715053236685,8.0
2016-08-02 15:31:27.810,0.887,0.176,-0.133,20.012619257217274,4.566379643998221,24.5792716386456,8.0
2016-08-02 15:31:27.820,0.891,0.164,-0.121,19.62490596769915,5.424707938597012,26.55233340647623,8.0
2016-08-02 15:31:27.830,0.887,0.152,-0.141,19.82224414513612,5.869827155376231,27.3163652049019,8.0
2016-08-02 15:31:27.840,0.867,0.117,-0.133,20.24370169462341,6.056185295894492,28.35215043818785,8.0
2016-08-02 15:31:27.850,0.852,0.105,-0.145,21.438827808700673,4.450828433966761,27.901999342835968,8.0
2016-08-02 15:31:27.860,0.836,0.109,-0.145,22.7405637745434,2.3515245744235984,27.62451816771663,8.0
2016-08-02 15:31:27.870,0.832,0.102,-0.137,21.625381427984404,1.0832751381833194,28.948652678698018,8.0
2016-08-02 15:31:27.880,0.809,0.098,-0.133,19.00387705481686,-0.27492431474098195,29.22822120544693,8.0
2016-08-02 15:31:27.890,0.797,0.102,-0.105,17.282546780055995,-1.1171541196203236,29.82392039661285,8.0
2016-08-02 15:31:27.900,0.805,0.09,-0.078,14.642984906955363,-0.2966460341359259,31.122231539433542,8.0
2016-08-02 15:31:27.910,0.813,0.086,-0.07,11.412309682251927,2.2104994562279483,30.894416601522426,8.0
2016-08-02 15:31:27.920,0.824,0.074,-0.113,11.035789821739414,6.512864495598995,30.93354255023108,8.0
2016-08-02 15:31:27.930,0.793,0.039,-0.176,13.34209555992165,10.547035514016297,30.572455625752625,8.0
2016-08-02 15:31:27.940,0.754,0.023,-0.207,16.48850776876354,10.743260010410298,27.67180496511906,8.0
2016-08-02 15:31:27.950,0.766,0.035,-0.191,17.45574371941008,7.93924870690711,25.1047345732706,8.0
2016-08-02 15:31:27.960,0.781,0.051,-0.141,13.709191484867079,4.834635985170784,24.45186194623617,8.0
2016-08-02 15:31:27.970,0.797,0.055,-0.078,8.55671838887076,1.4537786364702667,24.03189904239615,8.0
2016-08-02 15:31:27.980,0.805,0.059,-0.047,5.136256618354086,-1.179517268857246,23.660380905902734,8.0
2016-08-02 15:31:27.990,0.828,0.07,-0.031,1.9611273940409202,-1.8899849107094537,23.711249719835124,8.0
2016-08-02 15:31:28.000,0.836,0.082,-0.066,-0.7680614834751949,-2.0127481602044526,22.67746789151528,8.0
2016-08-02 15:31:28.010,0.84,0.09,-0.129,-0.6532680232164617,-1.683445582370959,20.430428638345376,8.0
2016-08-02 15:31:28.020,0.848,0.09,-0.16,0.7987755758935201,-0.003100623773992839,18.776120926689646,8.0
2016-08-02 15:31:28.030,0.852,0.086,-0.184,0.8269441072647441,1.9601163839850848,16.718968931035388,8.0
2016-08-02 15:31:28.040,0.867,0.105,-0.156,1.1504289308070481,3.256979108318532,14.082437157538605,8.0
2016-08-02 15:31:28.050,0.898,0.098,-0.121,1.4745048915781724,4.365644074554741,12.64134196912116,8.0
2016-08-02 15:31:28.060,0.91,0.09,-0.125,0.37821875002598626,4.967864245875322,10.699460758946456,8.0
2016-08-02 15:31:28.070,0.906,0.074,-0.148,1.8469741237759192,4.687796528112699,7.8429606440110575,8.0
2016-08-02 15:31:28.080,0.898,0.055,-0.152,4.842051766794188,3.757176086639909,5.434016742372204,8.0
2016-08-02 15:31:28.090,0.906,0.055,-0.152,4.30182757152009,1.972185309415092,2.4637322299733175,8.0
2016-08-02 15:31:28.100,0.902,0.07,-0.129,1.962439869306158,0.23599959011111785,-0.0004975980814488634,8.0
2016-08-02 15:31:28.110,0.922,0.078,-0.098,-0.6333877404805681,-0.39039387304183004,-0.8582095630566549,8.0
2016-08-02 15:31:28.120,0.938,0.074,-0.086,-3.8941733873074975,0.11262430602979157,-1.8560702002038822,8.0
2016-08-02 15:31:28.130,0.926,0.063,-0.125,-4.54183168337672,1.4181342396557821,-3.2213196878259476,8.0
2016-08-02 15:31:28.140,0.914,0.051,-0.16,-1.2411152416147784,2.339095590871503,-4.7652784373301955,8.0
2016-08-02 15:31:28.150,0.902,0.047,-0.195,2.583504648242147,2.460777114322749,-6.892021662055597,8.0
2016-08-02 15:31:28.160,0.895,0.051,-0.207,4.9481525257032075,1.9034467808592226,-8.98131543199261,8.0
2016-08-02 15:31:28.170,0.918,0.07,-0.172,6.287605287728039,0.7835044727143593,-11.095135630881659,8.0
2016-08-02 15:31:28.180,0.934,0.07,-0.141,6.140555621124344,-0.0361789949568094,-13.258488575412784,8.0
2016-08-02 15:31:28.190,0.926,0.078,-0.121,4.2682036855842584,-1.0267697784204866,-14.530058054876807,8.0
2016-08-02 15:31:28.200,0.922,0.09,-0.102,1.3896594898364572,-2.345628852513625,-15.263973242044635,8.0
2016-08-02 15:31:28.210,0.914,0.094,-0.094,-1.7678187245515002,-2.9158718847803793,-16.306558691020477,8.0
2016-08-02 15:31:28.220,0.93,0.102,-0.094,-4.053396338174996,-2.9727756712996443,-17.440539748318177,8.0
2016-08-02 15:31:28.230,0.926,0.109,-0.117,-4.985298828091187,-2.366208707425688,-18.819509321419762,8.0
2016-08-02 15:31:28.240,0.914,0.105,-0.156,-4.757770096668905,-0.49925763902934905,-20.91659215289025,8.0
2016-08-02 15:31:28.250,0.895,0.094,-0.184,-3.0997083722569774,1.766427705265404,-23.472405634061992,8.0
2016-08-02 15:31:28.260,0.871,0.078,-0.191,-0.795903076651849,3.286764383110121,-26.031195729531433,8.0
2016-08-02 15:31:28.270,0.859,0.078,-0.172,0.17271818753494145,3.8833319904626653,-28.339640089088768,8.0
2016-08-02 15:31:28.280,0.871,0.102,-0.141,-1.4094992706225775,4.490939618134713,-30.12172532597264,8.0
2016-08-02 15:31:28.290,0.875,0.133,-0.105,-4.815091966573153,5.161408171107007,-31.181074413519838,8.0
2016-08-02 15:31:28.300,0.879,0.156,-0.078,-8.028049451643327,4.727266857361478,-31.965783612104758,8.0
2016-08-02 15:31:28.310,0.879,0.156,-0.063,-11.023677523825176,3.5920332940100117,-32.99935326561085,8.0
2016-08-02 15:31:28.320,0.863,0.148,-0.059,-14.503685825957401,2.313214518741298,-34.53393894063097,8.0
2016-08-02 15:31:28.330,0.844,0.137,-0.082,-16.496465607098067,0.49920510052253275,-36.81656629460399,8.0
2016-08-02 15:31:28.340,0.824,0.129,-0.113,-16.763161262161034,-1.2121943883660782,-38.96759382722205,8.0
2016-08-02 15:31:28.350,0.789,0.145,-0.125,-17.21707688878083,-3.0018871912720604,-40.09260745613196,8.0
2016-08-02 15:31:28.360,0.781,0.148,-0.125,-17.354196873033658,-5.252155381262479,-40.679884840316376,8.0
2016-08-02 15:31:28.370,0.789,0.156,-0.121,-17.00163618834067,-6.721808945439937,-41.37636134945265,8.0
2016-08-02 15:31:28.380,0.805,0.188,-0.121,-16.80398743706538,-7.438114328866517,-42.455551332634116,8.0
2016-08-02 15:31:28.390,0.836,0.199,-0.109,-16.118305967961962,-6.960719062596082,-43.04904368240915,8.0
2016-08-02 15:31:28.400,0.848,0.191,-0.102,-15.808897514692728,-4.652580323775201,-42.69484575505335,8.0
2016-08-02 15:31:28.410,0.832,0.164,-0.109,-17.07353379982645,-3.9222348646143237,-42.80910268226994,8.0
2016-08-02 15:31:28.420,0.813,0.164,-0.121,-19.04013241668487,-6.122515599349127,-43.249689139751275,8.0
2016-08-02 15:31:28.430,0.789,0.172,-0.121,-21.768981185157877,-8.384219083218763,-43.025884237181295,8.0
2016-08-02 15:31:28.440,0.773,0.199,-0.117,-25.614972009753014,-10.758618622721894,-42.82059143325591,8.0
2016-08-02 15:31:28.450,0.797,0.215,-0.098,-28.863020966731114,-12.985229934028393,-42.60118773862322,8.0
2016-08-02 15:31:28.460,0.844,0.234,-0.086,-29.87433020927884,-12.105381151920053,-42.3579095634029,8.0
2016-08-02 15:31:28.470,0.879,0.23,-0.102,-28.1739671880267,-8.93766974491129,-42.51435932747733,8.0
2016-08-02 15:31:28.480,0.879,0.203,-0.145,-25.65375952545493,-5.521428634100196,-41.591469267048836,8.0
2016-08-02 15:31:28.490,0.836,0.195,-0.18,-25.445428336842202,-3.2149605013159137,-39.681028796051095,8.0
2016-08-02 15:31:28.500,0.781,0.207,-0.18,-26.80908307856206,-4.996539198785564,-38.791837024915104,8.0
2016-08-02 15:31:28.510,0.789,0.219,-0.148,-27.477213511416167,-9.003878163931223,-38.55528450536764,8.0
2016-08-02 15:31:28.520,0.828,0.266,-0.117,-27.805497051831427,-11.12840193734402,-38.33357365108049,8.0
2016-08-02 15:31:28.530,0.887,0.293,-0.09,-28.38172383992384,-11.339281759660736,-37.79475623282242,8.0
2016-08-02 15:31:28.540,0.898,0.273,-0.121,-29.572235441649923,-9.129237613190556,-35.7272837341323,8.0
2016-08-02 15:31:28.550,0.855,0.266,-0.16,-30.67438891487367,-6.491361734715615,-33.16368666756837,8.0
2016-08-02 15:31:28.560,0.84,0.281,-0.18,-29.709519155629913,-6.414620053504791,-31.04421779470596,8.0
2016-08-02 15:31:28.570,0.852,0.285,-0.203,-28.40816821823946,-6.012420262564232,-28.162341099192297,8.0
2016-08-02 15:31:28.580,0.848,0.285,-0.207,-28.351615663251977,-5.649827892140157,-25.84776901995324,8.0
2016-08-02 15:31:28.590,0.84,0.289,-0.176,-26.651195774752107,-8.096729178850437,-25.30340428816333,8.0
2016-08-02 15:31:28.600,0.871,0.305,-0.125,-23.810671035596954,-9.540041169322718,-24.51583986917136,8.0
2016-08-02 15:31:28.610,0.934,0.336,-0.117,-23.708622668769323,-7.451473714111173,-22.593548813836005,8.0
2016-08-02 15:31:28.620,0.988,0.344,-0.125,-26.95868735243375,-2.2525654127825234,-18.83695764061663,8.0
2016-08-02 15:31:28.630,0.969,0.328,-0.164,-30.500216357273995,4.631166363268532,-14.096227186398183,8.0
2016-08-02 15:31:28.640,0.895,0.332,-0.215,-30.37133100827765,7.232560256775531,-11.657375663571512,8.0
2016-08-02 15:31:28.650,0.855,0.305,-0.23,-28.120481453731045,5.557005523393426,-9.800798895494943,8.0
2016-08-02 15:31:28.660,0.836,0.281,-0.215,-27.04919459519546,4.215488246721961,-7.836640053309383,8.0
2016-08-02 15:31:28.670,0.848,0.324,-0.184,-24.402418369995047,1.4806639863540365,-8.629193622442434,8.0
2016-08-02 15:31:28.680,0.922,0.359,-0.133,-21.07414299092416,0.6869486583688582,-7.831790770399328,8.0
2016-08-02 15:31:28.690,1.0,0.375,-0.121,-21.407895381964572,6.249914087719313,-4.055742453284296,8.0
2016-08-02 15:31:28.700,1.039,0.395,-0.145,-22.206576671241447,12.644761221894303,-1.5903674389782267,8.0
2016-08-02 15:31:28.710,1.008,0.363,-0.188,-21.6176684320538,17.682875780054736,2.40621658061489,8.0
2016-08-02 15:31:28.720,0.934,0.316,-0.246,-21.49794553234896,20.496098280120354,6.745241531768889,8.0
2016-08-02 15:31:28.730,0.871,0.285,-0.27,-19.318469624768415,17.61112137468264,6.866340998326436,8.0
2016-08-02 15:31:28.740,0.867,0.316,-0.25,-15.25121774007331,12.36423398850659,6.9853251917440655,8.0
2016-08-02 15:31:28.750,0.953,0.379,-0.188,-13.174782676329347,9.005466151781022,8.910780744421254,8.0
2016-08-02 15:31:28.760,1.043,0.375,-0.145,-13.409661078183271,9.145345971638124,10.8092033612317,8.0
2016-08-02 15:31:28.770,1.066,0.367,-0.148,-12.833258174114263,11.281644113067367,12.096119352154037,8.0
2016-08-02 15:31:28.780,1.078,0.359,-0.152,-8.719819426248252,12.447940435906443,12.527954727857226,8.0
2016-08-02 15:31:28.790,1.086,0.34,-0.152,-5.083267022549456,15.660731886612409,14.958100750018103,8.0
2016-08-02 15:31:28.800,1.051,0.316,-0.16,-6.216640023428708,18.90770810409603,18.261473434096473,8.0
2016-08-02 15:31:28.810,1.0,0.301,-0.188,-7.7333221487627615,16.563905520175226,19.735818950844013,8.0
2016-08-02 15:31:28.820,0.957,0.289,-0.191,-7.308752404530839,12.742959721922851,22.284261912379876,8.0
2016-08-02 15:31:28.830,0.973,0.336,-0.172,-7.970977360238969,9.526988375050196,25.492161858512688,8.0
2016-08-02 15:31:28.840,1.074,0.398,-0.133,-9.895870808371315,7.429332601430184,28.004692300082546,8.0
2016-08-02 15:31:28.850,1.148,0.383,-0.125,-11.716068393590605,10.719683267913435,31.967218222160092,8.0
2016-08-02 15:31:28.860,1.125,0.336,-0.145,-10.467542005310358,14.061235124889222,35.07976332558225,8.0
2016-08-02 15:31:28.870,1.102,0.305,-0.137,-4.551182455354118,13.290773168888055,36.16541574951132,8.0
2016-08-02 15:31:28.880,1.098,0.285,-0.125,-1.2779552321791638,13.72945490165751,38.65004136659534,8.0
2016-08-02 15:31:28.890,1.09,0.273,-0.113,-5.152249714070559,13.263440123008946,40.89995639546147,8.0
2016-08-02 15:31:28.900,1.063,0.262,-0.125,-9.549641837390364,9.856102154923727,41.166761667215894,8.0
2016-08-02 15:31:28.910,1.039,0.262,-0.137,-11.606037387987886,7.999142663444445,42.44130798388293,8.0
2016-08-02 15:31:28.920,1.063,0.273,-0.141,-14.016372077393314,7.015501461987249,44.41792868963731,8.0
2016-08-02 15:31:28.930,1.109,0.277,-0.117,-15.251824824906175,7.471180099430989,45.62380995592625,8.0
2016-08-02 15:31:28.940,1.117,0.266,-0.109,-14.032840598442228,10.615126190405277,47.22768544484583,8.0
2016-08-02 15:31:28.950,1.105,0.234,-0.105,-12.004693059233233,12.320869472600398,48.78965254851448,8.0
2016-08-02 15:31:28.960,1.09,0.211,-0.094,-9.776487219147414,13.20167235083741,49.77573143096925,8.0
2016-08-02 15:31:28.970,1.094,0.199,-0.082,-8.744251303329671,15.61576476738862,51.43429270308393,8.0
2016-08-02 15:31:28.980,1.105,0.188,-0.082,-9.559346738276853,18.090662397376942,54.1565948732031,8.0
2016-08-02 15:31:28.990,1.094,0.148,-0.082,-8.745518127698858,20.83884632905611,57.89384700688589,8.0
2016-08-02 15:31:29.000,1.098,0.152,-0.098,-6.173960265755726,22.921531963283698,62.214275037189715,8.0
2016-08-02 15:31:29.010,1.117,0.184,-0.145,-6.7654270344817755,23.335515278353345,65.72443736286671,8.0
2016-08-02 15:31:29.020,1.094,0.16,-0.148,-9.36496574520204,23.97210090270696,67.9633116916973,8.0
2016-08-02 15:31:29.030,1.098,0.09,-0.098,-10.223235249376216,25.378105293396928,67.7957843661118,8.0
2016-08-02 15:31:29.040,1.078,0.098,-0.117,-12.175987997927546,28.084032727475467,64.80395249860203,8.0
2016-08-02 15:31:29.050,1.109,0.125,-0.086,-12.459257750847028,31.955256322722533,62.44695686145754,8.0
2016-08-02 15:31:29.060,1.133,0.137,-0.066,-4.085188366180141,36.083864272730395,60.79801303531812,8.0
2016-08-02 15:31:29.070,1.137,0.105,-0.039,5.838416268195994,40.27264763791438,58.30812624487156,8.0
2016-08-02 15:31:29.080,1.137,0.086,-0.023,10.939829493733388,41.84538461914494,57.32003448873187,8.0
2016-08-02 15:31:29.090,1.152,0.113,-0.039,16.87948756678592,39.50357599524052,56.95784373855238,8.0
2016-08-02 15:31:29.100,1.199,0.141,-0.059,21.67146339272063,35.570177285244085,56.33657874253903,8.0
2016-08-02 15:31:29.110,1.207,0.109,-0.074,18.370197106068442,31.617528124810548,56.67754608507812,8.0
2016-08-02 15:31:29.120,1.16,0.031,-0.066,9.2674015069,26.979668003447298,55.067274723860464,8.0
2016-08-02 15:31:29.130,1.156,0.016,-0.07,-0.34959351564347396,20.86391998316421,50.61439457724866,8.0
2016-08-02 15:31:29.140,1.172,0.039,-0.074,-7.097039617494072,15.569034909006907,46.61664032872609,8.0
2016-08-02 15:31:29.150,1.172,0.016,-0.051,-8.384477845265586,12.514838168793277,42.60305779201807,8.0
2016-08-02 15:31:29.160,1.176,-0.02,-0.012,-5.3470615421792385,9.96620115983552,35.81080886924048,8.0
2016-08-02 15:31:29.170,1.18,-0.078,0.004,-2.708431966158238,8.203944018653907,27.750374733116075,8.0
2016-08-02 15:31:29.180,1.195,-0.09,-0.02,-1.940424716213062,7.498718048954871,20.593078103051987,8.0
2016-08-02 15:31:29.190,1.199,-0.035,-0.063,-0.9095030903791004,6.152220837583348,14.394064460262316,8.0
2016-08-02 15:31:29.200,1.172,-0.039,-0.082,-1.7230055267412436,4.145824340526433,10.65067248393807,8.0
2016-08-02 15:31:29.210,1.168,-0.059,-0.074,-5.241732403948857,2.312344756557888,7.858675519199828,8.0
2016-08-02 15:31:29.220,1.168,-0.07,-0.07,-5.7919737143125545,1.1783248853177746,3.420441134820638,8.0
2016-08-02 15:31:29.230,1.152,-0.078,-0.055,-3.082371743524763,0.5730902697800547,0.16714741389998006,8.0
2016-08-02 15:31:29.240,1.148,-0.082,-0.043,-0.8011683975756398,-0.5443352171746665,-1.7971841823388743,8.0
2016-08-02 15:31:29.250,1.141,-0.07,-0.035,0.8979118317812899,-1.7998891978503258,-4.79042829982905,8.0
2016-08-02 15:31:29.260,1.125,-0.055,-0.012,0.33603164975397537,-2.6459000329330062,-7.2688536754909165,8.0
2016-08-02 15:31:29.270,1.117,-0.051,0.0,-2.1763985692331556,-3.8182828835691005,-9.873872414221466,8.0
2016-08-02 15:31:29.280,1.105,-0.055,0.0,-3.3858696652954077,-5.264430511167307,-13.427529554452663,8.0
2016-08-02 15:31:29.290,1.09,-0.063,0.012,-3.971949704849023,-6.640539142407583,-15.265603159359557,8.0
2016-08-02 15:31:29.300,1.094,-0.07,0.0,-3.930276363571939,-7.885867734882055,-15.960103232228862,8.0
2016-08-02 15:31:29.310,1.094,-0.043,-0.02,-2.2186485308651873,-8.15898164698276,-16.57240406748447,8.0
2016-08-02 15:31:29.320,1.07,-0.027,-0.02,-1.6923869053309564,-7.785367016179513,-15.312015689925826,8.0
2016-08-02 15:31:29.330,1.063,-0.02,-0.004,-2.5428754062767087,-7.68542412464683,-13.93255829585459,8.0
2016-08-02 15:31:29.340,1.059,-0.02,0.004,-1.668655823142148,-6.9655115414903515,-14.129605691345361,8.0
2016-08-02 15:31:29.350,1.047,-0.016,0.008,-0.4760804635119161,-5.81180582964196,-13.370065244173711,8.0
2016-08-02 15:31:29.360,1.031,0.0,0.008,-0.839659875007362,-5.223196441987453,-11.596094031293445,8.0
2016-08-02 15:31:29.370,1.02,0.012,0.008,-0.7702190721949799,-4.563165260823391,-10.250268678042822,8.0
2016-08-02 15:31:29.380,1.012,0.008,0.016,0.3354386356107818,-3.854399198189335,-8.928000227046354,8.0
2016-08-02 15:31:29.390,1.016,0.008,0.016,1.6888042917250274,-3.291120752365233,-8.175218639124756,8.0
2016-08-02 15:31:29.400,1.008,0.012,0.016,3.0556441165202,-2.536263966555542,-7.5950896563516235,8.0
2016-08-02 15:31:29.410,0.996,0.0,0.016,3.483163157992019,-2.413212043718297,-6.040587265709504,8.0
2016-08-02 15:31:29.420,0.996,0.0,0.016,3.5390956710420687,-2.753145087768759,-4.5601815067141525,8.0
2016-08-02 15:31:29.430,1.0,0.027,0.016,3.8721051173426018,-2.2469400210222545,-2.9866683380087844,8.0
2016-08-02 15:31:29.440,1.008,0.031,0.035,3.2187067717716475,-1.4982631238488953,-0.7806136283827522,8.0
2016-08-02 15:31:29.450,1.016,0.023,0.043,2.550029527287735,-1.1808503717712786,0.375837148565473,8.0
2016-08-02 15:31:29.460,1.012,0.012,0.035,2.603850833629382,-0.6683565258344051,0.737310781182836,8.0
2016-08-02 15:31:29.470,1.004,0.004,0.02,1.9656382325409718,-0.43021680913787247,1.2713678440397576,8.0
2016-08-02 15:31:29.480,1.012,0.008,0.016,1.5583187402279135,-0.525665115100659,1.0755795752840998,8.0
2016-08-02 15:31:29.490,1.031,0.008,0.012,1.6921737945359983,0.039796685620128516,0.6739162595216464,8.0
2016-08-02 15:31:29.500,1.031,-0.012,0.012,1.398867169835906,0.497556362633326,0.7134692186102558,8.0
2016-08-02 15:31:29.510,1.055,-0.02,0.012,2.052334384973731,0.32940258063981115,0.32694490404886867,8.0
2016-08-02 15:31:29.520,1.066,-0.039,-0.004,3.4172798500879304,0.516163151329881,-0.08371907036880029,8.0
2016-08-02 15:31:29.530,1.063,-0.043,-0.016,3.3289015592296263,0.6432239465341562,0.10752474487625557,8.0
2016-08-02 15:31:29.540,1.063,-0.031,-0.023,2.1047512500879972,0.3024575441564943,0.16225619947334863,8.0
2016-08-02 15:31:29.550,1.074,-0.023,-0.023,1.5293975173051488,0.6314814308121929,-0.34270560069084893,8.0
2016-08-02 15:31:29.560,1.082,-0.031,-0.012,2.538059498389659,1.4990931162148418,-1.4122971934365998,8.0
2016-08-02 15:31:29.570,1.078,-0.031,0.0,3.8846434087663244,1.5364557171807078,-2.9285961681955666,8.0
2016-08-02 15:31:29.580,1.082,-0.027,0.008,3.763398544444433,0.43934835451624016,-4.557086519756958,8.0
2016-08-02 15:31:29.590,1.102,-0.035,0.016,3.4723113748914427,-0.9699137854951497,-6.619490791338238,8.0
2016-08-02 15:31:29.600,1.113,-0.039,0.008,4.296303101426119,-1.96339491443971,-9.24532425438513,8.0
2016-08-02 15:31:29.610,1.105,-0.043,-0.016,4.338341438125491,-3.019073009718517,-11.420292334258583,8.0
2016-08-02 15:31:29.620,1.098,-0.047,-0.031,2.867174941688225,-4.656428316028772,-12.76068690411071,8.0
2016-08-02 15:31:29.630,1.102,-0.043,-0.035,1.6538835614431069,-6.150995327705299,-14.016655165167617,8.0
2016-08-02 15:31:29.640,1.117,-0.023,-0.027,0.9149132330290431,-7.011685325906416,-15.065138509300184,8.0
2016-08-02 15:31:29.650,1.129,-0.004,-0.023,-0.9794096866046145,-7.771668330893936,-15.607364775267303,8.0
2016-08-02 15:31:29.660,1.141,0.016,-0.027,-3.708029472427885,-9.069361341358675,-16.59095009383197,8.0
2016-08-02 15:31:29.670,1.164,0.008,-0.035,-4.389586228466745,-10.809525273580537,-18.491457966473725,8.0
2016-08-02 15:31:29.680,1.191,-0.012,-0.047,-2.058562629677787,-12.207359774509499,-21.154744820884826,8.0
2016-08-02 15:31:29.690,1.188,-0.02,-0.074,0.01189653694893597,-13.17428220992804,-24.217036769139312,8.0
2016-08-02 15:31:29.700,1.172,-0.02,-0.09,-1.1867319929987137,-14.444555607982378,-26.74844016218821,8.0
2016-08-02 15:31:29.710,1.16,-0.016,-0.09,-4.333907226600361,-16.13876334289943,-28.997115661891208,8.0
2016-08-02 15:31:29.720,1.164,-0.008,-0.086,-6.5235577537937806,-17.687482069782646,-31.392768858655273,8.0
2016-08-02 15:31:29.730,1.184,0.016,-0.082,-6.817106161913325,-18.776170496943465,-33.17004724671646,8.0
2016-08-02 15:31:29.740,1.211,0.023,-0.086,-5.5276438726616925,-19.754342999426036,-34.563548980802445,8.0
2016-08-02 15:31:29.750,1.23,0.031,-0.102,-4.213500588431041,-20.505659636872895,-35.76918645845448,8.0
2016-08-02 15:31:29.760,1.227,0.035,-0.117,-5.696716263175,-20.86186920788907,-35.81202401849926,8.0
2016-08-02 15:31:29.770,1.203,0.035,-0.121,-9.57958232362464,-22.16609238877933,-35.4808112698906,8.0
2016-08-02 15:31:29.780,1.191,0.047,-0.121,-11.923202448297879,-24.385719432973985,-36.07979244132632,8.0
2016-08-02 15:31:29.790,1.191,0.066,-0.113,-11.748750415162782,-25.394297722709517,-36.20548103252429,8.0
2016-08-02 15:31:29.800,1.188,0.09,-0.109,-11.241740072988552,-25.077329504884045,-35.115439724682254,8.0
2016-08-02 15:31:29.810,1.191,0.105,-0.125,-10.509973403526892,-24.862196315790044,-34.48567031573409,8.0
2016-08-02 15:31:29.820,1.184,0.109,-0.129,-8.54725935429465,-24.929872430886988,-34.186692308380074,8.0
2016-08-02 15:31:29.830,1.195,0.113,-0.137,-6.450894944519949,-24.687223538592292,-33.137119754469644,8.0
2016-08-02 15:31:29.840,1.191,0.137,-0.164,-5.596444712476627,-23.933621228536808,-31.907120969390782,8.0
2016-08-02 15:31:29.850,1.164,0.148,-0.18,-6.164304583502098,-23.07363829077769,-30.15930374794688,8.0
2016-08-02 15:31:29.860,1.137,0.141,-0.168,-8.51930897820027,-22.606541091539114,-28.095407997798247,8.0
2016-08-02 15:31:29.870,1.129,0.137,-0.137,-11.898533010410434,-22.702565665800293,-27.5011088196169,8.0
2016-08-02 15:31:29.880,1.109,0.16,-0.117,-13.463698309272358,-23.335836912127142,-27.04858057422338,8.0
2016-08-02 15:31:29.890,1.109,0.184,-0.117,-11.966139335025048,-23.93949087827867,-24.758583774493466,8.0
2016-08-02 15:31:29.900,1.102,0.195,-0.133,-9.311504110344064,-24.055489090249466,-22.06488256727963,8.0
2016-08-02 15:31:29.910,1.074,0.207,-0.16,-7.096303961505661,-24.789598470565316,-19.747779657702623,8.0
2016-08-02 15:31:29.920,1.059,0.211,-0.18,-4.649663888937429,-26.6277677316329,-17.02319898871749,8.0
2016-08-02 15:31:29.930,1.059,0.211,-0.176,-0.7994124034445144,-28.031218971992672,-14.64240355645618,8.0
2016-08-02 15:31:29.940,1.066,0.211,-0.156,4.491925458043948,-28.312261049496335,-13.048011813364283,8.0
2016-08-02 15:31:29.950,1.07,0.211,-0.145,9.971233675848344,-27.72302312006579,-11.411264292086267,8.0
2016-08-02 15:31:29.960,1.059,0.211,-0.16,15.292308500674729,-26.7471356123613,-9.963145151263129,8.0
2016-08-02 15:31:29.970,1.055,0.219,-0.176,20.5567125489886,-25.98097907976179,-8.386808508710589,8.0
2016-08-02 15:31:29.980,1.059,0.23,-0.188,22.834886299011682,-25.04527276435017,-6.042597578941974,8.0
2016-08-02 15:31:29.990,1.043,0.242,-0.199,21.263343321830533,-24.89981535768374,-4.0383125950967855,8.0
2016-08-02 15:31:30.000,1.027,0.25,-0.195,20.10539439506738,-26.195793115473833,-2.460215453392778,8.0
2016-08-02 15:31:30.010,1.031,0.23,-0.172,21.112658308793787,-26.639625483620406,-1.0350645293385183,8.0
2016-08-02 15:31:30.020,1.027,0.227,-0.152,22.520162030954012,-25.84325438226873,-0.18238543031486482,8.0
2016-08-02 15:31:30.030,1.031,0.23,-0.148,22.731382792130745,-24.76795079978566,1.3747851022959523,8.0
2016-08-02 15:31:30.040,1.023,0.25,-0.172,21.347634523632028,-22.82177162692623,4.07446881476772,8.0
2016-08-02 15:31:30.050,1.012,0.254,-0.203,21.248752936764564,-20.5919410244228,6.858118141530822,8.0
2016-08-02 15:31:30.060,0.996,0.238,-0.219,25.077647152873872,-19.32438769521787,9.318185728118806,8.0
2016-08-02 15:31:30.070,1.004,0.238,-0.227,30.334462580839293,-18.79626458275821,10.916594769575697,8.0
2016-08-02 15:31:30.080,1.012,0.242,-0.215,33.23366324107667,-17.78100657056853,12.186429593647757,8.0
2016-08-02 15:31:30.090,1.016,0.223,-0.203,33.60943834489553,-16.344719390947546,13.944194313176576,8.0
2016-08-02 15:31:30.100,1.012,0.238,-0.199,32.76979335175422,-15.75950651014752,15.746464733430876,8.0
2016-08-02 15:31:30.110,1.0,0.246,-0.195,30.509728839232267,-15.529439176229054,18.257944472352087,8.0
2016-08-02 15:31:30.120,0.984,0.219,-0.195,27.71733075048073,-15.325917161871061,20.7828133631116,8.0
2016-08-02 15:31:30.130,0.953,0.207,-0.203,26.555187305010953,-15.911677461465109,21.16335885832037,8.0
2016-08-02 15:31:30.140,0.934,0.211,-0.195,26.595568578253737,-16.06303831828887,21.13492488184476,8.0
2016-08-02 15:31:30.150,0.938,0.219,-0.191,26.664964968778033,-14.43780972963961,22.103788490429466,8.0
2016-08-02 15:31:30.160,0.949,0.25,-0.191,26.843135557134342,-11.620263354039995,23.63743044165652,8.0
2016-08-02 15:31:30.170,0.945,0.266,-0.207,25.820979357659887,-8.653844147286144,27.407855809138262,8.0
2016-08-02 15:31:30.180,0.922,0.25,-0.23,23.749794221003082,-7.075094936886536,31.502617456393978,8.0
2016-08-02 15:31:30.190,0.898,0.223,-0.219,24.079428866346923,-7.4138680567587265,32.725694076382396,8.0
2016-08-02 15:31:30.200,0.895,0.215,-0.203,26.702172081054865,-8.143550031102274,32.88381942785532,8.0
2016-08-02 15:31:30.210,0.879,0.199,-0.195,29.43014818987711,-8.817040719469455,32.284163121865475,8.0
2016-08-02 15:31:30.220,0.863,0.188,-0.18,32.893203648764285,-9.54161551377036,30.606794169599755,8.0
2016-08-02 15:31:30.230,0.879,0.184,-0.168,35.051481875142144,-9.31702291374161,29.80169613530992,8.0
2016-08-02 15:31:30.240,0.875,0.199,-0.199,33.74163787343667,-8.565323558894196,29.281648672546794,8.0
2016-08-02 15:31:30.250,0.871,0.215,-0.199,31.983792234322543,-7.965800675454245,29.19309719175071,8.0
2016-08-02 15:31:30.260,0.898,0.203,-0.176,30.836100465046332,-6.473723086011893,29.706465682025865,8.0
2016-08-02 15:31:30.270,0.918,0.199,-0.184,30.055687362060326,-4.684571647083094,28.13298621221074,8.0
2016-08-02 15:31:30.280,0.91,0.191,-0.191,31.410425135796082,-3.7441230623302846,26.232601537027335,8.0
2016-08-02 15:31:30.290,0.902,0.176,-0.199,33.37215513779734,-2.791691673842539,25.535779075760257,8.0
2016-08-02 15:31:30.300,0.898,0.184,-0.184,35.50062974714808,-2.164067605550392,23.524025261849424,8.0
2016-08-02 15:31:30.310,0.941,0.207,-0.16,38.6741518053832,-1.2583297403777283,22.880430524511045,8.0
2016-08-02 15:31:30.320,0.957,0.207,-0.152,38.20912796452755,1.5161296956327155,24.485453275408258,8.0
2016-08-02 15:31:30.330,0.906,0.191,-0.168,34.3494714831711,3.4437555610306476,24.28417859857538,8.0
2016-08-02 15:31:30.340,0.887,0.172,-0.168,33.72352906349187,4.157082178538589,23.555837516955393,8.0
2016-08-02 15:31:30.350,0.891,0.133,-0.195,35.83115743553731,7.149697271611093,22.42927510921913,8.0
2016-08-02 15:31:30.360,0.875,0.145,-0.227,38.58684362367157,10.380091995437972,19.336915442972263,8.0
2016-08-02 15:31:30.370,0.898,0.152,-0.23,42.65747539115808,11.923678056932157,17.694271258126847,8.0
2016-08-02 15:31:30.380,0.922,0.148,-0.219,44.38394318365555,14.112137003902998,17.08718978775738,8.0
2016-08-02 15:31:30.390,0.922,0.156,-0.184,42.280183293100265,15.38570869323939,15.937115259522052,8.0
2016-08-02 15:31:30.400,0.938,0.156,-0.148,37.73697896533494,15.08022637398405,16.977009499033354,8.0
2016-08-02 15:31:30.410,0.922,0.137,-0.133,29.111347940088837,16.338164270360533,18.37332094561544,8.0
2016-08-02 15:31:30.420,0.875,0.098,-0.141,21.469113158575805,17.56601813277144,17.861224762631657,8.0
2016-08-02 15:31:30.430,0.852,0.07,-0.152,21.350684109412473,17.160300354978787,17.71210272698828,8.0
2016-08-02 15:31:30.440,0.852,0.086,-0.164,22.832426785724525,17.141180415596608,17.827095764520656,8.0
2016-08-02 15:31:30.450,0.867,0.117,-0.18,21.687382465345046,17.048547310322217,17.30600340476087,8.0
2016-08-02 15:31:30.460,0.898,0.113,-0.176,22.285541018602444,17.086041562594225,17.113921181639768,8.0
2016-08-02 15:31:30.470,0.891,0.078,-0.168,22.87134523744008,18.177284673800326,17.195444183655333,8.0
2016-08-02 15:31:30.480,0.863,0.051,-0.156,18.80607661912219,18.294376705766567,17.37119112555289,8.0
2016-08-02 15:31:30.490,0.855,0.031,-0.121,12.22133483872524,17.447022628701795,17.981262085245632,8.0
2016-08-02 15:31:30.500,0.828,0.012,-0.102,6.221096666655516,16.46632382358778,18.320678551766303,8.0
2016-08-02 15:31:30.510,0.777,-0.004,-0.098,2.1484214706207854,14.12299934989703,18.27970187504527,8.0
2016-08-02 15:31:30.520,0.75,0.004,-0.086,-0.2053522917535865,11.252256655766853,18.358620839153826,8.0
2016-08-02 15:31:30.530,0.746,0.035,-0.086,-2.7486928421191195,8.833509177859026,17.87433815827115,8.0
2016-08-02 15:31:30.540,0.746,0.063,-0.074,-4.736028561230341,6.7285635941240685,17.788536403326,8.0
2016-08-02 15:31:30.550,0.754,0.051,-0.051,-6.098500077935107,6.1324700150147144,18.38826125328402,8.0
2016-08-02 15:31:30.560,0.734,0.016,-0.066,-9.140223562457244,6.605391507704631,16.355637669981515,8.0
2016-08-02 15:31:30.570,0.711,-0.027,-0.098,-11.773515555745666,6.566303182824594,11.91862771609426,8.0
2016-08-02 15:31:30.580,0.699,-0.051,-0.109,-11.738293499255885,6.406323321387718,7.848317969703809,8.0
2016-08-02 15:31:30.590,0.719,-0.031,-0.102,-10.85806118450199,6.271604505568018,4.382262856227856,8.0
2016-08-02 15:31:30.600,0.758,0.0,-0.098,-9.382739602725923,5.997742744975758,2.7138777214024223,8.0
2016-08-02 15:31:30.610,0.77,0.004,-0.105,-7.528623746941589,6.226270114538969,2.4833731586825913,8.0
2016-08-02 15:31:30.620,0.766,0.0,-0.117,-6.716584360000268,6.512709574175587,1.129652743306179,8.0
2016-08-02 15:31:30.630,0.777,-0.012,-0.09,-7.356440662472279,6.452214166777969,-0.5892241454258901,8.0
2016-08-02 15:31:30.640,0.809,-0.004,-0.051,-11.05397772952235,6.327336645594651,-2.2280051035962387,8.0
2016-08-02 15:31:30.650,0.824,0.016,-0.043,-15.841794822097448,5.872911156074279,-4.773232302134234,8.0
2016-08-02 15:31:30.660,0.828,0.012,-0.078,-15.511864709139708,5.828770010572761,-7.230760600457616,8.0
2016-08-02 15:31:30.670,0.813,-0.004,-0.109,-10.72188208999872,6.5596709828579325,-9.386726687565087,8.0
2016-08-02 15:31:30.680,0.832,0.0,-0.133,-7.356427201340394,6.891314988206265,-11.443004661735053,8.0
2016-08-02 15:31:30.690,0.848,0.039,-0.156,-6.376337671357488,6.586805727941902,-12.585081610572601,8.0
2016-08-02 15:31:30.700,0.863,0.039,-0.133,-5.47656885277894,5.366725565572901,-13.526414507194001,8.0
2016-08-02 15:31:30.710,0.871,0.02,-0.109,-4.419636342210628,2.596772745070441,-15.986810267222259,8.0
2016-08-02 15:31:30.720,0.867,0.016,-0.098,-4.428317729873087,-0.5024834979024034,-19.306475245738763,8.0
2016-08-02 15:31:30.730,0.871,0.016,-0.09,-5.701916275140542,-1.8763272266299507,-21.455856245487777,8.0
2016-08-02 15:31:30.740,0.902,0.027,-0.102,-6.473422026653437,-0.9537493229975906,-23.004445454440138,8.0
2016-08-02 15:31:30.750,0.91,0.051,-0.121,-5.7475580528246715,0.9782317307561471,-24.18803050085473,8.0
2016-08-02 15:31:30.760,0.922,0.07,-0.141,-5.0167557595023275,2.4094371293910513,-23.917872144782116,8.0
2016-08-02 15:31:30.770,0.922,0.078,-0.156,-4.753665898441489,3.154609518411835,-23.75069176500957,8.0
2016-08-02 15:31:30.780,0.902,0.066,-0.156,-4.357870351877528,3.1028962320621924,-24.792781609496927,8.0
2016-08-02 15:31:30.790,0.875,0.051,-0.145,-4.799795777219732,1.662021193186471,-26.50324286017679,8.0
2016-08-02 15:31:30.800,0.855,0.055,-0.137,-6.205836378666549,-0.564086074841646,-28.624152779131215,8.0
2016-08-02 15:31:30.810,0.852,0.07,-0.113,-7.444873309107997,-2.624673852175019,-30.09994081211577,8.0
2016-08-02 15:31:30.820,0.875,0.078,-0.082,-9.253789191499262,-3.9327310176220145,-30.993763651613367,8.0
2016-08-02 15:31:30.830,0.902,0.086,-0.102,-11.934374280680112,-3.3906584429484745,-32.097127428379096,8.0
2016-08-02 15:31:30.840,0.902,0.105,-0.141,-13.619223374819706,-0.7163692840228233,-32.51660382837814,8.0
2016-08-02 15:31:30.850,0.867,0.102,-0.176,-14.214984230824374,2.4617772744293234,-32.30878638135252,8.0
2016-08-02 15:31:30.860,0.82,0.082,-0.191,-14.837695178829264,4.100154736079071,-33.346561520105816,8.0
2016-08-02 15:31:30.870,0.789,0.082,-0.203,-14.886683157608756,4.003453975542282,-35.96437957747156,8.0
2016-08-02 15:31:30.880,0.77,0.109,-0.191,-14.388510011016018,3.415119249377047,-38.49891613861725,8.0
2016-08-02 15:31:30.890,0.789,0.137,-0.148,-14.30744517987889,2.8886745953803676,-39.971554086333576,8.0
2016-08-02 15:31:30.900,0.809,0.152,-0.102,-13.990453267437957,2.53880456167235,-40.25650601027468,8.0
2016-08-02 15:31:30.910,0.816,0.145,-0.07,-12.69439184111392,2.5056292564455123,-39.46183450927598,8.0
2016-08-02 15:31:30.920,0.801,0.125,-0.074,-11.193747043111806,2.4297530444189626,-38.61613741132659,8.0
2016-08-02 15:31:30.930,0.766,0.121,-0.086,-11.328985404473457,1.8426556186323748,-38.40471486620783,8.0
2016-08-02 15:31:30.940,0.727,0.145,-0.094,-15.784056873362966,0.2649973747182908,-38.27922609393433,8.0
2016-08-02 15:31:30.950,0.715,0.16,-0.086,-24.250496071037986,-2.16781217727352,-38.54380132818094,8.0
2016-08-02 15:31:30.960,0.746,0.195,-0.066,-30.703636048595428,-4.046185048223476,-40.35475929665521,8.0
2016-08-02 15:31:30.970,0.789,0.23,-0.082,-31.084795446696525,-3.824016268160803,-42.209153008943275,8.0
2016-08-02 15:31:30.980,0.785,0.215,-0.098,-28.605828798867073,-1.5371816611312519,-42.163450519808976,8.0
2016-08-02 15:31:30.990,0.762,0.191,-0.113,-24.745084639522428,0.27253862352283126,-42.50241609135441,8.0
2016-08-02 15:31:31.000,0.715,0.172,-0.113,-18.080896342664744,0.1802609867394002,-43.79939172370392,8.0
2016-08-02 15:31:31.010,0.688,0.16,-0.102,-14.471050333168023,-0.7714333439611949,-42.47181482024818,8.0
2016-08-02 15:31:31.020,0.688,0.191,-0.086,-19.06747649316445,-3.538426794334592,-39.29545870661282,8.0
2016-08-02 15:31:31.030,0.734,0.227,-0.074,-27.423137517861893,-7.233737547099688,-36.632276691978426,8.0
2016-08-02 15:31:31.040,0.762,0.258,-0.105,-34.81676576776201,-8.174499173983715,-33.30747008981286,8.0
2016-08-02 15:31:31.050,0.781,0.297,-0.125,-37.17220583803913,-8.050886170818844,-30.016953444665496,8.0
2016-08-02 15:31:31.060,0.824,0.273,-0.137,-32.638118352711345,-7.24619819438348,-26.971796070712156,8.0
2016-08-02 15:31:31.070,0.852,0.234,-0.164,-27.711198513977543,-2.803264029578066,-23.49320867220164,8.0
2016-08-02 15:31:31.080,0.844,0.242,-0.184,-25.575602207970846,0.24899169770456872,-21.979419562368165,8.0
2016-08-02 15:31:31.090,0.828,0.262,-0.18,-24.23698628518514,-1.1301654563537764,-21.02222671287656,8.0
2016-08-02 15:31:31.100,0.832,0.297,-0.152,-26.7020451084242,-2.6338892153520614,-18.237493587040483,8.0
2016-08-02 15:31:31.110,0.883,0.344,-0.094,-32.52105133750972,-4.263748624279145,-15.954361851612271,8.0
2016-08-02 15:31:31.120,0.945,0.328,-0.059,-34.984987196146335,-4.965058401070019,-14.005356609350578,8.0
2016-08-02 15:31:31.130,0.977,0.324,-0.105,-31.2074048546658,-2.5144755236896232,-12.037223846781673,8.0
2016-08-02 15:31:31.140,1.008,0.332,-0.172,-22.820501415759644,0.9158462366269833,-10.241584278528942,8.0
2016-08-02 15:31:31.150,1.012,0.297,-0.242,-16.294823423939196,6.213839946202295,-6.049440648331381,8.0
2016-08-02 15:31:31.160,0.969,0.289,-0.289,-16.610205680077442,10.77450385253219,-2.627712972236388,8.0
2016-08-02 15:31:31.170,0.953,0.301,-0.254,-19.829982956106594,9.832191077960672,-2.013252092205757,8.0
2016-08-02 15:31:31.180,0.984,0.305,-0.191,-24.660079556719673,8.936698377930828,0.49137385797169986,8.0
2016-08-02 15:31:31.190,1.051,0.371,-0.109,-31.668580241117866,9.47002990092025,3.328582158830434,8.0
2016-08-02 15:31:31.200,1.125,0.379,-0.07,-34.97198212788318,8.841525956165746,5.709960022502958,8.0
2016-08-02 15:31:31.210,1.133,0.32,-0.078,-32.14410662270415,11.18348454203283,10.488482479821869,8.0
2016-08-02 15:31:31.220,1.109,0.301,-0.125,-24.103103463722427,13.177067927984481,13.123657687510484,8.0
2016-08-02 15:31:31.230,1.094,0.273,-0.188,-14.232846100668803,12.533791591514706,14.077091135948345,8.0
2016-08-02 15:31:31.240,1.047,0.258,-0.234,-11.60705645379727,14.268150579009701,18.203327026399702,8.0
2016-08-02 15:31:31.250,1.0,0.266,-0.242,-16.025333501228264,12.985977087149154,20.86894576677173,8.0
2016-08-02 15:31:31.260,1.016,0.281,-0.191,-19.544864511796487,7.500423765812126,21.75041142504504,8.0
2016-08-02 15:31:31.270,1.07,0.277,-0.125,-20.844754202386046,6.285091672799011,25.535111552683,8.0
2016-08-02 15:31:31.280,1.145,0.281,-0.102,-19.618761805877583,7.846618152435614,29.250463670864924,8.0
2016-08-02 15:31:31.290,1.168,0.262,-0.098,-15.726323172317482,9.93494945457299,32.952393335715,8.0
2016-08-02 15:31:31.300,1.152,0.234,-0.105,-12.519970598347395,13.1170094972131,38.88907212998231,8.0
2016-08-02 15:31:31.310,1.129,0.203,-0.117,-10.79450364408955,13.768682324958423,42.67550014669048,8.0
2016-08-02 15:31:31.320,1.102,0.191,-0.121,-10.47901573544528,14.010638755763935,44.17572753494827,8.0
2016-08-02 15:31:31.330,1.074,0.191,-0.121,-12.890390058085,16.158640917263106,46.15358313008674,8.0
2016-08-02 15:31:31.340,1.07,0.199,-0.105,-16.402371188401503,17.53314642406881,47.38676114689168,8.0
2016-08-02 15:31:31.350,1.113,0.211,-0.102,-16.954291949969445,19.796858135450925,49.69495192034272,8.0
2016-08-02 15:31:31.360,1.23,0.242,-0.141,-11.085553783050043,24.59142415291263,54.04857370457454,8.0
2016-08-02 15:31:31.370,1.301,0.215,-0.215,-0.919736643914711,31.987108360585296,58.41279594282465,8.0
2016-08-02 15:31:31.380,1.266,0.133,-0.266,6.893076530461491,39.144594852836356,62.56168652335874,8.0
2016-08-02 15:31:31.390,1.211,0.082,-0.238,10.760589096285605,38.433479362297064,63.222472385831495,8.0
2016-08-02 15:31:31.400,1.215,0.063,-0.188,10.647522350267284,33.26340018598976,59.84259377039349,8.0
2016-08-02 15:31:31.410,1.246,0.059,-0.125,5.097889509299273,32.627640465053794,57.577784159042544,8.0
2016-08-02 15:31:31.420,1.227,0.035,-0.094,-0.04308089928714101,32.92637065832438,56.253400493202946,8.0
2016-08-02 15:31:31.430,1.195,0.02,-0.078,0.866913750371239,30.66617987031716,55.244654698671496,8.0
2016-08-02 15:31:31.440,1.199,0.039,-0.094,3.044501333271596,30.31714226125989,57.51942244717786,8.0
2016-08-02 15:31:31.450,1.254,0.078,-0.121,2.7387895302874696,31.937527922559468,60.70434778294208,8.0
2016-08-02 15:31:31.460,1.309,0.094,-0.145,3.8212600341062752,32.557564454982455,61.2071754066117,8.0
2016-08-02 15:31:31.470,1.313,0.055,-0.137,6.715886395485387,31.942596020593644,60.37272882462642,8.0
2016-08-02 15:31:31.480,1.277,0.004,-0.129,8.117440449932262,29.207423805285437,57.51014141336245,8.0
2016-08-02 15:31:31.490,1.258,-0.043,-0.105,10.749872729291603,25.592912728110534,50.71593798598239,8.0
2016-08-02 15:31:31.500,1.242,-0.063,-0.066,16.908999775999924,23.897466714750593,43.38203536834288,8.0
2016-08-02 15:31:31.510,1.238,-0.059,-0.031,21.48696190844746,22.42294085711273,37.632875919297774,8.0
2016-08-02 15:31:31.520,1.23,-0.043,-0.035,21.650483009317774,19.69916924839985,31.587785011197386,8.0
2016-08-02 15:31:31.530,1.207,-0.016,-0.051,19.61495901876539,16.851450427364696,26.412812973903154,8.0
2016-08-02 15:31:31.540,1.188,-0.051,-0.047,15.66316297490688,14.29475893703536,23.136497169987823,8.0
2016-08-02 15:31:31.550,1.188,-0.063,-0.047,11.278853400215159,12.514939487649789,18.19501084617623,8.0
2016-08-02 15:31:31.560,1.16,-0.055,-0.055,9.234490808296588,11.047341029054323,11.669204483744755,8.0
2016-08-02 15:31:31.570,1.133,-0.063,-0.059,7.16338500156355,9.076365562821772,7.3238593225861175,8.0
2016-08-02 15:31:31.580,1.117,-0.059,-0.055,5.3962362589682815,7.401702746948811,3.3971250177851604,8.0
2016-08-02 15:31:31.590,1.105,-0.07,-0.047,7.128313983515657,6.264925434369116,-1.0232825091729274,8.0
2016-08-02 15:31:31.600,1.121,-0.082,-0.047,9.351185018203795,5.066874244621077,-3.297041873238689,8.0
2016-08-02 15:31:31.610,1.125,-0.059,-0.055,10.968464746099741,3.627601710946037,-4.932473774216069,8.0
2016-08-02 15:31:31.620,1.109,-0.043,-0.035,11.98256917951191,2.110024557664617,-6.285541377393144,8.0
2016-08-02 15:31:31.630,1.105,-0.043,-0.008,9.807834771751981,0.8269091906215182,-7.057647615050703,8.0
2016-08-02 15:31:31.640,1.102,-0.047,0.004,7.58103945609955,0.06939480495313045,-9.91125671842231,8.0
2016-08-02 15:31:31.650,1.07,-0.047,0.0,5.790865794362185,-0.5291716879059488,-12.254853524257854,8.0
2016-08-02 15:31:31.660,1.051,-0.059,-0.008,1.4588081731061997,-1.6847438466332547,-11.66870392179516,8.0
2016-08-02 15:31:31.670,1.051,-0.063,-0.039,-0.9184685455909183,-2.4744389714455033,-11.301989375880842,8.0
2016-08-02 15:31:31.680,1.051,-0.047,-0.059,-0.22077360231761167,-2.539211715073507,-10.516449662503462,8.0
2016-08-02 15:31:31.690,1.07,-0.043,-0.063,-0.7726580396786472,-3.0604909081088825,-8.440118395401283,8.0
2016-08-02 15:31:31.700,1.082,-0.047,-0.055,-0.8944474402855688,-3.100698606604442,-8.117502486415182,8.0
2016-08-02 15:31:31.710,1.063,-0.051,-0.031,0.16336535164666555,-2.7685441415741403,-8.722653264700167,8.0
2016-08-02 15:31:31.720,1.055,-0.059,-0.004,-0.052460863447675615,-3.637010635815386,-8.543480457807625,8.0
2016-08-02 15:31:31.730,1.055,-0.074,0.008,0.3661410877357135,-3.797558516218288,-8.905318023319902,8.0
2016-08-02 15:31:31.740,1.066,-0.066,-0.004,1.3636599145206336,-2.948447686012017,-8.969485019837053,8.0
2016-08-02 15:31:31.750,1.059,-0.027,-0.016,-0.6456324396329389,-3.597664972445414,-7.40562018639115,8.0
2016-08-02 15:31:31.760,1.043,-0.027,-0.012,-5.017388982295683,-4.862118977156944,-5.751760912681,8.0
2016-08-02 15:31:31.770,1.043,-0.039,0.004,-8.408847627563908,-5.321842398923946,-5.343103902154915,8.0
2016-08-02 15:31:31.780,1.047,-0.039,0.008,-9.367643609297756,-5.309069397533246,-5.401167095538927,8.0
2016-08-02 15:31:31.790,1.043,-0.055,0.004,-9.400954630707488,-4.75312031499603,-4.91929150746555,8.0
2016-08-02 15:31:31.800,1.031,-0.047,-0.008,-10.13358600457818,-4.298032728921929,-3.9927984274334314,8.0
2016-08-02 15:31:31.810,1.016,-0.051,0.0,-10.974529989161555,-4.684441872814904,-2.703482655937516,8.0
2016-08-02 15:31:31.820,1.035,-0.059,0.012,-10.73140153077419,-4.945227953484792,-1.650825769992966,8.0
2016-08-02 15:31:31.830,1.051,-0.051,0.008,-8.960238076762984,-3.952581010850074,-1.6014433326007111,8.0
2016-08-02 15:31:31.840,1.043,-0.047,-0.004,-8.075360706403272,-2.75693317403846,-1.313106705694649,8.0
2016-08-02 15:31:31.850,1.035,-0.031,-0.004,-9.928897245358542,-2.8873599356166335,-0.386248647097813,8.0
2016-08-02 15:31:31.860,1.043,-0.039,0.004,-11.259066091204387,-3.223041708104698,-0.19567524849364867,8.0
2016-08-02 15:31:31.870,1.047,-0.047,0.008,-9.958093282129663,-2.6632192289237313,-0.7112450043210863,8.0
2016-08-02 15:31:31.880,1.035,-0.047,0.016,-8.465330452291704,-2.4192639118616857,-1.3552717290910332,8.0
2016-08-02 15:31:31.890,1.047,-0.043,0.027,-8.691368274090621,-2.957316993707824,-2.252978365279027,8.0
2016-08-02 15:31:31.900,1.063,-0.031,0.027,-9.407826122681193,-3.3919790802629075,-3.8040339196780697,8.0
2016-08-02 15:31:31.910,1.066,-0.027,0.02,-9.035122958211115,-3.6631388455573095,-5.856200193504858,8.0
2016-08-02 15:31:31.920,1.066,-0.031,0.023,-8.727552958732398,-4.373940887165443,-7.651411310355197,8.0
2016-08-02 15:31:31.930,1.082,-0.031,0.027,-9.809194570615714,-5.248977014417791,-9.564312576233707,8.0
2016-08-02 15:31:31.940,1.102,-0.043,0.02,-11.352075742536384,-5.678133941493611,-12.386669127405463,8.0
2016-08-02 15:31:31.950,1.113,-0.047,0.012,-12.937834470458055,-6.195775332515382,-15.868644243067191,8.0
2016-08-02 15:31:31.960,1.121,-0.039,-0.012,-15.358469603533079,-7.467232523384914,-19.554646210535545,8.0
2016-08-02 15:31:31.970,1.137,-0.031,-0.031,-17.748220279444897,-9.141578092689866,-23.20944561170215,8.0
2016-08-02 15:31:31.980,1.148,-0.047,-0.031,-18.40999140139325,-10.607984460336981,-26.63398450886636,8.0
2016-08-02 15:31:31.990,1.172,-0.059,-0.031,-17.33228790269338,-11.901742922639698,-29.89058700130446,8.0
2016-08-02 15:31:32.000,1.184,-0.059,-0.043,-15.073460729078636,-13.395228964316791,-32.846903779997035,8.0
2016-08-02 15:31:32.010,1.191,-0.051,-0.047,-12.819269167340057,-14.596364245714097,-34.737029077161715,8.0
2016-08-02 15:31:32.020,1.191,-0.039,-0.059,-12.0469455275931,-15.244002648324917,-35.85852127163344,8.0
2016-08-02 15:31:32.030,1.195,-0.02,-0.07,-11.629835607230612,-15.940731979932584,-37.301562884848956,8.0
2016-08-02 15:31:32.040,1.191,-0.008,-0.078,-10.533350063493032,-16.115262053341528,-38.48191797159079,8.0
2016-08-02 15:31:32.050,1.184,0.004,-0.082,-10.79492561815713,-15.555775446728536,-38.840640128355226,8.0
2016-08-02 15:31:32.060,1.188,0.023,-0.082,-13.136380598806817,-15.539145303878048,-39.31551698848029,8.0
2016-08-02 15:31:32.070,1.203,0.039,-0.078,-14.61391593660779,-16.05726867583588,-40.64114640733426,8.0
2016-08-02 15:31:32.080,1.215,0.047,-0.074,-13.062681932257906,-16.22855602910319,-42.49754413815802,8.0
2016-08-02 15:31:32.090,1.219,0.051,-0.078,-10.409027216960254,-16.072153869535985,-43.685465072477704,8.0
2016-08-02 15:31:32.100,1.227,0.051,-0.09,-9.290013345935684,-16.185755554437048,-44.25361161707614,8.0
2016-08-02 15:31:32.110,1.219,0.059,-0.105,-9.086865580958252,-16.840857861202462,-45.451723761533316,8.0
2016-08-02 15:31:32.120,1.211,0.07,-0.121,-7.95043336788457,-17.747071559223848,-46.7176906520942,8.0
2016-08-02 15:31:32.130,1.211,0.094,-0.133,-5.611460294344752,-19.00888327231424,-47.004415433084716,8.0
2016-08-02 15:31:32.140,1.203,0.105,-0.137,-3.622405991860245,-20.26894770141158,-46.248736095559906,8.0
2016-08-02 15:31:32.150,1.188,0.121,-0.137,-3.5380332312484986,-20.932060429399126,-44.566514185042216,8.0
2016-08-02 15:31:32.160,1.172,0.137,-0.145,-3.6451693522021715,-21.73831126713035,-42.82666695710828,8.0
2016-08-02 15:31:32.170,1.16,0.148,-0.152,-2.070314147668088,-22.433042509800252,-41.123315391731865,8.0
2016-08-02 15:31:32.180,1.145,0.164,-0.164,-0.4471873949665035,-22.434639811388987,-38.46832660516863,8.0
2016-08-02 15:31:32.190,1.141,0.176,-0.164,0.7557820674556155,-22.500066325514215,-35.52746872968432,8.0
2016-08-02 15:31:32.200,1.133,0.191,-0.18,3.4209998924377114,-22.199037691651583,-33.46291759264773,8.0
2016-08-02 15:31:32.210,1.121,0.195,-0.188,8.091022429043035,-21.273861502315498,-31.601514426632527,8.0
2016-08-02 15:31:32.220,1.105,0.199,-0.184,12.923014562886182,-20.759173344915872,-29.337932091107966,8.0
2016-08-02 15:31:32.230,1.094,0.203,-0.184,15.914360564672483,-20.98892205405572,-27.39709742826352,8.0
2016-08-02 15:31:32.240,1.086,0.207,-0.172,17.68302916489229,-21.167417684234735,-25.498986465223094,8.0
2016-08-02 15:31:32.250,1.074,0.223,-0.168,19.286049307769396,-20.72894138877225,-23.217369216039216,8.0
2016-08-02 15:31:32.260,1.063,0.238,-0.172,21.268375376414703,-20.96647028648392,-21.54272452475164,8.0
2016-08-02 15:31:32.270,1.059,0.242,-0.191,24.489788505505075,-21.569918038840232,-20.148873647825518,8.0
2016-08-02 15:31:32.280,1.043,0.25,-0.207,27.95957236523213,-21.072794411360626,-18.663672590335274,8.0
2016-08-02 15:31:32.290,1.023,0.273,-0.203,29.943189877681462,-21.640837575201985,-17.690729673733884,8.0
2016-08-02 15:31:32.300,1.023,0.277,-0.188,29.09545293892057,-23.812522375793783,-16.116555977569533,8.0
2016-08-02 15:31:32.310,1.035,0.285,-0.172,26.457658838571035,-25.03297253072972,-13.931421592028332,8.0
2016-08-02 15:31:32.320,1.031,0.281,-0.164,26.99333566529424,-25.23588397890467,-12.391003506896997,8.0
2016-08-02 15:31:32.330,1.008,0.266,-0.172,31.42378511327404,-25.021977571527508,-10.768819564171672,8.0
2016-08-02 15:31:32.340,0.992,0.273,-0.188,35.345662916031074,-24.644971321601965,-8.878444833539506,8.0
2016-08-02 15:31:32.350,0.996,0.301,-0.199,37.479360459351604,-24.074665495497214,-7.180549312818305,8.0
2016-08-02 15:31:32.360,0.992,0.309,-0.227,38.10063274696824,-22.311843366594783,-5.361685525023681,8.0
2016-08-02 15:31:32.370,0.969,0.316,-0.242,38.049319315641625,-21.23257913803323,-3.8083127943490243,8.0
2016-08-02 15:31:32.380,0.953,0.32,-0.227,39.4846408854401,-22.539387205729206,-1.8858999309258702,8.0
2016-08-02 15:31:32.390,0.957,0.313,-0.207,40.934155919116925,-23.601768460310666,1.0628773164112681,8.0
2016-08-02 15:31:32.400,0.961,0.293,-0.184,40.889245395183096,-23.445029588014325,3.124321161186643,8.0
2016-08-02 15:31:32.410,0.961,0.301,-0.16,40.890441900674524,-23.18042019488622,4.640776598760311,8.0
2016-08-02 15:31:32.420,0.957,0.297,-0.164,39.37788888307471,-22.189920927267977,7.737350636078503,8.0
2016-08-02 15:31:32.430,0.93,0.289,-0.188,35.02307197613791,-21.22023161520285,10.525586953990382,8.0
2016-08-02 15:31:32.440,0.895,0.297,-0.203,31.15310632609404,-21.86049978721515,11.592915835116965,8.0
2016-08-02 15:31:32.450,0.891,0.293,-0.211,29.280172717869636,-22.642365315856054,12.393033853101333,8.0
2016-08-02 15:31:32.460,0.887,0.313,-0.207,28.926991205068568,-22.218817103972054,12.760740772137591,8.0
2016-08-02 15:31:32.470,0.918,0.316,-0.184,30.86652500346136,-20.759413675546735,13.47577074711379,8.0
2016-08-02 15:31:32.480,0.953,0.313,-0.168,33.27237783546189,-17.280555101062028,15.197155631296493,8.0
2016-08-02 15:31:32.490,0.961,0.336,-0.184,34.69666212637467,-13.168960359425416,16.099907937757123,8.0
2016-08-02 15:31:32.500,0.934,0.32,-0.199,35.35367115686002,-10.850483338352374,17.861007921963367,8.0
2016-08-02 15:31:32.510,0.902,0.266,-0.207,32.486240757851625,-9.446281241368116,19.930734522883437,8.0
2016-08-02 15:31:32.520,0.879,0.27,-0.203,28.82291432366537,-9.41888485187198,18.051158536806383,8.0
2016-08-02 15:31:32.530,0.898,0.301,-0.164,28.947932514469734,-10.268871795001171,16.61711702404109,8.0
2016-08-02 15:31:32.540,0.938,0.328,-0.156,28.308523555483525,-9.489663962488201,18.650702474639857,8.0
2016-08-02 15:31:32.550,0.953,0.316,-0.168,27.24629779303395,-8.6735101358831,19.148663538958964,8.0
2016-08-02 15:31:32.560,0.945,0.266,-0.184,29.040895705363916,-8.085271509727189,18.795756301872764,8.0
2016-08-02 15:31:32.570,0.914,0.262,-0.223,27.8610464823632,-7.236181555615457,18.696254363287046,8.0
2016-08-02 15:31:32.580,0.906,0.281,-0.238,23.281163812745998,-7.8079198768549665,18.217312350652048,8.0
2016-08-02 15:31:32.590,0.906,0.273,-0.227,19.75933891188251,-7.516621620560333,20.89355413436818,8.0
2016-08-02 15:31:32.600,0.898,0.27,-0.223,17.513876430386308,-6.440141079767164,23.546052628106224,8.0
2016-08-02 15:31:32.610,0.895,0.277,-0.207,19.503339070801104,-6.9788032755993585,22.913452984899806,8.0
2016-08-02 15:31:32.620,0.906,0.266,-0.168,23.887112239137466,-6.107522204104541,24.171926832008005,8.0
2016-08-02 15:31:32.630,0.906,0.262,-0.168,23.553668431426196,-4.0879936344866215,25.88434497465683,8.0
2016-08-02 15:31:32.640,0.898,0.262,-0.184,21.911987400660273,-4.275266275546639,24.938469841660314,8.0
2016-08-02 15:31:32.650,0.879,0.23,-0.191,21.984735197821443,-4.500883452370277,25.560789067445583,8.0
2016-08-02 15:31:32.660,0.867,0.219,-0.18,18.244867943259926,-4.061418135267297,26.444807509360672,8.0
2016-08-02 15:31:32.670,0.871,0.23,-0.164,12.406474752899882,-4.779068749526412,24.5736012374035,8.0
2016-08-02 15:31:32.680,0.867,0.215,-0.148,8.835598093869859,-4.089099517737052,23.616801084111426,8.0
2016-08-02 15:31:32.690,0.848,0.203,-0.148,6.567609889184823,-1.6288066254972522,23.450146748186334,8.0
2016-08-02 15:31:32.700,0.832,0.207,-0.16,7.055895714592583,-0.275831726076923,22.49349721253246,8.0
2016-08-02 15:31:32.710,0.813,0.199,-0.18,9.289164320883936,1.2080708321943063,23.402431574072978,8.0
2016-08-02 15:31:32.720,0.797,0.195,-0.191,9.99272759093043,3.203025393073732,24.42482349885251,8.0
2016-08-02 15:31:32.730,0.777,0.184,-0.203,10.86703137483389,4.327328415360922,23.346226815117127,8.0
2016-08-02 15:31:32.740,0.766,0.16,-0.199,10.889950754509115,6.019850510106301,22.107738008480506,8.0
2016-08-02 15:31:32.750,0.773,0.148,-0.184,8.706600983031315,7.874843844686076,19.316758435394,8.0
2016-08-02 15:31:32.760,0.781,0.117,-0.18,8.031652199340972,9.317579421078173,14.982592650621568,8.0
2016-08-02 15:31:32.770,0.785,0.102,-0.18,8.403380841300038,11.663963251639565,12.297602926928159,8.0
2016-08-02 15:31:32.780,0.793,0.109,-0.191,8.12271803196498,13.045571832691245,10.360629160482421,8.0
2016-08-02 15:31:32.790,0.797,0.121,-0.211,8.111923849533031,13.094167679436366,9.490728951506275,8.0
2016-08-02 15:31:32.800,0.797,0.125,-0.203,5.971249788699504,13.35409498003767,10.453465945477056,8.0
2016-08-02 15:31:32.810,0.785,0.102,-0.188,1.5537102309858244,12.573789136501647,10.18551248057471,8.0
2016-08-02 15:31:32.820,0.781,0.098,-0.168,-1.594463035301005,11.237562536354549,9.257994804680946,8.0
2016-08-02 15:31:32.830,0.789,0.109,-0.18,-2.6860107575964083,10.856558339709226,9.378751356073009,8.0
2016-08-02 15:31:32.840,0.797,0.105,-0.188,-0.7045714542313715,11.012898209976123,8.781339519551892,8.0
2016-08-02 15:31:32.850,0.852,0.098,-0.195,5.27079389238502,11.22049062790927,6.50510790884011,8.0
2016-08-02 15:31:32.860,0.895,0.094,-0.227,9.92946804453118,11.754689900768456,3.440781861939757,8.0
2016-08-02 15:31:32.870,0.883,0.082,-0.25,7.646557457521887,12.302075467266887,1.3172181040163227,8.0
2016-08-02 15:31:32.880,0.84,0.07,-0.258,1.5879179662556657,10.816657927087904,0.1442608740473647,8.0
2016-08-02 15:31:32.890,0.816,0.055,-0.246,-3.0026929991700406,7.301648455157208,-0.942564225523167,8.0
2016-08-02 15:31:32.900,0.836,0.059,-0.207,-5.199976582725343,4.055679107013479,-1.2178115137940766,8.0
2016-08-02 15:31:32.910,0.863,0.082,-0.176,-4.602099537441051,2.0099281698992084,-0.3333806671592871,8.0
2016-08-02 15:31:32.920,0.879,0.105,-0.168,-2.6414864763554586,1.2443943174201484,1.497182701711806,8.0
2016-08-02 15:31:32.930,0.887,0.105,-0.184,-2.1440066786128678,1.2146226397783462,2.686148565695227,8.0
2016-08-02 15:31:32.940,0.883,0.102,-0.199,-2.90926624955687,0.8706696269445685,2.0267837801780164,8.0
2016-08-02 15:31:32.950,0.859,0.09,-0.215,-4.867079766815728,0.025549869699118183,1.0453338272646375,8.0
2016-08-02 15:31:32.960,0.836,0.082,-0.223,-6.922094205339558,-1.1951717803041881,-0.43117660845612915,8.0
2016-08-02 15:31:32.970,0.855,0.082,-0.219,-4.798216286506083,-2.5362769854563094,-2.7168945273712777,8.0
2016-08-02 15:31:32.980,0.898,0.078,-0.215,-0.15170336319918445,-2.606304778081304,-3.8961148021251395,8.0
2016-08-02 15:31:32.990,0.949,0.086,-0.242,2.3166752862413507,-0.7014206185766936,-4.474177514203558,8.0
2016-08-02 15:31:33.000,0.949,0.07,-0.262,4.399664560700142,2.1652894910574183,-5.347495797542609,8.0
2016-08-02 15:31:33.010,0.93,0.055,-0.266,5.2665330204322975,4.53101787302457,-5.6031004092894,8.0
2016-08-02 15:31:33.020,0.914,0.07,-0.25,1.228073698070794,4.6634276765426526,-5.7013816365739,8.0
2016-08-02 15:31:33.030,0.91,0.094,-0.207,-3.692487161392739,3.013776619264663,-5.695257331000106,8.0
2016-08-02 15:31:33.040,0.895,0.102,-0.172,-6.33635903847942,1.4151180752849992,-5.305096595280776,8.0
2016-08-02 15:31:33.050,0.875,0.09,-0.141,-8.188242938197984,-0.6021945834919399,-5.942582204072336,8.0
2016-08-02 15:31:33.060,0.863,0.09,-0.141,-7.9405684294239816,-2.7419204132703854,-7.182876649012354,8.0
2016-08-02 15:31:33.070,0.852,0.102,-0.168,-6.177493922989704,-3.506364500092297,-7.553127836058743,8.0
2016-08-02 15:31:33.080,0.836,0.109,-0.184,-5.6925924989139345,-3.7221004269866,-7.732822082114205,8.0
2016-08-02 15:31:33.090,0.836,0.117,-0.18,-5.841076618368943,-4.176511570649344,-8.514241990357462,8.0
2016-08-02 15:31:33.100,0.848,0.133,-0.176,-6.477389264113346,-3.8142517844518595,-9.79299401467167,8.0
2016-08-02 15:31:33.110,0.844,0.145,-0.16,-8.313908547398135,-2.279138199690493,-11.631715864199595,8.0
2016-08-02 15:31:33.120,0.836,0.137,-0.145,-9.373993560026012,-0.3767540809842979,-14.234804113970135,8.0
2016-08-02 15:31:33.130,0.832,0.137,-0.137,-8.879658615761212,1.4623540428345567,-17.29243146218227,8.0
2016-08-02 15:31:33.140,0.82,0.145,-0.141,-8.458244910310661,3.0920382937144297,-19.898578907070736,8.0
2016-08-02 15:31:33.150,0.816,0.164,-0.141,-8.374341175663009,4.359745333002136,-21.565398157146255,8.0
2016-08-02 15:31:33.160,0.813,0.18,-0.148,-8.614000294670209,5.356258010499529,-22.50015413918846,8.0
2016-08-02 15:31:33.170,0.801,0.172,-0.145,-9.595063347306287,6.001872503446275,-22.95785379573644,8.0
2016-08-02 15:31:33.180,0.785,0.168,-0.117,-10.359738438444849,5.903498252249818,-23.839738016080467,8.0
2016-08-02 15:31:33.190,0.777,0.16,-0.086,-11.361435533481933,5.2770870421481595,-25.796226206384837,8.0
2016-08-02 15:31:33.200,0.766,0.16,-0.066,-15.396415676755126,5.190745900001003,-27.64320929454864,8.0
2016-08-02 15:31:33.210,0.754,0.195,-0.059,-22.93652574020936,5.468267436596034,-28.542501138734533,8.0
2016-08-02 15:31:33.220,0.762,0.223,-0.059,-31.090497857343376,5.436707480967005,-28.86949936844939,8.0
2016-08-02 15:31:33.230,0.758,0.219,-0.082,-36.204963908325176,5.911019322481293,-29.37575935094022,8.0
2016-08-02 15:31:33.240,0.73,0.215,-0.145,-35.194173749173935,6.204828330340693,-30.613032206227167,8.0
2016-08-02 15:31:33.250,0.703,0.191,-0.16,-28.926970475001305,5.804929682913891,-31.058425368171065,8.0
2016-08-02 15:31:33.260,0.668,0.176,-0.148,-23.158660316895407,6.234227354646028,-30.813503862719994,8.0
2016-08-02 15:31:33.270,0.66,0.188,-0.129,-20.50960358121823,5.841281902045336,-32.36225926569407,8.0
2016-08-02 15:31:33.280,0.691,0.188,-0.094,-20.98675532567716,4.384270723032013,-33.44576205461867,8.0
2016-08-02 15:31:33.290,0.73,0.215,-0.066,-27.695215124627126,4.79402759829766,-32.6101432729734,8.0
2016-08-02 15:31:33.300,0.766,0.297,-0.07,-36.9501290886175,4.653871156365076,-32.96859011105271,8.0
2016-08-02 15:31:33.310,0.785,0.293,-0.094,-40.170642606425524,3.490063815334628,-31.937824657586905,8.0
2016-08-02 15:31:33.320,0.773,0.246,-0.141,-37.806370172830796,4.047421894177397,-28.597075193317487,8.0
2016-08-02 15:31:33.330,0.75,0.23,-0.18,-32.09742649954946,2.39043004957513,-29.013529323424493,8.0
2016-08-02 15:31:33.340,0.742,0.199,-0.195,-25.81039845274197,-0.8257177524992834,-30.420255267316428,8.0
2016-08-02 15:31:33.350,0.742,0.199,-0.184,-27.560215276295168,-0.9532946929323388,-29.07413352479577,8.0
2016-08-02 15:31:33.360,0.754,0.246,-0.16,-37.15611517806927,-2.025814984843884,-29.78266460556649,8.0
2016-08-02 15:31:33.370,0.789,0.297,-0.145,-46.29741298828652,-3.90740666147387,-30.043781344399058,8.0
2016-08-02 15:31:33.380,0.852,0.324,-0.137,-50.481441308865044,-1.6141516362547557,-26.232198917011047,8.0
2016-08-02 15:31:33.390,0.941,0.32,-0.168,-46.04340258316189,3.0258866864305842,-22.028915850826913,8.0
2016-08-02 15:31:33.400,0.949,0.316,-0.266,-34.66621582362966,8.549318533951729,-16.41743469934054,8.0
2016-08-02 15:31:33.410,0.902,0.277,-0.34,-23.43120255621394,13.631494047691305,-9.203445431018299,8.0
2016-08-02 15:31:33.420,0.855,0.23,-0.32,-16.419204045308046,14.689992101394562,-5.440816718763282,8.0
2016-08-02 15:31:33.430,0.844,0.23,-0.266,-18.244799206814236,11.78617877265759,-5.267619000016202,8.0
2016-08-02 15:31:33.440,0.883,0.348,-0.203,-29.017922068982998,6.364413654722208,-5.234413783468012,8.0
2016-08-02 15:31:33.450,0.957,0.367,-0.133,-39.255430556647184,2.7389076123188634,-2.853649028720439,8.0
2016-08-02 15:31:33.460,1.004,0.277,-0.098,-42.67225757708354,5.0251798695743455,0.12203999429927948,8.0
2016-08-02 15:31:33.470,1.02,0.258,-0.137,-37.531904666821745,8.21794203998892,-0.2880819241668471,8.0
2016-08-02 15:31:33.480,0.988,0.273,-0.246,-26.85912918443675,10.576141414044265,1.186967459545491,8.0
2016-08-02 15:31:33.490,0.941,0.297,-0.32,-21.518120804406152,15.215069342079262,8.024902913270372,8.0
2016-08-02 15:31:33.500,0.922,0.316,-0.301,-22.66963632868931,16.58183542496986,12.237273732186656,8.0
2016-08-02 15:31:33.510,0.945,0.297,-0.258,-24.898259854552897,13.621009555849863,14.001209007884107,8.0
2016-08-02 15:31:33.520,0.961,0.324,-0.219,-30.137987204821158,11.326789362085037,17.410672971732392,8.0
2016-08-02 15:31:33.530,1.004,0.344,-0.168,-34.98609344576689,8.613617452829462,19.432011334775304,8.0
2016-08-02 15:31:33.540,1.043,0.297,-0.137,-33.82669197797793,8.97820917549652,22.079798262998892,8.0
2016-08-02 15:31:33.550,1.059,0.27,-0.137,-27.847792757094133,14.04404192792164,25.677241687749007,8.0
2016-08-02 15:31:33.560,1.059,0.277,-0.168,-18.654115430168172,17.28265431800903,27.11102041264412,8.0
2016-08-02 15:31:33.570,1.027,0.254,-0.207,-12.21633654633596,19.98599406255826,30.85292650437738,8.0
2016-08-02 15:31:33.580,0.973,0.227,-0.238,-13.117857024106884,21.920097453917244,35.81112489610516,8.0
2016-08-02 15:31:33.590,0.953,0.254,-0.234,-15.493758440018603,18.035052474071506,36.94113634569105,8.0
2016-08-02 15:31:33.600,0.996,0.273,-0.195,-16.49928402676882,14.195592231850611,38.95586625533988,8.0
2016-08-02 15:31:33.610,1.094,0.305,-0.152,-17.204813445277956,14.943865872983157,43.077506886889374,8.0
2016-08-02 15:31:33.620,1.176,0.324,-0.141,-14.687244273374237,17.694607375973902,45.96925832335893,8.0
2016-08-02 15:31:33.630,1.172,0.281,-0.172,-9.91171770129371,22.84668264518537,50.33815402085221,8.0
2016-08-02 15:31:33.640,1.109,0.211,-0.207,-5.81499565458714,26.675798731381807,54.83495712242634,8.0
2016-08-02 15:31:33.650,1.055,0.18,-0.215,-2.9818423987259823,25.25800954954918,55.631044657843375,8.0
2016-08-02 15:31:33.660,1.043,0.199,-0.199,-4.37001677640291,22.46666530398376,56.02415577569961,8.0
2016-08-02 15:31:33.670,1.055,0.23,-0.156,-9.245027554902288,19.805041750852038,57.32655675026989,8.0
2016-08-02 15:31:33.680,1.094,0.242,-0.102,-11.067919410776069,16.846012580901828,58.08591387894897,8.0
2016-08-02 15:31:33.690,1.203,0.25,-0.082,-6.23683539032032,15.640336449562607,59.48602801372131,8.0
2016-08-02 15:31:33.700,1.289,0.238,-0.133,2.769533065609826,17.464751228792863,61.45721644427212,8.0
2016-08-02 15:31:33.710,1.25,0.18,-0.188,9.537821037139674,21.15262920630818,63.2527908596044,8.0
2016-08-02 15:31:33.720,1.188,0.129,-0.207,11.005348950587726,20.886790606819403,63.26764950832148,8.0
2016-08-02 15:31:33.730,1.188,0.121,-0.188,9.372458410431642,16.19470083104382,60.34618909129138,8.0
2016-08-02 15:31:33.740,1.227,0.117,-0.152,5.999049982702107,15.084768339764071,57.3560634130636,8.0
2016-08-02 15:31:33.750,1.238,0.105,-0.109,3.8320869154033956,17.365748285009474,55.901463418274744,8.0
2016-08-02 15:31:33.760,1.219,0.094,-0.121,5.140438911742855,18.5684981100835,56.08492899244955,8.0
2016-08-02 15:31:33.770,1.188,0.125,-0.156,6.46545047565084,18.766845419122998,58.936728095603776,8.0
2016-08-02 15:31:33.780,1.219,0.121,-0.195,8.577911926545138,16.69084158109718,63.208626137910485,8.0
2016-08-02 15:31:33.790,1.219,0.094,-0.207,12.027702360379537,14.486939174644133,66.71875717290835,8.0
2016-08-02 15:31:33.800,1.219,0.074,-0.152,9.15826110306142,14.524934095844156,67.8601056923004,8.0
2016-08-02 15:31:33.810,1.25,0.07,-0.105,1.8526838851773588,14.047820542667193,65.7249223915023,8.0
2016-08-02 15:31:33.820,1.27,0.055,-0.063,0.17598235067163281,15.36921925097695,61.84766064307239,8.0
2016-08-02 15:31:33.830,1.266,0.016,-0.035,4.379643182726973,19.414590886529652,57.33328035196573,8.0
2016-08-02 15:31:33.840,1.227,-0.012,-0.039,9.490754430901944,20.698523134479032,51.21982760793577,8.0
2016-08-02 15:31:33.850,1.195,-0.031,-0.027,11.08690305590179,19.020163668586537,44.81703373726926,8.0
2016-08-02 15:31:33.860,1.211,-0.031,-0.043,8.06946386353912,16.713845849565825,39.08044689711052,8.0
2016-08-02 15:31:33.870,1.223,-0.047,-0.043,4.7819524512068,14.06603297933739,32.43085601523488,8.0
2016-08-02 15:31:33.880,1.219,-0.09,-0.02,1.2508124897734694,11.879409133099351,25.870780275320882,8.0
2016-08-02 15:31:33.890,1.215,-0.121,-0.012,-4.496964129950737,9.749144450602941,19.798765678259343,8.0
2016-08-02 15:31:33.900,1.18,-0.145,-0.008,-9.651962329475298,7.28982362682751,13.960438374385912,8.0
2016-08-02 15:31:33.910,1.16,-0.133,-0.039,-14.150105936889117,4.960309834195674,10.033250198742241,8.0
2016-08-02 15:31:33.920,1.133,-0.113,-0.063,-16.77170545198638,2.851493385233377,6.463372884373277,8.0
2016-08-02 15:31:33.930,1.121,-0.125,-0.039,-13.647483569389973,1.7472134249078586,2.097497901221151,8.0
2016-08-02 15:31:33.940,1.145,-0.152,-0.023,-7.7966496051296055,1.9399600717696515,-2.8211397282695416,8.0
2016-08-02 15:31:33.950,1.145,-0.148,-0.02,-3.169506615124021,2.6143653675177014,-8.461185673536798,8.0
2016-08-02 15:31:33.960,1.145,-0.156,-0.02,-1.747513867304547,2.9799862879247505,-11.282897436474563,8.0
2016-08-02 15:31:33.970,1.129,-0.109,-0.055,-4.718427008652599,2.3936155982842116,-11.29754482932142,8.0
2016-08-02 15:31:33.980,1.082,-0.098,-0.051,-8.82375444584563,0.7752705201661467,-11.006475892734253,8.0
2016-08-02 15:31:33.990,1.086,-0.113,-0.035,-11.395335222022913,-0.8705660195618672,-9.900432590604877,8.0
2016-08-02 15:31:34.000,1.09,-0.105,-0.027,-10.892095035736961,-1.058780877270038,-10.962866924988237,8.0
2016-08-02 15:31:34.010,1.074,-0.117,-0.023,-8.06973898137511,-0.35663004234866263,-13.501146793229985,8.0
2016-08-02 15:31:34.020,1.074,-0.125,-0.023,-6.407959902472195,-0.34906530068377134,-13.827937115262927,8.0
2016-08-02 15:31:34.030,1.078,-0.086,-0.031,-4.765024959030458,-0.4012621235988214,-14.13475455307727,8.0
2016-08-02 15:31:34.040,1.086,-0.086,-0.035,-3.0201593042316524,-0.16723785915724862,-13.8923226256886,8.0
2016-08-02 15:31:34.050,1.086,-0.074,-0.047,-2.5891702676786563,-0.07146541062736854,-12.11791812196364,8.0
2016-08-02 15:31:34.060,1.051,-0.063,-0.051,-2.598388783565557,0.059043587052815344,-10.350205996571521,8.0
2016-08-02 15:31:34.070,1.027,-0.074,-0.047,-4.978207508302516,-0.4110808899632302,-7.7847978741968875,8.0
2016-08-02 15:31:34.080,1.023,-0.074,-0.051,-7.387133194696819,-0.5086576139389536,-5.869086291738813,8.0
2016-08-02 15:31:34.090,1.035,-0.078,-0.035,-5.555723965647986,0.8965826772217526,-5.072727300968149,8.0
2016-08-02 15:31:34.100,1.063,-0.066,-0.043,-3.011912099601959,2.1755007813741556,-3.6558034559412307,8.0
2016-08-02 15:31:34.110,1.055,-0.055,-0.035,-2.1111914962804574,2.7609675072897146,-2.3048748933835665,8.0
2016-08-02 15:31:34.120,1.051,-0.055,-0.027,-1.7924459380534383,2.7643778544315243,-0.8148465598027766,8.0
2016-08-02 15:31:34.130,1.059,-0.051,-0.027,-1.7375432241714275,2.3110092094564023,0.46009094371396697,8.0
2016-08-02 15:31:34.140,1.051,-0.063,-0.023,-1.5325199219777557,2.4526678298913076,0.8882686833694293,8.0
2016-08-02 15:31:34.150,1.039,-0.074,-0.02,-2.3828951190328977,2.3252103036520104,1.647905586583745,8.0
2016-08-02 15:31:34.160,1.039,-0.07,-0.023,-4.06627282769159,1.387328686118057,2.0185357322959554,8.0
2016-08-02 15:31:34.170,1.035,-0.086,-0.023,-4.543060038661377,0.786592740080133,1.743068431785448,8.0
2016-08-02 15:31:34.180,1.059,-0.102,-0.027,-3.9066357454276335,0.5230644140540007,1.4199539087028992,8.0
2016-08-02 15:31:34.190,1.078,-0.086,-0.047,-2.442675821218223,0.8056392542269453,0.2931167644424745,8.0
2016-08-02 15:31:34.200,1.066,-0.082,-0.059,-1.6473946878019488,1.2790352592302343,-0.5801940186769172,8.0
2016-08-02 15:31:34.210,1.063,-0.086,-0.059,-3.5564356575787777,0.5503055390019669,-1.1239094890930532,8.0
2016-08-02 15:31:34.220,1.074,-0.086,-0.055,-5.339562947302749,-0.40437983291217605,-3.3595983042163313,8.0
2016-08-02 15:31:34.230,1.086,-0.086,-0.047,-4.349536493261899,-0.6470364228144259,-6.244280222307635,8.0
2016-08-02 15:31:34.240,1.094,-0.094,-0.051,-2.429346298380376,-1.1518564160449367,-8.651939531721268,8.0
2016-08-02 15:31:34.250,1.082,-0.094,-0.055,-1.025334969077758,-1.9521965736344655,-11.077291343003044,8.0
2016-08-02 15:31:34.260,1.074,-0.102,-0.055,-0.9971576956463778,-2.9541208208314016,-12.396125255089476,8.0
2016-08-02 15:31:34.270,1.078,-0.078,-0.055,-2.7621332992926817,-4.181553605018372,-12.720383018165343,8.0
2016-08-02 15:31:34.280,1.082,-0.066,-0.059,-4.500528636778476,-4.886726057610108,-13.457064723777888,8.0
2016-08-02 15:31:34.290,1.086,-0.07,-0.066,-4.665917240609258,-5.247782824876539,-14.3912598494672,8.0
2016-08-02 15:31:34.300,1.094,-0.066,-0.078,-3.1849461592996793,-5.850348791513276,-15.71086197280356,8.0
2016-08-02 15:31:34.310,1.098,-0.055,-0.086,-0.9107105185074219,-6.697979435353437,-17.847933543765098,8.0
2016-08-02 15:31:34.320,1.109,-0.055,-0.086,1.607432489893439,-7.8324290685658635,-20.385475563012164,8.0
2016-08-02 15:31:34.330,1.117,-0.055,-0.082,4.956734329496875,-9.00400784521465,-23.352557430755773,8.0
2016-08-02 15:31:34.340,1.125,-0.051,-0.074,7.5415474291556865,-9.832825109055275,-26.38988254760838,8.0
2016-08-02 15:31:34.350,1.137,-0.027,-0.066,6.894201627822904,-10.709174735499627,-29.084229385306017,8.0
2016-08-02 15:31:34.360,1.156,-0.004,-0.074,5.38800619079253,-12.462997005330665,-32.19071920112463,8.0
2016-08-02 15:31:34.370,1.18,0.008,-0.094,6.56750074131465,-14.706448908661866,-35.8276069952175,8.0
2016-08-02 15:31:34.380,1.195,0.012,-0.113,8.7871653252471,-16.426365208233914,-39.443303429919936,8.0
2016-08-02 15:31:34.390,1.195,-0.004,-0.137,9.215290410775003,-18.066479650015406,-43.11630100672779,8.0
2016-08-02 15:31:34.400,1.188,0.004,-0.156,8.885883210759507,-20.229324534642963,-46.23629553468368,8.0
2016-08-02 15:31:34.410,1.188,0.023,-0.164,8.666948669501696,-22.376851443372043,-47.54956791491201,8.0
2016-08-02 15:31:34.420,1.195,0.039,-0.141,6.701057102504757,-23.35502374303967,-46.94979479815658,8.0
2016-08-02 15:31:34.430,1.203,0.055,-0.133,3.554602693280048,-23.017035698846207,-45.61874505282637,8.0
2016-08-02 15:31:34.440,1.207,0.07,-0.133,2.2926567573106813,-22.977678554839365,-44.43995454416488,8.0
2016-08-02 15:31:34.450,1.199,0.078,-0.148,2.9029010739533367,-23.118930017691458,-42.968428043738015,8.0
2016-08-02 15:31:34.460,1.18,0.098,-0.172,4.354162939314493,-22.683494293136047,-41.25379756493993,8.0
2016-08-02 15:31:34.470,1.164,0.109,-0.188,7.711783589314276,-23.063839295571817,-40.05779284845759,8.0
2016-08-02 15:31:34.480,1.164,0.121,-0.199,11.66772211669071,-23.965163413358724,-39.02556270943222,8.0
2016-08-02 15:31:34.490,1.168,0.129,-0.203,13.198319708428778,-24.31552256564217,-37.836607319857556,8.0
2016-08-02 15:31:34.500,1.152,0.129,-0.215,13.307269899299895,-24.817901597883427,-36.85559725210575,8.0
2016-08-02 15:31:34.510,1.141,0.133,-0.211,14.22268034632601,-25.637941842767656,-35.99891786024942,8.0
2016-08-02 15:31:34.520,1.148,0.148,-0.199,15.16698253263531,-26.68160656348191,-35.13179855584517,8.0
2016-08-02 15:31:34.530,1.156,0.152,-0.176,15.423149436675647,-27.559187841319606,-34.31945700060416,8.0
2016-08-02 15:31:34.540,1.16,0.145,-0.164,16.00372455769912,-27.473613247435203,-33.35833880124861,8.0
2016-08-02 15:31:34.550,1.141,0.145,-0.168,17.34787579753777,-26.979529082050234,-32.35484881325222,8.0
2016-08-02 15:31:34.560,1.109,0.152,-0.191,19.05759173761023,-26.536286054147748,-31.228934091594066,8.0
2016-08-02 15:31:34.570,1.09,0.172,-0.215,20.5937575566474,-25.601482330326064,-29.257336360400146,8.0
2016-08-02 15:31:34.580,1.082,0.207,-0.246,21.77688780317864,-24.53559137848457,-26.95273790750549,8.0
2016-08-02 15:31:34.590,1.074,0.23,-0.266,24.15613039293876,-23.85523350404172,-24.950778058531668,8.0
2016-08-02 15:31:34.600,1.063,0.227,-0.27,28.67681758578965,-23.307089135881853,-22.779398544059354,8.0
2016-08-02 15:31:34.610,1.055,0.238,-0.258,32.56103579245689,-23.673370744205425,-20.76420055830332,8.0
2016-08-02 15:31:34.620,1.051,0.227,-0.227,33.23606414448916,-25.132712370410566,-18.95163155650461,8.0
2016-08-02 15:31:34.630,1.047,0.219,-0.195,32.53223409184592,-26.355651421087742,-17.302600356882273,8.0
2016-08-02 15:31:34.640,1.059,0.23,-0.18,33.660291768518576,-27.329611845870364,-16.571608345858795,8.0
2016-08-02 15:31:34.650,1.047,0.242,-0.191,36.39974756192506,-27.825431365184606,-15.509103909925967,8.0
2016-08-02 15:31:34.660,1.023,0.246,-0.211,38.260550328652116,-27.571861154412538,-13.264427940881063,8.0
2016-08-02 15:31:34.670,1.023,0.27,-0.207,38.663360266003274,-27.747593317857103,-11.329061611589093,8.0
2016-08-02 15:31:34.680,1.039,0.289,-0.215,37.87510402622797,-27.665600534347366,-9.2626512201473,8.0
2016-08-02 15:31:34.690,1.043,0.289,-0.223,36.2451012148623,-26.495363197641048,-6.411878440726749,8.0
2016-08-02 15:31:34.700,1.039,0.281,-0.223,36.51491436015387,-25.799975911090023,-4.311930082118592,8.0
2016-08-02 15:31:34.710,1.027,0.242,-0.23,39.59742767771235,-25.72152589715294,-3.182793738204549,8.0
2016-08-02 15:31:34.720,1.016,0.234,-0.23,42.25503266966082,-25.153217070349534,-2.2978419208050442,8.0
2016-08-02 15:31:34.730,1.023,0.262,-0.207,43.253903414576136,-24.537779890370373,-1.0504266455703952,8.0
2016-08-02 15:31:34.740,1.047,0.27,-0.199,42.143819017220146,-23.4457000734332,1.9291974809088972,8.0
2016-08-02 15:31:34.750,1.031,0.266,-0.215,38.417917009826795,-21.13363129027653,5.58301334672481,8.0
2016-08-02 15:31:34.760,0.988,0.266,-0.211,36.99724004841739,-19.422030910353122,7.6101368799063565,8.0
2016-08-02 15:31:34.770,0.965,0.262,-0.199,38.9458619976636,-18.79350667979742,9.002640977126026,8.0
2016-08-02 15:31:34.780,0.949,0.273,-0.195,38.49476432828311,-18.04005014433398,10.234578617534314,8.0
2016-08-02 15:31:34.790,0.938,0.281,-0.191,37.0171672037959,-17.197653295306527,10.911417286168337,8.0
2016-08-02 15:31:34.800,0.945,0.27,-0.188,37.379543303213495,-15.092110109042277,12.894445698248504,8.0
2016-08-02 15:31:34.810,0.922,0.25,-0.23,36.96668616349753,-11.397097421692692,15.223782104504316,8.0
2016-08-02 15:31:34.820,0.875,0.258,-0.258,37.432233068048674,-8.584145225594266,16.548754472534632,8.0
2016-08-02 15:31:34.830,0.875,0.254,-0.238,39.83761033447891,-7.099443630224234,18.637326704556415,8.0
2016-08-02 15:31:34.840,0.883,0.258,-0.215,40.530407379888196,-6.312473956031589,19.666527661493376,8.0
2016-08-02 15:31:34.850,0.895,0.273,-0.18,40.9372544458385,-6.648575964683845,19.458430599180947,8.0
2016-08-02 15:31:34.860,0.906,0.266,-0.137,41.44145464725904,-6.662942703124805,21.61259630918373,8.0
2016-08-02 15:31:34.870,0.891,0.258,-0.129,37.56099670244008,-5.882300846392839,23.536010953695087,8.0
2016-08-02 15:31:34.880,0.852,0.254,-0.125,31.835400552528228,-6.129744753511486,23.673444081614285,8.0
2016-08-02 15:31:34.890,0.832,0.254,-0.152,28.65808331733297,-6.502668268392441,25.00261549977491,8.0
2016-08-02 15:31:34.900,0.809,0.238,-0.195,27.546099773790182,-5.474140882583628,25.577640284703946,8.0
2016-08-02 15:31:34.910,0.793,0.234,-0.215,29.741035265116167,-3.830050015161577,24.61506998145539,8.0
2016-08-02 15:31:34.920,0.813,0.23,-0.219,33.6718938080333,-2.01078649325104,25.058240876912226,8.0
2016-08-02 15:31:34.930,0.828,0.215,-0.215,34.45622337606325,-0.1729122592365315,26.23573395362817,8.0
2016-08-02 15:31:34.940,0.84,0.203,-0.188,33.6699427631914,0.3685397172066345,27.168664148443582,8.0
2016-08-02 15:31:34.950,0.852,0.199,-0.172,32.841440571953896,-0.6892547869959187,28.565288958522338,8.0
2016-08-02 15:31:34.960,0.836,0.184,-0.152,28.733883834247877,-1.6049784773428297,30.175517573724143,8.0
2016-08-02 15:31:34.970,0.813,0.16,-0.129,23.198482211010052,-2.2793127898805117,30.803652619184273,8.0
2016-08-02 15:31:34.980,0.801,0.141,-0.129,19.118092583342793,-3.1279751035363144,29.553878691541836,8.0
2016-08-02 15:31:34.990,0.789,0.152,-0.164,14.753702874768042,-2.7978714320222062,28.48405439430015,8.0
2016-08-02 15:31:35.000,0.781,0.164,-0.211,12.610364136078713,-1.7700360568806741,28.977982917847797,8.0
2016-08-02 15:31:35.010,0.793,0.148,-0.246,16.05803000027298,-0.9053203687305862,28.611642445683295,8.0
2016-08-02 15:31:35.020,0.797,0.125,-0.25,21.06442658270671,-0.3916977968167117,26.800141826274825,8.0
2016-08-02 15:31:35.030,0.797,0.102,-0.254,22.07669783406127,-1.160193280855868,25.079616648266068,8.0
2016-08-02 15:31:35.040,0.777,0.082,-0.238,17.704265001375106,-1.7613077525485394,23.84436263791612,8.0
2016-08-02 15:31:35.050,0.77,0.07,-0.203,11.749640120887324,-1.3283970849404372,23.034496884500097,8.0
2016-08-02 15:31:35.060,0.773,0.063,-0.199,8.929355775786188,-0.8747048131901153,21.97860554185054,8.0
2016-08-02 15:31:35.070,0.777,0.063,-0.223,8.319977461807943,0.9167226727937853,20.709351358378576,8.0
2016-08-02 15:31:35.080,0.789,0.074,-0.238,8.05701427495517,3.866259887586633,20.014058652885595,8.0
2016-08-02 15:31:35.090,0.816,0.086,-0.266,8.461649046942934,6.109925369440918,19.062116471803655,8.0
2016-08-02 15:31:35.100,0.82,0.082,-0.285,8.032956731641516,7.587352278458372,17.550155753475288,8.0
2016-08-02 15:31:35.110,0.824,0.066,-0.293,6.766890297246674,7.2780753336155435,16.3444857668775,8.0
2016-08-02 15:31:35.120,0.828,0.059,-0.281,5.545488334936335,5.0382298808338195,15.082954295882761,8.0
2016-08-02 15:31:35.130,0.844,0.066,-0.25,3.035754991289963,2.4826822637385333,14.010988628706183,8.0
2016-08-02 15:31:35.140,0.852,0.051,-0.219,0.3726414039984204,-0.2753618941257321,13.464194800294468,8.0
2016-08-02 15:31:35.150,0.852,0.027,-0.207,-0.43126109509960897,-2.468498621492322,12.123538396353288,8.0
2016-08-02 15:31:35.160,0.848,0.047,-0.215,-0.3127629722921915,-3.4102971528760277,10.9694987471247,8.0
2016-08-02 15:31:35.170,0.848,0.066,-0.242,-1.219627709289627,-4.057971614359213,11.44291126154955,8.0
2016-08-02 15:31:35.180,0.836,0.059,-0.266,-3.271016960634208,-4.819879147636668,11.013567358726348,8.0
2016-08-02 15:31:35.190,0.809,0.039,-0.273,-4.637838554704931,-6.056962833870598,8.568022010499655,8.0
2016-08-02 15:31:35.200,0.777,0.023,-0.258,-5.949773921160645,-7.648529840181867,6.023595021425834,8.0
2016-08-02 15:31:35.210,0.766,0.016,-0.23,-8.26100077578547,-8.952086402671762,3.2080871117177483,8.0
2016-08-02 15:31:35.220,0.766,0.0,-0.203,-9.451831652094612,-8.97465600090627,0.02310365814512999,8.0
2016-08-02 15:31:35.230,0.77,0.008,-0.211,-8.667876658744943,-6.192627421169506,-1.7317560658375586,8.0
2016-08-02 15:31:35.240,0.77,0.031,-0.227,-6.168643497133199,-2.1483199829741255,-2.079734691527054,8.0
2016-08-02 15:31:35.250,0.77,0.023,-0.266,-2.288569356837253,0.1650952580017909,-2.9501827581685616,8.0
2016-08-02 15:31:35.260,0.754,0.004,-0.293,0.748519497800641,0.2308396017404069,-5.795583372384902,8.0
2016-08-02 15:31:35.270,0.723,-0.012,-0.285,0.8369525528958657,-1.2963104035331758,-9.697895550204471,8.0
2016-08-02 15:31:35.280,0.727,-0.012,-0.234,-2.8926436674574685,-2.9490246493912773,-12.838971038216567,8.0
2016-08-02 15:31:35.290,0.77,0.008,-0.172,-7.992665574278151,-3.7743109201770046,-15.318283900265111,8.0
2016-08-02 15:31:35.300,0.793,0.023,-0.148,-10.713283078139456,-3.720115179220348,-16.960128353999725,8.0
2016-08-02 15:31:35.310,0.793,0.027,-0.164,-11.751296159360368,-2.255780601829907,-17.4689900730678,8.0
2016-08-02 15:31:35.320,0.793,0.051,-0.199,-12.216991172446484,-0.2157137893518239,-17.909197241331864,8.0
2016-08-02 15:31:35.330,0.785,0.066,-0.238,-11.531288579108013,1.2378938459492832,-17.988369130404763,8.0
2016-08-02 15:31:35.340,0.789,0.063,-0.25,-10.53069315080557,2.111164744723313,-17.872259567931213,8.0
2016-08-02 15:31:35.350,0.789,0.055,-0.246,-9.377301401246585,2.307608139635418,-19.315343403727006,8.0
2016-08-02 15:31:35.360,0.789,0.059,-0.211,-8.525538081521347,2.210864358226369,-21.495915952201678,8.0
2016-08-02 15:31:35.370,0.797,0.066,-0.176,-9.551603040257529,2.0995355865207466,-23.004899193384915,8.0
2016-08-02 15:31:35.380,0.809,0.074,-0.148,-11.258681670339008,1.8326378387882085,-24.358073456401765,8.0
2016-08-02 15:31:35.390,0.809,0.082,-0.141,-12.358608392232131,1.736475165420743,-25.07582819513967,8.0
2016-08-02 15:31:35.400,0.816,0.098,-0.156,-14.375724995568913,1.4991818422429246,-24.737838566532567,8.0
2016-08-02 15:31:35.410,0.82,0.102,-0.203,-17.019047288325083,0.9219501105217733,-24.439881916683678,8.0
2016-08-02 15:31:35.420,0.801,0.086,-0.219,-18.44041809614599,0.6851565629866937,-24.434278910834323,8.0
2016-08-02 15:31:35.430,0.777,0.063,-0.207,-20.06281039876322,0.3354843199666415,-24.83132848337494,8.0
2016-08-02 15:31:35.440,0.758,0.059,-0.203,-23.614056379764264,-0.7345457577285109,-26.402221873688823,8.0
2016-08-02 15:31:35.450,0.762,0.07,-0.199,-27.231261756710467,-1.6096983149811916,-28.144188962743154,8.0
2016-08-02 15:31:35.460,0.781,0.098,-0.191,-29.507269016075895,-1.3893826831953484,-28.524774623259617,8.0
2016-08-02 15:31:35.470,0.813,0.117,-0.191,-30.04844079335446,0.11086917257944306,-28.158136407899942,8.0
2016-08-02 15:31:35.480,0.848,0.129,-0.191,-27.07975139434776,2.686068170722927,-27.385771674221154,8.0
2016-08-02 15:31:35.490,0.859,0.133,-0.207,-23.43685516147402,6.017691009843883,-25.521791536364155,8.0
2016-08-02 15:31:35.500,0.836,0.145,-0.219,-25.11263106927674,9.263802925358766,-23.598501527445457,8.0
2016-08-02 15:31:35.510,0.816,0.133,-0.207,-30.6259656905753,10.89296242551609,-23.48154196166769,8.0
2016-08-02 15:31:35.520,0.789,0.133,-0.227,-34.73102454716884,10.620524781884285,-24.82783386641858,8.0
2016-08-02 15:31:35.530,0.762,0.125,-0.238,-36.13206111861912,9.379611465829623,-25.31490307591122,8.0
2016-08-02 15:31:35.540,0.773,0.133,-0.215,-35.49548958181958,8.15148652516076,-24.54875738524699,8.0
2016-08-02 15:31:35.550,0.797,0.137,-0.219,-34.131654077450825,8.443390956214554,-23.88220717860311,8.0
2016-08-02 15:31:35.560,0.809,0.148,-0.23,-32.41261184492384,10.61051589744077,-22.659629373602357,8.0
2016-08-02 15:31:35.570,0.816,0.176,-0.223,-29.37140145476675,12.819486648009244,-20.367858783568373,8.0
2016-08-02 15:31:35.580,0.82,0.191,-0.215,-27.21551128388676,14.304459165535434,-18.175095157744863,8.0
2016-08-02 15:31:35.590,0.805,0.199,-0.203,-28.94534811189004,15.378156662074652,-16.37664720843045,8.0
2016-08-02 15:31:35.600,0.793,0.199,-0.172,-33.57521625165689,15.40386068494059,-14.998116215683977,8.0
2016-08-02 15:31:35.610,0.781,0.207,-0.148,-39.342947495360825,14.854458493063886,-14.390181863237032,8.0
2016-08-02 15:31:35.620,0.781,0.211,-0.137,-43.86078422262146,14.731809451377313,-14.006376223470767,8.0
2016-08-02 15:31:35.630,0.816,0.23,-0.145,-43.02026086237472,15.79993671505634,-12.592077494065771,8.0
2016-08-02 15:31:35.640,0.828,0.242,-0.188,-36.842545352591664,19.2499476874137,-9.717881347014231,8.0
2016-08-02 15:31:35.650,0.801,0.242,-0.234,-29.10291605066622,22.959326044430725,-6.215536867210677,8.0
2016-08-02 15:31:35.660,0.793,0.23,-0.238,-22.54001164989203,24.294687580252457,-2.934166372375692,8.0
2016-08-02 15:31:35.670,0.82,0.273,-0.211,-20.62811349506374,24.05102727290238,-0.741463696911306,8.0
2016-08-02 15:31:35.680,0.863,0.313,-0.18,-26.27065345133731,22.754976959360043,1.363062449521718,8.0
2016-08-02 15:31:35.690,0.879,0.293,-0.148,-37.01477357524181,22.154424557857503,4.751379482515483,8.0
2016-08-02 15:31:35.700,0.859,0.289,-0.133,-43.653559993651,21.758098610139864,5.80533000751602,8.0
2016-08-02 15:31:35.710,0.914,0.297,-0.125,-39.67887701279519,19.17021752982488,4.625830194199908,8.0
2016-08-02 15:31:35.720,0.973,0.27,-0.16,-33.28021800987868,20.515319270225707,6.693989933331121,8.0
2016-08-02 15:31:35.730,0.957,0.277,-0.227,-31.924980780784267,26.077084533825552,8.821553707992951,8.0
2016-08-02 15:31:35.740,0.914,0.289,-0.27,-30.15341717532856,26.509291764835055,8.05688386639569,8.0
2016-08-02 15:31:35.750,0.91,0.273,-0.262,-27.089767598678872,24.148162312953218,9.397238963777756,8.0
2016-08-02 15:31:35.760,0.949,0.301,-0.211,-27.034322132088686,22.743078476796526,11.7023040143283,8.0
2016-08-02 15:31:35.770,1.008,0.332,-0.16,-29.46935821406961,19.948812375648092,12.733373456475036,8.0
2016-08-02 15:31:35.780,1.023,0.309,-0.121,-33.638847731358844,19.238564862214588,15.41621521805984,8.0
2016-08-02 15:31:35.790,1.035,0.309,-0.102,-35.65913887745719,19.332472602630435,17.17493169256828,8.0
2016-08-02 15:31:35.800,1.078,0.293,-0.102,-32.43069413659647,17.02975485035646,17.140500963420333,8.0
2016-08-02 15:31:35.810,1.066,0.242,-0.141,-31.138142329408552,17.737942435477212,19.456449654132776,8.0
2016-08-02 15:31:35.820,1.012,0.242,-0.199,-33.51881820242325,18.058921995012753,20.186220047359942,8.0
2016-08-02 15:31:35.830,0.996,0.266,-0.234,-33.561758552903164,12.599133796923434,17.98579107027709,8.0
2016-08-02 15:31:35.840,1.035,0.281,-0.227,-35.666570348392085,8.930078486476209,19.761025214269356,8.0
2016-08-02 15:31:35.850,1.105,0.301,-0.188,-42.43026185559647,8.486663564535439,23.032350520901318,8.0
2016-08-02 15:31:35.860,1.156,0.289,-0.145,-45.94986426606344,8.41483061951923,23.364799173534188,8.0
2016-08-02 15:31:35.870,1.191,0.285,-0.113,-44.6065226607917,11.690023020177529,25.004048602324552,8.0
2016-08-02 15:31:35.880,1.227,0.285,-0.102,-40.941384056632,15.520795779085262,28.27048831907051,8.0
2016-08-02 15:31:35.890,1.23,0.254,-0.125,-36.0204313317038,18.255227591058876,31.044846538993475,8.0
2016-08-02 15:31:35.900,1.16,0.227,-0.172,-33.6772206182687,21.596954614483113,34.02354636624812,8.0
2016-08-02 15:31:35.910,1.09,0.227,-0.227,-35.106668624796676,20.740910498969846,35.194140973767176,8.0
2016-08-02 15:31:35.920,1.078,0.23,-0.238,-38.76604321660825,16.35731710228655,34.98990550372067,8.0
2016-08-02 15:31:35.930,1.16,0.238,-0.195,-42.27079369303559,14.756827734927871,36.231114761068845,8.0
2016-08-02 15:31:35.940,1.336,0.277,-0.168,-39.216798849451315,16.482996606372286,36.79102933371512,8.0
2016-08-02 15:31:35.950,1.406,0.227,-0.199,-28.34786798498186,22.658824677488266,36.069592632933784,8.0
2016-08-02 15:31:35.960,1.328,0.137,-0.238,-16.84244661574802,29.938322899519626,35.83537813120619,8.0
2016-08-02 15:31:35.970,1.281,0.102,-0.262,-9.391519602737457,29.12813820255092,34.1185082041622,8.0
2016-08-02 15:31:35.980,1.277,0.109,-0.27,-8.369605048597908,24.446504800981685,31.33506676259253,8.0
2016-08-02 15:31:35.990,1.258,0.105,-0.254,-13.978960743898494,23.08624170161956,29.74377023562343,8.0
2016-08-02 15:31:36.000,1.219,0.078,-0.207,-19.73430102242164,21.181533119051757,27.599116474804287,8.0
2016-08-02 15:31:36.010,1.219,0.07,-0.148,-21.968130612307196,18.756607438198436,24.642298142860465,8.0
2016-08-02 15:31:36.020,1.246,0.098,-0.117,-22.935723460989053,17.941273173321235,22.447737141658852,8.0
2016-08-02 15:31:36.030,1.262,0.109,-0.109,-22.59645567292094,16.970286122511283,20.958551875781605,8.0
2016-08-02 15:31:36.040,1.258,0.094,-0.121,-20.357542579843685,16.92143447629639,20.346363322623368,8.0
2016-08-02 15:31:36.050,1.23,0.07,-0.203,-17.464536226017486,17.82469419708501,20.057909668680047,8.0
2016-08-02 15:31:36.060,1.164,0.063,-0.27,-13.792542499886691,17.57254385503059,19.221856935502636,8.0
2016-08-02 15:31:36.070,1.145,0.0,-0.254,-6.642154558543504,16.308804404307274,17.816308282850382,8.0
2016-08-02 15:31:36.080,1.141,-0.02,-0.207,1.9113856341742803,15.071375615099576,14.48523795635519,8.0
2016-08-02 15:31:36.090,1.129,0.0,-0.137,3.7165350271196296,13.889172164918945,9.917175363220581,8.0
2016-08-02 15:31:36.100,1.113,0.008,-0.078,0.0449864492252226,11.836755068524948,7.157384614611678,8.0
2016-08-02 15:31:36.110,1.094,0.016,-0.035,-2.9115118455168663,9.51424972434798,5.439914392509429,8.0
2016-08-02 15:31:36.120,1.074,0.035,-0.016,-7.432981504477242,8.075224559911941,3.8700207981214536,8.0
2016-08-02 15:31:36.130,1.051,0.031,-0.031,-12.805886031917051,6.598984009980672,3.3358860053568278,8.0
2016-08-02 15:31:36.140,1.027,0.035,-0.059,-13.597771764362657,4.40263579831339,2.882551495728902,8.0
2016-08-02 15:31:36.150,1.035,0.047,-0.078,-11.103274570731006,2.4056990304804096,3.065908120285745,8.0
2016-08-02 15:31:36.160,1.066,0.043,-0.09,-8.928457788962795,1.3683318091349392,4.625526992406956,8.0
2016-08-02 15:31:36.170,1.078,0.035,-0.098,-6.6808704820838,0.9553412451591407,5.951313804116072,8.0
2016-08-02 15:31:36.180,1.082,0.016,-0.098,-3.845052560390723,0.7839294372469425,6.73404237150938,8.0
2016-08-02 15:31:36.190,1.086,-0.012,-0.094,-1.045543613615384,1.2932414366989864,6.624706576426993,8.0
2016-08-02 15:31:36.200,1.109,-0.02,-0.098,3.251834643440948,2.8570702462913724,4.717506427918403,8.0
2016-08-02 15:31:36.210,1.137,-0.016,-0.109,9.844470259159106,5.043498614745532,2.2784662180798896,8.0
2016-08-02 15:31:36.220,1.152,-0.031,-0.105,15.298893301237195,7.113993062192438,0.3148648794107571,8.0
2016-08-02 15:31:36.230,1.152,-0.016,-0.113,16.82247991461193,7.908813697284363,-1.0806567066488941,8.0
2016-08-02 15:31:36.240,1.148,0.004,-0.109,14.776735825831425,6.606621825076109,-0.7224671430103895,8.0
2016-08-02 15:31:36.250,1.137,0.0,-0.09,10.3462783283861,4.46776734653549,1.2623834450542444,8.0
2016-08-02 15:31:36.260,1.129,-0.016,-0.051,6.034710768237289,2.775704740874785,2.6661248383069074,8.0
2016-08-02 15:31:36.270,1.125,-0.023,-0.043,3.917341744160763,1.3519488073663195,2.972823331445897,8.0
2016-08-02 15:31:36.280,1.109,-0.023,-0.043,2.739514409157338,-0.027343865521107347,3.2586794946873567,8.0
2016-08-02 15:31:36.290,1.094,-0.027,-0.047,1.2608662184398816,-1.5007163767742164,3.2346953935402527,8.0
2016-08-02 15:31:36.300,1.094,-0.035,-0.055,0.5393025328149514,-2.458730537208566,2.3159934288560335,8.0
2016-08-02 15:31:36.310,1.102,-0.02,-0.074,1.113439499276364,-2.4166166063815346,1.1564227323654401,8.0
2016-08-02 15:31:36.320,1.094,-0.027,-0.074,1.7701619276479899,-2.3582199132611716,0.40735977924132405,8.0
2016-08-02 15:31:36.330,1.09,-0.039,-0.063,1.2923503580266809,-2.4652317688191934,-0.13804596268622377,8.0
2016-08-02 15:31:36.340,1.086,-0.035,-0.059,-0.026745273857105123,-1.8483973020178028,-0.4343371214707789,8.0
2016-08-02 15:31:36.350,1.066,-0.043,-0.074,-1.271299860264183,-0.8797857474022946,0.2533453313830492,8.0
2016-08-02 15:31:36.360,1.055,-0.035,-0.074,-1.4031087028244693,-0.6692928063006225,1.6376742045328025,8.0
2016-08-02 15:31:36.370,1.059,-0.023,-0.059,-0.09304632019371108,-0.8618876735658113,2.772346379120256,8.0
2016-08-02 15:31:36.380,1.074,-0.02,-0.047,1.0409133691888672,-0.36917033351390754,3.116524487144151,8.0
2016-08-02 15:31:36.390,1.074,-0.012,-0.047,1.866115451063767,0.3726255461314748,2.305169715905248,8.0
2016-08-02 15:31:36.400,1.059,-0.02,-0.043,3.121890652527176,0.5223462474105512,1.3420885173355588,8.0
2016-08-02 15:31:36.410,1.051,-0.02,-0.031,3.196673529788131,0.49539286194858567,0.9299124092703647,8.0
2016-08-02 15:31:36.420,1.035,-0.02,-0.031,1.8149007480848585,0.6726881143884544,0.3316380260227732,8.0
2016-08-02 15:31:36.430,1.027,-0.012,-0.027,-0.3454361599189181,0.5349365880546707,0.2072407381765373,8.0
2016-08-02 15:31:36.440,1.031,0.012,-0.023,-3.575807252220625,-0.1456464908200094,1.2034658094239903,8.0
2016-08-02 15:31:36.450,1.043,0.023,-0.031,-6.379693332585047,-0.8340589223294245,2.4386560612718475,8.0
2016-08-02 15:31:36.460,1.051,0.023,-0.043,-7.142952172246784,-1.3194623873294922,3.3515266393740712,8.0
2016-08-02 15:31:36.470,1.059,0.016,-0.063,-5.832500228277249,-1.7258692367502468,3.6346507937893113,8.0
2016-08-02 15:31:36.480,1.074,0.016,-0.074,-3.0935466320216634,-1.713693253271816,3.5029897732704196,8.0
2016-08-02 15:31:36.490,1.086,0.008,-0.078,-0.34706439009936046,-1.0780993781548207,3.5014833483046646,8.0
2016-08-02 15:31:36.500,1.09,0.008,-0.09,1.6915224358173895,-0.5971738930364823,3.212944824566642,8.0
2016-08-02 15:31:36.510,1.109,0.0,-0.09,3.2929964245149446,-0.9950490186326761,2.3149696088348226,8.0
2016-08-02 15:31:36.520,1.141,-0.008,-0.098,4.572759533615625,-1.628710805741049,0.6243262642768914,8.0
2016-08-02 15:31:36.530,1.176,-0.012,-0.102,5.593477745798083,-1.8867372443063184,-2.5627314979960376,8.0
2016-08-02 15:31:36.540,1.203,-0.016,-0.102,6.369075301117224,-2.1813179772601132,-7.030518319103823,8.0
2016-08-02 15:31:36.550,1.23,-0.02,-0.109,6.5867349390481795,-2.5483825233076955,-11.921805051472603,8.0
2016-08-02 15:31:36.560,1.238,-0.031,-0.117,6.159686959497332,-3.154320721506691,-17.057404818734952,8.0
2016-08-02 15:31:36.570,1.238,-0.043,-0.113,5.813427082070038,-4.749236872870337,-22.16526141802287,8.0
2016-08-02 15:31:36.580,1.242,-0.043,-0.105,5.22451750141865,-6.902700574013579,-26.769543891688365,8.0
2016-08-02 15:31:36.590,1.246,-0.023,-0.094,3.8059613430087698,-8.880661001961878,-31.124868466028786,8.0
2016-08-02 15:31:36.600,1.25,0.0,-0.09,3.690411223326625,-11.017118264850804,-35.14674363030249,8.0
2016-08-02 15:31:36.610,1.266,0.008,-0.098,6.177962742269061,-12.849866638994545,-38.03698230866769,8.0
2016-08-02 15:31:36.620,1.254,0.02,-0.125,9.068021251672164,-13.234794241299083,-39.55686456090059,8.0
2016-08-02 15:31:36.630,1.215,0.035,-0.16,9.723613826064422,-13.157988733794559,-39.77618941227491,8.0
2016-08-02 15:31:36.640,1.168,0.059,-0.168,7.744816319696011,-14.678735444993112,-39.282941403574966,8.0
2016-08-02 15:31:36.650,1.16,0.078,-0.156,5.821003241398401,-17.323917264424914,-38.92215938570676,8.0
2016-08-02 15:31:36.660,1.164,0.082,-0.148,6.020922618153454,-18.768749053701587,-38.315742476490584,8.0
2016-08-02 15:31:36.670,1.16,0.086,-0.152,7.354983805726494,-18.614416036482638,-37.27772316907064,8.0
2016-08-02 15:31:36.680,1.16,0.09,-0.16,9.516854320750605,-18.356535065849116,-36.44770077211799,8.0
2016-08-02 15:31:36.690,1.152,0.105,-0.172,12.55541547073861,-18.174613082408115,-35.463003956431876,8.0
2016-08-02 15:31:36.700,1.141,0.125,-0.191,15.038777444541532,-17.69490372270507,-34.21299331813891,8.0
2016-08-02 15:31:36.710,1.137,0.117,-0.195,17.20854076000801,-17.53942703862195,-33.59311785392552,8.0
2016-08-02 15:31:36.720,1.133,0.121,-0.188,19.771861990221534,-17.73002936213597,-33.49064574943247,8.0
2016-08-02 15:31:36.730,1.129,0.137,-0.191,21.646914284708142,-18.463616866365566,-33.35779071695686,8.0
2016-08-02 15:31:36.740,1.125,0.145,-0.184,23.084696023924693,-20.189293946673406,-32.848725630285486,8.0
2016-08-02 15:31:36.750,1.141,0.148,-0.184,24.50835537995876,-21.79177353484049,-31.8468860567773,8.0
2016-08-02 15:31:36.760,1.129,0.156,-0.199,24.81501509265232,-22.4530529377407,-31.015067176762134,8.0
2016-08-02 15:31:36.770,1.109,0.172,-0.215,24.283591974094445,-22.781948091373163,-29.92251528735478,8.0
2016-08-02 15:31:36.780,1.102,0.176,-0.223,24.06225803051758,-23.338238872141332,-28.331741313773136,8.0
2016-08-02 15:31:36.790,1.109,0.188,-0.223,25.368621961886873,-23.922432603046715,-27.390911250255783,8.0
2016-08-02 15:31:36.800,1.117,0.203,-0.207,28.910090668413226,-23.749877552572627,-25.959764993344347,8.0
2016-08-02 15:31:36.810,1.109,0.227,-0.215,32.75629599431622,-23.300510512686387,-23.419569417271962,8.0
2016-08-02 15:31:36.820,1.094,0.238,-0.223,35.26598659985308,-24.556522251782063,-21.288616119106614,8.0
2016-08-02 15:31:36.830,1.07,0.242,-0.227,35.815659487033386,-27.180318744623307,-18.604803836235213,8.0
2016-08-02 15:31:36.840,1.047,0.254,-0.219,33.265841722432164,-29.656439333642297,-15.816350105605855,8.0
2016-08-02 15:31:36.850,1.051,0.273,-0.207,30.319740277708974,-32.43705005011013,-15.0444694940601,8.0
2016-08-02 15:31:36.860,1.07,0.273,-0.207,30.966994342637687,-33.86640446648863,-14.400792064954004,8.0
2016-08-02 15:31:36.870,1.07,0.262,-0.223,33.910106663864696,-32.18904237063316,-12.992559792490987,8.0
2016-08-02 15:31:36.880,1.047,0.266,-0.242,36.354081136047895,-30.203513964550993,-12.324980203561525,8.0
2016-08-02 15:31:36.890,1.02,0.285,-0.254,37.43070019597294,-29.581263811924305,-11.489136348822573,8.0
2016-08-02 15:31:36.900,1.035,0.332,-0.227,36.98047332841931,-29.69320430742858,-9.560077178283523,8.0
2016-08-02 15:31:36.910,1.074,0.332,-0.207,35.830577654424495,-29.97192938564107,-7.211117323723147,8.0
2016-08-02 15:31:36.920,1.059,0.324,-0.203,35.16637103215356,-29.407081314943337,-4.806304711342354,8.0
2016-08-02 15:31:36.930,1.039,0.305,-0.195,35.98004033536978,-29.393845323420734,-2.524999103807973,8.0
2016-08-02 15:31:36.940,1.008,0.293,-0.23,37.92269389192594,-30.529530542079826,-1.4162795094229403,8.0
2016-08-02 15:31:36.950,0.984,0.316,-0.242,39.017398096623545,-30.79716083600911,-1.4942757714877766,8.0
2016-08-02 15:31:36.960,1.008,0.336,-0.215,38.073984889003746,-30.456901336295026,-0.8469001353131037,8.0
2016-08-02 15:31:36.970,1.016,0.344,-0.207,34.382440971309045,-29.61324356426688,0.19783184507485094,8.0
2016-08-02 15:31:36.980,0.992,0.348,-0.199,28.870599410712686,-28.231063843400413,0.9458048837338788,8.0
2016-08-02 15:31:36.990,0.969,0.336,-0.199,24.958562163630983,-27.53744432441032,2.4846295664086804,8.0
2016-08-02 15:31:37.000,0.938,0.332,-0.219,24.965035804975116,-26.874102818505985,3.24849731717993,8.0
2016-08-02 15:31:37.010,0.93,0.324,-0.223,28.088726162655234,-25.634525185977974,3.123696917325474,8.0
2016-08-02 15:31:37.020,0.922,0.293,-0.219,29.793351606039856,-23.623946450683924,4.030742557291035,8.0
2016-08-02 15:31:37.030,0.934,0.316,-0.223,28.099889184711458,-21.08825354936713,3.5053644131567108,8.0
2016-08-02 15:31:37.040,0.957,0.324,-0.234,26.93675913993833,-18.721194309337996,2.72176025554341,8.0
2016-08-02 15:31:37.050,0.953,0.324,-0.23,26.279290670930603,-15.041682070906134,5.705534615401067,8.0
2016-08-02 15:31:37.060,0.934,0.332,-0.227,26.073505527521245,-11.756209379536172,8.155477931027788,8.0
2016-08-02 15:31:37.070,0.922,0.309,-0.211,30.029043559288443,-11.333533764441835,8.55325211615178,8.0
2016-08-02 15:31:37.080,0.891,0.289,-0.203,33.12716605112404,-11.074061482025257,10.52835084322962,8.0
2016-08-02 15:31:37.090,0.863,0.309,-0.199,31.485100060975032,-11.270225693953527,11.707987300009801,8.0
2016-08-02 15:31:37.100,0.855,0.316,-0.188,29.270419878331918,-12.101252584441395,12.319019881657688,8.0
2016-08-02 15:31:37.110,0.852,0.305,-0.191,25.173820555684458,-10.720685010500533,14.431716279040325,8.0
2016-08-02 15:31:37.120,0.84,0.293,-0.23,21.241052063249896,-9.114252815797638,14.319352729161515,8.0
2016-08-02 15:31:37.130,0.824,0.266,-0.238,23.149570372031548,-7.416488174188544,12.810174776674506,8.0
2016-08-02 15:31:37.140,0.824,0.254,-0.23,25.574056958905935,-3.945697291002495,12.891960978920508,8.0
2016-08-02 15:31:37.150,0.824,0.25,-0.227,25.449205200752495,-1.7205584353123595,12.951539817585543,8.0
2016-08-02 15:31:37.160,0.809,0.246,-0.219,26.04616163320218,-0.6356520603876636,14.55228569277467,8.0
2016-08-02 15:31:37.170,0.785,0.227,-0.219,25.309712963590535,0.8113588247138699,18.072606047640303,8.0
2016-08-02 15:31:37.180,0.766,0.195,-0.219,23.664157452718236,0.3177763488839702,19.964864344133126,8.0
2016-08-02 15:31:37.190,0.766,0.191,-0.207,23.478886907851887,-1.9018771566274506,21.791876673799575,8.0
2016-08-02 15:31:37.200,0.785,0.191,-0.199,21.92727677716373,-3.596277421155234,24.616368949620288,8.0
2016-08-02 15:31:37.210,0.777,0.137,-0.215,19.855790244579296,-4.009890552560815,25.070320930034363,8.0
2016-08-02 15:31:37.220,0.734,0.074,-0.223,19.45339390344652,-3.1623468601708553,23.238547690206726,8.0
2016-08-02 15:31:37.230,0.711,0.082,-0.211,17.425082955163923,-2.1353190973988947,21.742542940685674,8.0
2016-08-02 15:31:37.240,0.707,0.105,-0.184,12.51237678212144,-1.2219070744024085,22.580979043377084,8.0
2016-08-02 15:31:37.250,0.73,0.133,-0.168,6.592833142282388,0.008307092833561874,26.1265876247283,8.0
2016-08-02 15:31:37.260,0.715,0.141,-0.199,2.2404550549912887,0.9718644575816306,29.111248024989326,8.0
2016-08-02 15:31:37.270,0.676,0.102,-0.211,2.048283915864582,1.604794445562698,29.72872135412764,8.0
2016-08-02 15:31:37.280,0.68,0.078,-0.195,3.327200648307156,1.4562088421368553,29.053841194654026,8.0
2016-08-02 15:31:37.290,0.707,0.078,-0.207,3.265981202612709,0.4225437997431004,27.10577367505407,8.0
2016-08-02 15:31:37.300,0.715,0.07,-0.191,3.5842847040011327,0.3592537350114408,25.086588373115813,8.0
2016-08-02 15:31:37.310,0.727,0.063,-0.191,2.4063558485724457,0.8764050658798828,23.42428797322146,8.0
2016-08-02 15:31:37.320,0.723,0.082,-0.199,-2.2692148878378937,0.6906572631675163,21.35187864219293,8.0
2016-08-02 15:31:37.330,0.727,0.07,-0.188,-6.550883019582624,0.8355278913589657,20.574693459432382,8.0
2016-08-02 15:31:37.340,0.727,0.078,-0.191,-8.428491851151422,0.9186662538760381,19.98507114174232,8.0
2016-08-02 15:31:37.350,0.734,0.098,-0.207,-8.136091264595507,0.16639148028213202,18.023597157851487,8.0
2016-08-02 15:31:37.360,0.73,0.086,-0.215,-5.9383310730523275,-0.29358254596600963,17.078479827472155,8.0
2016-08-02 15:31:37.370,0.766,0.102,-0.23,-5.0136427856341115,-0.10859025008953357,16.282589914626254,8.0
2016-08-02 15:31:37.380,0.805,0.102,-0.242,-5.519229559379475,1.1172529923620875,14.320344975129064,8.0
2016-08-02 15:31:37.390,0.832,0.109,-0.234,-3.9490930460191143,3.422009262287124,12.804715714358249,8.0
2016-08-02 15:31:37.400,0.883,0.109,-0.246,-0.5354422480539335,4.908316107307969,11.102125250392886,8.0
2016-08-02 15:31:37.410,0.895,0.094,-0.254,1.856966440033156,5.296435769055419,9.004649382755124,8.0
2016-08-02 15:31:37.420,0.895,0.09,-0.262,1.999860399814848,4.842262379277276,7.369363686110139,8.0
2016-08-02 15:31:37.430,0.871,0.086,-0.27,0.37966614573695734,3.3747524095618386,5.787038614761154,8.0
2016-08-02 15:31:37.440,0.84,0.094,-0.262,-2.543536737670154,2.343292087039321,4.746091657825862,8.0
2016-08-02 15:31:37.450,0.852,0.105,-0.23,-5.23186644928743,1.5036394933619992,4.291409789363442,8.0
2016-08-02 15:31:37.460,0.859,0.113,-0.207,-5.786362096432127,0.647353632628497,3.4925785568919947,8.0
2016-08-02 15:31:37.470,0.84,0.109,-0.184,-5.292396520535925,0.7160574469722524,2.1192113405494766,8.0
2016-08-02 15:31:37.480,0.836,0.094,-0.176,-5.146993750399284,0.5384098817573271,-0.3225707869792741,8.0
2016-08-02 15:31:37.490,0.828,0.09,-0.211,-4.943654478960995,0.4856892850049402,-3.4590938429148608,8.0
2016-08-02 15:31:37.500,0.797,0.098,-0.254,-4.485600903786949,1.869270794892048,-5.837559306038164,8.0
2016-08-02 15:31:37.510,0.789,0.09,-0.262,-3.0172784119858767,3.660411086866066,-8.177463642408206,8.0
2016-08-02 15:31:37.520,0.809,0.086,-0.254,0.11860424267591674,5.358236387319083,-11.295066709539057,8.0
2016-08-02 15:31:37.530,0.84,0.109,-0.238,2.2786415089559346,7.086900393814278,-13.336301479076777,8.0
2016-08-02 15:31:37.540,0.852,0.121,-0.223,1.049051542606594,8.579304327115352,-14.01740527564068,8.0
2016-08-02 15:31:37.550,0.848,0.129,-0.207,-0.7843220089001628,9.560235258019159,-15.261791495805571,8.0
2016-08-02 15:31:37.560,0.844,0.129,-0.195,-0.8158672035585486,9.318165871845592,-16.995054095622514,8.0
2016-08-02 15:31:37.570,0.84,0.137,-0.188,-2.2495271183940395,8.231154151939815,-18.167832189633558,8.0
2016-08-02 15:31:37.580,0.828,0.148,-0.191,-6.809496943677871,7.506433552368421,-19.25986042688142,8.0
2016-08-02 15:31:37.590,0.816,0.129,-0.199,-10.104073227694386,7.484932061325129,-20.77944666547727,8.0
2016-08-02 15:31:37.600,0.809,0.105,-0.219,-9.023685977398259,8.383002159577572,-22.401908787142798,8.0
2016-08-02 15:31:37.610,0.793,0.098,-0.223,-5.931033138017516,9.568842249524813,-24.105254385270733,8.0
2016-08-02 15:31:37.620,0.793,0.109,-0.195,-4.103726360995307,10.03905562912029,-25.618351489206148,8.0
2016-08-02 15:31:37.630,0.805,0.121,-0.184,-5.105480514060119,10.649309070818626,-26.589040610814457,8.0
2016-08-02 15:31:37.640,0.793,0.137,-0.195,-9.057427439372091,11.79347100050769,-27.430498463489098,8.0
2016-08-02 15:31:37.650,0.773,0.141,-0.18,-13.788778311628516,11.825024092639774,-28.00886556703508,8.0
2016-08-02 15:31:37.660,0.762,0.145,-0.145,-16.50383865154438,10.219865764945867,-28.164927888534994,8.0
2016-08-02 15:31:37.670,0.777,0.172,-0.133,-17.493886003359382,8.586351734205588,-27.927628603320375,8.0
2016-08-02 15:31:37.680,0.805,0.18,-0.125,-18.05234910822808,8.440374773650635,-27.000483125569943,8.0
2016-08-02 15:31:37.690,0.809,0.145,-0.156,-15.95133147142862,9.797069844645728,-26.874467579051796,8.0
2016-08-02 15:31:37.700,0.77,0.102,-0.199,-9.178016922458685,11.304609679849781,-27.95466099810059,8.0
2016-08-02 15:31:37.710,0.707,0.09,-0.223,-3.0360987034942344,11.385678150443377,-27.726762210182855,8.0
2016-08-02 15:31:37.720,0.652,0.125,-0.238,-5.755741291510617,8.773315239808438,-26.888862887385034,8.0
2016-08-02 15:31:37.730,0.641,0.145,-0.223,-17.786796510487182,3.8699722098114764,-26.95635889616065,8.0
2016-08-02 15:31:37.740,0.688,0.133,-0.148,-33.14024583180999,0.2414628537970299,-25.543471299591843,8.0
2016-08-02 15:31:37.750,0.762,0.152,-0.102,-45.46460283046191,-0.2799837791825955,-23.342215993538876,8.0
2016-08-02 15:31:37.760,0.824,0.211,-0.113,-49.77687925608269,0.6143254668550336,-22.227943566261168,8.0
2016-08-02 15:31:37.770,0.836,0.242,-0.152,-47.388928349022414,3.855438377932881,-18.80791535936065,8.0
2016-08-02 15:31:37.780,0.809,0.25,-0.191,-42.213305223482465,8.609631990254059,-14.04896802355442,8.0
2016-08-02 15:31:37.790,0.789,0.238,-0.219,-33.145907223265205,9.458530367438266,-12.892469826192938,8.0
2016-08-02 15:31:37.800,0.777,0.203,-0.246,-24.01985512248056,7.90316173207122,-12.703809220044068,8.0
2016-08-02 15:31:37.810,0.754,0.23,-0.258,-23.021521084208764,7.4861892078282315,-11.74605571903353,8.0
2016-08-02 15:31:37.820,0.773,0.277,-0.207,-27.06505069798537,5.40126139354685,-12.430030636358074,8.0
2016-08-02 15:31:37.830,0.836,0.266,-0.137,-30.56302231204274,4.550521264758085,-10.807202225587487,8.0
2016-08-02 15:31:37.840,0.875,0.254,-0.129,-33.328409107304026,8.748912448198,-5.901361464767083,8.0
2016-08-02 15:31:37.850,0.887,0.246,-0.156,-31.062717360363898,12.301016823622513,-2.7593977014958986,8.0
2016-08-02 15:31:37.860,0.859,0.211,-0.211,-24.383888165695176,13.80602445161139,-0.17853789257567781,8.0
2016-08-02 15:31:37.870,0.805,0.234,-0.273,-22.792496788831198,14.742727856660885,2.3553989363657837,8.0
2016-08-02 15:31:37.880,0.797,0.277,-0.281,-28.36068377793647,11.530271733347533,2.8706387931681308,8.0
2016-08-02 15:31:37.890,0.855,0.293,-0.23,-37.22465911736724,8.060026922614693,4.45018273271252,8.0
2016-08-02 15:31:37.900,0.945,0.324,-0.168,-44.61278050292655,9.121667656087547,5.956692209939773,8.0
2016-08-02 15:31:37.910,1.023,0.324,-0.148,-43.5186452640068,11.14700328545659,5.20131606187839,8.0
2016-08-02 15:31:37.920,1.039,0.27,-0.164,-36.5744943608119,16.085595925302695,7.74624242979308,8.0
2016-08-02 15:31:37.930,0.98,0.227,-0.211,-31.257168858600632,23.113419734879944,12.03275451923882,8.0
2016-08-02 15:31:37.940,0.883,0.215,-0.285,-27.117646059511962,23.10524955311135,12.408740374877965,8.0
2016-08-02 15:31:37.950,0.828,0.238,-0.309,-26.88715600926969,18.666854281320457,14.08439109179294,8.0
2016-08-02 15:31:37.960,0.879,0.32,-0.262,-33.0961080512002,15.025092424878526,17.696315091805772,8.0
2016-08-02 15:31:37.970,1.008,0.344,-0.191,-38.371608831575976,11.989272805632734,18.203117356224485,8.0
2016-08-02 15:31:37.980,1.078,0.305,-0.164,-39.437330035442514,15.685766124942674,19.10368240032269,8.0
2016-08-02 15:31:37.990,1.063,0.289,-0.195,-36.54995538504998,23.436865860169938,20.25904246160735,8.0
2016-08-02 15:31:38.000,1.012,0.266,-0.215,-28.392175099326515,26.250271314478987,19.767339997217192,8.0
2016-08-02 15:31:38.010,0.969,0.223,-0.223,-22.68677492561854,28.27115056324378,22.8773857021483,8.0
2016-08-02 15:31:38.020,0.938,0.215,-0.23,-25.14822601688294,29.1721121574695,27.12008749175345,8.0
2016-08-02 15:31:38.030,0.93,0.227,-0.199,-29.471196803301112,24.116872868235447,28.407210885237717,8.0
2016-08-02 15:31:38.040,0.957,0.258,-0.152,-32.593551714625434,19.290907933537802,31.439841328011735,8.0
2016-08-02 15:31:38.050,1.063,0.297,-0.133,-34.42902758708383,16.92641397270406,35.619753699767266,8.0
2016-08-02 15:31:38.060,1.129,0.305,-0.156,-31.95559185374957,16.921389263196584,38.81457016266151,8.0
2016-08-02 15:31:38.070,1.094,0.266,-0.203,-27.18520625711428,21.811063530156385,44.48153994027097,8.0
2016-08-02 15:31:38.080,1.027,0.215,-0.207,-23.27363154053124,23.90548546735247,49.42281840678991,8.0
2016-08-02 15:31:38.090,0.988,0.184,-0.199,-20.304646549646773,20.19299002117824,50.050391170565796,8.0
2016-08-02 15:31:38.100,0.977,0.191,-0.188,-20.857226465634557,17.6716751198814,51.13664449340325,8.0
2016-08-02 15:31:38.110,1.02,0.219,-0.148,-24.303582672161546,15.297230937641544,53.53742623238911,8.0
2016-08-02 15:31:38.120,1.09,0.25,-0.137,-25.23471391667788,12.450306747861791,55.82027170805905,8.0
2016-08-02 15:31:38.130,1.207,0.266,-0.148,-21.67138022831798,12.91477434833768,59.49163202276726,8.0
2016-08-02 15:31:38.140,1.324,0.242,-0.191,-13.592798297704922,15.999372255375508,62.19261828554406,8.0
2016-08-02 15:31:38.150,1.336,0.184,-0.254,-3.8541300983580657,21.788516634832103,62.401140203980496,8.0
2016-08-02 15:31:38.160,1.281,0.113,-0.281,1.5704225418979827,27.211698073884406,60.86156175850232,8.0
2016-08-02 15:31:38.170,1.246,0.09,-0.25,2.5162742628536168,26.80927249748894,56.01242102115076,8.0
2016-08-02 15:31:38.180,1.246,0.098,-0.199,1.0831127475284168,24.51057604216993,50.206121895159654,8.0
2016-08-02 15:31:38.190,1.242,0.09,-0.156,-3.192470329775478,23.716574227350538,47.042945079940615,8.0
2016-08-02 15:31:38.200,1.219,0.074,-0.137,-7.422853419177178,21.40733689380631,45.03972443072443,8.0
2016-08-02 15:31:38.210,1.203,0.074,-0.117,-9.294304865179942,18.062987303473868,43.21547825585134,8.0
2016-08-02 15:31:38.220,1.23,0.09,-0.102,-11.016339983280885,15.793124519833494,41.95318829997372,8.0
2016-08-02 15:31:38.230,1.27,0.109,-0.105,-12.475864678026264,15.12041527901203,40.7331438106582,8.0
2016-08-02 15:31:38.240,1.281,0.086,-0.141,-12.355992407850367,17.539916592286538,39.260852707098415,8.0
2016-08-02 15:31:38.250,1.234,0.055,-0.199,-11.907787942806392,21.85308300865607,36.29843944487703,8.0
2016-08-02 15:31:38.260,1.199,0.035,-0.23,-9.203142841817215,23.95651058557867,31.69850487809572,8.0
2016-08-02 15:31:38.270,1.164,0.035,-0.223,-3.345251954108541,24.637644840281457,27.739596584593244,8.0
2016-08-02 15:31:38.280,1.16,0.031,-0.164,-0.43631351573625055,25.50321748542644,24.881080562253963,8.0
2016-08-02 15:31:38.290,1.18,0.004,-0.105,-0.0034688843796254476,24.617084298511575,21.795602999703284,8.0
2016-08-02 15:31:38.300,1.219,-0.012,-0.082,5.287533506668422,23.170379939977288,18.92278045837194,8.0
2016-08-02 15:31:38.310,1.277,0.0,-0.109,14.473867992864733,21.596407750017853,17.222300506318046,8.0
2016-08-02 15:31:38.320,1.281,-0.012,-0.152,20.73786616119138,19.36803255803048,15.251072356159284,8.0
2016-08-02 15:31:38.330,1.211,-0.047,-0.152,18.50682098702129,17.742909284751427,11.569127526325463,8.0
2016-08-02 15:31:38.340,1.164,-0.066,-0.105,8.376896993027213,13.436794763239753,5.846728102918467,8.0
2016-08-02 15:31:38.350,1.168,-0.059,-0.055,-0.7928421906389967,6.459892646804446,-2.1798597883156567,8.0
2016-08-02 15:31:38.360,1.172,-0.082,-0.02,-4.201043355077244,2.2992654879339853,-9.658053457793608,8.0
2016-08-02 15:31:38.370,1.156,-0.098,-0.012,-5.928037998807918,0.2918987079770831,-13.771337661903573,8.0
2016-08-02 15:31:38.380,1.137,-0.086,-0.035,-8.850842017764585,-2.40058157206541,-15.82239017491898,8.0
2016-08-02 15:31:38.390,1.137,-0.055,-0.074,-11.559220569510972,-5.016483252035754,-16.66916952779088,8.0
2016-08-02 15:31:38.400,1.148,-0.035,-0.105,-11.827662421238635,-6.018295776904643,-16.565302810248138,8.0
2016-08-02 15:31:38.410,1.152,-0.035,-0.117,-9.530490143748732,-4.777987225359067,-17.131737450187067,8.0
2016-08-02 15:31:38.420,1.137,-0.059,-0.121,-5.831286273205978,-2.731598101981106,-18.548248697410404,8.0
2016-08-02 15:31:38.430,1.109,-0.09,-0.121,-0.28219861588227624,-1.0770002799250284,-19.30198736975089,8.0
2016-08-02 15:31:38.440,1.094,-0.086,-0.141,6.591458430100267,0.7037681620088778,-18.616841690906273,8.0
2016-08-02 15:31:38.450,1.09,-0.063,-0.141,12.117770736764555,2.1240020587569255,-16.892538097208885,8.0
2016-08-02 15:31:38.460,1.082,-0.055,-0.117,14.411429415701054,2.447278392396074,-14.302761787836797,8.0
2016-08-02 15:31:38.470,1.082,-0.039,-0.09,13.606790352504387,1.9633128057509635,-11.514251146034832,8.0
2016-08-02 15:31:38.480,1.07,-0.043,-0.055,11.58472835568653,0.6468060919353865,-9.93116674742137,8.0
2016-08-02 15:31:38.490,1.055,-0.047,-0.031,8.757600367983414,-1.1693074372038137,-8.98885797955918,8.0
2016-08-02 15:31:38.500,1.035,-0.051,-0.016,4.745868802415561,-3.000798069976932,-8.05183714138957,8.0
2016-08-02 15:31:38.510,1.047,-0.063,-0.016,2.598106852475702,-4.496105237504175,-8.023316143146406,8.0
2016-08-02 15:31:38.520,1.051,-0.063,-0.043,3.5009509007695128,-4.73183009369387,-7.789658598537102,8.0
2016-08-02 15:31:38.530,1.051,-0.039,-0.07,3.838104347779833,-4.4544324884044135,-6.062709848553768,8.0
2016-08-02 15:31:38.540,1.047,-0.035,-0.074,2.5448603922370685,-4.750881102680299,-4.199060005448436,8.0
2016-08-02 15:31:38.550,1.047,-0.055,-0.074,1.4513794928599704,-4.495116160288058,-3.3756383642363073,8.0
2016-08-02 15:31:38.560,1.031,-0.055,-0.078,0.5349630542355251,-3.542383005442176,-3.4121374232483834,8.0
2016-08-02 15:31:38.570,1.02,-0.051,-0.086,-0.6698079630040706,-3.090680957485575,-3.1197682620329794,8.0
2016-08-02 15:31:38.580,1.016,-0.066,-0.078,-0.9981813862277046,-2.8473216244801343,-1.6525938850431336,8.0
2016-08-02 15:31:38.590,1.023,-0.063,-0.066,0.9932067745398814,-2.151829129640226,-0.15537146565014592,8.0
2016-08-02 15:31:38.600,1.027,-0.051,-0.063,4.166111054271822,-1.559718018618962,0.9966467599624158,8.0
2016-08-02 15:31:38.610,1.031,-0.043,-0.059,4.777850083962971,-1.511863280148563,2.562601997868486,8.0
2016-08-02 15:31:38.620,1.027,-0.027,-0.047,2.1921416139320473,-1.739597340012057,3.5626376032793443,8.0
2016-08-02 15:31:38.630,1.016,-0.027,-0.035,-1.192039338320935,-2.203070631666324,3.8107457311071613,8.0
2016-08-02 15:31:38.640,1.023,-0.047,-0.023,-4.3966946575526835,-2.8163503816556394,4.291285018626091,8.0
2016-08-02 15:31:38.650,1.027,-0.051,-0.023,-5.187966650104246,-2.819554620684085,4.028445935619253,8.0
2016-08-02 15:31:38.660,1.016,-0.051,-0.039,-3.2321881171327687,-1.9248333286564117,3.2788338447916154,8.0
2016-08-02 15:31:38.670,1.023,-0.051,-0.051,-2.693907872972113,-1.3124357571676835,3.598270817744461,8.0
2016-08-02 15:31:38.680,1.039,-0.035,-0.074,-3.2212733279551538,-1.2155138968806138,3.99225794113623,8.0
2016-08-02 15:31:38.690,1.043,-0.023,-0.09,-2.588418465308251,-0.5144472573756877,4.324179001918941,8.0
2016-08-02 15:31:38.700,1.035,-0.023,-0.09,-3.2520683833236017,0.03099764865614915,5.606552075989704,8.0
2016-08-02 15:31:38.710,1.035,-0.031,-0.07,-4.887136049837821,-0.35100973872572827,6.265672233399718,8.0
2016-08-02 15:31:38.720,1.031,-0.027,-0.055,-4.395203580902509,-0.42404909932310464,5.740549451793171,8.0
2016-08-02 15:31:38.730,1.035,-0.031,-0.035,-3.3298738065228677,0.062029701652052724,5.683098149653759,8.0
2016-08-02 15:31:38.740,1.043,-0.035,-0.027,-3.678328601566981,0.224552115020322,5.572312997024188,8.0
2016-08-02 15:31:38.750,1.059,-0.023,-0.031,-4.233953165612963,-0.03150663268061566,4.494023380162975,8.0
2016-08-02 15:31:38.760,1.066,-0.004,-0.043,-5.168239853803149,-0.4027987310715315,3.5892772772997628,8.0
2016-08-02 15:31:38.770,1.078,-0.012,-0.051,-6.922222028722779,-1.0376952762408247,2.6613862712418195,8.0
2016-08-02 15:31:38.780,1.082,-0.02,-0.063,-7.487913956147821,-1.9936713424627217,0.6932122462088585,8.0
2016-08-02 15:31:38.790,1.094,-0.02,-0.078,-6.371914609929466,-2.6770389436176925,-1.4039714107766765,8.0
2016-08-02 15:31:38.800,1.094,-0.023,-0.082,-5.120448342226007,-2.956697725073712,-3.2175038096338753,8.0
2016-08-02 15:31:38.810,1.109,-0.023,-0.09,-3.630229970142221,-3.3028301369344026,-5.730779416062689,8.0
2016-08-02 15:31:38.820,1.137,-0.023,-0.094,-1.239527011309286,-3.6964588927854765,-9.28157713204451,8.0
2016-08-02 15:31:38.830,1.164,-0.023,-0.102,1.4072163880199509,-4.079795096419829,-13.631900907418807,8.0
2016-08-02 15:31:38.840,1.18,-0.031,-0.105,3.7724507406342287,-4.803896683721,-18.582286248348,8.0
2016-08-02 15:31:38.850,1.188,-0.039,-0.113,5.2608513916118635,-6.036940864305109,-23.51922613846888,8.0
2016-08-02 15:31:38.860,1.188,-0.031,-0.113,5.115616253109413,-7.9369420148688965,-28.018740093257023,8.0
2016-08-02 15:31:38.870,1.199,-0.027,-0.109,4.131665265071374,-10.295822500281085,-32.31601854303734,8.0
2016-08-02 15:31:38.880,1.203,-0.031,-0.109,3.1286359841775155,-11.869824706966043,-36.088062419300854,8.0
2016-08-02 15:31:38.890,1.207,-0.023,-0.125,2.0327880994718246,-12.535687651496271,-39.28992522702309,8.0
2016-08-02 15:31:38.900,1.203,-0.004,-0.133,1.9908017785745806,-13.641180584235087,-42.40664130831181,8.0
2016-08-02 15:31:38.910,1.203,0.012,-0.148,3.2253951292266168,-14.870740397924102,-44.55300066597944,8.0
2016-08-02 15:31:38.920,1.203,0.027,-0.145,3.107292446169063,-15.155173333723479,-45.23563186776338,8.0
2016-08-02 15:31:38.930,1.207,0.051,-0.148,1.0484806138293206,-15.31063862566917,-45.790785151912445,8.0
2016-08-02 15:31:38.940,1.207,0.078,-0.148,0.18970074427271438,-16.225927561762045,-46.65409683241852,8.0
2016-08-02 15:31:38.950,1.215,0.086,-0.164,2.0432855520185553,-17.166028463436923,-47.02089867114879,8.0
2016-08-02 15:31:38.960,1.215,0.082,-0.184,4.898740521344818,-17.518179972267944,-47.090305961047804,8.0
2016-08-02 15:31:38.970,1.184,0.086,-0.18,6.607650813701395,-17.949894740997667,-47.09513281699217,8.0
2016-08-02 15:31:38.980,1.156,0.102,-0.16,5.685548136728099,-19.407421241412273,-46.621074849250604,8.0
2016-08-02 15:31:38.990,1.164,0.133,-0.16,2.5887839497622305,-21.75520167502654,-46.322833529412904,8.0
2016-08-02 15:31:39.000,1.18,0.148,-0.156,0.9260880823199046,-23.184497321827035,-46.329255910810375,8.0
2016-08-02 15:31:39.010,1.195,0.129,-0.16,3.9040176879737247,-22.450833888614035,-46.037953909061926,8.0
2016-08-02 15:31:39.020,1.164,0.141,-0.199,9.424210995948057,-21.64087054823294,-46.5165236413112,8.0
2016-08-02 15:31:39.030,1.129,0.172,-0.211,13.177333269679522,-22.87659793133514,-47.24882420480738,8.0
2016-08-02 15:31:39.040,1.125,0.191,-0.203,14.307028733737214,-24.569079177298423,-46.31817427595716,8.0
2016-08-02 15:31:39.050,1.148,0.219,-0.195,14.157195094904228,-25.069673221999416,-45.324737326042715,8.0
2016-08-02 15:31:39.060,1.176,0.234,-0.18,14.915265008962995,-24.848835056676542,-44.806292662136904,8.0
2016-08-02 15:31:39.070,1.176,0.242,-0.18,18.31059454874526,-24.1305591371471,-42.54231964922501,8.0
2016-08-02 15:31:39.080,1.156,0.234,-0.191,23.210268659938464,-23.75676027398726,-40.15011730174078,8.0
2016-08-02 15:31:39.090,1.121,0.227,-0.191,26.94959216317253,-24.63964120965258,-39.03605752319109,8.0
2016-08-02 15:31:39.100,1.09,0.223,-0.184,26.085229825754254,-25.775740717669763,-36.95496154077873,8.0
2016-08-02 15:31:39.110,1.074,0.234,-0.184,20.69614564258567,-27.42133939741435,-34.73867264456313,8.0
2016-08-02 15:31:39.120,1.082,0.262,-0.188,17.15063652021966,-29.99840716565091,-33.69508682749008,8.0
2016-08-02 15:31:39.130,1.086,0.266,-0.199,19.338147567810292,-31.33700088993679,-31.84087513574488,8.0
2016-08-02 15:31:39.140,1.086,0.277,-0.227,24.76611333098866,-31.350732259705723,-29.650778523832862,8.0
2016-08-02 15:31:39.150,1.066,0.281,-0.27,30.288370182877166,-31.30731117029212,-28.212291942145868,8.0
2016-08-02 15:31:39.160,1.035,0.297,-0.309,34.27635022470994,-30.51319937286098,-26.274820801817807,8.0
2016-08-02 15:31:39.170,1.031,0.313,-0.289,36.47933437595579,-29.572155162975164,-24.151323250907726,8.0
2016-08-02 15:31:39.180,1.047,0.316,-0.258,38.14068146719007,-28.788197288388098,-21.979207752406417,8.0
2016-08-02 15:31:39.190,1.047,0.32,-0.211,40.01785644988437,-26.88413111544069,-19.027626962648917,8.0
2016-08-02 15:31:39.200,1.047,0.309,-0.16,41.934218576458264,-24.515408844509288,-15.54032053594224,8.0
2016-08-02 15:31:39.210,1.031,0.297,-0.156,41.97897276540661,-22.32398178843117,-11.320805124957309,8.0
2016-08-02 15:31:39.220,1.004,0.305,-0.191,39.0502201997032,-20.960656861631172,-7.231381912243131,8.0
2016-08-02 15:31:39.230,0.973,0.301,-0.258,37.54538467948374,-21.558221091450033,-4.930213208289436,8.0
2016-08-02 15:31:39.240,0.93,0.316,-0.313,40.5182908404257,-23.062990074564304,-3.9502249862265737,8.0
2016-08-02 15:31:39.250,0.926,0.32,-0.324,44.849452442619516,-24.748966094630365,-2.456575997718192,8.0
2016-08-02 15:31:39.260,0.945,0.34,-0.297,47.327565912292314,-26.0477890303027,0.06905984560886147,8.0
2016-08-02 15:31:39.270,0.953,0.336,-0.285,47.59611083856147,-25.588069321106595,2.4398677471424124,8.0
2016-08-02 15:31:39.280,0.941,0.332,-0.254,46.47953745796998,-24.49512046674886,3.841400567937181,8.0
2016-08-02 15:31:39.290,0.961,0.324,-0.227,44.22515866329569,-24.964456828052302,4.355928122611309,8.0
2016-08-02 15:31:39.300,0.965,0.293,-0.227,40.482702221984866,-26.686669017465086,4.470411806836301,8.0
2016-08-02 15:31:39.310,0.934,0.266,-0.238,36.795548371047744,-28.3520669094806,4.119524261499734,8.0
2016-08-02 15:31:39.320,0.91,0.277,-0.262,36.01351504110672,-29.96845112778604,3.1935153214158065,8.0
2016-08-02 15:31:39.330,0.887,0.313,-0.285,37.13844020516651,-30.73938231348145,3.857580955383984,8.0
2016-08-02 15:31:39.340,0.887,0.332,-0.281,36.79329547479894,-29.92447836350287,6.897222915649751,8.0
2016-08-02 15:31:39.350,0.883,0.352,-0.273,34.7278322568211,-28.50403718999459,9.434101754642132,8.0
2016-08-02 15:31:39.360,0.855,0.332,-0.254,32.68168868605974,-26.285054771706914,11.088214355886546,8.0
2016-08-02 15:31:39.370,0.824,0.301,-0.242,31.48376077964307,-23.512728377029134,13.060999943832808,8.0
2016-08-02 15:31:39.380,0.801,0.285,-0.254,31.05118723643433,-21.882280139941933,13.553462083370528,8.0
2016-08-02 15:31:39.390,0.777,0.285,-0.27,31.04515528423721,-20.908608672736758,12.765486057533582,8.0
2016-08-02 15:31:39.400,0.762,0.293,-0.289,30.308617691830207,-19.30552927490944,13.537001090669536,8.0
2016-08-02 15:31:39.410,0.754,0.305,-0.289,28.277330618760256,-17.20763257726512,15.56404017627886,8.0
2016-08-02 15:31:39.420,0.738,0.301,-0.273,26.542408576250256,-14.536295912578222,17.254444803523402,8.0
2016-08-02 15:31:39.430,0.727,0.301,-0.258,24.76852283888283,-11.130042999620965,18.945498586029252,8.0
2016-08-02 15:31:39.440,0.711,0.293,-0.234,21.09128615309639,-7.762183034936216,20.421989086057593,8.0
2016-08-02 15:31:39.450,0.715,0.273,-0.211,18.155342300341214,-5.318021359218272,20.486532503030585,8.0
2016-08-02 15:31:39.460,0.715,0.23,-0.199,17.53852819384206,-3.6398989882952053,19.638213488238023,8.0
2016-08-02 15:31:39.470,0.707,0.203,-0.215,15.8646444971627,-2.324301264432478,18.581549159536134,8.0
2016-08-02 15:31:39.480,0.684,0.188,-0.238,14.56112201267425,-1.9535887811084702,16.909578255365954,8.0
2016-08-02 15:31:39.490,0.672,0.191,-0.254,16.18968708737001,-2.1704844684864657,16.027648257260587,8.0
2016-08-02 15:31:39.500,0.668,0.199,-0.266,17.56484644487676,-2.008882153092535,17.028889142482036,8.0
2016-08-02 15:31:39.510,0.691,0.223,-0.242,18.18846832570356,-1.458931358317521,18.766328167131782,8.0
2016-08-02 15:31:39.520,0.727,0.234,-0.207,17.976093591768866,0.019156709202326316,20.963393257295394,8.0
2016-08-02 15:31:39.530,0.766,0.219,-0.191,15.295041547814307,1.7087003763473496,22.023225403317007,8.0
2016-08-02 15:31:39.540,0.797,0.156,-0.207,14.578583174575012,2.3712879440223653,19.4119803075771,8.0
2016-08-02 15:31:39.550,0.781,0.121,-0.242,16.758426422885158,2.68737439970238,14.408228416989614,8.0
2016-08-02 15:31:39.560,0.75,0.145,-0.297,16.57261355548661,1.557813245807701,10.190790275882136,8.0
2016-08-02 15:31:39.570,0.738,0.164,-0.301,15.509234413193635,-1.1857841411078693,9.403227055504074,8.0
2016-08-02 15:31:39.580,0.754,0.176,-0.301,16.532527037987556,-2.6328752129667055,11.71696283564458,8.0
2016-08-02 15:31:39.590,0.754,0.176,-0.297,18.10543883391507,-2.5571781191782215,14.134656889148868,8.0
2016-08-02 15:31:39.600,0.746,0.156,-0.27,19.196229759347574,-1.7180025260391243,16.628761617704185,8.0
2016-08-02 15:31:39.610,0.773,0.172,-0.219,18.188805974185083,-0.7094828094177377,18.4346161018354,8.0
2016-08-02 15:31:39.620,0.816,0.145,-0.191,14.412899721556295,-0.3820167390059608,17.205363396306804,8.0
2016-08-02 15:31:39.630,0.805,0.102,-0.215,8.640965440057302,0.6661018056670813,14.296761669920564,8.0
2016-08-02 15:31:39.640,0.75,0.113,-0.238,2.5026638154519967,1.6640717304258192,9.98775125065684,8.0
2016-08-02 15:31:39.650,0.746,0.125,-0.238,0.7346566190899431,1.2475978594301507,5.642526988531532,8.0
2016-08-02 15:31:39.660,0.762,0.145,-0.242,2.2713363827976463,1.9954581402145106,4.706408190636238,8.0
2016-08-02 15:31:39.670,0.777,0.172,-0.25,1.962950669176227,4.621651138296593,5.522433706237477,8.0
2016-08-02 15:31:39.680,0.781,0.176,-0.262,0.9370647703766666,7.8724274179537685,6.5738871549403814,8.0
2016-08-02 15:31:39.690,0.777,0.156,-0.281,0.39870201671939964,10.500791439586477,6.969260769723464,8.0
2016-08-02 15:31:39.700,0.777,0.137,-0.293,1.0217524292082931,10.008319168704459,4.6999723597155105,8.0
2016-08-02 15:31:39.710,0.805,0.105,-0.262,2.1582324316980346,7.4864041676868975,2.0607923798698953,8.0
2016-08-02 15:31:39.720,0.848,0.137,-0.25,-1.0740953933034332,5.04048751984249,-0.4842271843120953,8.0
2016-08-02 15:31:39.730,0.887,0.148,-0.234,-6.147113418409745,2.1349352096372383,-3.2136032746709366,8.0
2016-08-02 15:31:39.740,0.898,0.141,-0.242,-9.263038619155548,0.5540104455410901,-2.8194484253833796,8.0
2016-08-02 15:31:39.750,0.895,0.148,-0.254,-13.88490979345919,0.5219547736867474,-2.10339386396838,8.0
2016-08-02 15:31:39.760,0.875,0.172,-0.273,-18.472835288664974,0.26606932904611924,-3.0719369096370746,8.0
2016-08-02 15:31:39.770,0.863,0.18,-0.281,-21.025857597299357,1.1917051945319814,-1.8589599602590001,8.0
2016-08-02 15:31:39.780,0.844,0.172,-0.289,-23.00993085274471,2.688352605713095,-0.9720860160988775,8.0
2016-08-02 15:31:39.790,0.828,0.16,-0.293,-21.728207343877184,3.200365430353346,-2.7915015886314136,8.0
2016-08-02 15:31:39.800,0.816,0.156,-0.273,-18.51438211589341,4.042219187829744,-4.487483346082452,8.0
2016-08-02 15:31:39.810,0.82,0.168,-0.262,-17.787447971044315,5.38995490319847,-6.312175195503597,8.0
2016-08-02 15:31:39.820,0.828,0.176,-0.242,-17.833379118324007,6.897309660065932,-8.689548655424415,8.0
2016-08-02 15:31:39.830,0.828,0.164,-0.234,-17.80469310502971,8.903209978020772,-10.527163655057882,8.0
2016-08-02 15:31:39.840,0.816,0.156,-0.23,-19.34632856423573,10.862711283019408,-12.135076398295052,8.0
2016-08-02 15:31:39.850,0.801,0.156,-0.227,-21.16393305244341,12.294548509116455,-13.422065104086846,8.0
2016-08-02 15:31:39.860,0.797,0.16,-0.223,-22.657144387317146,13.688160582398037,-14.14526186341806,8.0
2016-08-02 15:31:39.870,0.793,0.164,-0.215,-24.72946177158977,15.765765063551353,-14.920387173224892,8.0
2016-08-02 15:31:39.880,0.777,0.172,-0.207,-26.372205684009046,18.169770009465374,-16.15309601279916,8.0
2016-08-02 15:31:39.890,0.77,0.184,-0.203,-26.456385268768816,19.987044397761608,-17.58773729744325,8.0
2016-08-02 15:31:39.900,0.77,0.191,-0.207,-24.859296865655388,21.66155542790246,-18.509187051197767,8.0
2016-08-02 15:31:39.910,0.773,0.207,-0.223,-21.246548749952062,23.644608350294344,-19.013717331354265,8.0
2016-08-02 15:31:39.920,0.762,0.207,-0.238,-16.133472095480702,25.130714642020806,-19.787193869396816,8.0
2016-08-02 15:31:39.930,0.719,0.18,-0.23,-12.224541281123459,25.85676534310689,-20.399053772675273,8.0
2016-08-02 15:31:39.940,0.691,0.172,-0.219,-11.981254346959046,25.582154575942788,-21.078656238350764,8.0
2016-08-02 15:31:39.950,0.68,0.176,-0.188,-15.109129910942311,24.552463237180127,-22.39830173722758,8.0
2016-08-02 15:31:39.960,0.68,0.164,-0.156,-21.145075824871064,24.272999369892098,-22.93635421508835,8.0
2016-08-02 15:31:39.970,0.688,0.184,-0.141,-29.18838870295679,24.00181978469913,-23.041187230578913,8.0
2016-08-02 15:31:39.980,0.727,0.223,-0.125,-34.79477781977141,23.06816229906081,-23.634042785827056,8.0
2016-08-02 15:31:39.990,0.785,0.258,-0.141,-34.421048564512475,23.88381755542347,-22.611546623829273,8.0
2016-08-02 15:31:40.000,0.789,0.254,-0.191,-28.896214688762942,26.400798576461966,-20.578797070644157,8.0
2016-08-02 15:31:40.010,0.754,0.242,-0.238,-19.944613963876716,27.646397353346718,-19.451428738146284,8.0
2016-08-02 15:31:40.020,0.727,0.215,-0.25,-10.949222569503199,26.61027367769945,-17.89402595804984,8.0
2016-08-02 15:31:40.030,0.707,0.215,-0.227,-8.806792730245135,24.190421502616843,-16.45267774178612,8.0
2016-08-02 15:31:40.040,0.691,0.258,-0.199,-15.476256321223392,20.683678287779525,-16.81470254171024,8.0
2016-08-02 15:31:40.050,0.688,0.246,-0.16,-24.676339020713634,16.892120903276457,-16.79023896230894,8.0
2016-08-02 15:31:40.060,0.703,0.223,-0.129,-30.62570449546581,14.887506968741043,-15.973403956730689,8.0
2016-08-02 15:31:40.070,0.742,0.258,-0.125,-28.1643793272774,13.509356217719457,-17.52440534339403,8.0
2016-08-02 15:31:40.080,0.789,0.262,-0.156,-18.080585862322142,13.980421559289749,-17.207588294439077,8.0
2016-08-02 15:31:40.090,0.77,0.266,-0.211,-12.712731536502863,20.12487147724156,-11.719988815923259,8.0
2016-08-02 15:31:40.100,0.73,0.313,-0.258,-13.49666899180135,23.52101291724208,-9.059104176601277,8.0
2016-08-02 15:31:40.110,0.742,0.32,-0.258,-12.081926540331239,19.6401402090967,-8.169971117492755,8.0
2016-08-02 15:31:40.120,0.77,0.34,-0.23,-13.041260450384968,17.919531909538193,-3.085885864564057,8.0
2016-08-02 15:31:40.130,0.801,0.348,-0.172,-16.91554835600755,16.633957742074543,-0.4128529775085691,8.0
2016-08-02 15:31:40.140,0.855,0.285,-0.125,-16.28476611165771,13.576350637782966,-0.19777094372145987,8.0
2016-08-02 15:31:40.150,0.887,0.266,-0.145,-12.951321048534856,15.465344219795867,1.962777594680028,8.0
2016-08-02 15:31:40.160,0.918,0.277,-0.195,-6.551603126628161,17.791812967836712,2.29501884174939,8.0
2016-08-02 15:31:40.170,0.93,0.258,-0.254,0.6860408141360856,19.745965331815015,4.912230264651932,8.0
2016-08-02 15:31:40.180,0.891,0.258,-0.301,-1.8473256980581647,25.95424656177877,11.468940913752096,8.0
2016-08-02 15:31:40.190,0.855,0.27,-0.297,-10.825226206637451,27.620475361132467,13.931440574049308,8.0
2016-08-02 15:31:40.200,0.863,0.285,-0.258,-17.49209828041047,23.625908937846457,16.175085290460057,8.0
2016-08-02 15:31:40.210,0.895,0.316,-0.184,-22.513092467666215,21.69237321505492,22.22202292494095,8.0
2016-08-02 15:31:40.220,0.945,0.324,-0.117,-23.58596914469764,18.94568847190658,26.04036810350231,8.0
2016-08-02 15:31:40.230,0.984,0.277,-0.102,-19.21442471969236,16.086004776624527,29.059421273602695,8.0
2016-08-02 15:31:40.240,0.996,0.246,-0.141,-13.987753731852,17.084693769782724,33.745695944850375,8.0
2016-08-02 15:31:40.250,1.023,0.273,-0.188,-7.353535025139721,17.81797522859894,36.68173928916071,8.0
2016-08-02 15:31:40.260,1.02,0.266,-0.215,-0.2683315122373295,19.76065213604003,40.376358528230156,8.0
2016-08-02 15:31:40.270,0.984,0.254,-0.223,-1.4916443931648673,25.02302220234406,46.98796892904273,8.0
2016-08-02 15:31:40.280,0.961,0.25,-0.207,-11.02692765542697,25.532472965173625,51.545503332710965,8.0
2016-08-02 15:31:40.290,0.953,0.223,-0.18,-21.240886290500846,21.57825086288853,53.5414308422419,8.0
2016-08-02 15:31:40.300,1.004,0.242,-0.145,-29.092510346414358,19.07860224806948,55.38077155880302,8.0
2016-08-02 15:31:40.310,1.121,0.27,-0.109,-30.606922040021683,16.79330597232295,55.38756959926562,8.0
2016-08-02 15:31:40.320,1.215,0.254,-0.086,-24.50746342286574,19.210866842193397,55.76768616244547,8.0
2016-08-02 15:31:40.330,1.277,0.258,-0.113,-15.738450242698963,26.8681604684037,58.405536215965355,8.0
2016-08-02 15:31:40.340,1.313,0.25,-0.188,-6.187669878094506,30.58947313831994,59.06432820531898,8.0
2016-08-02 15:31:40.350,1.266,0.207,-0.285,0.6274151903241321,33.42988792298932,59.52320583921342,8.0
2016-08-02 15:31:40.360,1.18,0.164,-0.32,0.4295377447987042,37.32372084516962,61.71525199580856,8.0
2016-08-02 15:31:40.370,1.16,0.141,-0.254,-2.523019875167372,35.33586560076615,60.882383911080225,8.0
2016-08-02 15:31:40.380,1.203,0.121,-0.176,-4.638254520650823,32.73884072231394,58.516479633456115,8.0
2016-08-02 15:31:40.390,1.266,0.137,-0.094,-5.622109410699394,34.44307087967153,57.20497240271314,8.0
2016-08-02 15:31:40.400,1.344,0.172,-0.07,-2.455020900052386,35.897063522865196,55.35794261117721,8.0
2016-08-02 15:31:40.410,1.402,0.164,-0.121,3.3464762551434877,37.27025492946408,55.35840270853655,8.0
2016-08-02 15:31:40.420,1.406,0.137,-0.223,6.09697261518499,38.38039895686545,57.78971412690817,8.0
2016-08-02 15:31:40.430,1.363,0.102,-0.285,5.374079253038637,36.03476002964198,59.33621148100183,8.0
2016-08-02 15:31:40.440,1.332,0.039,-0.254,3.8994778528423426,31.844521473521244,58.87199491626558,8.0
2016-08-02 15:31:40.450,1.344,0.012,-0.164,1.8496479818231941,27.81417655040623,55.18975488845521,8.0
2016-08-02 15:31:40.460,1.355,0.012,-0.09,-2.071080400435104,23.999259614563076,48.560609951540414,8.0
2016-08-02 15:31:40.470,1.328,-0.012,-0.066,-6.33072157159382,21.387269450072495,42.27530094931883,8.0
2016-08-02 15:31:40.480,1.277,-0.059,-0.047,-6.730514675511219,18.708498903014398,36.70189204473647,8.0
2016-08-02 15:31:40.490,1.242,-0.098,-0.055,-3.7238277584292403,14.618072458129895,30.353684563465123,8.0
2016-08-02 15:31:40.500,1.219,-0.074,-0.086,-2.883828447863282,10.700877636393308,23.56522592854637,8.0
2016-08-02 15:31:40.510,1.223,-0.008,-0.098,-6.326596535107066,7.54704074749744,18.11905428221787,8.0
2016-08-02 15:31:40.520,1.227,0.004,-0.105,-12.04105368024822,6.167024432384288,15.801379842588853,8.0
2016-08-02 15:31:40.530,1.207,-0.047,-0.121,-16.171758889036113,7.472682373936678,13.989211125339258,8.0
2016-08-02 15:31:40.540,1.156,-0.086,-0.129,-14.357368055016604,8.773515284406864,10.221809875237518,8.0
2016-08-02 15:31:40.550,1.109,-0.09,-0.109,-9.344128865354273,8.579505357648195,8.523082857401924,8.0
2016-08-02 15:31:40.560,1.094,-0.078,-0.078,-6.622458654982382,8.042298144873985,9.688196055194478,8.0
2016-08-02 15:31:40.570,1.102,-0.07,-0.059,-3.382351740872351,7.865877625336084,9.786350112860031,8.0
2016-08-02 15:31:40.580,1.117,-0.074,-0.055,3.023627634419162,8.671767251258068,10.18045335435379,8.0
2016-08-02 15:31:40.590,1.129,-0.059,-0.059,8.562796074055324,9.772149689048845,12.195280586012931,8.0
2016-08-02 15:31:40.600,1.105,-0.031,-0.047,9.784932507606996,9.932941554218262,13.384689054717848,8.0
2016-08-02 15:31:40.610,1.07,-0.02,-0.023,5.5186383291021635,9.126961039136198,14.329203748996159,8.0
2016-08-02 15:31:40.620,1.066,-0.031,0.0,-1.0008569067361741,7.206123323408966,14.71007741808967,8.0
2016-08-02 15:31:40.630,1.063,-0.059,0.0,-2.909138335307153,5.35681623048743,12.244680503089155,8.0
2016-08-02 15:31:40.640,1.055,-0.094,-0.02,-0.4144883256272125,4.7352399896750486,8.694574168718837,8.0
2016-08-02 15:31:40.650,1.066,-0.102,-0.051,1.7029591869868803,3.952029177388647,5.643307042377295,8.0
2016-08-02 15:31:40.660,1.078,-0.07,-0.074,2.9035579957757447,2.6296638937059535,2.84898515545859,8.0
2016-08-02 15:31:40.670,1.082,-0.063,-0.07,2.5828197481159623,1.5582832728688651,0.8161685070376083,8.0
2016-08-02 15:31:40.680,1.086,-0.078,-0.063,0.7426606283084611,0.7484462034629124,-1.7561927846554695,8.0
2016-08-02 15:31:40.690,1.086,-0.074,-0.043,1.231048012845644,0.5066099228398802,-5.371560474815048,8.0
2016-08-02 15:31:40.700,1.09,-0.074,-0.039,3.194689088885454,0.5387916338560275,-7.402203730193786,8.0
2016-08-02 15:31:40.710,1.109,-0.098,-0.059,2.656340341238998,0.295693098868684,-7.866206664307562,8.0
2016-08-02 15:31:40.720,1.102,-0.109,-0.082,2.1612961605063594,0.0924314098128979,-8.601050920895403,8.0
2016-08-02 15:31:40.730,1.086,-0.094,-0.078,3.612003630307905,-0.8219389081035564,-8.251996447958376,8.0
2016-08-02 15:31:40.740,1.102,-0.07,-0.063,3.52210439274382,-2.4574521848074666,-7.247941908895756,8.0
2016-08-02 15:31:40.750,1.113,-0.063,-0.047,2.446569711971088,-2.488762547154591,-8.441592599273557,8.0
2016-08-02 15:31:40.760,1.098,-0.066,-0.039,3.0305316278438865,-1.3573590416072185,-10.297535741957269,8.0
2016-08-02 15:31:40.770,1.082,-0.07,-0.031,3.1494944134021936,-1.7615763824793271,-10.609385676058613,8.0
2016-08-02 15:31:40.780,1.082,-0.094,-0.039,1.7874445070746303,-3.1866844008921045,-10.37712899012972,8.0
2016-08-02 15:31:40.790,1.094,-0.102,-0.051,1.270779576121369,-3.8868529697741856,-9.673474890875866,8.0
2016-08-02 15:31:40.800,1.086,-0.074,-0.063,1.8515781973528802,-4.05370753865712,-7.806932370207474,8.0
2016-08-02 15:31:40.810,1.063,-0.07,-0.043,0.702764070752828,-4.446743363031066,-5.269483683849298,8.0
2016-08-02 15:31:40.820,1.055,-0.07,-0.027,-3.780228395346942,-4.984393946072652,-3.5048298716033557,8.0
2016-08-02 15:31:40.830,1.043,-0.059,-0.023,-8.191332175020094,-4.9333716466937485,-3.494513357788451,8.0
2016-08-02 15:31:40.840,1.023,-0.043,-0.023,-10.380773969159241,-4.3598995708991195,-3.6366460956728806,8.0
2016-08-02 15:31:40.850,1.02,-0.055,-0.012,-11.781591247835744,-4.161061762346469,-3.1635795424125615,8.0
2016-08-02 15:31:40.860,1.023,-0.074,-0.008,-10.109937343606841,-3.84380149958816,-3.5452471065938296,8.0
2016-08-02 15:31:40.870,1.02,-0.059,-0.008,-5.466709122829415,-2.64163044959152,-4.069609605671572,8.0
2016-08-02 15:31:40.880,1.012,-0.039,-0.004,-4.127586218541575,-1.930784301070826,-3.6500118072159164,8.0
2016-08-02 15:31:40.890,1.016,-0.035,-0.004,-7.191589385032744,-2.4296690982964977,-3.5584687223808116,8.0
2016-08-02 15:31:40.900,1.016,-0.043,-0.004,-10.045163305976514,-2.789678141447225,-4.256965605400627,8.0
2016-08-02 15:31:40.910,1.016,-0.047,0.004,-11.39905176819865,-2.595410831851303,-4.549573195631747,8.0
2016-08-02 15:31:40.920,1.016,-0.039,0.0,-12.890959310837111,-2.690815819351096,-4.452059126610948,8.0
2016-08-02 15:31:40.930,1.027,-0.043,-0.008,-13.828380664590302,-2.979836213372105,-4.925965578838826,8.0
2016-08-02 15:31:40.940,1.047,-0.039,-0.016,-12.891445155704265,-2.639030093067939,-5.741729889443819,8.0
2016-08-02 15:31:40.950,1.066,-0.039,-0.023,-11.14767058615884,-1.9000269754857808,-6.8564247271108405,8.0
2016-08-02 15:31:40.960,1.078,-0.027,-0.027,-9.73948062653741,-1.2635945503037906,-9.020625195816397,8.0
2016-08-02 15:31:40.970,1.074,-0.043,-0.031,-8.825534672061659,-1.0458391594100624,-11.753478113317911,8.0
2016-08-02 15:31:40.980,1.066,-0.051,-0.027,-8.804328500257105,-1.9448117067882986,-14.184941753456817,8.0
2016-08-02 15:31:40.990,1.074,-0.055,-0.023,-9.221534809982211,-3.797781287187266,-16.925807552416614,8.0
2016-08-02 15:31:41.000,1.086,-0.051,-0.023,-9.059374345467642,-5.64409813509223,-20.504180170276147,8.0
2016-08-02 15:31:41.010,1.117,-0.043,-0.027,-8.643220741440075,-6.719676009111017,-24.358027997865193,8.0
2016-08-02 15:31:41.020,1.164,-0.031,-0.043,-8.059189475617105,-7.13891539584445,-28.382683213296474,8.0
2016-08-02 15:31:41.030,1.195,-0.027,-0.07,-6.528182828741393,-7.6702852701136575,-32.65279803993527,8.0
2016-08-02 15:31:41.040,1.207,-0.031,-0.102,-4.37776906828099,-8.177631821295595,-36.40807071414248,8.0
2016-08-02 15:31:41.050,1.199,-0.039,-0.121,-3.533746120827297,-8.687371743269814,-38.78997040576354,8.0
2016-08-02 15:31:41.060,1.188,-0.039,-0.121,-5.749268106576071,-10.245095809713975,-40.104830093834494,8.0
2016-08-02 15:31:41.070,1.176,-0.023,-0.102,-9.682435106739677,-12.729020525333985,-41.29572285361522,8.0
2016-08-02 15:31:41.080,1.188,-0.004,-0.074,-12.51497662098836,-14.977393318968076,-42.20862553287108,8.0
2016-08-02 15:31:41.090,1.215,0.012,-0.074,-13.23605167318354,-16.46109977841953,-43.02657040302498,8.0
2016-08-02 15:31:41.100,1.227,0.004,-0.113,-11.761939248212439,-16.715506384590586,-44.48960007215668,8.0
2016-08-02 15:31:41.110,1.211,0.012,-0.156,-8.862938852486362,-15.969025894186784,-45.86040987782074,8.0
2016-08-02 15:31:41.120,1.188,0.055,-0.18,-6.241804143691761,-16.3974187630929,-46.63715269061689,8.0
2016-08-02 15:31:41.130,1.184,0.086,-0.18,-5.503333869782664,-18.40735966970522,-46.71355787773565,8.0
2016-08-02 15:31:41.140,1.199,0.098,-0.164,-6.530651150139381,-19.618990948693956,-46.22246553416818,8.0
2016-08-02 15:31:41.150,1.219,0.098,-0.125,-5.517659140428757,-19.65804451546051,-46.71808248713041,8.0
2016-08-02 15:31:41.160,1.234,0.105,-0.105,-0.455168447846667,-19.41507247785202,-47.898854676739596,8.0
2016-08-02 15:31:41.170,1.242,0.109,-0.109,5.116342015036274,-18.805029637429264,-48.24995431674327,8.0
2016-08-02 15:31:41.180,1.223,0.105,-0.125,8.710358571702162,-18.33117842847369,-48.191816506875895,8.0
2016-08-02 15:31:41.190,1.195,0.121,-0.148,10.827991942018675,-19.178148282452884,-47.881099964424855,8.0
2016-08-02 15:31:41.200,1.18,0.145,-0.156,11.98683558672753,-21.77551031904956,-47.1409515736365,8.0
2016-08-02 15:31:41.210,1.188,0.156,-0.152,12.242707307084348,-24.507110550250655,-46.09550972207941,8.0
2016-08-02 15:31:41.220,1.191,0.16,-0.164,11.181054663550995,-25.758641941658905,-44.516212841879394,8.0
2016-08-02 15:31:41.230,1.172,0.176,-0.184,9.260880159156997,-26.34879890727258,-42.79504174458298,8.0
2016-08-02 15:31:41.240,1.152,0.188,-0.195,7.9887368530672545,-27.39783716239024,-40.74623786586808,8.0
2016-08-02 15:31:41.250,1.152,0.184,-0.199,8.408819354124837,-28.35208439761874,-38.262757308017385,8.0
2016-08-02 15:31:41.260,1.152,0.191,-0.191,11.105744488534953,-28.395250873482144,-36.72026947861843,8.0
2016-08-02 15:31:41.270,1.156,0.203,-0.184,15.838320613260011,-28.137215953158798,-35.65116620426003,8.0
2016-08-02 15:31:41.280,1.141,0.223,-0.184,20.64398962981106,-27.861146282650306,-33.36132793788327,8.0
2016-08-02 15:31:41.290,1.117,0.238,-0.188,23.42264517185389,-26.966897583203234,-30.04564796710225,8.0
2016-08-02 15:31:41.300,1.09,0.238,-0.199,23.40813691600463,-25.903355222711482,-26.45367429974027,8.0
2016-08-02 15:31:41.310,1.066,0.246,-0.219,21.87109052079953,-25.186280255306716,-23.51205729051673,8.0
2016-08-02 15:31:41.320,1.043,0.246,-0.242,21.96923928045699,-24.86213609297132,-21.4328565229041,8.0
2016-08-02 15:31:41.330,1.027,0.258,-0.234,23.97452335434127,-25.289074679186847,-19.146757265141648,8.0
2016-08-02 15:31:41.340,1.027,0.27,-0.211,26.20308364970892,-26.973376230770675,-17.169890637917607,8.0
2016-08-02 15:31:41.350,1.035,0.273,-0.195,28.788008860030914,-28.567689185532135,-15.193220971214009,8.0
2016-08-02 15:31:41.360,1.02,0.277,-0.184,29.7826431468093,-28.087115365906506,-11.494688051508017,8.0
2016-08-02 15:31:41.370,1.004,0.273,-0.191,28.599475765604303,-27.136360865748994,-7.541825482349691,8.0
2016-08-02 15:31:41.380,0.977,0.27,-0.199,29.044347431928998,-26.34144421141204,-4.278427445942047,8.0
2016-08-02 15:31:41.390,0.957,0.27,-0.203,31.142975252625817,-24.526502771862532,-0.5192463415814714,8.0
2016-08-02 15:31:41.400,0.934,0.258,-0.203,31.811524943358684,-22.987585168839253,2.9015398480212555,8.0
2016-08-02 15:31:41.410,0.906,0.254,-0.184,31.62381112563277,-21.738778657019328,5.359220717742706,8.0
2016-08-02 15:31:41.420,0.887,0.238,-0.16,32.90660727975937,-21.02181599123227,7.757929760801883,8.0
2016-08-02 15:31:41.430,0.879,0.223,-0.176,34.51407456066382,-22.30471226002879,10.713016107052674,8.0
2016-08-02 15:31:41.440,0.855,0.254,-0.199,34.37729050445778,-24.599580809404635,14.420932911705746,8.0
2016-08-02 15:31:41.450,0.855,0.262,-0.199,34.11978804273082,-26.92909191849076,18.742650133246816,8.0
2016-08-02 15:31:41.460,0.875,0.289,-0.18,33.82224531076054,-28.652280708046117,22.774635794327512,8.0
2016-08-02 15:31:41.470,0.891,0.305,-0.199,32.27560841876484,-29.497787900480915,25.29832051884934,8.0
2016-08-02 15:31:41.480,0.887,0.293,-0.207,31.033488664152056,-29.61070538487645,27.70086005971025,8.0
2016-08-02 15:31:41.490,0.871,0.281,-0.227,29.859277509225052,-28.754650397764074,30.10913565767724,8.0
2016-08-02 15:31:41.500,0.863,0.293,-0.234,29.756256982292705,-28.220588178020684,29.43169561630894,8.0
2016-08-02 15:31:41.510,0.914,0.301,-0.219,32.185845561497615,-26.972750521293296,28.151849489894072,8.0
2016-08-02 15:31:41.520,0.953,0.313,-0.227,32.560873129994505,-23.178055268791983,28.936591307793353,8.0
2016-08-02 15:31:41.530,0.941,0.336,-0.254,28.911230270298077,-19.874349517344385,29.078035679459223,8.0
2016-08-02 15:31:41.540,0.922,0.324,-0.305,24.825575500207744,-18.814893720496816,29.18205106806201,8.0
2016-08-02 15:31:41.550,0.91,0.301,-0.316,23.175151824428532,-18.506978845072283,29.328921162624624,8.0
2016-08-02 15:31:41.560,0.93,0.297,-0.289,25.775527967526223,-18.634137440006977,27.879118002552406,8.0
2016-08-02 15:31:41.570,0.953,0.293,-0.277,29.433188411066897,-18.701240296710388,27.184171875762832,8.0
2016-08-02 15:31:41.580,0.957,0.316,-0.27,29.198655272900915,-18.461820545002915,27.50753866011111,8.0
2016-08-02 15:31:41.590,0.953,0.313,-0.281,27.06207116338555,-19.083891577978342,27.837669496740823,8.0
2016-08-02 15:31:41.600,0.934,0.293,-0.301,24.57775618664179,-19.983954839761736,29.01802593644402,8.0
2016-08-02 15:31:41.610,0.941,0.281,-0.34,21.726801055594272,-20.241222295694076,29.161073255201373,8.0
2016-08-02 15:31:41.620,0.93,0.262,-0.379,22.37386300977293,-20.423174158571246,27.43110625348876,8.0
2016-08-02 15:31:41.630,0.914,0.258,-0.363,25.604200760172485,-20.40170292703997,25.98965903035452,8.0
2016-08-02 15:31:41.640,0.934,0.266,-0.336,27.02517477538333,-20.88423219588569,24.97210632520991,8.0
2016-08-02 15:31:41.650,0.934,0.266,-0.277,25.83830921016364,-21.979254476370745,24.831709013106526,8.0
2016-08-02 15:31:41.660,0.926,0.234,-0.23,22.073361306723406,-22.68323935054146,26.03718007928782,8.0
2016-08-02 15:31:41.670,0.906,0.234,-0.211,18.41216981113717,-24.437016266237865,25.716007411453162,8.0
2016-08-02 15:31:41.680,0.887,0.238,-0.207,17.664040204365374,-26.908012582027276,24.60967648201175,8.0
2016-08-02 15:31:41.690,0.859,0.215,-0.227,16.614971347953784,-27.45974678470647,25.88093496182515,8.0
2016-08-02 15:31:41.700,0.836,0.219,-0.277,14.048868979739144,-26.38755692218706,26.250450733480424,8.0
2016-08-02 15:31:41.710,0.805,0.199,-0.336,14.830370885283237,-24.288702572261364,24.45762313017979,8.0
2016-08-02 15:31:41.720,0.766,0.16,-0.371,18.786424860140333,-20.915633898029053,23.681491885493877,8.0
2016-08-02 15:31:41.730,0.754,0.164,-0.375,22.229403820236413,-18.508163912789644,21.666734473547596,8.0
2016-08-02 15:31:41.740,0.762,0.156,-0.332,25.528527970618416,-17.88980493744552,18.69315646729451,8.0
2016-08-02 15:31:41.750,0.781,0.133,-0.27,26.85618221189717,-16.984960789751565,18.443970553475665,8.0
2016-08-02 15:31:41.760,0.781,0.109,-0.215,24.376202053165827,-16.297775667242647,18.0153973367255,8.0
2016-08-02 15:31:41.770,0.754,0.086,-0.176,20.09401398646151,-16.190076754288217,16.96928577405912,8.0
2016-08-02 15:31:41.780,0.727,0.078,-0.18,14.4799512106936,-15.031633138740714,17.45526920799491,8.0
2016-08-02 15:31:41.790,0.715,0.086,-0.215,10.090397030892419,-12.935433150601526,16.74021430661651,8.0
2016-08-02 15:31:41.800,0.719,0.082,-0.27,10.2204666728295,-9.102035379384661,15.294740417624983,8.0
2016-08-02 15:31:41.810,0.73,0.086,-0.344,13.483892956642464,-3.2363951155982535,14.589346641154371,8.0
2016-08-02 15:31:41.820,0.719,0.078,-0.395,19.01765133091314,1.411085465865706,12.874577810100476,8.0
2016-08-02 15:31:41.830,0.707,0.063,-0.367,24.742013126458424,3.0374072712150064,11.153564249373936,8.0
2016-08-02 15:31:41.840,0.727,0.035,-0.293,25.79542264581643,1.8437500002047174,9.821931970447256,8.0
2016-08-02 15:31:41.850,0.754,0.023,-0.199,21.507914795632935,-1.4747369287690923,8.05037607292762,8.0
2016-08-02 15:31:41.860,0.777,0.008,-0.137,14.743039145320687,-4.691048392708555,7.275737599612437,8.0
2016-08-02 15:31:41.870,0.766,-0.012,-0.137,8.910591722111898,-6.753305420091867,6.9223216373032495,8.0
2016-08-02 15:31:41.880,0.738,-0.012,-0.184,6.372303147376451,-8.387812917758406,5.6764725482823355,8.0
2016-08-02 15:31:41.890,0.699,0.016,-0.234,5.113212943780481,-9.212901256861151,5.282450345095443,8.0
2016-08-02 15:31:41.900,0.711,0.047,-0.27,1.9189663524600271,-8.370372362085122,6.35906369773677,8.0
2016-08-02 15:31:41.910,0.715,0.039,-0.289,-1.8205934936957067,-6.095146282325575,6.793177804041731,8.0
2016-08-02 15:31:41.920,0.703,0.016,-0.273,-2.635258956442511,-3.3098130712924454,5.746724343830664,8.0
2016-08-02 15:31:41.930,0.719,-0.016,-0.246,-0.9099464989277742,-1.383440528952319,3.8905755797693775,8.0
2016-08-02 15:31:41.940,0.715,-0.039,-0.25,-0.4076602223887314,-0.8406695306545131,1.4098288927727458,8.0
2016-08-02 15:31:41.950,0.711,-0.035,-0.258,-1.557828704506063,-1.03340253399429,-1.1655352325009414,8.0
2016-08-02 15:31:41.960,0.73,-0.027,-0.262,-1.519008333762585,-1.1564452234867173,-2.962928536981604,8.0
2016-08-02 15:31:41.970,0.75,-0.012,-0.258,-2.1517539822245677,-0.3370053483635823,-3.984206847862289,8.0
2016-08-02 15:31:41.980,0.77,0.016,-0.27,-5.462747901432396,1.3755474866031248,-4.198338091625462,8.0
2016-08-02 15:31:41.990,0.773,0.027,-0.273,-8.582205400942351,3.884387174052007,-3.4087397800067043,8.0
2016-08-02 15:31:42.000,0.773,0.039,-0.258,-11.51159100101827,6.869979215748403,-2.6344556357253825,8.0
2016-08-02 15:31:42.010,0.801,0.047,-0.246,-15.164968222670012,8.443989056494356,-2.826980038280651,8.0
2016-08-02 15:31:42.020,0.82,0.051,-0.258,-17.140158547582597,8.516854421526322,-3.559107031167242,8.0
2016-08-02 15:31:42.030,0.828,0.039,-0.262,-16.865909897451843,8.085560779410926,-4.733876420701366,8.0
2016-08-02 15:31:42.040,0.832,0.031,-0.281,-15.809872686353666,6.284745560579715,-6.5099487715271565,8.0
2016-08-02 15:31:42.050,0.82,0.039,-0.293,-15.154101077058092,3.4561145957273727,-7.719593769064184,8.0
2016-08-02 15:31:42.060,0.816,0.043,-0.285,-16.336669875421578,1.3549822444228437,-7.804408208679163,8.0
2016-08-02 15:31:42.070,0.824,0.035,-0.262,-20.118234220783613,0.5613559151122999,-8.204107961985736,8.0
2016-08-02 15:31:42.080,0.828,0.047,-0.25,-25.35732689685694,1.3557826458548379,-9.554194202435852,8.0
2016-08-02 15:31:42.090,0.844,0.082,-0.254,-29.82019183699711,4.085324197887103,-10.82527677503312,8.0
2016-08-02 15:31:42.100,0.852,0.113,-0.27,-31.672226622378382,8.188823530403543,-11.496004735286018,8.0
2016-08-02 15:31:42.110,0.84,0.133,-0.293,-30.66705943570082,12.327771677032747,-11.95268813989158,8.0
2016-08-02 15:31:42.120,0.828,0.125,-0.297,-27.826359110724283,15.07930175530203,-12.787974536302716,8.0
2016-08-02 15:31:42.130,0.801,0.098,-0.297,-24.498996549294056,16.32735054051216,-14.388639983183907,8.0
2016-08-02 15:31:42.140,0.773,0.082,-0.277,-23.01942208549554,17.348317209379672,-16.42059079946959,8.0
2016-08-02 15:31:42.150,0.766,0.082,-0.238,-25.08930522880672,18.959737860644708,-18.094297640414872,8.0
2016-08-02 15:31:42.160,0.781,0.09,-0.223,-28.227139839723755,21.355934109893106,-19.380836417882353,8.0
2016-08-02 15:31:42.170,0.785,0.082,-0.25,-27.227058300910535,24.26042460020336,-20.809542673617834,8.0
2016-08-02 15:31:42.180,0.773,0.074,-0.277,-20.92965116851567,26.794704584903663,-22.07800153547045,8.0
2016-08-02 15:31:42.190,0.766,0.09,-0.293,-14.834340929764776,28.332540189214757,-22.75749015129248,8.0
2016-08-02 15:31:42.200,0.766,0.117,-0.293,-14.076261891759454,28.726927427831676,-22.829146036648282,8.0
2016-08-02 15:31:42.210,0.777,0.137,-0.258,-18.30166536966996,28.327908287344197,-21.899799144384843,8.0
2016-08-02 15:31:42.220,0.777,0.145,-0.203,-25.243747249957167,27.362115381120546,-20.455034856365234,8.0
2016-08-02 15:31:42.230,0.766,0.141,-0.145,-33.13253254819949,25.835258957706436,-19.838948022735703,8.0
2016-08-02 15:31:42.240,0.785,0.156,-0.133,-38.123356937349186,24.34993915075989,-20.13558809158087,8.0
2016-08-02 15:31:42.250,0.824,0.156,-0.152,-34.81035610093337,24.018191687024483,-20.55389987145236,8.0
2016-08-02 15:31:42.260,0.816,0.129,-0.191,-23.866810489733638,26.154423123223715,-20.112015678607037,8.0
2016-08-02 15:31:42.270,0.77,0.121,-0.234,-13.061189484431647,29.63958995035675,-18.69632590624195,8.0
2016-08-02 15:31:42.280,0.734,0.137,-0.293,-6.484603499132332,31.145709869904117,-17.526165635784047,8.0
2016-08-02 15:31:42.290,0.715,0.145,-0.332,-4.866579094741761,30.75522930443657,-16.023096350955612,8.0
2016-08-02 15:31:42.300,0.703,0.172,-0.305,-11.543573764881588,30.117695896958807,-13.38417726763923,8.0
2016-08-02 15:31:42.310,0.707,0.207,-0.25,-24.57974957343898,27.596069858662215,-11.799471376295543,8.0
2016-08-02 15:31:42.320,0.738,0.203,-0.188,-35.6726192814181,22.878833045404974,-11.764438891342923,8.0
2016-08-02 15:31:42.330,0.801,0.191,-0.137,-38.93999517131207,19.940190477810624,-11.165762205348805,8.0
2016-08-02 15:31:42.340,0.855,0.207,-0.129,-33.81391238215707,21.487569083459423,-9.959065959183121,8.0
2016-08-02 15:31:42.350,0.879,0.238,-0.152,-25.34493460279937,26.15743951209352,-8.368077747588853,8.0
2016-08-02 15:31:42.360,0.871,0.242,-0.227,-17.92732151186473,31.02184349309185,-6.075413719824275,8.0
2016-08-02 15:31:42.370,0.813,0.234,-0.305,-11.397227472918868,33.99586295009472,-4.199452827344329,8.0
2016-08-02 15:31:42.380,0.75,0.215,-0.309,-9.215545840619269,34.22189606775869,-2.0065854364737916,8.0
2016-08-02 15:31:42.390,0.727,0.211,-0.27,-16.687342845409113,31.311396091967836,0.9268215989537324,8.0
2016-08-02 15:31:42.400,0.762,0.246,-0.227,-29.048172690731622,26.117120998625456,1.0966311122415362,8.0
2016-08-02 15:31:42.410,0.875,0.289,-0.156,-34.08628952200194,21.47965631225148,-1.2930435098601754,8.0
2016-08-02 15:31:42.420,0.98,0.27,-0.113,-28.35266666418066,22.038567859876487,-0.8746551760944264,8.0
2016-08-02 15:31:42.430,1.008,0.266,-0.133,-20.557249879090755,28.519999616149192,2.6396767481302494,8.0
2016-08-02 15:31:42.440,0.996,0.293,-0.191,-15.146805427302889,33.19761220410294,4.674185909623817,8.0
2016-08-02 15:31:42.450,0.973,0.281,-0.262,-10.614665023176226,33.854644631515285,6.422844384485116,8.0
2016-08-02 15:31:42.460,0.918,0.262,-0.316,-11.128951145784258,35.99545429527019,11.147817599691992,8.0
2016-08-02 15:31:42.470,0.859,0.234,-0.32,-17.93898957697224,35.978178833570574,15.288663388289255,8.0
2016-08-02 15:31:42.480,0.848,0.219,-0.254,-25.669823094829717,30.16233915187101,17.305717483489797,8.0
2016-08-02 15:31:42.490,0.906,0.234,-0.172,-32.32188660170527,23.656306379731074,20.470245972196118,8.0
2016-08-02 15:31:42.500,1.035,0.273,-0.109,-35.03386075993744,18.98193982506357,24.547656139238242,8.0
2016-08-02 15:31:42.510,1.129,0.266,-0.105,-32.02841385750163,19.2351551537864,29.675516876626176,8.0
2016-08-02 15:31:42.520,1.129,0.258,-0.141,-28.199833105743647,24.69670775545054,36.31883368484568,8.0
2016-08-02 15:31:42.530,1.094,0.254,-0.211,-23.95424021583058,26.592035858152606,41.082869202847974,8.0
2016-08-02 15:31:42.540,1.066,0.234,-0.254,-18.54939186153591,24.060124940759422,44.16854258779306,8.0
2016-08-02 15:31:42.550,1.043,0.215,-0.262,-17.10461783651641,22.331674330893218,47.37140275875311,8.0
2016-08-02 15:31:42.560,1.047,0.215,-0.207,-20.665212089511552,19.595589173110703,48.85459908978579,8.0
2016-08-02 15:31:42.570,1.121,0.238,-0.094,-28.263207475132432,16.437694202221834,49.608975189819944,8.0
2016-08-02 15:31:42.580,1.332,0.297,0.008,-35.71209604877711,16.150678529292662,50.12488942708278,8.0
2016-08-02 15:31:42.590,1.504,0.305,-0.008,-31.534670911477264,20.338503259317235,48.86916293478115,8.0
2016-08-02 15:31:42.600,1.449,0.203,-0.133,-16.942260143251193,30.642142660402516,49.2003129467294,8.0
2016-08-02 15:31:42.610,1.27,0.109,-0.27,-5.564476002765802,38.109367591793536,50.04194453214646,8.0
2016-08-02 15:31:42.620,1.141,0.086,-0.313,-0.6707739709576478,33.741107964014844,46.12678214376836,8.0
2016-08-02 15:31:42.630,1.133,0.094,-0.285,-1.5955421046306384,27.597787115241612,42.53015890965044,8.0
2016-08-02 15:31:42.640,1.172,0.117,-0.23,-9.949693912477933,27.65687309905371,43.090724171597714,8.0
2016-08-02 15:31:42.650,1.184,0.109,-0.168,-17.278200599641075,28.6939475276597,43.1002464849479,8.0
2016-08-02 15:31:42.660,1.207,0.102,-0.102,-15.764379104271697,29.1555772424864,42.94830764162238,8.0
2016-08-02 15:31:42.670,1.273,0.125,-0.105,-9.517347466537364,29.530777577980594,44.01777257357444,8.0
2016-08-02 15:31:42.680,1.313,0.109,-0.172,-2.4980362940279823,30.13198345890858,45.006259332514695,8.0
2016-08-02 15:31:42.690,1.281,0.043,-0.23,4.6258335391051055,32.92846438266817,46.51635383025729,8.0
2016-08-02 15:31:42.700,1.246,0.023,-0.27,10.390654750585735,33.31883825943119,46.512735110806716,8.0
2016-08-02 15:31:42.710,1.23,0.004,-0.246,12.798875531941452,28.98685086538206,44.67058085194562,8.0
2016-08-02 15:31:42.720,1.254,-0.027,-0.172,11.075133775364232,26.24289605724999,43.09674230684302,8.0
2016-08-02 15:31:42.730,1.281,-0.043,-0.09,9.106239640838355,25.75792080370777,38.929237138129686,8.0
2016-08-02 15:31:42.740,1.273,-0.051,-0.031,9.412415255446609,24.137354735109454,32.95944046407634,8.0
2016-08-02 15:31:42.750,1.262,-0.082,-0.004,8.665413578277267,21.462983631076135,30.348151560921423,8.0
2016-08-02 15:31:42.760,1.285,-0.098,0.004,6.93570813612909,17.651039855300272,29.225128617848952,8.0
2016-08-02 15:31:42.770,1.281,-0.109,-0.023,6.555447845852706,14.002574121075916,27.49355197979172,8.0
2016-08-02 15:31:42.780,1.27,-0.133,-0.09,3.931770249447953,12.162290805945394,27.347217010063822,8.0
2016-08-02 15:31:42.790,1.238,-0.129,-0.164,-1.158383177455696,10.84697748014586,26.595296938111954,8.0
2016-08-02 15:31:42.800,1.199,-0.121,-0.195,-1.8572882992090864,9.551650878870609,23.96183183000749,8.0
2016-08-02 15:31:42.810,1.184,-0.148,-0.176,2.6962793447302422,8.81859867788004,22.300111726756658,8.0
2016-08-02 15:31:42.820,1.176,-0.16,-0.129,8.9530965713032,8.533209634828374,19.398899408208834,8.0
2016-08-02 15:31:42.830,1.191,-0.191,-0.074,15.393778671150542,8.677401389575035,14.12780934110481,8.0
2016-08-02 15:31:42.840,1.211,-0.188,-0.063,19.435847458171935,8.512356695382747,9.915431684545966,8.0
2016-08-02 15:31:42.850,1.188,-0.211,-0.07,20.456136083526076,7.453727975849543,6.497227880228108,8.0
2016-08-02 15:31:42.860,1.16,-0.223,-0.082,17.631952538488136,6.03431978699309,4.262063153433836,8.0
2016-08-02 15:31:42.870,1.145,-0.184,-0.086,10.73553832420759,3.9337351132731944,3.749029310592121,8.0
2016-08-02 15:31:42.880,1.109,-0.164,-0.078,4.732044117758104,1.2812083201419622,2.4233670699096805,8.0
2016-08-02 15:31:42.890,1.078,-0.145,-0.047,-0.04291355692870902,-1.1241992240560186,0.19908646815682762,8.0
2016-08-02 15:31:42.900,1.07,-0.168,-0.008,-3.368118693769335,-3.5957986507817346,-3.4098670638089725,8.0
2016-08-02 15:31:42.910,1.098,-0.219,0.008,-1.8510080500581858,-4.463332183010911,-9.08374806302821,8.0
2016-08-02 15:31:42.920,1.094,-0.203,-0.043,1.3330024436149013,-2.985043339144182,-14.61370465667877,8.0
2016-08-02 15:31:42.930,1.039,-0.176,-0.086,2.7767374474868647,-2.903422496698198,-17.450285807003524,8.0
2016-08-02 15:31:42.940,1.023,-0.152,-0.082,0.5218901082527748,-4.829866651958876,-16.382922148221017,8.0
2016-08-02 15:31:42.950,1.039,-0.125,-0.066,-3.3197781512563607,-5.315504816414538,-14.826123393402405,8.0
2016-08-02 15:31:42.960,1.035,-0.121,-0.043,-2.664779702272651,-3.844579987307478,-15.105626659705202,8.0
2016-08-02 15:31:42.970,1.031,-0.117,-0.027,-1.3071159874188418,-2.4227891337820275,-14.129401473456992,8.0
2016-08-02 15:31:42.980,1.027,-0.109,-0.02,-2.5445625753628187,-1.8969618099879417,-11.955711201827318,8.0
2016-08-02 15:31:42.990,1.023,-0.086,-0.031,-2.811558551687856,-2.0012027600164237,-10.159599495651664,8.0
2016-08-02 15:31:43.000,1.004,-0.066,-0.031,-3.9755753944612553,-2.38451149014419,-7.698782557627808,8.0
2016-08-02 15:31:43.010,1.012,-0.074,-0.023,-7.160890896798751,-2.348839454093784,-5.416889317537733,8.0
2016-08-02 15:31:43.020,1.027,-0.063,-0.031,-8.87197309060853,-1.3675602749496403,-4.686097576445084,8.0
2016-08-02 15:31:43.030,1.02,-0.066,-0.031,-8.160560965082873,-0.07086174524619247,-4.324448182639469,8.0
2016-08-02 15:31:43.040,1.027,-0.082,-0.027,-6.724152335335255,0.4184152002166984,-3.0662689795140445,8.0
2016-08-02 15:31:43.050,1.043,-0.07,-0.023,-5.268920260517077,0.15706965326295144,-2.1314130575769035,8.0
2016-08-02 15:31:43.060,1.043,-0.082,-0.02,-3.9862433883768733,0.1986264437339999,-2.039729642646595,8.0
2016-08-02 15:31:43.070,1.055,-0.094,-0.027,-4.925512987510274,0.5511769001782622,-1.7439110062117038,8.0
2016-08-02 15:31:43.080,1.051,-0.09,-0.043,-7.094556718580236,0.773472209187616,-2.5043160882023856,8.0
2016-08-02 15:31:43.090,1.023,-0.082,-0.051,-8.349383227944433,0.8317499644996703,-3.8707890213968934,8.0
2016-08-02 15:31:43.100,1.02,-0.082,-0.035,-11.004056066860826,-0.019853441548986106,-3.6620028247754997,8.0
2016-08-02 15:31:43.110,1.035,-0.078,-0.02,-13.828344586583004,-1.412864333093735,-3.4474973319349775,8.0
2016-08-02 15:31:43.120,1.047,-0.09,-0.008,-13.789868235028548,-1.7478307164265838,-3.7174498034428005,8.0
2016-08-02 15:31:43.130,1.066,-0.105,-0.012,-13.287046969808708,-1.4910222113853844,-2.9253823520976376,8.0
2016-08-02 15:31:43.140,1.074,-0.09,-0.031,-12.420905551118382,-1.7695709969445232,-2.398195019682916,8.0
2016-08-02 15:31:43.150,1.07,-0.098,-0.039,-9.939411130821384,-1.7779520340463721,-2.8108682589674636,8.0
2016-08-02 15:31:43.160,1.051,-0.102,-0.051,-8.581420372326725,-1.071288123681172,-3.047115372648669,8.0
2016-08-02 15:31:43.170,1.043,-0.098,-0.055,-7.2435348640938,-0.8950967457192482,-3.961506802769953,8.0
2016-08-02 15:31:43.180,1.047,-0.082,-0.055,-3.73819574780706,-1.2914877468443213,-5.577725271466683,8.0
2016-08-02 15:31:43.190,1.066,-0.063,-0.043,-1.2735050344436818,-1.4707581289073057,-7.12330037035227,8.0
2016-08-02 15:31:43.200,1.082,-0.055,-0.031,-0.7181817292915708,-1.848187436415643,-10.074175796011714,8.0
2016-08-02 15:31:43.210,1.098,-0.059,-0.027,-0.8356400504697292,-2.5460046308161672,-14.315678904838173,8.0
2016-08-02 15:31:43.220,1.129,-0.066,-0.031,-1.862398516614009,-3.4739999279307243,-18.752879269538557,8.0
2016-08-02 15:31:43.230,1.152,-0.066,-0.059,-2.1706993116226294,-4.476932017494656,-24.05752359592531,8.0
2016-08-02 15:31:43.240,1.145,-0.078,-0.074,-2.0936332076717656,-5.2008471930530185,-29.0688438171421,8.0
2016-08-02 15:31:43.250,1.141,-0.098,-0.086,-3.7861243200458485,-6.450816161908943,-32.61917226748838,8.0
2016-08-02 15:31:43.260,1.152,-0.09,-0.07,-5.083771111343173,-8.68964048976153,-36.6882951223494,8.0
2016-08-02 15:31:43.270,1.184,-0.066,-0.051,-4.548570349379958,-10.901590012685471,-41.378058089009556,8.0
2016-08-02 15:31:43.280,1.219,-0.047,-0.047,-4.701626062495848,-12.114651807018122,-44.48905148858883,8.0
2016-08-02 15:31:43.290,1.238,-0.031,-0.055,-5.378213190402626,-12.865048723632297,-46.743848677531275,8.0
2016-08-02 15:31:43.300,1.25,-0.027,-0.078,-4.785134633203637,-14.360376418949773,-49.69717875213019,8.0
2016-08-02 15:31:43.310,1.266,-0.02,-0.109,-4.16449511653374,-16.047727719378102,-52.42182515263645,8.0
2016-08-02 15:31:43.320,1.277,-0.016,-0.133,-4.177870815133628,-16.78351048139867,-54.19141624692753,8.0
2016-08-02 15:31:43.330,1.266,-0.012,-0.16,-3.9739845936175673,-16.476336631481782,-55.07559013826884,8.0
2016-08-02 15:31:43.340,1.238,0.004,-0.16,-4.286737897905038,-15.862104690939802,-54.793396595203575,8.0
2016-08-02 15:31:43.350,1.23,0.027,-0.137,-5.374034076334213,-16.699922228256625,-54.25419544416052,8.0
2016-08-02 15:31:43.360,1.277,0.047,-0.094,-5.701912387348805,-18.697903183046513,-54.37668498099125,8.0
2016-08-02 15:31:43.370,1.336,0.063,-0.082,-3.9666580422630893,-18.914100898611537,-54.73974504467782,8.0
2016-08-02 15:31:43.380,1.375,0.074,-0.129,-0.7135842740777865,-16.92763621645104,-55.00205537786046,8.0
2016-08-02 15:31:43.390,1.328,0.082,-0.211,1.0143374947253272,-14.369152977951748,-54.34408899503008,8.0
2016-08-02 15:31:43.400,1.219,0.09,-0.25,-1.1003578506494902,-13.015483935151476,-52.47054626782779,8.0
2016-08-02 15:31:43.410,1.133,0.113,-0.227,-5.6755688215334565,-16.207245911395763,-50.91989079779105,8.0
2016-08-02 15:31:43.420,1.137,0.137,-0.168,-10.325930282465947,-23.087130233948844,-50.02574620236163,8.0
2016-08-02 15:31:43.430,1.191,0.152,-0.121,-12.717371458296675,-27.48582837683637,-48.4317395264781,8.0
2016-08-02 15:31:43.440,1.219,0.172,-0.121,-9.292696320197956,-27.790951283848685,-46.379971242624016,8.0
2016-08-02 15:31:43.450,1.168,0.195,-0.156,-1.30323820105123,-27.135009860313698,-44.25241398959144,8.0
2016-08-02 15:31:43.460,1.09,0.219,-0.195,3.651112511496771,-28.129880528751947,-40.864267992124596,8.0
2016-08-02 15:31:43.470,1.039,0.23,-0.203,3.28187303307238,-31.812973125850576,-37.30601111619537,8.0
2016-08-02 15:31:43.480,1.023,0.25,-0.188,2.6562616366452443,-36.23304880061741,-35.122976091588875,8.0
2016-08-02 15:31:43.490,1.023,0.25,-0.172,4.66474797264449,-39.3913912045095,-33.19382833074351,8.0
2016-08-02 15:31:43.500,1.023,0.254,-0.156,8.480965299844899,-41.27215747354083,-31.45865676720409,8.0
2016-08-02 15:31:43.510,1.035,0.273,-0.164,12.259377677142261,-41.76906786324423,-29.937883656777338,8.0
2016-08-02 15:31:43.520,1.016,0.289,-0.207,14.165321864856798,-41.64818032392805,-27.42030029079732,8.0
2016-08-02 15:31:43.530,0.984,0.285,-0.242,15.20999842203666,-42.23773675897478,-24.93823609520857,8.0
2016-08-02 15:31:43.540,0.957,0.281,-0.25,17.808706126077382,-43.90615203943277,-24.074408047013158,8.0
2016-08-02 15:31:43.550,0.953,0.285,-0.23,21.62288971403416,-46.438186707304325,-24.166727417205625,8.0
2016-08-02 15:31:43.560,0.953,0.305,-0.191,25.80400275400929,-48.74797301098737,-23.861849204951618,8.0
2016-08-02 15:31:43.570,0.973,0.332,-0.133,29.138018722914705,-49.07281101831316,-21.9559411119995,8.0
2016-08-02 15:31:43.580,1.016,0.363,-0.113,28.928884935481445,-46.12853537389775,-17.374285353496454,8.0
2016-08-02 15:31:43.590,1.047,0.359,-0.211,25.10904311607713,-38.46943940536017,-9.524394607407311,8.0
2016-08-02 15:31:43.600,0.961,0.34,-0.406,19.08600029758891,-26.183355339365377,0.16942420377323986,8.0
2016-08-02 15:31:43.610,0.832,0.301,-0.512,14.723170636886508,-15.834494987254226,6.356130093832137,8.0
2016-08-02 15:31:43.620,0.789,0.262,-0.449,17.373413253712354,-12.895827413801097,5.590337144033649,8.0
2016-08-02 15:31:43.630,0.852,0.27,-0.316,23.75044078557937,-13.931549782143964,0.7346310220835549,8.0
2016-08-02 15:31:43.640,0.977,0.277,-0.18,29.468522635995832,-15.262074900654378,-4.686274868732722,8.0
2016-08-02 15:31:43.650,1.016,0.281,-0.09,35.91170612963775,-15.1561348971578,-8.268048610669283,8.0
2016-08-02 15:31:43.660,0.988,0.273,-0.098,39.53219920501424,-14.423311047824601,-8.530738034791977,8.0
2016-08-02 15:31:43.670,0.918,0.273,-0.164,37.013219189461395,-17.524139414418094,-5.982952719859356,8.0
2016-08-02 15:31:43.680,0.855,0.262,-0.199,33.14688023890092,-23.036927727553113,-1.735027665038007,8.0
2016-08-02 15:31:43.690,0.875,0.25,-0.207,31.798951094508034,-27.916530053586854,2.292989740979351,8.0
2016-08-02 15:31:43.700,0.902,0.262,-0.215,31.269406111068605,-32.45137899615584,5.6065238907722925,8.0
2016-08-02 15:31:43.710,0.91,0.266,-0.25,29.96816309415178,-34.23570079722968,9.352135086909247,8.0
2016-08-02 15:31:43.720,0.91,0.273,-0.277,29.60029878354694,-32.76616368555248,12.248572368039952,8.0
2016-08-02 15:31:43.730,0.895,0.238,-0.285,30.230339414190418,-30.851277017260927,13.180412157401335,8.0
2016-08-02 15:31:43.740,0.867,0.219,-0.293,29.489928834597237,-30.455105922653125,13.066034979240454,8.0
2016-08-02 15:31:43.750,0.848,0.227,-0.27,28.91601376890826,-32.666955149419195,12.41934404271506,8.0
2016-08-02 15:31:43.760,0.848,0.227,-0.23,30.5182230952214,-35.00809585880761,12.740622506736667,8.0
2016-08-02 15:31:43.770,0.859,0.258,-0.215,31.751252196606323,-34.949913744697504,14.390207513160947,8.0
2016-08-02 15:31:43.780,0.879,0.281,-0.219,32.1903329154582,-33.53513655862119,16.40180895050293,8.0
2016-08-02 15:31:43.790,0.879,0.281,-0.266,32.54071668132115,-29.92261506007247,19.823781942846118,8.0
2016-08-02 15:31:43.800,0.859,0.301,-0.32,31.332976186269992,-24.760467550095683,22.2725482419345,8.0
2016-08-02 15:31:43.810,0.855,0.273,-0.324,31.887664601011508,-21.84262760265165,21.65248931289583,8.0
2016-08-02 15:31:43.820,0.852,0.223,-0.301,35.346169831256404,-20.595823615982695,20.58295863798266,8.0
2016-08-02 15:31:43.830,0.836,0.215,-0.262,36.1030346815855,-19.974321044909427,18.765696770278396,8.0
2016-08-02 15:31:43.840,0.824,0.215,-0.227,32.93160656293179,-20.36357483280088,17.852913171778958,8.0
2016-08-02 15:31:43.850,0.832,0.234,-0.184,27.681327087545803,-19.97615377239086,20.068565109352022,8.0
2016-08-02 15:31:43.860,0.863,0.223,-0.184,24.313674759790544,-18.853523057360302,21.690600895875882,8.0
2016-08-02 15:31:43.870,0.859,0.211,-0.25,26.801277303309064,-17.220894951618178,22.81475081667459,8.0
2016-08-02 15:31:43.880,0.824,0.23,-0.32,31.16898036656626,-14.432336761103578,24.65010673520116,8.0
2016-08-02 15:31:43.890,0.82,0.207,-0.352,34.43071260196659,-12.10430294190085,24.640836370811748,8.0
2016-08-02 15:31:43.900,0.844,0.176,-0.359,36.6567566201341,-10.225491081884954,23.36066289874039,8.0
2016-08-02 15:31:43.910,0.855,0.16,-0.34,35.167179086547975,-7.6357573853486,22.189255715042382,8.0
2016-08-02 15:31:43.920,0.848,0.16,-0.309,30.83771036155152,-5.08460225974384,21.256767311544777,8.0
2016-08-02 15:31:43.930,0.84,0.125,-0.266,26.980981125135877,-3.6481362399187187,20.986769609995868,8.0
2016-08-02 15:31:43.940,0.824,0.121,-0.246,24.20187457411871,-4.605181463710479,20.693333572663015,8.0
2016-08-02 15:31:43.950,0.809,0.121,-0.227,22.702538046322452,-7.561234662129699,20.408956439468074,8.0
2016-08-02 15:31:43.960,0.801,0.109,-0.238,22.311268677356054,-8.908972165923299,21.498933133595017,8.0
2016-08-02 15:31:43.970,0.766,0.145,-0.27,21.334543725854225,-7.290285329638947,23.069527314758577,8.0
2016-08-02 15:31:43.980,0.758,0.16,-0.266,20.27116873089379,-5.381108927307583,23.7601737871253,8.0
2016-08-02 15:31:43.990,0.754,0.129,-0.277,19.237889000424683,-3.8170209095290253,24.166547610473977,8.0
2016-08-02 15:31:44.000,0.719,0.129,-0.266,14.499909835665887,-2.363501776079026,22.576781774338514,8.0
2016-08-02 15:31:44.010,0.746,0.129,-0.227,9.038501570072864,-1.755536119720217,18.78881967470436,8.0
2016-08-02 15:31:44.020,0.77,0.094,-0.223,8.237451247408474,0.21420800005840046,15.992889701326668,8.0
2016-08-02 15:31:44.030,0.742,0.086,-0.242,8.53142577820769,3.2546778093658957,12.893425568648414,8.0
2016-08-02 15:31:44.040,0.719,0.086,-0.262,8.786594505496648,4.13508715391737,9.079022590302017,8.0
2016-08-02 15:31:44.050,0.711,0.105,-0.281,8.663765706709537,4.916899269448759,7.7390553227012635,8.0
2016-08-02 15:31:44.060,0.699,0.129,-0.273,4.381800341413096,6.372773786352942,7.6150896624595035,8.0
2016-08-02 15:31:44.070,0.684,0.113,-0.242,1.064554627293634,5.574482234853244,6.812105196569382,8.0
2016-08-02 15:31:44.080,0.676,0.074,-0.195,0.8329000819128808,4.424329042547156,5.1702195004358025,8.0
2016-08-02 15:31:44.090,0.684,0.078,-0.172,-2.742264810060435,4.567709399616973,1.891737925215054,8.0
2016-08-02 15:31:44.100,0.691,0.07,-0.168,-7.170392847434446,4.555757178484299,-0.989906608382765,8.0
2016-08-02 15:31:44.110,0.695,0.063,-0.188,-8.722064444512073,5.076834168570736,-2.5541304313430047,8.0
2016-08-02 15:31:44.120,0.68,0.07,-0.234,-9.561551460861573,5.619947877314063,-5.433309017014627,8.0
2016-08-02 15:31:44.130,0.66,0.074,-0.266,-9.276067635816638,4.786420172934453,-9.020932504613633,8.0
2016-08-02 15:31:44.140,0.648,0.07,-0.258,-9.144615021265157,3.7558661034755265,-11.64692465513027,8.0
2016-08-02 15:31:44.150,0.684,0.086,-0.219,-11.190709265633298,3.1089344923203974,-14.208295717758308,8.0
2016-08-02 15:31:44.160,0.723,0.109,-0.188,-13.447407865640496,2.8937319329165767,-15.687691010760824,8.0
2016-08-02 15:31:44.170,0.75,0.133,-0.176,-15.951941002435788,3.661472631852143,-14.973105007771414,8.0
2016-08-02 15:31:44.180,0.77,0.156,-0.184,-18.312207630846068,4.6183103937060626,-14.633222278192317,8.0
2016-08-02 15:31:44.190,0.785,0.148,-0.199,-17.961563869264268,4.895425925414092,-15.872731686222053,8.0
2016-08-02 15:31:44.200,0.789,0.129,-0.23,-18.301932401434513,4.329841528971153,-17.299581712223496,8.0
2016-08-02 15:31:44.210,0.777,0.129,-0.25,-22.562288930625297,2.5943183421094718,-19.210458311832483,8.0
2016-08-02 15:31:44.220,0.762,0.121,-0.254,-26.16918125459766,0.538988387306859,-21.749256536716747,8.0
2016-08-02 15:31:44.230,0.762,0.109,-0.242,-27.16979939909089,-0.4401396695925236,-23.566086260834588,8.0
2016-08-02 15:31:44.240,0.77,0.117,-0.223,-29.380327790451133,-0.3894612146648859,-24.660095472494685,8.0
2016-08-02 15:31:44.250,0.805,0.141,-0.227,-32.49534466426115,1.0504881207914796,-25.535987250788754,8.0
2016-08-02 15:31:44.260,0.832,0.152,-0.25,-31.689520573885737,4.347988811077588,-25.692182464921082,8.0
2016-08-02 15:31:44.270,0.832,0.164,-0.27,-26.52322546439052,7.536012859539182,-25.375824815327785,8.0
2016-08-02 15:31:44.280,0.828,0.176,-0.281,-21.22821925648755,8.985318288091555,-25.569180048416253,8.0
2016-08-02 15:31:44.290,0.816,0.16,-0.266,-18.854814388363906,9.676749327761382,-25.79564168105994,8.0
2016-08-02 15:31:44.300,0.801,0.156,-0.238,-22.117000960220643,10.409839621634482,-25.351513069861447,8.0
2016-08-02 15:31:44.310,0.797,0.152,-0.215,-30.931269063154154,10.978517967470484,-24.732374289041744,8.0
2016-08-02 15:31:44.320,0.813,0.16,-0.211,-38.80512990101561,12.26865960372839,-24.045536852701552,8.0
2016-08-02 15:31:44.330,0.82,0.145,-0.238,-39.91963779141715,15.362693165415042,-23.11964778688957,8.0
2016-08-02 15:31:44.340,0.809,0.129,-0.262,-34.449565569794466,19.31872752759947,-22.03494972188757,8.0
2016-08-02 15:31:44.350,0.773,0.141,-0.301,-26.693389285055414,22.02306944361522,-21.29856287720721,8.0
2016-08-02 15:31:44.360,0.758,0.148,-0.332,-21.61474567889153,22.748375395142844,-21.078358561368585,8.0
2016-08-02 15:31:44.370,0.742,0.16,-0.309,-22.297297199241314,22.950074795180694,-20.05138178394811,8.0
2016-08-02 15:31:44.380,0.746,0.191,-0.262,-29.036853794504683,22.97117770402084,-18.686222870153227,8.0
2016-08-02 15:31:44.390,0.785,0.223,-0.227,-37.493823759170986,22.08972392800111,-18.04996714364911,8.0
2016-08-02 15:31:44.400,0.82,0.219,-0.223,-41.49228445656913,22.957870838404254,-16.07693017535168,8.0
2016-08-02 15:31:44.410,0.813,0.215,-0.242,-39.885262162796984,27.215198399360006,-12.859511201330696,8.0
2016-08-02 15:31:44.420,0.77,0.223,-0.262,-35.64005068262696,31.110076564672312,-10.738453676311527,8.0
2016-08-02 15:31:44.430,0.719,0.203,-0.285,-31.739894073209243,32.623786994589324,-8.789254512468773,8.0
2016-08-02 15:31:44.440,0.676,0.203,-0.285,-30.30580463026584,32.73152496582466,-6.767201931165934,8.0
2016-08-02 15:31:44.450,0.691,0.266,-0.25,-31.17240770517396,30.118135523011357,-6.372546873193866,8.0
2016-08-02 15:31:44.460,0.762,0.305,-0.195,-34.07208910983779,26.078636545777556,-6.004336378274552,8.0
2016-08-02 15:31:44.470,0.832,0.313,-0.148,-38.76795158694086,25.70418883926591,-4.381357449113132,8.0
2016-08-02 15:31:44.480,0.879,0.32,-0.137,-39.05025677001205,28.60117098112492,-3.69383814201655,8.0
2016-08-02 15:31:44.490,0.91,0.297,-0.152,-31.5496096950551,32.14849913410539,-2.71529250425197,8.0
2016-08-02 15:31:44.500,0.883,0.309,-0.207,-24.78923498698304,36.95392618042838,0.6294273339725114,8.0
2016-08-02 15:31:44.510,0.824,0.32,-0.262,-22.62622217321811,39.846910977858,2.715657413314301,8.0
2016-08-02 15:31:44.520,0.77,0.27,-0.293,-20.725747409193723,38.228495700813745,3.06823408578052,8.0
2016-08-02 15:31:44.530,0.727,0.262,-0.273,-21.103872367287092,35.13724806590055,4.008412480913603,8.0
2016-08-02 15:31:44.540,0.785,0.313,-0.211,-23.43820437332197,30.001025690588104,3.153346476056231,8.0
2016-08-02 15:31:44.550,0.93,0.34,-0.16,-23.04821560325305,25.410807071541313,3.252851322874553,8.0
2016-08-02 15:31:44.560,1.02,0.375,-0.172,-23.250127687966984,29.747743658338784,7.941125038742454,8.0
2016-08-02 15:31:44.570,1.039,0.383,-0.203,-22.371809119959455,38.1222032545563,11.905633689574909,8.0
2016-08-02 15:31:44.580,1.023,0.332,-0.23,-14.444067553400357,42.15822319370801,15.181405041216014,8.0
2016-08-02 15:31:44.590,0.988,0.281,-0.262,-6.782431108967834,44.16345346471365,20.70475643250164,8.0
2016-08-02 15:31:44.600,0.949,0.258,-0.273,-6.038551105624687,42.523063484296046,24.418511409977896,8.0
2016-08-02 15:31:44.610,0.914,0.223,-0.242,-10.296941681835499,36.83823027172261,27.60486252326838,8.0
2016-08-02 15:31:44.620,0.922,0.23,-0.207,-18.707654440965495,33.383549099727816,33.6143632221492,8.0
2016-08-02 15:31:44.630,1.0,0.254,-0.164,-26.59621202580443,31.573338524100734,40.165789385173525,8.0
2016-08-02 15:31:44.640,1.059,0.281,-0.164,-27.629310937089514,30.52309415264854,47.19696274134148,8.0
2016-08-02 15:31:44.650,1.078,0.336,-0.18,-20.28667490133406,30.18358258733089,53.32199601579525,8.0
2016-08-02 15:31:44.660,1.09,0.285,-0.195,-6.807073023927334,26.523037582462536,56.70422187011492,8.0
2016-08-02 15:31:44.670,1.074,0.188,-0.172,3.599181838940936,22.67703062150094,59.07309850105163,8.0
2016-08-02 15:31:44.680,1.039,0.172,-0.133,5.986764625660618,19.527220456551557,56.764495332588794,8.0
2016-08-02 15:31:44.690,1.023,0.184,-0.074,4.600874947171026,11.981847504973391,49.76624597850561,8.0
2016-08-02 15:31:44.700,1.02,0.172,-0.023,-2.487577960412672,5.330859208546091,46.73000425376196,8.0
2016-08-02 15:31:44.710,1.035,0.113,0.023,-14.298096141809541,3.8031924853411,47.47799607925737,8.0
2016-08-02 15:31:44.720,1.051,0.129,-0.008,-22.12527793715965,3.7550116161002407,48.51442825796914,8.0
2016-08-02 15:31:44.730,1.074,0.234,-0.113,-26.193134801520653,4.4658754244767485,52.878788656764655,8.0
2016-08-02 15:31:44.740,1.113,0.301,-0.223,-28.437988829799,5.330184330467425,60.423668482955534,8.0
2016-08-02 15:31:44.750,1.121,0.289,-0.297,-25.975461236149933,6.819957197355627,67.56289735228367,8.0
2016-08-02 15:31:44.760,1.117,0.219,-0.297,-20.54587854297408,9.761179697547052,71.88372502357497,8.0
2016-08-02 15:31:44.770,1.117,0.141,-0.254,-15.637014004122722,12.165804061077901,72.61302024631765,8.0
2016-08-02 15:31:44.780,1.121,0.086,-0.199,-12.701999771755402,15.045602782119076,72.24414128209334,8.0
2016-08-02 15:31:44.790,1.184,0.078,-0.156,-12.421679291834014,19.499939323845197,73.96288826549097,8.0
2016-08-02 15:31:44.800,1.293,0.133,-0.16,-11.95064321101239,24.857474336048668,77.489998890715,8.0
2016-08-02 15:31:44.810,1.352,0.129,-0.199,-6.8085807410984724,31.70904503202348,80.70725971833065,8.0
2016-08-02 15:31:44.820,1.355,0.078,-0.238,2.1090096035752963,37.558072730308794,82.60560116108988,8.0
2016-08-02 15:31:44.830,1.344,0.043,-0.246,8.931487399342023,38.3325298027182,81.73289868857081,8.0
2016-08-02 15:31:44.840,1.352,0.008,-0.215,8.622461952625107,35.156705129909575,79.08997106857493,8.0
2016-08-02 15:31:44.850,1.387,0.012,-0.211,0.04715327789902046,31.39655823969403,78.23002489075398,8.0
2016-08-02 15:31:44.860,1.387,0.027,-0.211,-10.433102036357054,26.730861457558966,77.8339530361541,8.0
2016-08-02 15:31:44.870,1.395,-0.023,-0.168,-15.42915118749215,20.279524957123158,77.0333673906272,8.0
2016-08-02 15:31:44.880,1.453,-0.094,-0.117,-16.748074493135345,14.236300103442062,75.12726186110791,8.0
2016-08-02 15:31:44.890,1.445,-0.152,-0.109,-16.895757425742325,10.918294249887952,65.54787669137825,8.0
2016-08-02 15:31:44.900,1.355,-0.176,-0.133,-16.721651204790323,9.482968873418653,50.123561565817155,8.0
2016-08-02 15:31:44.910,1.25,-0.195,-0.137,-19.78786072070601,5.9573206704526696,35.92662113137819,8.0
2016-08-02 15:31:44.920,1.184,-0.277,-0.094,-25.47849896857761,0.3309788296386212,22.116419641645557,8.0
2016-08-02 15:31:44.930,1.215,-0.285,-0.098,-33.86737078748058,-1.8280342532879206,9.80136180093612,8.0
2016-08-02 15:31:44.940,1.242,-0.219,-0.156,-44.37190212742386,-0.8908203994214299,0.2279986981342934,8.0
2016-08-02 15:31:44.950,1.195,-0.18,-0.172,-48.72877337383123,-0.9178240072688658,-6.980189640055806,8.0
2016-08-02 15:31:44.960,1.125,-0.168,-0.164,-46.346979076495415,-0.630015898657433,-8.873892707863323,8.0
2016-08-02 15:31:44.970,1.094,-0.164,-0.152,-41.592467735968,-0.0258506085396141,-9.754784560435976,8.0
2016-08-02 15:31:44.980,1.086,-0.172,-0.117,-32.157875145888944,-0.3410719223545427,-13.33349418954888,8.0
2016-08-02 15:31:44.990,1.102,-0.219,-0.09,-20.913242481609995,0.2040763141011025,-14.150169506887982,8.0
2016-08-02 15:31:45.000,1.102,-0.227,-0.09,-12.175997534226287,1.1669059154035222,-13.749554328693588,8.0
2016-08-02 15:31:45.010,1.051,-0.191,-0.098,-4.896682204935509,1.1169467854235935,-15.55382234442975,8.0
2016-08-02 15:31:45.020,1.012,-0.129,-0.086,-4.053869303340327,-0.2560385324261949,-13.975175645451309,8.0
2016-08-02 15:31:45.030,1.023,-0.125,-0.063,-11.414464758705265,-2.780205344410906,-9.611412806196334,8.0
2016-08-02 15:31:45.040,1.059,-0.145,-0.047,-16.6707720059524,-3.585831961877397,-8.82615141033673,8.0
2016-08-02 15:31:45.050,1.047,-0.168,-0.063,-16.026562337732656,-1.8611489714949367,-9.865261124166548,8.0
2016-08-02 15:31:45.060,1.0,-0.18,-0.086,-14.497247241594089,-1.1555654250853156,-9.922733728984305,8.0
2016-08-02 15:31:45.070,1.008,-0.18,-0.098,-12.646858036219337,-2.7379864723517917,-10.228459449314146,8.0
2016-08-02 15:31:45.080,1.055,-0.148,-0.109,-8.640299265129885,-3.843389844719683,-11.349568332856215,8.0
2016-08-02 15:31:45.090,1.043,-0.121,-0.109,-3.2897611477391293,-2.2431005224368237,-13.075920294979456,8.0
2016-08-02 15:31:45.100,1.02,-0.125,-0.094,0.33876172308208136,-0.3808332651890866,-13.707582884111623,8.0
2016-08-02 15:31:45.110,1.016,-0.102,-0.078,0.4926180837328678,-1.160571293929054,-12.502202694071745,8.0
2016-08-02 15:31:45.120,1.023,-0.105,-0.063,-0.9541764159265271,-2.5318845284910725,-10.583270364789362,8.0
2016-08-02 15:31:45.130,1.039,-0.098,-0.047,-3.12818408682023,-2.92924157636223,-7.888828975330185,8.0
2016-08-02 15:31:45.140,1.035,-0.09,-0.043,-6.120236152079053,-3.228270339855124,-5.454872464504836,8.0
2016-08-02 15:31:45.150,1.023,-0.098,-0.059,-8.852030521238767,-2.9569604675510592,-3.9186258764175443,8.0
2016-08-02 15:31:45.160,1.02,-0.098,-0.09,-10.441175752636983,-2.368411086587737,-2.314300617329258,8.0
2016-08-02 15:31:45.170,1.02,-0.113,-0.105,-9.099138110807068,-2.118835337994015,-0.9998882569488556,8.0
2016-08-02 15:31:45.180,1.02,-0.129,-0.105,-5.96408215519816,-1.504270296895578,0.3980274798722257,8.0
2016-08-02 15:31:45.190,1.02,-0.125,-0.102,-3.9728476960075527,-1.076325708762259,2.0532417962762333,8.0
2016-08-02 15:31:45.200,1.012,-0.129,-0.09,-1.8446401427065082,-1.4205058709735283,2.963306418846881,8.0
2016-08-02 15:31:45.210,1.008,-0.156,-0.07,0.9231342505383335,-1.4232238861691457,3.352189435305097,8.0
2016-08-02 15:31:45.220,1.023,-0.168,-0.059,3.752941973120797,-0.6793140640182479,3.1601532942775092,8.0
2016-08-02 15:31:45.230,1.043,-0.156,-0.059,7.573006394473898,0.17273998956043665,2.196982701939162,8.0
2016-08-02 15:31:45.240,1.039,-0.141,-0.074,9.959703729915653,0.5692394019846774,1.57874140195241,8.0
2016-08-02 15:31:45.250,1.031,-0.133,-0.078,8.414142680966687,0.18052976672342694,1.723604624078611,8.0
2016-08-02 15:31:45.260,1.039,-0.133,-0.086,5.3777041620815735,-0.7053493177783873,1.5220119330756667,8.0
2016-08-02 15:31:45.270,1.047,-0.133,-0.086,3.509445183321622,-1.2437886380432361,0.295253255039285,8.0
2016-08-02 15:31:45.280,1.051,-0.141,-0.082,2.999653688144033,-1.3122009449329501,-1.5449108588832372,8.0
2016-08-02 15:31:45.290,1.074,-0.133,-0.074,3.771279180717282,-1.9418927583389052,-4.164650391051077,8.0
2016-08-02 15:31:45.300,1.113,-0.129,-0.074,6.396981941867231,-3.14296818646412,-8.272249342646834,8.0
2016-08-02 15:31:45.310,1.148,-0.141,-0.078,10.957647690834754,-3.640510253298351,-13.498068087377813,8.0
2016-08-02 15:31:45.320,1.184,-0.148,-0.102,16.48410548634907,-3.5551192989014666,-19.68850202936885,8.0
2016-08-02 15:31:45.330,1.191,-0.152,-0.125,21.48448043942662,-3.6855022718601362,-26.813904497246924,8.0
2016-08-02 15:31:45.340,1.18,-0.148,-0.145,23.756528082686692,-3.9967807053660023,-32.85485321545417,8.0
2016-08-02 15:31:45.350,1.16,-0.133,-0.148,22.26657570799187,-5.009263089826114,-37.27357058466652,8.0
2016-08-02 15:31:45.360,1.16,-0.098,-0.133,17.88986876732245,-7.117583429528812,-41.499461767720085,8.0
2016-08-02 15:31:45.370,1.191,-0.059,-0.113,11.851799978301363,-9.38096018008381,-44.92064096404434,8.0
2016-08-02 15:31:45.380,1.234,-0.043,-0.098,7.192844268413744,-10.590875834025363,-47.49245744788195,8.0
2016-08-02 15:31:45.390,1.273,-0.039,-0.094,6.643447700696017,-10.185231954341683,-50.42272239294163,8.0
2016-08-02 15:31:45.400,1.27,-0.035,-0.129,9.17676594935505,-9.417056173842754,-53.10134407956521,8.0
2016-08-02 15:31:45.410,1.234,-0.047,-0.164,12.566485533529827,-10.348673604338162,-54.728194480391,8.0
2016-08-02 15:31:45.420,1.203,-0.043,-0.188,14.68518424523523,-12.659444219134963,-55.64691630046967,8.0
2016-08-02 15:31:45.430,1.188,-0.012,-0.195,14.556250407945813,-14.817913492390005,-56.4243369632297,8.0
2016-08-02 15:31:45.440,1.211,0.031,-0.188,13.196415906212017,-16.694525933860195,-57.22505135831214,8.0
2016-08-02 15:31:45.450,1.25,0.055,-0.16,11.555813424582643,-17.855731434616764,-58.054676085275254,8.0
2016-08-02 15:31:45.460,1.27,0.055,-0.148,11.229182643549098,-17.157090225073695,-59.15011896395829,8.0
2016-08-02 15:31:45.470,1.254,0.055,-0.164,13.108209216339972,-15.56500080499599,-59.92520524175826,8.0
2016-08-02 15:31:45.480,1.234,0.07,-0.191,15.89337353468824,-14.888949202904387,-59.68863611236233,8.0
2016-08-02 15:31:45.490,1.203,0.094,-0.219,19.743958367790405,-15.10481374360199,-59.13316829802871,8.0
2016-08-02 15:31:45.500,1.176,0.117,-0.211,24.505467104062394,-15.98197160132241,-58.43629000963668,8.0
2016-08-02 15:31:45.510,1.203,0.125,-0.184,27.71948494253796,-17.585170752503743,-57.16812430066469,8.0
2016-08-02 15:31:45.520,1.211,0.113,-0.172,29.01102213287954,-18.51826290938693,-56.26769948583903,8.0
2016-08-02 15:31:45.530,1.195,0.129,-0.188,28.83929159511097,-17.89488642425194,-55.69536496351968,8.0
2016-08-02 15:31:45.540,1.184,0.141,-0.191,27.07148129177542,-17.562964874893623,-53.83786495849127,8.0
2016-08-02 15:31:45.550,1.176,0.156,-0.207,26.187215590048755,-18.13715045158804,-51.26018026634074,8.0
2016-08-02 15:31:45.560,1.176,0.188,-0.234,28.521321473945672,-18.41082713554199,-49.31595045936152,8.0
2016-08-02 15:31:45.570,1.188,0.219,-0.25,32.770326737650876,-18.868921291787085,-47.153524642962566,8.0
2016-08-02 15:31:45.580,1.219,0.238,-0.254,36.29074099817703,-19.295808136687018,-44.68672762273913,8.0
2016-08-02 15:31:45.590,1.246,0.223,-0.258,38.331999918826185,-18.95739646931365,-42.404888819653806,8.0
2016-08-02 15:31:45.600,1.238,0.203,-0.25,37.998086965216956,-18.0291437392427,-38.51324040713091,8.0
2016-08-02 15:31:45.610,1.215,0.227,-0.258,33.738255103840785,-16.079545000120163,-33.14424910274812,8.0
2016-08-02 15:31:45.620,1.195,0.23,-0.27,29.62852884929797,-14.035304853899202,-28.51867022747277,8.0
2016-08-02 15:31:45.630,1.164,0.195,-0.285,29.94053011174521,-13.030121306611244,-24.45131535460767,8.0
2016-08-02 15:31:45.640,1.105,0.184,-0.293,31.46997881444367,-12.986755735705731,-21.448119068736645,8.0
2016-08-02 15:31:45.650,1.078,0.191,-0.273,32.6664826948118,-15.05562566659712,-20.672208485565577,8.0
2016-08-02 15:31:45.660,1.082,0.203,-0.258,34.32726027373502,-18.472184202848204,-19.740223023054053,8.0
2016-08-02 15:31:45.670,1.063,0.23,-0.23,33.63073061902411,-20.415942955910683,-16.864477391464817,8.0
2016-08-02 15:31:45.680,1.031,0.246,-0.211,31.338383568334855,-22.294050801896677,-12.93686103889467,8.0
2016-08-02 15:31:45.690,0.996,0.219,-0.219,29.51834301621,-25.525117575564792,-7.9867000719705326,8.0
2016-08-02 15:31:45.700,0.945,0.234,-0.223,26.232474444762282,-28.082428869785183,-2.8863942440702846,8.0
2016-08-02 15:31:45.710,0.91,0.223,-0.223,23.34617345238651,-30.20002656987644,1.5626244485958745,8.0
2016-08-02 15:31:45.720,0.891,0.219,-0.227,22.452336087804216,-31.72114543042506,6.099324467192038,8.0
2016-08-02 15:31:45.730,0.887,0.234,-0.227,22.527421282753053,-31.39945887154721,8.707420373694802,8.0
2016-08-02 15:31:45.740,0.879,0.223,-0.227,26.77833593916617,-29.970766783115437,9.896860808261819,8.0
2016-08-02 15:31:45.750,0.859,0.215,-0.238,32.14098793235254,-27.13743994162959,13.394457346804344,8.0
2016-08-02 15:31:45.760,0.816,0.23,-0.25,30.667160552765175,-24.455979742730584,16.811400199843114,8.0
2016-08-02 15:31:45.770,0.781,0.266,-0.23,25.605808750108878,-24.088502191877563,19.135766673952396,8.0
2016-08-02 15:31:45.780,0.797,0.27,-0.199,22.84690063768477,-24.12102439732994,23.56317739104982,8.0
2016-08-02 15:31:45.790,0.797,0.23,-0.203,21.400942180362083,-23.34711741496745,27.77714748609509,8.0
2016-08-02 15:31:45.800,0.77,0.219,-0.195,21.31644397627985,-21.877520114413848,29.08638336534073,8.0
2016-08-02 15:31:45.810,0.758,0.207,-0.172,23.09938034030559,-19.78885092571157,29.70490653122938,8.0
2016-08-02 15:31:45.820,0.762,0.219,-0.184,20.72954771099868,-17.028659781906,31.442460147296657,8.0
2016-08-02 15:31:45.830,0.742,0.273,-0.207,11.569569548828103,-13.165995639725658,33.441330358282286,8.0
2016-08-02 15:31:45.840,0.754,0.309,-0.191,4.5022557407312265,-10.12609959343795,35.90652390717912,8.0
2016-08-02 15:31:45.850,0.777,0.313,-0.215,3.469234236162989,-8.26212333728646,39.57345568519048,8.0
2016-08-02 15:31:45.860,0.801,0.285,-0.246,5.494961597087366,-6.18839644489003,40.8994891668728,8.0
2016-08-02 15:31:45.870,0.781,0.219,-0.254,12.056224623171452,-4.74754298276555,38.45797888204146,8.0
2016-08-02 15:31:45.880,0.746,0.203,-0.25,18.42921275420349,-3.4273451788106293,34.955136425946236,8.0
2016-08-02 15:31:45.890,0.758,0.234,-0.211,18.497077124346927,-3.257226915966537,29.402478176493872,8.0
2016-08-02 15:31:45.900,0.813,0.25,-0.156,15.904865474257335,-4.736426889534579,23.28187323249136,8.0
2016-08-02 15:31:45.910,0.852,0.273,-0.113,10.838841495631883,-3.749612810795287,20.611827520481135,8.0
2016-08-02 15:31:45.920,0.848,0.254,-0.117,6.134410061150357,-1.7799498042724158,18.57421920319327,8.0
2016-08-02 15:31:45.930,0.813,0.211,-0.125,9.737068900084891,-1.0409502185028807,15.573912626148509,8.0
2016-08-02 15:31:45.940,0.793,0.227,-0.172,15.942700792739377,1.2748319049907533,13.73492094674777,8.0
2016-08-02 15:31:45.950,0.797,0.234,-0.203,18.403763501857778,3.7517079294035662,12.210225805769959,8.0
2016-08-02 15:31:45.960,0.816,0.227,-0.211,20.21386614813364,5.510888304104044,10.8265146944386,8.0
2016-08-02 15:31:45.970,0.824,0.223,-0.211,20.213629274021766,7.370328696966082,9.121356528433253,8.0
2016-08-02 15:31:45.980,0.809,0.195,-0.184,18.5429676966881,7.453067097954655,6.424589030638824,8.0
2016-08-02 15:31:45.990,0.801,0.18,-0.148,18.0012925430506,6.414998504890196,4.863208881824856,8.0
2016-08-02 15:31:46.000,0.801,0.176,-0.109,16.928541661416592,4.988546526916083,3.8868592516087555,8.0
2016-08-02 15:31:46.010,0.824,0.168,-0.105,16.93318473772523,3.430628669081365,2.2184320861403726,8.0
2016-08-02 15:31:46.020,0.832,0.168,-0.152,21.01603396019039,3.319461039212585,0.5284323186257591,8.0
2016-08-02 15:31:46.030,0.813,0.164,-0.203,25.379575170534387,4.394090059933281,-1.6694232261378068,8.0
2016-08-02 15:31:46.040,0.816,0.176,-0.219,25.087861796867916,5.993932223242636,-3.774271218944818,8.0
2016-08-02 15:31:46.050,0.84,0.152,-0.211,20.397255134918222,7.199679298114619,-4.828864807532502,8.0
2016-08-02 15:31:46.060,0.836,0.121,-0.184,14.398122298441189,8.302762563385548,-4.966332916485636,8.0
2016-08-02 15:31:46.070,0.828,0.133,-0.148,10.465574902199169,9.658781681332925,-4.4903273086294835,8.0
2016-08-02 15:31:46.080,0.84,0.105,-0.148,10.68502156034548,9.585906114121759,-3.679695074686644,8.0
2016-08-02 15:31:46.090,0.816,0.078,-0.184,12.95680183206504,9.284412006061277,-2.280775581904941,8.0
2016-08-02 15:31:46.100,0.805,0.082,-0.207,15.690442458442659,8.645469742621923,-2.0263895232599434,8.0
2016-08-02 15:31:46.110,0.797,0.051,-0.234,18.687797872811263,6.2832230327503735,-3.7643456700161404,8.0
2016-08-02 15:31:46.120,0.781,0.027,-0.23,17.552503048522215,5.224501914159398,-5.522303623616974,8.0
2016-08-02 15:31:46.130,0.77,0.035,-0.195,12.328077839998663,4.896943790037291,-7.586508960170114,8.0
2016-08-02 15:31:46.140,0.781,0.047,-0.152,7.404599811905189,3.4899492751600336,-8.777133107192595,8.0
2016-08-02 15:31:46.150,0.805,0.051,-0.121,0.8712532982196604,3.4507163587466394,-6.563989446089682,8.0
2016-08-02 15:31:46.160,0.832,0.066,-0.117,-5.203420797494388,3.8676462136474496,-3.650537267466688,8.0
2016-08-02 15:31:46.170,0.848,0.055,-0.152,-4.11039144826512,4.518469070408215,-1.7485839997161554,8.0
2016-08-02 15:31:46.180,0.852,0.031,-0.215,0.6677995735025997,7.37058877116881,0.036842112156341686,8.0
2016-08-02 15:31:46.190,0.832,0.02,-0.297,3.6701809015254323,9.331424313331148,-0.3757256376398061,8.0
2016-08-02 15:31:46.200,0.793,0.02,-0.309,5.630065241619131,9.202325027101736,-2.443477072230378,8.0
2016-08-02 15:31:46.210,0.785,0.031,-0.258,4.2080341767757865,9.076164268531906,-3.355110599486063,8.0
2016-08-02 15:31:46.220,0.813,0.055,-0.172,-3.1330936988696325,7.6943893959047065,-4.200108131791725,8.0
2016-08-02 15:31:46.230,0.855,0.074,-0.094,-11.795062454673015,5.313479467002491,-4.590514237354947,8.0
2016-08-02 15:31:46.240,0.887,0.074,-0.051,-17.20257146771585,4.200891023573611,-2.8285427574513466,8.0
2016-08-02 15:31:46.250,0.891,0.059,-0.078,-18.61194522071525,3.817183086275387,-1.5257295515027907,8.0
2016-08-02 15:31:46.260,0.863,0.078,-0.141,-15.851813539036456,3.4937250169692,-1.944908658923052,8.0
2016-08-02 15:31:46.270,0.84,0.098,-0.207,-11.719694102076094,3.2254171048606066,-1.9129308901207958,8.0
2016-08-02 15:31:46.280,0.832,0.109,-0.23,-11.151587009312927,2.6431474832692627,-1.7158771573290879,8.0
2016-08-02 15:31:46.290,0.844,0.113,-0.215,-13.514162580577436,2.2431892808306575,-2.6638170320416332,8.0
2016-08-02 15:31:46.300,0.871,0.113,-0.18,-14.60682254340678,2.4193196831451824,-3.7865023589013003,8.0
2016-08-02 15:31:46.310,0.879,0.113,-0.148,-14.797622892316994,3.1746153744660393,-4.459179733235368,8.0
2016-08-02 15:31:46.320,0.863,0.113,-0.141,-15.353070958053799,4.4716435774865335,-5.4911387650814545,8.0
2016-08-02 15:31:46.330,0.855,0.109,-0.137,-14.149224583209897,5.728053947038332,-6.88482229783941,8.0
2016-08-02 15:31:46.340,0.859,0.109,-0.148,-11.47567086311994,6.824845637494818,-7.835714910575417,8.0
2016-08-02 15:31:46.350,0.859,0.125,-0.156,-10.512444597698682,8.012375022197388,-8.332626675568877,8.0
2016-08-02 15:31:46.360,0.875,0.145,-0.16,-11.714526045208904,8.975839598776199,-9.083035042324372,8.0
2016-08-02 15:31:46.370,0.879,0.152,-0.16,-13.176883339573424,9.662454604641235,-10.368810268714093,8.0
2016-08-02 15:31:46.380,0.867,0.152,-0.164,-14.127334111917769,10.150636532867122,-11.69052860850146,8.0
2016-08-02 15:31:46.390,0.852,0.16,-0.16,-15.389986755737759,10.087150545379863,-12.639385859946813,8.0
2016-08-02 15:31:46.400,0.84,0.152,-0.16,-17.332167641552793,9.690643145343254,-13.297920488380475,8.0
2016-08-02 15:31:46.410,0.828,0.137,-0.16,-18.32304257602948,9.443869032444837,-14.078061190732523,8.0
2016-08-02 15:31:46.420,0.828,0.129,-0.16,-16.582143193793936,9.383678301634323,-15.357995570079666,8.0
2016-08-02 15:31:46.430,0.84,0.133,-0.16,-13.15433854864843,10.002840687320376,-16.60644362318207,8.0
2016-08-02 15:31:46.440,0.828,0.145,-0.156,-10.586956859051423,11.355082680085971,-17.453581224066284,8.0
2016-08-02 15:31:46.450,0.813,0.176,-0.145,-9.817747790274584,12.123298382293946,-18.578025501695866,8.0
2016-08-02 15:31:46.460,0.797,0.199,-0.137,-10.896507603762576,11.849779628237417,-20.0035155655279,8.0
2016-08-02 15:31:46.470,0.781,0.211,-0.137,-13.33096951219969,11.228705768010363,-21.40193758438588,8.0
2016-08-02 15:31:46.480,0.781,0.203,-0.125,-14.299591170230201,10.518998988099547,-23.15760394802728,8.0
2016-08-02 15:31:46.490,0.797,0.172,-0.117,-11.406482723787569,10.499520117576878,-24.57888435214673,8.0
2016-08-02 15:31:46.500,0.801,0.141,-0.113,-6.768820240195556,12.251827918077188,-23.90035248774668,8.0
2016-08-02 15:31:46.510,0.789,0.121,-0.137,-4.4998323200783465,14.798899664984727,-21.369869377028458,8.0
2016-08-02 15:31:46.520,0.754,0.145,-0.172,-5.420470936204423,15.817827442563956,-19.082649114289353,8.0
2016-08-02 15:31:46.530,0.734,0.191,-0.195,-7.688460315214154,14.908575942790538,-17.34517848740061,8.0
2016-08-02 15:31:46.540,0.734,0.188,-0.203,-11.368413802319713,13.660465515080169,-15.343908614068557,8.0
2016-08-02 15:31:46.550,0.73,0.188,-0.184,-16.009363980215987,12.04269080307325,-14.602565520164752,8.0
2016-08-02 15:31:46.560,0.738,0.188,-0.168,-17.2801323355342,9.055565669130598,-16.029866800554924,8.0
2016-08-02 15:31:46.570,0.781,0.188,-0.137,-13.619480659006898,6.592791833471061,-17.071945180585622,8.0
2016-08-02 15:31:46.580,0.84,0.184,-0.109,-8.945040671620676,6.6181460786648705,-16.329318560671716,8.0
2016-08-02 15:31:46.590,0.863,0.195,-0.113,-6.675077922896347,7.729952612337991,-14.863995308362954,8.0
2016-08-02 15:31:46.600,0.84,0.234,-0.121,-8.114810849429377,8.26398168616278,-12.517791408311801,8.0
2016-08-02 15:31:46.610,0.789,0.23,-0.137,-13.721725729286959,7.844308398662914,-8.843600308220605,8.0
2016-08-02 15:31:46.620,0.754,0.227,-0.156,-20.77790261895847,5.680342984174596,-6.102069842835385,8.0
2016-08-02 15:31:46.630,0.738,0.23,-0.16,-22.96733345559595,2.0248339949382017,-5.83165318269676,8.0
2016-08-02 15:31:46.640,0.762,0.188,-0.16,-18.22067557865545,-0.2064046259902708,-5.785348020862932,8.0
2016-08-02 15:31:46.650,0.797,0.207,-0.156,-10.855144642281388,0.057044223579223174,-5.042392299507979,8.0
2016-08-02 15:31:46.660,0.863,0.262,-0.168,-5.0488055910973655,1.7404426625970113,-3.243079307014963,8.0
2016-08-02 15:31:46.670,0.922,0.281,-0.191,-5.618046922467851,6.073527476342979,2.1622618890243444,8.0
2016-08-02 15:31:46.680,0.914,0.281,-0.219,-14.97944765433634,10.776877343221216,9.037465841889114,8.0
2016-08-02 15:31:46.690,0.859,0.277,-0.215,-27.503771061385137,10.159604655022033,13.045794716731747,8.0
2016-08-02 15:31:46.700,0.816,0.266,-0.191,-36.78842784351163,5.575023574867801,14.937168047183008,8.0
2016-08-02 15:31:46.710,0.816,0.234,-0.164,-40.04818972085163,1.6407094126544537,16.72025459803697,8.0
2016-08-02 15:31:46.720,0.875,0.23,-0.141,-36.64207378058713,-0.11751454466006933,19.170887922895798,8.0
2016-08-02 15:31:46.730,0.973,0.25,-0.141,-29.871285765721886,1.6784419783912252,22.29161246243603,8.0
2016-08-02 15:31:46.740,1.035,0.297,-0.18,-24.157690291229212,6.176042312712872,25.624799061305993,8.0
2016-08-02 15:31:46.750,1.016,0.328,-0.266,-20.31572019655769,8.655726041844265,29.747316987570795,8.0
2016-08-02 15:31:46.760,0.969,0.301,-0.309,-17.989327179696808,7.0223554365042595,34.047709721176034,8.0
2016-08-02 15:31:46.770,0.926,0.234,-0.281,-18.787093365787083,3.4081453995859117,36.14490908880285,8.0
2016-08-02 15:31:46.780,0.914,0.199,-0.195,-24.324957235359417,-0.5104378508003796,35.887007068420594,8.0
2016-08-02 15:31:46.790,0.949,0.203,-0.102,-33.81216262959211,-2.674214791510524,36.18149669585761,8.0
2016-08-02 15:31:46.800,1.027,0.211,-0.055,-42.02097472353596,-0.8048569632472317,38.1447589621046,8.0
2016-08-02 15:31:46.810,1.145,0.242,-0.055,-41.731371553490455,4.1840318275671855,39.65425621339516,8.0
2016-08-02 15:31:46.820,1.219,0.258,-0.133,-34.07481705080674,10.848346944110288,41.52843237193329,8.0
2016-08-02 15:31:46.830,1.18,0.234,-0.258,-27.637740304576862,16.033893082963147,45.01590270060248,8.0
2016-08-02 15:31:46.840,1.086,0.203,-0.348,-25.200471060049296,14.827531022100239,46.56926624615533,8.0
2016-08-02 15:31:46.850,1.031,0.18,-0.348,-24.971119650036947,9.656800198008348,46.30144844124962,8.0
2016-08-02 15:31:46.860,1.043,0.145,-0.273,-27.630079026393105,7.061044579019562,47.85486831807064,8.0
2016-08-02 15:31:46.870,1.094,0.102,-0.164,-31.64215516362558,8.338014494613276,50.045033123566704,8.0
2016-08-02 15:31:46.880,1.156,0.113,-0.098,-32.56821392657268,11.696683463901557,52.27113413373787,8.0
2016-08-02 15:31:46.890,1.207,0.141,-0.094,-29.28018235913543,15.777554211391315,56.812075019153866,8.0
2016-08-02 15:31:46.900,1.23,0.141,-0.152,-23.94608203642336,19.420214450274386,62.23072543068071,8.0
2016-08-02 15:31:46.910,1.199,0.125,-0.219,-19.62168111653508,21.109432032021857,65.83795341753765,8.0
2016-08-02 15:31:46.920,1.152,0.105,-0.246,-19.19754782168298,20.539043231676864,68.19371433671012,8.0
2016-08-02 15:31:46.930,1.145,0.074,-0.23,-21.74010160136273,19.58144445628028,69.72624756445852,8.0
2016-08-02 15:31:46.940,1.152,0.047,-0.195,-23.23063812834246,19.508397937655978,69.87422434642991,8.0
2016-08-02 15:31:46.950,1.188,0.031,-0.141,-22.148847156545948,20.40622779118881,69.42109741724302,8.0
2016-08-02 15:31:46.960,1.262,0.043,-0.102,-18.558221987409656,22.90227953288933,68.52784906041002,8.0
2016-08-02 15:31:46.970,1.324,0.039,-0.098,-11.524698617924336,26.850758712537075,66.71629182221108,8.0
2016-08-02 15:31:46.980,1.34,0.008,-0.125,-2.001557755479024,29.9927865843934,64.13359173315231,8.0
2016-08-02 15:31:46.990,1.301,-0.02,-0.172,5.57916584094153,30.034002072709658,61.16080287566294,8.0
2016-08-02 15:31:47.000,1.23,-0.051,-0.188,6.999975052238136,27.025568412921483,59.19859064785254,8.0
2016-08-02 15:31:47.010,1.199,-0.047,-0.172,2.5171035455333097,23.256171238665427,58.26425026346206,8.0
2016-08-02 15:31:47.020,1.188,-0.047,-0.148,-4.937754983109052,20.263088164988083,57.7683843446878,8.0
2016-08-02 15:31:47.030,1.215,-0.078,-0.109,-11.635370237045777,17.779804358044217,57.775039943489546,8.0
2016-08-02 15:31:47.040,1.305,-0.098,-0.074,-12.19684228506627,17.42626124619864,55.64986221465229,8.0
2016-08-02 15:31:47.050,1.352,-0.121,-0.113,-6.3160124979320775,19.793230865564453,50.58261688194149,8.0
2016-08-02 15:31:47.060,1.355,-0.137,-0.176,0.45850378005568837,20.02572095771943,44.391734125859436,8.0
2016-08-02 15:31:47.070,1.328,-0.133,-0.215,5.844250647565844,16.665559326760583,36.77845749353771,8.0
2016-08-02 15:31:47.080,1.285,-0.164,-0.199,8.985270290463463,13.331522050011737,28.03206058236017,8.0
2016-08-02 15:31:47.090,1.254,-0.199,-0.133,9.32132573863052,10.154880345708133,18.520992005747576,8.0
2016-08-02 15:31:47.100,1.246,-0.254,-0.07,9.29347788015944,7.121403230767138,8.682210135125562,8.0
2016-08-02 15:31:47.110,1.262,-0.277,-0.043,8.741673600597077,5.3018308258823925,0.5873262701864446,8.0
2016-08-02 15:31:47.120,1.27,-0.25,-0.055,5.795598349104047,3.096936430671261,-5.269773445794623,8.0
2016-08-02 15:31:47.130,1.242,-0.203,-0.086,0.9102778724546503,0.13629403864639722,-8.93287380185614,8.0
2016-08-02 15:31:47.140,1.195,-0.18,-0.102,-4.401962665148428,-2.501374188306041,-10.688841658137205,8.0
2016-08-02 15:31:47.150,1.172,-0.188,-0.098,-7.3538920184869285,-4.016506764323171,-12.512846846122441,8.0
2016-08-02 15:31:47.160,1.164,-0.199,-0.094,-6.412160470468728,-3.881792510011736,-15.206480123749389,8.0
2016-08-02 15:31:47.170,1.164,-0.176,-0.102,-3.4661655014581045,-3.4813988920881087,-17.40417968645237,8.0
2016-08-02 15:31:47.180,1.141,-0.152,-0.121,-0.5838895848148871,-3.868208684973918,-18.005332876148028,8.0
2016-08-02 15:31:47.190,1.117,-0.152,-0.125,2.8860420977246504,-4.309664141995573,-18.428583505579326,8.0
2016-08-02 15:31:47.200,1.105,-0.137,-0.117,7.491152790092308,-4.016405779272345,-19.610337700917093,8.0
2016-08-02 15:31:47.210,1.09,-0.129,-0.117,10.14812043028154,-2.9668837410879068,-19.764920285196812,8.0
2016-08-02 15:31:47.220,1.063,-0.133,-0.102,10.404796493297601,-2.1907160354965973,-19.024614492274942,8.0
2016-08-02 15:31:47.230,1.043,-0.113,-0.094,10.925326742587547,-1.982319043648405,-17.83879582948969,8.0
2016-08-02 15:31:47.240,1.023,-0.086,-0.094,8.798113109232244,-1.9645145000242357,-14.630578358328071,8.0
2016-08-02 15:31:47.250,1.004,-0.043,-0.094,3.247253523373651,-2.865546510972436,-10.887570394037317,8.0
2016-08-02 15:31:47.260,0.992,-0.031,-0.066,-0.05039439576484586,-4.053993244706565,-8.494806302940667,8.0
2016-08-02 15:31:47.270,0.992,-0.063,-0.039,-0.43307897934959155,-3.987714812703895,-6.837292924116275,8.0
2016-08-02 15:31:47.280,0.996,-0.074,-0.02,0.3501079074599587,-3.2669565139643573,-6.1787469475901045,8.0
2016-08-02 15:31:47.290,0.992,-0.07,-0.039,2.502815133358397,-2.5951044109136374,-5.442805721334703,8.0
2016-08-02 15:31:47.300,0.98,-0.051,-0.063,4.073452606620504,-2.056893876723111,-2.9437781886368053,8.0
2016-08-02 15:31:47.310,0.965,-0.063,-0.074,4.848014451203131,-1.8439748429649565,0.03495365668858724,8.0
2016-08-02 15:31:47.320,0.969,-0.094,-0.074,6.795752655685085,-1.3289303394046672,1.8486285473346022,8.0
2016-08-02 15:31:47.330,0.98,-0.082,-0.082,8.228703003725874,-0.3006373965304597,2.809735716663967,8.0
2016-08-02 15:31:47.340,0.973,-0.07,-0.102,6.293699527525712,0.10744836383489623,4.144737177844537,8.0
2016-08-02 15:31:47.350,0.961,-0.059,-0.09,3.5602944529279306,-0.6315556425815385,5.062276778703139,8.0
2016-08-02 15:31:47.360,0.961,-0.07,-0.066,4.099442840108182,-0.9996147126993666,4.357258569348827,8.0
2016-08-02 15:31:47.370,0.973,-0.102,-0.047,6.374165878457253,-0.0743508225379485,3.1874523005250173,8.0
2016-08-02 15:31:47.380,0.98,-0.117,-0.047,7.973093134666282,0.8155082312719124,2.0324939523584935,8.0
2016-08-02 15:31:47.390,0.98,-0.113,-0.051,8.660005977680353,0.5568215053386307,1.3739657383987582,8.0
2016-08-02 15:31:47.400,0.977,-0.105,-0.047,7.474911517836684,-0.7266883008459784,2.1315812951409896,8.0
2016-08-02 15:31:47.410,0.984,-0.094,-0.047,4.452493627946908,-1.75712674706116,2.96836818884865,8.0
2016-08-02 15:31:47.420,0.988,-0.09,-0.051,1.313177376639528,-1.7389003527548028,3.229708784010965,8.0
2016-08-02 15:31:47.430,0.988,-0.105,-0.063,-0.2220661412364186,-1.6271029687475718,3.603546029570728,8.0
2016-08-02 15:31:47.440,1.0,-0.102,-0.074,0.16654004493754887,-1.4979300553170032,3.8169723708290553,8.0
2016-08-02 15:31:47.450,0.996,-0.078,-0.09,0.676921471814942,-1.202169425555763,4.226612252432188,8.0
2016-08-02 15:31:47.460,0.992,-0.074,-0.094,0.5475004856758455,-1.4667027430786628,5.076820970287908,8.0
2016-08-02 15:31:47.470,1.004,-0.086,-0.09,1.9111407475135365,-1.348357505442572,4.919520802247658,8.0
2016-08-02 15:31:47.480,1.016,-0.066,-0.078,4.482371254081282,-0.17318196127122387,3.9849830954327055,8.0
2016-08-02 15:31:47.490,1.012,-0.063,-0.063,4.343343155235784,0.3397805461679592,3.9998645288053227,8.0
2016-08-02 15:31:47.500,0.992,-0.059,-0.051,2.2280263285784443,-0.2874057411525506,4.272282535848509,8.0
2016-08-02 15:31:47.510,1.004,-0.07,-0.039,2.0244602617413774,-0.2829430659925091,4.306983574010566,8.0
2016-08-02 15:31:47.520,1.008,-0.074,-0.051,2.5268870104862065,0.34016918708287136,5.0112029113728465,8.0
2016-08-02 15:31:47.530,1.0,-0.059,-0.07,1.6880168100167947,-0.12718490295030646,5.946844465328576,8.0
2016-08-02 15:31:47.540,1.0,-0.047,-0.074,0.2036396250621109,-1.1846882846528188,6.81956507000953,8.0
2016-08-02 15:31:47.550,1.008,-0.043,-0.063,-1.0440903633940024,-1.2639979868280906,7.139258131617805,8.0
2016-08-02 15:31:47.560,1.016,-0.047,-0.055,-1.0423806174832553,-0.3848312743694538,6.294623067322647,8.0
2016-08-02 15:31:47.570,1.02,-0.051,-0.055,-0.2169981030117571,0.3796446277757226,5.676976898242358,8.0
2016-08-02 15:31:47.580,1.008,-0.055,-0.066,0.4124633381918297,0.32829876073009717,5.922866286115989,8.0
2016-08-02 15:31:47.590,1.008,-0.055,-0.07,1.188536879917563,0.24105072267410127,6.2555168139474135,8.0
2016-08-02 15:31:47.600,1.016,-0.066,-0.074,2.2801619980000116,0.8131327054398434,6.472217282814286,8.0
2016-08-02 15:31:47.610,1.023,-0.063,-0.078,3.5282432313408694,1.4887324426736868,6.375166187168359,8.0
2016-08-02 15:31:47.620,1.023,-0.055,-0.082,3.9375342280643943,1.828618507101389,6.054466130832848,8.0
2016-08-02 15:31:47.630,1.012,-0.051,-0.078,2.661303912027881,1.591428398011485,5.795130136543758,8.0
2016-08-02 15:31:47.640,1.008,-0.059,-0.063,1.4552667044582135,0.9241560065678771,5.061850242145584,8.0
2016-08-02 15:31:47.650,1.012,-0.063,-0.055,1.5235803926289244,0.6632607859332968,4.034174630626348,8.0
2016-08-02 15:31:47.660,1.016,-0.074,-0.051,1.3060453640653986,0.7019775224437718,3.7245054233756205,8.0
2016-08-02 15:31:47.670,1.016,-0.066,-0.055,0.1407369995452892,0.3066867620410563,3.644164377835626,8.0
2016-08-02 15:31:47.680,1.016,-0.066,-0.063,-0.8364185841293275,0.06350230255538,3.054853818246217,8.0
2016-08-02 15:31:47.690,1.016,-0.066,-0.078,-0.8586924986076573,0.39603548679245304,2.1090050976246495,8.0
2016-08-02 15:31:47.700,1.004,-0.066,-0.082,0.39865775428237854,0.6247135788097238,0.8953427357237499,8.0
2016-08-02 15:31:47.710,1.008,-0.07,-0.074,2.2085396749168655,0.8466379708422102,0.029686617382744876,8.0
2016-08-02 15:31:47.720,1.016,-0.074,-0.078,3.12596314187867,1.2069458852532724,-0.44273362331933497,8.0
2016-08-02 15:31:47.730,1.02,-0.051,-0.086,2.803539981123456,1.1296528294242196,-0.727072328482752,8.0
2016-08-02 15:31:47.740,1.012,-0.043,-0.082,1.4696541399152157,0.7673540209986157,-0.02342194849139255,8.0
2016-08-02 15:31:47.750,1.012,-0.059,-0.07,1.0399783319771876,0.8064021043617591,0.4536191305889381,8.0
2016-08-02 15:31:47.760,1.02,-0.059,-0.063,3.1663432881910354,1.435749461175973,-0.3637939009250446,8.0
2016-08-02 15:31:47.770,1.0,-0.066,-0.066,4.45831738421057,1.8397431639334885,-0.5961805051938287,8.0
2016-08-02 15:31:47.780,0.992,-0.059,-0.07,3.153398172371076,1.2012641479804207,-0.33053889174061046,8.0
2016-08-02 15:31:47.790,0.984,-0.051,-0.059,2.5236843311792914,0.5906927593448201,-0.4950956898546981,8.0
2016-08-02 15:31:47.800,0.996,-0.066,-0.059,2.708309777089788,0.9100230005408849,-0.41748843158299487,8.0
2016-08-02 15:31:47.810,1.0,-0.055,-0.066,2.1919880326223513,1.0792708432423224,-0.2555136165906412,8.0
2016-08-02 15:31:47.820,1.0,-0.051,-0.078,1.6588844786068053,0.6833158024590913,0.2910899281967738,8.0
2016-08-02 15:31:47.830,1.004,-0.051,-0.078,1.5331156979031442,0.3927211499824266,0.8820220544147143,8.0
2016-08-02 15:31:47.840,1.004,-0.055,-0.074,1.9911110490968942,0.5418243803475631,0.6348543522166166,8.0
2016-08-02 15:31:47.850,0.996,-0.059,-0.078,2.5199523893565696,0.8404551220982206,0.36190439989267376,8.0
2016-08-02 15:31:47.860,0.992,-0.055,-0.078,2.83733905771218,0.7892805676821188,0.22320950268372539,8.0
2016-08-02 15:31:47.870,0.996,-0.063,-0.074,3.3347551978464627,0.8420614865376996,0.3764090514488897,8.0
2016-08-02 15:31:47.880,1.004,-0.066,-0.07,3.488240098958943,1.055061934269943,0.9176641853268914,8.0
2016-08-02 15:31:47.890,1.016,-0.059,-0.07,3.5281106115552188,0.9410407726973378,1.1369292063857461,8.0
2016-08-02 15:31:47.900,1.02,-0.063,-0.074,3.7778317615663335,1.062063877799183,1.3496929143559864,8.0
2016-08-02 15:31:47.910,1.012,-0.059,-0.082,4.029435261111346,1.2128344539273044,1.2520775058666174,8.0
2016-08-02 15:31:47.920,1.004,-0.07,-0.074,4.562313229808735,0.7766385842432234,0.4990267142874508,8.0
2016-08-02 15:31:47.930,1.008,-0.082,-0.07,4.625321248800381,0.44612407058529024,-0.14591293623680124,8.0
2016-08-02 15:31:47.940,1.008,-0.086,-0.063,3.7561513717213044,0.44754181482654004,-0.4275711603103986,8.0
2016-08-02 15:31:47.950,1.008,-0.082,-0.059,2.7126144687309917,0.19261608878510197,-0.20237455334384458,8.0
2016-08-02 15:31:47.960,1.012,-0.074,-0.066,1.9261450816917458,-0.1400623240966216,0.2739145009833076,8.0
2016-08-02 15:31:47.970,1.008,-0.063,-0.074,1.798762664298383,-0.20929446741488567,0.46647905931158706,8.0
2016-08-02 15:31:47.980,0.992,-0.063,-0.074,2.2625839405584216,-0.6790874247399445,-0.02681240826785164,8.0
2016-08-02 15:31:47.990,0.988,-0.07,-0.059,2.5774204715550333,-1.471095192276448,-1.4938902994804208,8.0
2016-08-02 15:31:48.000,0.98,-0.078,-0.047,2.1004630041031263,-1.5023053668185464,-2.99364733261935,8.0
2016-08-02 15:32:36.000,-0.844,-0.145,0.535,-0.45390397763002244,0.010686025089299264,1.4184325394693258,9.0
2016-08-02 15:32:36.010,-0.836,-0.148,0.535,-0.47515607216302524,-0.019889743415274067,1.6720861762191608,9.0
2016-08-02 15:32:36.020,-0.836,-0.152,0.535,-0.7582339982704047,-0.26619355368517783,1.8660637722052227,9.0
2016-08-02 15:32:36.030,-0.836,-0.152,0.535,-0.9174208192692066,-0.41289025157093295,1.927562478274338,9.0
2016-08-02 15:32:36.040,-0.84,-0.152,0.535,-0.7901548390704086,-0.482487844702329,1.9450056092238919,9.0
2016-08-02 15:32:36.050,-0.84,-0.148,0.531,-0.5473497454383841,-0.6359598220013336,1.944401927321213,9.0
2016-08-02 15:32:36.060,-0.84,-0.152,0.535,-0.23586719204074863,-0.6197774443692192,1.9625780251206417,9.0
2016-08-02 15:32:36.070,-0.84,-0.148,0.539,-0.1429088804612644,-0.48857763653497366,2.140197457688222,9.0
2016-08-02 15:32:36.080,-0.84,-0.145,0.535,-0.34285766640102205,-0.4338919163656596,2.3413385653546497,9.0
2016-08-02 15:32:36.090,-0.84,-0.141,0.531,-0.36725109931656325,-0.39750701602344796,2.395290709258367,9.0
2016-08-02 15:32:36.100,-0.836,-0.133,0.531,-0.1930794024100186,-0.3034221339251642,2.487668347594821,9.0
2016-08-02 15:32:36.110,-0.836,-0.141,0.535,-0.043131038406477674,-0.09701572916205514,2.6334860620642035,9.0
2016-08-02 15:32:36.120,-0.832,-0.129,0.535,0.06418286833847756,0.042192288477761325,2.6318225463945066,9.0
2016-08-02 15:32:36.130,-0.836,-0.129,0.535,-0.09236134773736605,0.033044677817924174,2.5508579226028556,9.0
2016-08-02 15:32:36.140,-0.836,-0.129,0.535,-0.4559499689141734,0.19973876980763466,2.518403710137135,9.0
2016-08-02 15:32:36.150,-0.836,-0.137,0.535,-0.3874657466786446,0.5892964246492156,2.376576052208795,9.0
2016-08-02 15:32:36.160,-0.836,-0.137,0.535,0.20453768122367977,0.8009356511647182,2.0580812790744636,9.0
2016-08-02 15:32:36.170,-0.84,-0.133,0.535,0.2664729413521678,0.6480477934005241,1.73564901183097,9.0
2016-08-02 15:32:36.180,-0.832,-0.129,0.531,-0.8603854888904405,0.3159088869234583,1.2401764808847995,9.0
2016-08-02 15:32:36.190,-0.836,-0.133,0.531,-2.1345336602885485,-0.041030740717553756,0.4597951126208774,9.0
2016-08-02 15:32:36.200,-0.844,-0.141,0.535,-2.099646809882779,-0.3268608728514435,0.02673769038813318,9.0
2016-08-02 15:32:36.210,-0.84,-0.148,0.535,-0.7780429825660753,-0.3427809217326264,0.2522431980368397,9.0
2016-08-02 15:32:36.220,-0.84,-0.141,0.535,0.4274182036948103,-0.1752079548087302,0.6645776128270546,9.0
2016-08-02 15:32:36.230,-0.844,-0.145,0.531,0.6604914213011581,-0.5045501038812301,1.1080805450449231,9.0
2016-08-02 15:32:36.240,-0.84,-0.133,0.531,0.11430093254523768,-1.213832172486433,1.523996050691796,9.0
2016-08-02 15:32:36.250,-0.832,-0.129,0.535,-0.39653280890410963,-1.18866403977239,1.500216635400907,9.0
2016-08-02 15:32:36.260,-0.836,-0.133,0.535,0.46059647518357627,-0.6977592274330195,1.197816701025792,9.0
2016-08-02 15:32:36.270,-0.836,-0.145,0.535,2.114241739128899,-0.4765209883285681,1.2156256446738956,9.0
2016-08-02 15:32:36.280,-0.836,-0.145,0.531,2.411237978552238,-0.1643721382731588,1.3851322330298856,9.0
2016-08-02 15:32:36.290,-0.832,-0.145,0.531,1.9133957492850566,0.15148317157482444,1.2613273181143794,9.0
2016-08-02 15:32:36.300,-0.836,-0.148,0.535,2.3913662518368377,0.2389719738828091,1.2035111442524038,9.0
2016-08-02 15:32:36.310,-0.832,-0.145,0.535,2.913681492550184,0.3711014632868229,1.3855761389446866,9.0
2016-08-02 15:32:36.320,-0.828,-0.137,0.531,2.525943718406957,0.44675378010157474,1.3549473283201305,9.0
2016-08-02 15:32:36.330,-0.836,-0.133,0.531,2.3254076700022237,0.3955343071369979,1.2418619527544421,9.0
2016-08-02 15:32:36.340,-0.836,-0.137,0.531,2.509303628207968,0.47689478656862483,1.2738747770641272,9.0
2016-08-02 15:32:36.350,-0.836,-0.129,0.535,2.052806278571193,0.6367068145666149,1.2679596027658608,9.0
2016-08-02 15:32:36.360,-0.832,-0.125,0.535,0.8967549947143364,0.721247430872596,1.2935255627244442,9.0
2016-08-02 15:32:36.370,-0.836,-0.125,0.535,-0.15805757194044356,0.7357456391681952,1.371701196150036,9.0
2016-08-02 15:32:36.380,-0.836,-0.133,0.535,-0.46753720437040225,0.6896225594511831,1.3512271919218897,9.0
2016-08-02 15:32:36.390,-0.836,-0.137,0.539,-0.04159628334699671,0.7576706928282777,1.2381043585610185,9.0
2016-08-02 15:32:36.400,-0.836,-0.137,0.535,0.5186639184994056,0.9147070929434578,1.2003339183101538,9.0
2016-08-02 15:32:36.410,-0.836,-0.137,0.535,0.8218631989076399,0.9219196470236484,1.223001655640869,9.0
2016-08-02 15:32:36.420,-0.84,-0.129,0.539,0.8939491333466018,0.9329754456080195,0.9557440024536015,9.0
2016-08-02 15:32:36.430,-0.84,-0.125,0.535,0.6952892331872632,1.0604974902926971,0.46571132131011356,9.0
2016-08-02 15:32:36.440,-0.84,-0.125,0.535,0.2550727634523817,1.1500625834440268,0.15604206867980372,9.0
2016-08-02 15:32:36.450,-0.84,-0.125,0.531,-0.1357720983698806,1.143413896839638,0.03357039554440533,9.0
2016-08-02 15:32:36.460,-0.844,-0.125,0.531,-0.33216577992130564,1.010609821180482,-0.0626983440768181,9.0
2016-08-02 15:32:36.470,-0.84,-0.125,0.535,-0.43987561088201266,0.8887757043285707,-0.22353351664749932,9.0
2016-08-02 15:32:36.480,-0.84,-0.129,0.531,-0.5874010711459826,0.8592789947658865,-0.40401085600123965,9.0
2016-08-02 15:32:36.490,-0.836,-0.129,0.531,-0.7658119340357915,0.6887939219355358,-0.46461726410683435,9.0
2016-08-02 15:32:36.500,-0.848,-0.137,0.535,-0.7682272611556367,0.40770014776016295,-0.4742245892110628,9.0
2016-08-02 15:32:36.510,-0.844,-0.137,0.535,-0.5244215337686102,0.2832993093191082,-0.48386664517981337,9.0
2016-08-02 15:32:36.520,-0.84,-0.137,0.535,-0.2350125152713107,0.266470443445182,-0.4301696420229447,9.0
2016-08-02 15:32:36.530,-0.836,-0.129,0.531,-0.21248243492395255,0.16368182885653373,-0.3584448152110025,9.0
2016-08-02 15:32:36.540,-0.84,-0.133,0.531,-0.5668549813459264,-0.025620358297996755,-0.2652170136699275,9.0
2016-08-02 15:32:36.550,-0.84,-0.137,0.535,-0.836632372069739,-0.20155703817294252,-0.17538352772995972,9.0
2016-08-02 15:32:36.560,-0.836,-0.137,0.535,-0.7671528183094143,-0.2714924001910059,-0.10439818834657472,9.0
2016-08-02 15:32:36.570,-0.84,-0.133,0.535,-0.7320069363174814,-0.3083850417287317,0.07277578279924284,9.0
2016-08-02 15:32:36.580,-0.836,-0.129,0.535,-0.8190051736113506,-0.46502726715426934,0.35938836131848634,9.0
2016-08-02 15:32:36.590,-0.84,-0.137,0.535,-0.8747948344684238,-0.5785601082757583,0.6842696674009139,9.0
2016-08-02 15:32:36.600,-0.836,-0.137,0.535,-0.9338641434283164,-0.6143108123853209,0.9107395512546632,9.0
2016-08-02 15:32:36.610,-0.836,-0.145,0.535,-0.8985704485339779,-0.7717120566699154,0.9296864171892252,9.0
2016-08-02 15:32:36.620,-0.84,-0.148,0.535,-0.5424142251566977,-0.8994808093040552,0.9529383600021921,9.0
2016-08-02 15:32:36.630,-0.84,-0.145,0.535,-0.256573677145435,-0.8923285040651634,1.1276145547615282,9.0
2016-08-02 15:32:36.640,-0.836,-0.133,0.535,-0.8866022467832012,-0.8297061019649974,1.2174558574605416,9.0
2016-08-02 15:32:36.650,-0.836,-0.125,0.535,-1.697782724115513,-0.6951877582587365,1.0425616114918363,9.0
2016-08-02 15:32:36.660,-0.836,-0.133,0.535,-1.0297653420157191,-0.47574935519061673,0.8136490109499274,9.0
2016-08-02 15:32:36.670,-0.836,-0.141,0.539,0.4160338917374812,-0.11509376891753012,0.734245096066901,9.0
2016-08-02 15:32:36.680,-0.84,-0.133,0.535,0.6929068062316598,0.11175457831373956,0.6236624071079921,9.0
2016-08-02 15:32:36.690,-0.84,-0.129,0.535,-0.35187459258955356,-0.16550561190005136,0.35042672573975436,9.0
2016-08-02 15:32:36.700,-0.84,-0.129,0.531,-1.5470039375147357,-0.5302786329912325,0.08555808233425367,9.0
2016-08-02 15:32:36.710,-0.84,-0.137,0.535,-2.145418491678276,-0.5480046237429691,-0.0989261018861041,9.0
2016-08-02 15:32:36.720,-0.84,-0.137,0.539,-2.20511836371794,-0.44213465296160026,-0.20467451235321463,9.0
2016-08-02 15:32:36.730,-0.84,-0.137,0.547,-1.6308402874875034,-0.3375278484424082,-0.20888033169212528,9.0
2016-08-02 15:32:36.740,-0.836,-0.137,0.539,-0.5122724417974985,-0.14660309583691902,-0.22679276851948926,9.0
2016-08-02 15:32:36.750,-0.836,-0.141,0.535,0.0988703210038845,0.05940361425172404,-0.3129248946458928,9.0
2016-08-02 15:32:36.760,-0.836,-0.141,0.535,-0.09030646774417356,0.02195217881522271,-0.43048692774989816,9.0
2016-08-02 15:32:36.770,-0.836,-0.133,0.535,-0.3347168328102358,-0.34971393551401664,-0.5472463948175148,9.0
2016-08-02 15:32:36.780,-0.84,-0.137,0.531,-0.6960060305066448,-0.6562994071688286,-0.6078934453183265,9.0
2016-08-02 15:32:36.790,-0.84,-0.137,0.531,-1.2510648624633194,-0.5724056849544102,-0.6364008768049746,9.0
2016-08-02 15:32:36.800,-0.84,-0.141,0.531,-1.2481886619742364,-0.4159459695790611,-0.5664233511200931,9.0
2016-08-02 15:32:36.810,-0.84,-0.145,0.531,-0.6368001446848459,-0.45735602195343467,-0.39995842424203787,9.0
2016-08-02 15:32:36.820,-0.84,-0.148,0.531,-0.19473833500584226,-0.30660721591921863,-0.3792010193008704,9.0
2016-08-02 15:32:36.830,-0.836,-0.148,0.535,-0.6529725624022891,-0.11883468103693005,-0.42052995223822687,9.0
2016-08-02 15:32:36.840,-0.836,-0.145,0.527,-1.819043348074759,-0.5474425597086929,-0.33359456632669804,9.0
2016-08-02 15:32:36.850,-0.84,-0.148,0.539,-2.101474323386393,-1.209153831861773,-0.08712937855799532,9.0
2016-08-02 15:32:36.860,-0.84,-0.152,0.535,-1.0916562315545497,-1.5243682222515276,0.12256991598946226,9.0
2016-08-02 15:32:36.870,-0.836,-0.156,0.543,-0.45669391083163957,-1.3199384391399722,-0.022181932225193896,9.0
2016-08-02 15:32:36.880,-0.828,-0.145,0.547,-0.7008451744028371,-0.8184496513803785,-0.1379421164993559,9.0
2016-08-02 15:32:36.890,-0.832,-0.141,0.539,-0.7041111944253117,-0.7559147727043243,-0.09358276731333358,9.0
2016-08-02 15:32:36.900,-0.836,-0.141,0.543,0.06843200831765378,-0.5938594609761526,-0.11272863947244141,9.0
2016-08-02 15:32:36.910,-0.832,-0.137,0.547,0.761561114898916,0.24221992999924066,-0.12257275391536346,9.0
2016-08-02 15:32:36.920,-0.828,-0.125,0.539,-0.09870627979454327,0.6543952179406276,-0.36431637572969666,9.0
2016-08-02 15:32:36.930,-0.832,-0.129,0.535,-1.8045404125211766,0.5047061158198776,-0.45371784222469547,9.0
2016-08-02 15:32:36.940,-0.836,-0.129,0.535,-1.8353599982877853,0.5194790542255966,-0.21725173853297777,9.0
2016-08-02 15:32:36.950,-0.84,-0.145,0.539,-0.37333709043282925,0.8104867330239103,-0.3398947227893474,9.0
2016-08-02 15:32:36.960,-0.832,-0.137,0.539,0.34630620685110836,1.3339113732036534,-0.6057377313617668,9.0
2016-08-02 15:32:36.970,-0.832,-0.129,0.535,-0.4194611704013862,1.5569935600074682,-0.6438428218704384,9.0
2016-08-02 15:32:36.980,-0.84,-0.133,0.535,-1.4963338690621693,1.3886711018319846,-0.506077189468401,9.0
2016-08-02 15:32:36.990,-0.84,-0.133,0.531,-1.3728175090861507,1.5297725435743255,-0.35078769986757596,9.0
2016-08-02 15:32:37.000,-0.848,-0.137,0.531,-0.4653549984837661,1.9296826934632194,-0.5635761802996575,9.0
2016-08-02 15:32:37.010,-0.84,-0.137,0.531,-0.08959089254611767,2.0939454133556232,-0.9956302004764972,9.0
2016-08-02 15:32:37.020,-0.836,-0.133,0.535,-0.4198176754749268,1.99315782046968,-1.3249198119768497,9.0
2016-08-02 15:32:37.030,-0.836,-0.129,0.535,-1.1153172959842128,1.8046690633397051,-1.6615076403298032,9.0
2016-08-02 15:32:37.040,-0.836,-0.133,0.535,-1.5844502764757227,1.5980894761459385,-2.0338922617772037,9.0
2016-08-02 15:32:37.050,-0.836,-0.137,0.539,-1.476574576777107,1.3587514003256853,-2.3065843966274855,9.0
2016-08-02 15:32:37.060,-0.84,-0.141,0.535,-1.1225427467069578,1.1053238696049712,-2.4927469679425753,9.0
2016-08-02 15:32:37.070,-0.84,-0.148,0.535,-0.8130515342942068,0.9144455034730008,-2.6383001412371687,9.0
2016-08-02 15:32:37.080,-0.844,-0.148,0.535,-0.8426485195835047,0.8286584288859639,-2.6673704145955024,9.0
2016-08-02 15:32:37.090,-0.84,-0.148,0.539,-1.3706745850479445,0.6754675840210419,-2.6781005825727275,9.0
2016-08-02 15:32:37.100,-0.84,-0.148,0.535,-2.1598742021221304,0.26312751066481377,-2.6403353867416106,9.0
2016-08-02 15:32:37.110,-0.84,-0.148,0.531,-2.7608786080012933,-0.13218375521430606,-2.4422531754986,9.0
2016-08-02 15:32:37.120,-0.84,-0.152,0.531,-2.619932597642101,-0.16540007814772856,-2.508314040852006,9.0
2016-08-02 15:32:37.130,-0.84,-0.152,0.531,-1.9882977147929006,-0.13719661162227767,-2.674724422657402,9.0
2016-08-02 15:32:37.140,-0.84,-0.156,0.531,-1.6992927549378822,-0.38688394168085877,-2.3607153411459225,9.0
2016-08-02 15:32:37.150,-0.84,-0.156,0.531,-1.8382748370223125,-0.6401261760969201,-2.086736107838123,9.0
2016-08-02 15:32:37.160,-0.84,-0.156,0.535,-1.9523740737878499,-0.641076796730419,-2.209937474546749,9.0
2016-08-02 15:32:37.170,-0.84,-0.152,0.535,-1.750409279408709,-0.5675620822899607,-2.270042307376229,9.0
2016-08-02 15:32:37.180,-0.848,-0.156,0.535,-1.5069083244706576,-0.5737198362654572,-2.191949369755016,9.0
2016-08-02 15:32:37.190,-0.848,-0.156,0.535,-1.8121125404149003,-0.7221187275681094,-2.215923054053139,9.0
2016-08-02 15:32:37.200,-0.848,-0.152,0.535,-2.657115828162506,-1.1723425766908384,-2.3906776804846954,9.0
2016-08-02 15:32:37.210,-0.852,-0.152,0.531,-3.427528051905151,-1.741091513176297,-2.690447134238211,9.0
2016-08-02 15:32:37.220,-0.848,-0.156,0.535,-3.4983525613531175,-2.067161414680691,-3.1509904102201025,9.0
2016-08-02 15:32:37.230,-0.844,-0.16,0.535,-2.862728017671439,-2.264379900643233,-3.6903045069711684,9.0
2016-08-02 15:32:37.240,-0.84,-0.164,0.535,-2.20672743210791,-2.4728516324846623,-4.131363192439331,9.0
2016-08-02 15:32:37.250,-0.84,-0.164,0.539,-1.937523063144601,-2.4826720001488813,-4.48840612812741,9.0
2016-08-02 15:32:37.260,-0.84,-0.16,0.535,-1.7513574472166726,-2.282660647942235,-4.833787245153719,9.0
2016-08-02 15:32:37.270,-0.836,-0.164,0.535,-1.290853228078169,-2.0815918107808375,-5.144528096438901,9.0
2016-08-02 15:32:37.280,-0.836,-0.16,0.535,-0.734093383451134,-1.7577307814698953,-5.303769933088169,9.0
2016-08-02 15:32:37.290,-0.836,-0.164,0.539,-0.5246967818641768,-1.156484960881284,-5.202437505404311,9.0
2016-08-02 15:32:37.300,-0.832,-0.164,0.539,-0.9605036045768827,-0.5252040890845736,-4.998407776472303,9.0
2016-08-02 15:32:37.310,-0.828,-0.16,0.535,-2.007890272532226,0.0153301782948536,-4.725295919052628,9.0
2016-08-02 15:32:37.320,-0.824,-0.156,0.531,-2.8927418141350523,0.6171965302286253,-4.241093140924875,9.0
2016-08-02 15:32:37.330,-0.82,-0.16,0.531,-2.9641218423885514,1.270059214377526,-3.640955111012271,9.0
2016-08-02 15:32:37.340,-0.816,-0.168,0.531,-2.5947645845157283,1.9071300353805232,-2.945094613798865,9.0
2016-08-02 15:32:37.350,-0.813,-0.176,0.531,-1.7516318152111756,2.3466747829880124,-2.3691939300613187,9.0
2016-08-02 15:32:37.360,-0.824,-0.164,0.516,-0.6207815629130908,2.4820262530061283,-1.816067176930937,9.0
2016-08-02 15:32:37.370,-0.824,-0.16,0.523,-0.6703065913598654,2.762466955447854,-0.6922988977443567,9.0
2016-08-02 15:32:37.380,-0.824,-0.168,0.531,-1.1772586407647263,3.182309022454845,0.018637938815729907,9.0
2016-08-02 15:32:37.390,-0.824,-0.16,0.531,-0.5938009700019675,3.259701379182794,-0.03587633351052791,9.0
2016-08-02 15:32:37.400,-0.832,-0.164,0.531,0.015789253719470847,3.0111750756284947,0.69120509087194,9.0
2016-08-02 15:32:37.410,-0.836,-0.164,0.535,1.0346204616188328,2.6073190712750614,1.3910244736567097,9.0
2016-08-02 15:32:37.420,-0.836,-0.168,0.543,2.817239341409311,2.4300543615084447,1.2026880073884811,9.0
2016-08-02 15:32:37.430,-0.84,-0.168,0.543,2.278332146652967,2.3631108091574013,1.5016377475687692,9.0
2016-08-02 15:32:37.440,-0.844,-0.16,0.543,-1.0508766865865806,1.5305149803959126,1.9202290224513945,9.0
2016-08-02 15:32:37.450,-0.848,-0.156,0.535,-4.380479981837569,0.0647056102398538,1.7095011516326135,9.0
2016-08-02 15:32:37.460,-0.844,-0.172,0.543,-6.294450964513985,-0.879146543538341,1.443245351095918,9.0
2016-08-02 15:32:37.470,-0.84,-0.184,0.551,-6.3137774480626705,-1.0690282277131251,0.7447516254966354,9.0
2016-08-02 15:32:37.480,-0.84,-0.18,0.543,-5.202892945947598,-1.3820872013523184,-0.4380963746945381,9.0
2016-08-02 15:32:37.490,-0.84,-0.184,0.547,-4.481189526396389,-1.810767700466171,-0.9064920977811871,9.0
2016-08-02 15:32:37.500,-0.84,-0.18,0.543,-3.749769734436722,-1.8350701051517109,-0.7576712361092774,9.0
2016-08-02 15:32:37.510,-0.824,-0.176,0.531,-2.6406620121055226,-1.8235951719054189,-0.8603319098156001,9.0
2016-08-02 15:32:37.520,-0.813,-0.176,0.52,-2.068287236272578,-1.8480647756447808,-0.7568384035383242,9.0
2016-08-02 15:32:37.530,-0.809,-0.176,0.516,-1.6645901071340237,-1.6789795888373733,-0.1860321353924274,9.0
2016-08-02 15:32:37.540,-0.801,-0.172,0.512,-0.6967504907574437,-1.4463267090775616,0.4545058518985394,9.0
2016-08-02 15:32:37.550,-0.797,-0.172,0.516,0.3022214357396189,-1.0077993934840757,1.468609909874837,9.0
2016-08-02 15:32:37.560,-0.801,-0.164,0.512,0.7897601922762925,-0.4763382824922488,3.0106902025125866,9.0
2016-08-02 15:32:37.570,-0.801,-0.16,0.516,0.7885366905639838,-0.14682877066925906,4.724235481798235,9.0
2016-08-02 15:32:37.580,-0.805,-0.152,0.512,0.5858690957298613,0.14222861818731852,6.418201817962473,9.0
2016-08-02 15:32:37.590,-0.813,-0.152,0.516,0.4085057895734835,0.4059514545237515,8.06022113010192,9.0
2016-08-02 15:32:37.600,-0.809,-0.156,0.52,0.47194880602578815,0.5492275688369582,9.55102554070588,9.0
2016-08-02 15:32:37.610,-0.813,-0.156,0.52,1.0162190432353098,0.49508629288411216,10.720014870757321,9.0
2016-08-02 15:32:37.620,-0.809,-0.152,0.527,1.7284372464461675,0.1971415328212441,11.622145396645637,9.0
2016-08-02 15:32:37.630,-0.805,-0.152,0.527,2.134190698631878,0.03944244893034577,12.287996706774049,9.0
2016-08-02 15:32:37.640,-0.805,-0.152,0.523,2.370807485124926,0.1277377070607077,12.706456808516975,9.0
2016-08-02 15:32:37.650,-0.801,-0.152,0.52,2.7593470696984204,0.0697345339778636,13.027255294422702,9.0
2016-08-02 15:32:37.660,-0.801,-0.152,0.52,3.4288146078159274,-0.15529356763889796,13.212149956813017,9.0
2016-08-02 15:32:37.670,-0.801,-0.156,0.512,4.106517160913066,-0.48149983421522624,13.183681545369154,9.0
2016-08-02 15:32:37.680,-0.793,-0.16,0.508,4.032839829532552,-0.9383599014332433,13.04059142975003,9.0
2016-08-02 15:32:37.690,-0.785,-0.152,0.504,3.1823067241558416,-1.6076982014808054,12.784169709389271,9.0
2016-08-02 15:32:37.700,-0.766,-0.16,0.5,2.686163603816274,-2.404165004513567,12.42772943706763,9.0
2016-08-02 15:32:37.710,-0.754,-0.16,0.5,3.592954085444385,-2.608520984854113,12.058078704279517,9.0
2016-08-02 15:32:37.720,-0.746,-0.16,0.496,5.623248083543774,-2.2741772199138004,11.698671980371678,9.0
2016-08-02 15:32:37.730,-0.73,-0.156,0.496,7.853394722704175,-1.849589845425699,11.598833104322978,9.0
2016-08-02 15:32:37.740,-0.73,-0.16,0.488,10.134621929145625,-1.1189960589991153,11.932816800405508,9.0
2016-08-02 15:32:37.750,-0.723,-0.156,0.484,11.9506759864114,-0.33197145541299183,12.3599151984025,9.0
2016-08-02 15:32:37.760,-0.703,-0.16,0.473,12.669531362857816,0.39562357630488754,12.280268406409936,9.0
2016-08-02 15:32:37.770,-0.691,-0.152,0.453,12.521385375189878,1.0398856845731606,11.386969843593153,9.0
2016-08-02 15:32:37.780,-0.672,-0.145,0.43,11.741690611366932,1.218204724035616,9.700525548693598,9.0
2016-08-02 15:32:37.790,-0.656,-0.141,0.406,11.071565475464054,1.300864869702766,7.358845466735735,9.0
2016-08-02 15:32:37.800,-0.641,-0.133,0.383,10.832550503820903,1.7695684689641982,5.254926416101661,9.0
2016-08-02 15:32:37.810,-0.633,-0.121,0.375,10.568986813899587,2.372735312116366,3.9083665098693325,9.0
2016-08-02 15:32:37.820,-0.641,-0.117,0.379,10.696825080193495,2.67352803042633,3.212032212646074,9.0
2016-08-02 15:32:37.830,-0.641,-0.102,0.387,11.133593746906298,2.946644752197086,3.926079932712103,9.0
2016-08-02 15:32:37.840,-0.637,-0.094,0.395,11.422287668638644,3.8569645574272773,5.396508518790298,9.0
2016-08-02 15:32:37.850,-0.629,-0.086,0.395,11.899632989924624,4.980364016452265,6.348207450741618,9.0
2016-08-02 15:32:37.860,-0.629,-0.074,0.391,11.837987469716998,5.681970712598606,7.7449118752774275,9.0
2016-08-02 15:32:37.870,-0.625,-0.063,0.387,10.698895532347326,6.064161084794133,9.437493152046462,9.0
2016-08-02 15:32:37.880,-0.633,-0.059,0.379,9.472262635979986,6.056685495995071,10.341844896219152,9.0
2016-08-02 15:32:37.890,-0.633,-0.055,0.387,8.524952583466433,5.844643290551527,11.241364797088345,9.0
2016-08-02 15:32:37.900,-0.637,-0.055,0.406,7.880890441657119,5.561947848455359,12.270701305885146,9.0
2016-08-02 15:32:37.910,-0.641,-0.059,0.422,7.60463679951293,4.956513879149503,12.906887114213953,9.0
2016-08-02 15:32:37.920,-0.645,-0.07,0.434,7.630536684083632,4.50528209361428,13.317646533575354,9.0
2016-08-02 15:32:37.930,-0.641,-0.082,0.438,8.612192677933924,4.374252347727701,13.058947351158777,9.0
2016-08-02 15:32:37.940,-0.645,-0.082,0.434,10.263047665941562,4.260121030361521,12.201627316398524,9.0
2016-08-02 15:32:37.950,-0.652,-0.086,0.434,11.268086648101088,4.182000839984859,11.714185173881575,9.0
2016-08-02 15:32:37.960,-0.664,-0.09,0.441,11.745961770335771,3.5899579506981105,11.599671734069336,9.0
2016-08-02 15:32:37.970,-0.668,-0.094,0.445,11.948817495475936,2.600195388279504,11.474690609608007,9.0
2016-08-02 15:32:37.980,-0.672,-0.082,0.449,10.777852321830446,2.031351759697344,11.563753074190632,9.0
2016-08-02 15:32:37.990,-0.68,-0.078,0.445,8.418966755288245,1.4709865093751595,11.94488773179766,9.0
2016-08-02 15:32:38.000,-0.695,-0.082,0.453,6.993760918279691,0.8947712669881243,12.1593165013279,9.0
2016-08-02 15:32:38.010,-0.691,-0.082,0.461,6.942847706104221,1.1508259756450916,12.092843419660735,9.0
2016-08-02 15:32:38.020,-0.695,-0.082,0.465,6.155984210934115,1.8153427201370622,12.034873358516316,9.0
2016-08-02 15:32:38.030,-0.691,-0.078,0.461,3.435054793458494,1.9604808620337142,11.724784288278066,9.0
2016-08-02 15:32:38.040,-0.691,-0.078,0.461,0.4064249804326141,1.7797356810986873,10.923144816322784,9.0
2016-08-02 15:32:38.050,-0.703,-0.082,0.461,-0.2605871957685393,1.789181202763315,10.005204633681544,9.0
2016-08-02 15:32:38.060,-0.715,-0.082,0.465,1.6744699977637953,2.0352583443671564,9.36282471807614,9.0
2016-08-02 15:32:38.070,-0.727,-0.09,0.465,3.2453402093663533,2.6378088999866556,9.416204856816172,9.0
2016-08-02 15:32:38.080,-0.734,-0.082,0.473,2.814263452130071,3.2527599732972643,10.338153031509163,9.0
2016-08-02 15:32:38.090,-0.742,-0.086,0.473,3.1391730787822376,3.247588029846238,11.170107212415562,9.0
2016-08-02 15:32:38.100,-0.754,-0.098,0.48,6.2880068193766,3.404574549144613,11.501090310860281,9.0
2016-08-02 15:32:38.110,-0.754,-0.098,0.488,8.918392440976671,4.0815856019329,12.209413520995511,9.0
2016-08-02 15:32:38.120,-0.758,-0.09,0.48,7.60569922691899,4.28669243538217,12.370082301103572,9.0
2016-08-02 15:32:38.130,-0.762,-0.086,0.473,4.291056328736311,3.6809237376103963,11.377127478152966,9.0
2016-08-02 15:32:38.140,-0.762,-0.078,0.473,2.4621224672022666,2.4505468034829985,10.74942743193074,9.0
2016-08-02 15:32:38.150,-0.762,-0.082,0.473,3.2235387811156664,1.777015587638897,10.012310622559541,9.0
2016-08-02 15:32:38.160,-0.758,-0.094,0.469,6.217760481949709,2.395875709017336,8.623482767717071,9.0
2016-08-02 15:32:38.170,-0.762,-0.098,0.469,9.701192632992287,2.9085305127759598,7.569011418875522,9.0
2016-08-02 15:32:38.180,-0.773,-0.098,0.473,10.957014565633827,2.927546161997968,6.980447950325983,9.0
2016-08-02 15:32:38.190,-0.77,-0.082,0.48,9.185353250662562,3.0711111059560396,6.936153245155414,9.0
2016-08-02 15:32:38.200,-0.758,-0.078,0.484,6.466520278223126,2.895730899099481,6.8602166126174415,9.0
2016-08-02 15:32:38.210,-0.758,-0.086,0.484,5.381608023856334,2.3850138780279155,6.426446219789584,9.0
2016-08-02 15:32:38.220,-0.762,-0.09,0.484,6.004114778832258,2.045406505490754,6.5816021817580594,9.0
2016-08-02 15:32:38.230,-0.754,-0.078,0.484,6.131047563547038,1.8921874020640908,7.015477287973269,9.0
2016-08-02 15:32:38.240,-0.754,-0.063,0.492,5.281990501348836,1.851792840353642,7.545609775798239,9.0
2016-08-02 15:32:38.250,-0.77,-0.055,0.5,5.595778369434568,1.7761822255552104,8.840730262789922,9.0
2016-08-02 15:32:38.260,-0.789,-0.059,0.504,7.304277177244735,1.7439677303078989,10.615407827701741,9.0
2016-08-02 15:32:38.270,-0.813,-0.055,0.504,8.219912158344279,1.7373405169975766,12.660912616547007,9.0
2016-08-02 15:32:38.280,-0.828,-0.043,0.504,8.247108435995969,1.0552899796273973,14.350507280002157,9.0
2016-08-02 15:32:38.290,-0.852,-0.039,0.504,8.538276131898435,-0.28123340553073684,15.156088159393546,9.0
2016-08-02 15:32:38.300,-0.863,-0.035,0.508,8.766977364975238,-1.341035551866793,15.887967520963162,9.0
2016-08-02 15:32:38.310,-0.859,-0.02,0.516,8.525001551555789,-1.6416986826360613,15.997827956340071,9.0
2016-08-02 15:32:38.320,-0.875,-0.008,0.516,7.444747321545266,-1.5220680851088482,15.213234648590888,9.0
2016-08-02 15:32:38.330,-0.898,0.008,0.523,4.6269146709167,-1.6861689115260048,15.351395305133128,9.0
2016-08-02 15:32:38.340,-0.918,0.039,0.531,-0.34619142560777694,-2.380075040524636,16.110331293412084,9.0
2016-08-02 15:32:38.350,-0.941,0.059,0.527,-6.420456285295051,-3.3517921831397013,16.08892197075891,9.0
2016-08-02 15:32:38.360,-0.957,0.063,0.539,-10.892830139143127,-4.1818264385985024,15.836498164533364,9.0
2016-08-02 15:32:38.370,-0.969,0.051,0.559,-11.971379873915602,-4.55129124942499,15.629907240109453,9.0
2016-08-02 15:32:38.380,-0.977,0.031,0.582,-10.463098447472154,-4.439511791192815,15.136231498443305,9.0
2016-08-02 15:32:38.390,-0.977,0.039,0.605,-7.733972226030241,-3.869361234274047,14.601136417797674,9.0
2016-08-02 15:32:38.400,-0.98,0.035,0.621,-4.709210650278124,-2.90005732746368,14.13968868495102,9.0
2016-08-02 15:32:38.410,-0.992,0.035,0.633,-1.4018635870614198,-1.6622690626443268,13.633323565175466,9.0
2016-08-02 15:32:38.420,-1.0,0.039,0.637,2.5150109027135157,-0.622195810150491,12.859721608069277,9.0
2016-08-02 15:32:38.430,-1.016,0.047,0.617,6.290013961754501,-0.4139275127394685,11.269824242047418,9.0
2016-08-02 15:32:38.440,-1.051,0.07,0.629,8.695292667442061,-0.9257014623033368,10.377519471459888,9.0
2016-08-02 15:32:38.450,-1.027,0.035,0.652,8.896485270149771,-0.9690029802835942,11.194426115683578,9.0
2016-08-02 15:32:38.460,-1.004,0.055,0.66,8.932513586814315,0.26089260761833344,9.038018450696466,9.0
2016-08-02 15:32:38.470,-1.039,0.078,0.641,8.847510945678337,1.2390810537579087,5.228614774080631,9.0
2016-08-02 15:32:38.480,-1.07,0.102,0.629,5.981534082083379,1.2702455349712056,6.052656719772399,9.0
2016-08-02 15:32:38.490,-1.074,0.102,0.633,4.657636006334186,2.238730532775861,6.750767784928133,9.0
2016-08-02 15:32:38.500,-1.098,0.09,0.633,6.833675276922211,3.573354949481695,4.864667004315692,9.0
2016-08-02 15:32:38.510,-1.113,0.086,0.637,7.374088023577613,3.3294886468138705,5.045325636128274,9.0
2016-08-02 15:32:38.520,-1.117,0.086,0.637,6.32392868713925,2.513453139086759,5.808433923946614,9.0
2016-08-02 15:32:38.530,-1.117,0.086,0.629,5.775809891782386,2.091379345859215,5.811574943883532,9.0
2016-08-02 15:32:38.540,-1.105,0.094,0.625,5.245631210333542,1.542248805649049,6.049297575389921,9.0
2016-08-02 15:32:38.550,-1.098,0.105,0.625,4.857928734796034,1.1884016364924113,5.69199107693505,9.0
2016-08-02 15:32:38.560,-1.094,0.109,0.633,4.605900758361886,0.912535867766603,4.999270115965139,9.0
2016-08-02 15:32:38.570,-1.082,0.121,0.633,4.080219831458287,0.010861917472046595,3.9228360474705966,9.0
2016-08-02 15:32:38.580,-1.074,0.125,0.629,3.018006600457818,-0.7648280323198813,1.793818271053851,9.0
2016-08-02 15:32:38.590,-1.066,0.121,0.637,1.8941683936906255,-0.9759184350624716,-0.18703446488255754,9.0
2016-08-02 15:32:38.600,-1.063,0.125,0.648,1.7241638291429309,-1.3488142570061308,-1.3843626985628814,9.0
2016-08-02 15:32:38.610,-1.055,0.117,0.656,2.0966086653849825,-1.8145365035380134,-2.5038613408922665,9.0
2016-08-02 15:32:38.620,-1.059,0.105,0.664,2.5388191883287545,-1.8749787421865947,-3.173305484473636,9.0
2016-08-02 15:32:38.630,-1.063,0.09,0.668,3.7897864602901707,-1.8465669543235061,-3.358637399231225,9.0
2016-08-02 15:32:38.640,-1.059,0.074,0.668,5.867729497052393,-1.9971301228840588,-4.168842384252487,9.0
2016-08-02 15:32:38.650,-1.059,0.074,0.656,7.372480527941202,-2.186030399637476,-5.578861069231693,9.0
2016-08-02 15:32:38.660,-1.059,0.063,0.652,6.862929101020761,-2.765501810636758,-6.964285912334182,9.0
2016-08-02 15:32:38.670,-1.047,0.066,0.645,5.011582640581004,-3.661815107400341,-8.298753928475582,9.0
2016-08-02 15:32:38.680,-1.027,0.066,0.633,3.6809311624862042,-3.9503818893020926,-9.356021766917648,9.0
2016-08-02 15:32:38.690,-1.012,0.066,0.617,3.2886290925291393,-3.5380468923746453,-9.753552045558417,9.0
2016-08-02 15:32:38.700,-1.008,0.066,0.621,3.3774612630811625,-2.9525189009229864,-9.34838528698291,9.0
2016-08-02 15:32:38.710,-1.004,0.055,0.617,3.6499098032470125,-2.122315265262674,-8.292200731575537,9.0
2016-08-02 15:32:38.720,-1.004,0.059,0.609,3.467405185437931,-1.2240816266972636,-6.950232587681365,9.0
2016-08-02 15:32:38.730,-1.016,0.055,0.605,2.3006897866278133,-0.9325253489314491,-5.427086820396951,9.0
2016-08-02 15:32:38.740,-1.012,0.051,0.605,0.8817909645183837,-1.0161951332919659,-3.904126370021205,9.0
2016-08-02 15:32:38.750,-1.004,0.043,0.602,-0.2425372497308247,-0.8977751541518999,-2.7159781962918665,9.0
2016-08-02 15:32:38.760,-1.0,0.031,0.602,-1.0299689486209378,-0.9681564478705331,-1.649260347913605,9.0
2016-08-02 15:32:38.770,-0.996,0.02,0.605,-0.23892267142740464,-1.3938111138880476,-0.5163895006802905,9.0
2016-08-02 15:32:38.780,-0.98,0.016,0.598,1.9242508166069268,-1.577496231197084,0.4430636451658408,9.0
2016-08-02 15:32:38.790,-0.98,0.027,0.59,3.330787883771453,-1.6959707468458185,1.2041220398091834,9.0
2016-08-02 15:32:38.800,-0.988,0.047,0.578,3.536240636212499,-2.2575583992532255,2.03810390686696,9.0
2016-08-02 15:32:38.810,-0.992,0.047,0.574,3.4547267127535704,-2.7672823141750653,3.0727953851147003,9.0
2016-08-02 15:32:38.820,-0.984,0.051,0.586,3.8865301569228876,-2.8264276714754057,3.791777678846359,9.0
2016-08-02 15:32:38.830,-0.977,0.051,0.59,4.904369438438265,-2.810866537422256,3.856199687751312,9.0
2016-08-02 15:32:38.840,-0.977,0.055,0.594,5.855182915010084,-2.974450629540397,3.870072976400471,9.0
2016-08-02 15:32:38.850,-0.969,0.059,0.598,6.575687847751009,-3.207835283870559,3.8937174137798793,9.0
2016-08-02 15:32:38.860,-0.953,0.059,0.602,7.185038535498066,-3.156796123295069,3.3326513338011385,9.0
2016-08-02 15:32:38.870,-0.945,0.063,0.602,7.494098450021989,-2.8275646268354624,2.3564901036976478,9.0
2016-08-02 15:32:38.880,-0.953,0.066,0.605,7.490980455867992,-2.7126422843865474,1.2474764716361748,9.0
2016-08-02 15:32:38.890,-0.953,0.066,0.602,7.407149988342294,-2.698062516969429,-0.18570531285950242,9.0
2016-08-02 15:32:38.900,-0.957,0.074,0.605,7.077675910246256,-2.5266280954972196,-1.7537421231039145,9.0
2016-08-02 15:32:38.910,-0.961,0.074,0.605,6.251136795779114,-2.3740951860160484,-3.1888526514650284,9.0
2016-08-02 15:32:38.920,-0.957,0.063,0.602,5.656874565175969,-1.9908313588921587,-4.628015637180445,9.0
2016-08-02 15:32:38.930,-0.949,0.055,0.605,5.860485871006385,-1.190446381565692,-5.8713939890185705,9.0
2016-08-02 15:32:38.940,-0.941,0.059,0.598,6.236780090041986,-0.2327743101156641,-6.714732083603545,9.0
2016-08-02 15:32:38.950,-0.941,0.055,0.594,6.980893429560885,1.0121749849011528,-7.418800455015704,9.0
2016-08-02 15:32:38.960,-0.945,0.047,0.59,8.540103266068137,2.596023411102193,-7.853761356861833,9.0
2016-08-02 15:32:38.970,-0.953,0.047,0.582,9.533629356223935,3.929681805598519,-7.954608898314324,9.0
2016-08-02 15:32:38.980,-0.957,0.051,0.574,9.108592624912124,4.820642809841599,-8.248114239027151,9.0
2016-08-02 15:32:38.990,-0.965,0.051,0.578,8.184215880026255,5.648983076432804,-8.671758803696731,9.0
2016-08-02 15:32:39.000,-0.977,0.047,0.574,7.527156899300784,6.21033980261869,-8.86124664928617,9.0
2016-08-02 15:32:39.010,-0.973,0.035,0.582,7.330040304913334,6.294042499354827,-8.797953415528836,9.0
2016-08-02 15:32:39.020,-0.973,0.035,0.582,7.20967394345296,6.338983753935956,-8.259957775874906,9.0
2016-08-02 15:32:39.030,-0.984,0.031,0.586,6.778116014344354,6.179603374293648,-7.229215723234603,9.0
2016-08-02 15:32:39.040,-0.996,0.02,0.586,6.864000545765549,5.465562062490861,-5.835400707954714,9.0
2016-08-02 15:32:39.050,-1.004,0.012,0.59,7.806821338574491,4.543145838621038,-4.208528157286121,9.0
2016-08-02 15:32:39.060,-1.012,0.016,0.59,7.964581236665567,3.244531340438206,-2.7106746960094403,9.0
2016-08-02 15:32:39.070,-1.012,0.02,0.598,6.505441198654164,1.2376639764325732,-1.2687722874634264,9.0
2016-08-02 15:32:39.080,-1.012,0.023,0.602,4.804023661843439,-0.7484885228650386,0.1505359576961806,9.0
2016-08-02 15:32:39.090,-1.004,0.023,0.605,3.742560992357584,-2.153092489732903,1.2339500120837688,9.0
2016-08-02 15:32:39.100,-1.0,0.02,0.613,2.962696604000108,-3.3355734607067324,1.8515837598722202,9.0
2016-08-02 15:32:39.110,-1.0,0.016,0.617,2.274291718082841,-4.404892054537232,1.896128480362305,9.0
2016-08-02 15:32:39.120,-1.0,0.023,0.613,1.4975285078810445,-5.075473450044007,1.4980002408256625,9.0
2016-08-02 15:32:39.130,-1.0,0.027,0.617,0.32234779299844607,-5.5086094457263,0.7264977297742405,9.0
2016-08-02 15:32:39.140,-0.996,0.027,0.629,-1.2728508441561723,-5.920031407182028,-0.48039941343693715,9.0
2016-08-02 15:32:39.150,-0.988,0.027,0.629,-2.9251370737759843,-5.996099368891605,-1.7652527305914438,9.0
2016-08-02 15:32:39.160,-0.977,0.031,0.633,-3.9876036465270794,-5.54478526442232,-2.9477594549724557,9.0
2016-08-02 15:32:39.170,-0.969,0.035,0.625,-4.425752133396839,-4.629835389223986,-3.952192566961607,9.0
2016-08-02 15:32:39.180,-0.961,0.031,0.617,-4.570295674606056,-3.3971072006292498,-4.489014009988096,9.0
2016-08-02 15:32:39.190,-0.957,0.027,0.613,-4.236477984482059,-2.224684577509383,-4.719790616672288,9.0
2016-08-02 15:32:39.200,-0.949,0.023,0.602,-3.9637378095653473,-1.2578744388671212,-4.793747692567306,9.0
2016-08-02 15:32:39.210,-0.938,0.027,0.594,-4.664038271489427,-0.4167025600199024,-4.567757618034498,9.0
2016-08-02 15:32:39.220,-0.926,0.031,0.586,-5.945594990751854,0.35113535593201706,-4.4066600506430165,9.0
2016-08-02 15:32:39.230,-0.914,0.039,0.59,-7.382943007935149,1.0951597100910064,-4.423836844401649,9.0
2016-08-02 15:32:39.240,-0.902,0.039,0.582,-8.719781655198304,1.84493456941548,-4.235518637315113,9.0
2016-08-02 15:32:39.250,-0.891,0.031,0.574,-8.853150400135966,2.7620115885923293,-4.167541124458488,9.0
2016-08-02 15:32:39.260,-0.891,0.023,0.57,-7.909550883527285,3.5942442103360936,-4.350369870883505,9.0
2016-08-02 15:32:39.270,-0.898,0.02,0.566,-7.388327466666512,3.7233663897883833,-4.323931461777091,9.0
2016-08-02 15:32:39.280,-0.895,0.016,0.566,-7.260489285090143,3.2015523683794256,-4.297178613405525,9.0
2016-08-02 15:32:39.290,-0.898,0.008,0.559,-6.757577669295379,2.374690027591863,-4.3735827395293105,9.0
2016-08-02 15:32:39.300,-0.91,0.004,0.563,-6.269764592819563,1.2375144599215164,-4.202550447635978,9.0
2016-08-02 15:32:39.310,-0.914,-0.004,0.563,-5.98032871789724,-0.03274254763891529,-4.05245305807533,9.0
2016-08-02 15:32:39.320,-0.91,0.004,0.566,-5.461383968030656,-0.9546702071937196,-4.404125392834844,9.0
2016-08-02 15:32:39.330,-0.914,0.0,0.566,-4.718065025413307,-1.4583267762498382,-5.179375968740264,9.0
2016-08-02 15:32:39.340,-0.922,-0.004,0.57,-3.429979471115523,-1.7479370193144832,-5.902020769618029,9.0
2016-08-02 15:32:39.350,-0.914,-0.008,0.578,-1.530580249035682,-1.687417721772571,-6.6283169999597655,9.0
2016-08-02 15:32:39.360,-0.914,-0.004,0.574,-0.9415973400443377,-1.4854329162553104,-7.676864373298647,9.0
2016-08-02 15:32:39.370,-0.914,-0.004,0.57,-2.7679299568849856,-1.667543727595982,-8.476856411346533,9.0
2016-08-02 15:32:39.380,-0.91,-0.012,0.574,-4.964136722503163,-2.0162775993382036,-8.804484110696887,9.0
2016-08-02 15:32:39.390,-0.906,-0.016,0.578,-5.9192661553813615,-2.0784122034300414,-9.160480462233123,9.0
2016-08-02 15:32:39.400,-0.902,-0.02,0.582,-5.820986703091361,-1.8497896419546807,-9.481121752154786,9.0
2016-08-02 15:32:39.410,-0.902,-0.031,0.594,-4.159093858657945,-1.3415981620705877,-9.715843447136717,9.0
2016-08-02 15:32:39.420,-0.895,-0.043,0.598,-0.985975881634492,-0.45829682818830403,-10.169653362469354,9.0
2016-08-02 15:32:39.430,-0.887,-0.043,0.59,1.164833655914446,0.459701609618112,-10.672930376887212,9.0
2016-08-02 15:32:39.440,-0.879,-0.035,0.582,0.6091397605142985,0.8216168116733844,-10.863366155610748,9.0
2016-08-02 15:32:39.450,-0.871,-0.027,0.574,-1.1604620025854122,0.8177538408120899,-11.04620842783429,9.0
2016-08-02 15:32:39.460,-0.871,-0.035,0.566,-2.351871156801784,1.0436723682250624,-11.313615874452223,9.0
2016-08-02 15:32:39.470,-0.863,-0.035,0.559,-2.5056437386242485,1.3562903814322416,-11.286292759161926,9.0
2016-08-02 15:32:39.480,-0.859,-0.035,0.543,-2.046934888528436,1.6441082050452915,-11.137160797497762,9.0
2016-08-02 15:32:39.490,-0.855,-0.039,0.543,-1.8927951063257726,2.297948206889779,-10.691209677139529,9.0
2016-08-02 15:32:39.500,-0.859,-0.039,0.547,-2.0168047167037777,2.95427284168737,-9.927255646838752,9.0
2016-08-02 15:32:39.510,-0.848,-0.043,0.547,-2.0442571847667916,3.195629575302698,-9.51762552659902,9.0
2016-08-02 15:32:39.520,-0.84,-0.043,0.539,-2.7090208809712006,3.4225823901491443,-9.211135335718858,9.0
2016-08-02 15:32:39.530,-0.828,-0.051,0.535,-4.304935171703082,3.365525389889724,-8.988459163552973,9.0
2016-08-02 15:32:39.540,-0.813,-0.055,0.531,-5.433036155688638,2.7801709541958304,-9.397403511214865,9.0
2016-08-02 15:32:39.550,-0.805,-0.059,0.516,-4.9829593677107535,2.3495043293404856,-10.160278032785286,9.0
2016-08-02 15:32:39.560,-0.797,-0.066,0.508,-4.032175678587349,2.1691042518071098,-10.891590027508112,9.0
2016-08-02 15:32:39.570,-0.793,-0.07,0.504,-3.868029187971625,1.9448721201281836,-11.24484212460581,9.0
2016-08-02 15:32:39.580,-0.789,-0.078,0.504,-4.361244709442749,1.317884611897941,-10.970274598488682,9.0
2016-08-02 15:32:39.590,-0.777,-0.07,0.504,-5.450827116138007,0.3049256516164829,-10.471223674806948,9.0
2016-08-02 15:32:39.600,-0.773,-0.066,0.504,-6.927112817318854,-0.19113742781160464,-10.10078238260819,9.0
2016-08-02 15:32:39.610,-0.766,-0.066,0.504,-7.800091543976066,-0.15256107278272799,-9.727404328260318,9.0
2016-08-02 15:32:39.620,-0.754,-0.07,0.5,-7.477076051877475,0.016744608344520504,-9.401590210776638,9.0
2016-08-02 15:32:39.630,-0.742,-0.074,0.492,-5.9549459074512665,0.47300491523156196,-9.547980245057232,9.0
2016-08-02 15:32:39.640,-0.742,-0.074,0.477,-4.036314100834484,0.8371896561516089,-10.010034035773351,9.0
2016-08-02 15:32:39.650,-0.734,-0.078,0.457,-3.331948375312191,0.8590530402780356,-10.023599323205303,9.0
2016-08-02 15:32:39.660,-0.723,-0.082,0.445,-4.352714358124491,0.6305420961757239,-9.871105515678138,9.0
2016-08-02 15:32:39.670,-0.711,-0.082,0.434,-6.643524210391599,-0.1574060963427008,-10.328979685668303,9.0
2016-08-02 15:32:39.680,-0.691,-0.082,0.422,-10.098358039668025,-1.3396352213244658,-11.157900744534217,9.0
2016-08-02 15:32:39.690,-0.684,-0.078,0.406,-13.497084730964023,-2.520965044372939,-12.320279807596778,9.0
2016-08-02 15:32:39.700,-0.672,-0.078,0.398,-14.920512952046671,-3.6671312768942257,-13.816423192941187,9.0
2016-08-02 15:32:39.710,-0.664,-0.082,0.395,-14.435885736892674,-4.3670887396462,-14.792401255292765,9.0
2016-08-02 15:32:39.720,-0.66,-0.078,0.395,-13.740932602122534,-4.740806227680221,-14.944287722312346,9.0
2016-08-02 15:32:39.730,-0.656,-0.078,0.402,-13.913650424369282,-5.45669710118317,-14.849584126500318,9.0
2016-08-02 15:32:39.740,-0.641,-0.074,0.406,-14.604770354665044,-6.438318676521668,-15.108713735463365,9.0
2016-08-02 15:32:39.750,-0.625,-0.066,0.402,-15.740297038998444,-7.44739333207087,-15.64961494188137,9.0
2016-08-02 15:32:39.760,-0.621,-0.059,0.395,-17.90281313415817,-8.320122230058931,-16.016827033180746,9.0
2016-08-02 15:32:39.770,-0.621,-0.051,0.387,-20.106719362525364,-9.183535591368901,-16.598627290359858,9.0
2016-08-02 15:32:39.780,-0.621,-0.051,0.383,-21.504497159440636,-9.983427638686123,-17.187314725176122,9.0
2016-08-02 15:32:39.790,-0.629,-0.051,0.375,-22.995734400220183,-10.101606408398748,-16.612766374731287,9.0
2016-08-02 15:32:39.800,-0.633,-0.055,0.379,-23.874986898058857,-10.159154915453755,-15.546558139192879,9.0
2016-08-02 15:32:39.810,-0.633,-0.059,0.391,-23.07530726334519,-10.574223437396766,-14.632177061786013,9.0
2016-08-02 15:32:39.820,-0.633,-0.07,0.406,-22.246190980484972,-10.45362049096201,-13.005305724693665,9.0
2016-08-02 15:32:39.830,-0.637,-0.066,0.402,-22.633554254391097,-10.17752608069568,-11.18480149129087,9.0
2016-08-02 15:32:39.840,-0.645,-0.059,0.398,-23.487291712159767,-10.273733333837672,-9.98643115302186,9.0
2016-08-02 15:32:39.850,-0.66,-0.063,0.391,-24.36754340535143,-10.215864553566888,-9.013593142715296,9.0
2016-08-02 15:32:39.860,-0.672,-0.074,0.391,-25.217722722576514,-9.99075113643505,-8.100086558749314,9.0
2016-08-02 15:32:39.870,-0.676,-0.09,0.398,-24.95582543886723,-9.501597254315108,-7.662177230788918,9.0
2016-08-02 15:32:39.880,-0.676,-0.098,0.398,-23.135573523496248,-8.71172450045058,-8.043711832741598,9.0
2016-08-02 15:32:39.890,-0.68,-0.117,0.41,-21.226551508501274,-8.235321566305842,-8.83917436084764,9.0
2016-08-02 15:32:39.900,-0.68,-0.129,0.418,-19.63239179373608,-7.824512416461034,-9.637547380984675,9.0
2016-08-02 15:32:39.910,-0.672,-0.141,0.438,-17.168636577937697,-6.824468515402472,-10.714089438104045,9.0
2016-08-02 15:32:39.920,-0.68,-0.156,0.449,-13.494017896649746,-5.7302790275737845,-12.04529915645172,9.0
2016-08-02 15:32:39.930,-0.695,-0.176,0.461,-9.204801003207235,-5.261383407826683,-12.992230455236161,9.0
2016-08-02 15:32:39.940,-0.707,-0.18,0.469,-5.637299181582787,-5.135593800669037,-13.158262715794447,9.0
2016-08-02 15:32:39.950,-0.723,-0.188,0.484,-4.17187214340967,-4.957362593964223,-12.963113243284521,9.0
2016-08-02 15:32:39.960,-0.738,-0.191,0.496,-4.791780325589556,-5.1030680324789754,-12.73299032051009,9.0
2016-08-02 15:32:39.970,-0.754,-0.18,0.5,-7.490382709353321,-5.75299436585516,-11.997227909077914,9.0
2016-08-02 15:32:39.980,-0.766,-0.176,0.508,-12.352672319965787,-6.491495945989977,-10.70403390410577,9.0
2016-08-02 15:32:39.990,-0.781,-0.184,0.527,-16.702332384703666,-7.236142131446563,-9.614091125755806,9.0
2016-08-02 15:32:40.000,-0.805,-0.191,0.539,-17.779885099347688,-8.127138360492388,-8.961909639650623,9.0
2016-08-02 15:32:40.010,-0.805,-0.207,0.539,-16.231936172546636,-8.867241149766773,-8.461613358957832,9.0
2016-08-02 15:32:40.020,-0.801,-0.215,0.535,-12.86086289046704,-9.126788399485447,-8.604482235588735,9.0
2016-08-02 15:32:40.030,-0.797,-0.227,0.535,-8.299114438734364,-8.984568592581587,-9.736663054720696,9.0
2016-08-02 15:32:40.040,-0.793,-0.227,0.543,-4.8984481399214275,-8.702577313942731,-10.976593351333843,9.0
2016-08-02 15:32:40.050,-0.785,-0.219,0.539,-3.436326663596537,-8.405079012418398,-12.025530071460823,9.0
2016-08-02 15:32:40.060,-0.785,-0.219,0.539,-2.4846513292632952,-8.020354793626243,-13.145780127646464,9.0
2016-08-02 15:32:40.070,-0.785,-0.219,0.547,-1.0983813374056528,-7.571322274370232,-13.83303963161239,9.0
2016-08-02 15:32:40.080,-0.785,-0.211,0.547,0.6956960040538172,-7.100559397166656,-14.134583169434995,9.0
2016-08-02 15:32:40.090,-0.781,-0.207,0.539,1.555472518920544,-6.5540499744994145,-14.061301396373171,9.0
2016-08-02 15:32:40.100,-0.781,-0.188,0.539,0.48425192150098506,-6.2424395724681725,-12.852352752142778,9.0
2016-08-02 15:32:40.110,-0.777,-0.18,0.535,-1.3842043536842499,-6.4136290235606,-10.930941062787529,9.0
2016-08-02 15:32:40.120,-0.77,-0.172,0.539,-2.763719263946542,-6.3217827247931915,-8.997566962095615,9.0
2016-08-02 15:32:40.130,-0.762,-0.172,0.543,-3.072439027470564,-5.364400821902242,-7.175266208440254,9.0
2016-08-02 15:32:40.140,-0.762,-0.176,0.547,-2.5980105174547368,-4.202648832467306,-5.591829602133977,9.0
2016-08-02 15:32:40.150,-0.762,-0.176,0.539,-2.4580208956546192,-3.1781442977174796,-3.8710645845669864,9.0
2016-08-02 15:32:40.160,-0.754,-0.176,0.539,-2.4064218043886103,-1.9825287677222063,-2.3109469480009626,9.0
2016-08-02 15:32:40.170,-0.75,-0.184,0.535,-1.7460539089963756,-0.9110207439607986,-1.1883327152890628,9.0
2016-08-02 15:32:40.180,-0.746,-0.191,0.535,-1.1878380056813902,-0.14817305384738086,0.17278251447282028,9.0
2016-08-02 15:32:40.190,-0.738,-0.191,0.527,-1.261505867926016,0.5633126874629757,1.414977664648005,9.0
2016-08-02 15:32:40.200,-0.734,-0.195,0.531,-1.4756861662639926,1.376020994740411,2.209132197495103,9.0
2016-08-02 15:32:40.210,-0.738,-0.199,0.531,-1.1139373126596241,2.455978949118485,3.1208051582593375,9.0
2016-08-02 15:32:40.220,-0.754,-0.207,0.531,-0.08768387327798463,3.556633140153286,4.290787166686291,9.0
2016-08-02 15:32:40.230,-0.766,-0.211,0.531,1.1760998458863208,4.272379639998077,5.8877518503486925,9.0
2016-08-02 15:32:40.240,-0.773,-0.215,0.535,2.6151195120509314,4.7566190851467365,7.8907350239359895,9.0
2016-08-02 15:32:40.250,-0.773,-0.215,0.543,3.933864498692341,5.090047499821143,9.653195327492416,9.0
2016-08-02 15:32:40.260,-0.781,-0.219,0.539,4.279006499961101,5.098283022929213,10.948076272021794,9.0
2016-08-02 15:32:40.270,-0.781,-0.219,0.535,3.530760340420022,4.892025954611524,12.163921545050357,9.0
2016-08-02 15:32:40.280,-0.773,-0.219,0.535,2.7942584798240118,4.620387439057961,13.076454467576962,9.0
2016-08-02 15:32:40.290,-0.766,-0.219,0.535,3.1583898016697765,4.389752547830081,13.079532773783434,9.0
2016-08-02 15:32:40.300,-0.766,-0.219,0.527,4.181592119892779,4.458095781776112,12.769544034076738,9.0
2016-08-02 15:32:40.310,-0.758,-0.215,0.52,5.12957733661804,4.624170440250889,12.818604768757663,9.0
2016-08-02 15:32:40.320,-0.75,-0.207,0.512,6.6868166008039145,4.576704764124792,12.813813730934761,9.0
2016-08-02 15:32:40.330,-0.746,-0.203,0.516,8.661100127038164,4.709633968721265,12.875060287904917,9.0
2016-08-02 15:32:40.340,-0.738,-0.188,0.52,9.811467465609859,4.896022622121479,13.524480664039979,9.0
2016-08-02 15:32:40.350,-0.738,-0.18,0.516,10.745125572629954,4.595379009062297,14.492704212009862,9.0
2016-08-02 15:32:40.360,-0.73,-0.172,0.512,12.233314766892995,4.348727582050089,15.779051716861048,9.0
2016-08-02 15:32:40.370,-0.734,-0.164,0.516,13.763394695691414,4.481240980757475,17.550192310872475,9.0
2016-08-02 15:32:40.380,-0.73,-0.156,0.512,15.259613295083199,4.467056037694292,19.21570684467645,9.0
2016-08-02 15:32:40.390,-0.727,-0.156,0.508,16.688376023985697,4.311394094842485,20.519254021102697,9.0
2016-08-02 15:32:40.400,-0.719,-0.152,0.5,17.54813381363612,4.041057182691723,21.30873284905339,9.0
2016-08-02 15:32:40.410,-0.707,-0.145,0.5,17.635675624325103,3.4001904524077675,21.11212451112406,9.0
2016-08-02 15:32:40.420,-0.691,-0.137,0.488,17.091457203543833,2.7266994551707366,20.34466400280716,9.0
2016-08-02 15:32:40.430,-0.684,-0.125,0.484,16.266877156919453,2.2399859577556827,19.637937237501774,9.0
2016-08-02 15:32:40.440,-0.68,-0.117,0.484,15.710657772280857,1.8410860737165708,18.920972658189374,9.0
2016-08-02 15:32:40.450,-0.676,-0.121,0.492,15.97661223003205,1.7824602776961471,18.107644855791467,9.0
2016-08-02 15:32:40.460,-0.676,-0.117,0.492,17.011953805719354,1.9308165221666738,17.38873339973327,9.0
2016-08-02 15:32:40.470,-0.676,-0.113,0.484,17.967788347935695,1.8684573273608023,16.779283484675844,9.0
2016-08-02 15:32:40.480,-0.672,-0.102,0.477,18.169434828160014,1.718265207579479,15.790476150337078,9.0
2016-08-02 15:32:40.490,-0.668,-0.094,0.465,17.086680110705323,1.4787888800017235,14.126744553418579,9.0
2016-08-02 15:32:40.500,-0.672,-0.09,0.453,14.373787246475933,0.9054693000119175,12.26561942480023,9.0
2016-08-02 15:32:40.510,-0.656,-0.082,0.449,11.37259078384276,0.3228958158595641,10.590961925215066,9.0
2016-08-02 15:32:40.520,-0.652,-0.074,0.441,9.599639582050445,0.06255279449287035,9.247925096555695,9.0
2016-08-02 15:32:40.530,-0.668,-0.066,0.445,9.035837494409167,-0.06963104087682224,8.789376868860433,9.0
2016-08-02 15:32:40.540,-0.684,-0.063,0.457,9.724911917384524,0.0731077104024003,9.3012062681717,9.0
2016-08-02 15:32:40.550,-0.691,-0.059,0.461,11.205934819952038,0.7091745439987542,10.616980980517386,9.0
2016-08-02 15:32:40.560,-0.703,-0.063,0.473,12.679060047457313,1.4107428035629892,12.878591916759525,9.0
2016-08-02 15:32:40.570,-0.707,-0.063,0.48,14.506143606325896,1.960038489024322,15.184910267340147,9.0
2016-08-02 15:32:40.580,-0.711,-0.059,0.473,15.459646811165491,2.606709008455706,16.89419790959887,9.0
2016-08-02 15:32:40.590,-0.715,-0.047,0.469,13.410711505119256,3.1749541796147107,18.4939309564785,9.0
2016-08-02 15:32:40.600,-0.719,-0.039,0.465,9.741611955268274,3.3402390885807645,19.622390635538224,9.0
2016-08-02 15:32:40.610,-0.723,-0.043,0.465,7.53103519018371,3.530411011386515,20.000155957050403,9.0
2016-08-02 15:32:40.620,-0.719,-0.051,0.469,8.08011539046379,4.293331278877803,19.97038842828742,9.0
2016-08-02 15:32:40.630,-0.73,-0.063,0.469,10.357378855459745,5.41887620329288,19.43826461081563,9.0
2016-08-02 15:32:40.640,-0.73,-0.059,0.473,11.583182194469451,6.204353467928381,18.899834190986866,9.0
2016-08-02 15:32:40.650,-0.734,-0.047,0.473,10.28667470561579,6.176810018221285,18.846483667445554,9.0
2016-08-02 15:32:40.660,-0.73,-0.043,0.469,7.714587078203094,5.640152457151663,18.801291832108177,9.0
2016-08-02 15:32:40.670,-0.73,-0.035,0.469,5.378454454739191,5.24492769730607,18.670143059719067,9.0
2016-08-02 15:32:40.680,-0.719,-0.027,0.469,3.91987001244114,5.259714656764036,18.46269962825139,9.0
2016-08-02 15:32:40.690,-0.723,-0.027,0.469,3.5926629617475285,5.481597945880753,17.93950647288329,9.0
2016-08-02 15:32:40.700,-0.723,-0.035,0.473,4.050404766606954,5.615588482346662,17.44534877921182,9.0
2016-08-02 15:32:40.710,-0.723,-0.035,0.473,4.330928807545915,5.783860706888358,17.032487453304658,9.0
2016-08-02 15:32:40.720,-0.723,-0.035,0.469,3.643372257108549,6.16462252483105,16.361535630437412,9.0
2016-08-02 15:32:40.730,-0.723,-0.031,0.477,2.2353327930172737,6.3796649993761525,15.581933071761668,9.0
2016-08-02 15:32:40.740,-0.719,-0.031,0.484,1.521870150206265,6.103312353522131,14.722669918331153,9.0
2016-08-02 15:32:40.750,-0.719,-0.043,0.492,2.4975587588755124,5.679093464200966,13.82568000681352,9.0
2016-08-02 15:32:40.760,-0.723,-0.051,0.492,4.44216824931661,5.52241177225584,13.195468577865263,9.0
2016-08-02 15:32:40.770,-0.73,-0.043,0.488,6.076672006127108,5.36806100829649,12.745596832145576,9.0
2016-08-02 15:32:40.780,-0.75,-0.047,0.496,6.9147266031191315,4.725697104489004,12.520243350791649,9.0
2016-08-02 15:32:40.790,-0.75,-0.051,0.496,8.027787017445053,3.8542916731940062,12.224685190394856,9.0
2016-08-02 15:32:40.800,-0.75,-0.055,0.492,10.440103083643882,3.2711784351518114,11.174615965606568,9.0
2016-08-02 15:32:40.810,-0.758,-0.055,0.492,12.081012658966547,2.847766961792911,9.998933364276734,9.0
2016-08-02 15:32:40.820,-0.75,-0.043,0.5,11.186276331545763,2.2229026191346106,8.655086455311803,9.0
2016-08-02 15:32:40.830,-0.754,-0.031,0.504,9.715534183354869,1.3699558912808194,6.442216254704883,9.0
2016-08-02 15:32:40.840,-0.762,-0.031,0.504,9.447837278574315,0.6966404700039779,4.649358984258451,9.0
2016-08-02 15:32:40.850,-0.77,-0.039,0.508,10.691105848167762,0.6555094348488997,3.5309614617213088,9.0
2016-08-02 15:32:40.860,-0.785,-0.039,0.512,12.953785299604467,0.9639415629806349,2.3944632703201725,9.0
2016-08-02 15:32:40.870,-0.809,-0.047,0.508,14.259136573048103,0.8895759065511499,2.3900386148003947,9.0
2016-08-02 15:32:40.880,-0.809,-0.047,0.516,13.901702097579669,0.4824294569496774,3.4156323034546223,9.0
2016-08-02 15:32:40.890,-0.801,-0.043,0.512,12.78380293256919,0.41481622854572714,3.9256981433305125,9.0
2016-08-02 15:32:40.900,-0.797,-0.039,0.508,11.366510382471606,0.6494412944345935,3.972788477137925,9.0
2016-08-02 15:32:40.910,-0.797,-0.039,0.516,10.85581726203128,0.7886528751695527,3.9788494665609564,9.0
2016-08-02 15:32:40.920,-0.801,-0.039,0.527,11.98366891300491,1.175014453032524,3.9202352809204717,9.0
2016-08-02 15:32:40.930,-0.805,-0.047,0.531,13.232600784656036,2.013610376912939,4.312692885906387,9.0
2016-08-02 15:32:40.940,-0.809,-0.043,0.543,13.499501150377215,2.6400041390210145,5.361562780414504,9.0
2016-08-02 15:32:40.950,-0.816,-0.051,0.547,13.215501078038383,2.792644452132011,6.7886132863616115,9.0
2016-08-02 15:32:40.960,-0.816,-0.055,0.547,12.983114787895296,2.931993575122936,8.251857904784877,9.0
2016-08-02 15:32:40.970,-0.82,-0.051,0.551,13.284157119703732,3.1765275989668584,9.142900420756563,9.0
2016-08-02 15:32:40.980,-0.832,-0.055,0.555,13.964704543407437,3.3672016959809756,9.644556471463389,9.0
2016-08-02 15:32:40.990,-0.84,-0.051,0.563,14.377587806711341,3.3491002893649,10.33181139350537,9.0
2016-08-02 15:32:41.000,-0.859,-0.035,0.551,14.144993380125563,2.9043698351086924,10.960810754444434,9.0
2016-08-02 15:32:41.010,-0.855,-0.027,0.555,12.857726873290375,2.3886055709105536,11.710382212362877,9.0
2016-08-02 15:32:41.020,-0.855,-0.02,0.559,11.141865335447461,2.3480737441013035,12.486403074071994,9.0
2016-08-02 15:32:41.030,-0.859,-0.012,0.555,10.264599022773476,2.5468135101546228,12.223856950818762,9.0
2016-08-02 15:32:41.040,-0.863,0.004,0.555,9.395724101085278,2.7550496852814708,11.45376230879861,9.0
2016-08-02 15:32:41.050,-0.871,0.027,0.547,7.109957816871143,2.9394697697566103,11.253831379537804,9.0
2016-08-02 15:32:41.060,-0.895,0.035,0.543,3.8745688419829527,2.6608637054757978,11.609599736932822,9.0
2016-08-02 15:32:41.070,-0.914,0.035,0.563,0.8105077134885383,1.9402490235342271,12.926100026133225,9.0
2016-08-02 15:32:41.080,-0.922,0.035,0.574,-1.7854302537045805,1.2208576427506947,15.048614517642532,9.0
2016-08-02 15:32:41.090,-0.934,0.039,0.59,-4.094697222860438,0.4994183934118843,17.10722810810806,9.0
2016-08-02 15:32:41.100,-0.941,0.047,0.598,-5.663270796310602,-0.223122059609083,18.705278562906543,9.0
2016-08-02 15:32:41.110,-0.945,0.059,0.598,-6.226892361608811,-0.8914238131221036,19.299677202374042,9.0
2016-08-02 15:32:41.120,-0.957,0.074,0.594,-6.512710524022033,-1.7098380418625825,19.08551640103601,9.0
2016-08-02 15:32:41.130,-0.949,0.082,0.594,-6.6112132709365135,-2.56273268058923,18.69081408026286,9.0
2016-08-02 15:32:41.140,-0.953,0.09,0.59,-6.170067361934454,-3.1289437732977454,17.862973326859816,9.0
2016-08-02 15:32:41.150,-0.957,0.098,0.586,-5.379100797935642,-3.545309619163797,16.900887608516832,9.0
2016-08-02 15:32:41.160,-0.945,0.094,0.594,-3.7188732062439196,-3.8789631933991027,16.0947567268582,9.0
2016-08-02 15:32:41.170,-0.938,0.094,0.609,-1.0358181262769761,-3.711731823334994,14.782943794683076,9.0
2016-08-02 15:32:41.180,-0.938,0.094,0.617,0.38575445977343736,-3.102187458976963,13.340663085546996,9.0
2016-08-02 15:32:41.190,-0.949,0.102,0.633,-0.9058344118583403,-3.0035557998747073,12.514908668417341,9.0
2016-08-02 15:32:41.200,-0.953,0.109,0.637,-3.3778291092831347,-3.53770663275008,11.792855057023381,9.0
2016-08-02 15:32:41.210,-0.957,0.113,0.633,-4.9945795754632085,-3.5697577663075792,10.643478537059643,9.0
2016-08-02 15:32:41.220,-0.973,0.102,0.633,-3.8952045890247646,-3.2012360877780632,9.122215059742894,9.0
2016-08-02 15:32:41.230,-0.977,0.09,0.637,-0.3135078130932873,-3.1012206713774235,7.6074471760732205,9.0
2016-08-02 15:32:41.240,-0.98,0.09,0.637,2.489754602954014,-2.7980350344627536,6.705527854781839,9.0
2016-08-02 15:32:41.250,-0.988,0.102,0.633,2.8758535551594218,-2.670075067108573,6.171872939886848,9.0
2016-08-02 15:32:41.260,-1.0,0.098,0.637,2.069147459247616,-3.115770342717216,5.648119966692436,9.0
2016-08-02 15:32:41.270,-1.004,0.105,0.641,1.22947017413706,-3.1706207047399504,5.652864898197532,9.0
2016-08-02 15:32:41.280,-1.012,0.109,0.637,0.6718412425479205,-2.920423009384308,5.7666330848863065,9.0
2016-08-02 15:32:41.290,-1.012,0.102,0.637,1.2821968492306546,-2.6337817528950183,5.170274047704494,9.0
2016-08-02 15:32:41.300,-1.012,0.094,0.629,3.974279575152103,-1.560699220783609,4.150193007400199,9.0
2016-08-02 15:32:41.310,-1.016,0.094,0.617,7.017897877616942,-0.3497386590934878,3.1290203616939944,9.0
2016-08-02 15:32:41.320,-1.008,0.098,0.613,8.334336335021652,0.23938225821054457,2.1116336792643637,9.0
2016-08-02 15:32:41.330,-0.996,0.102,0.609,8.329455623160053,0.9596604920163174,1.1473372371979846,9.0
2016-08-02 15:32:41.340,-1.0,0.102,0.613,7.617539463830902,1.5185171828190898,0.6319504905369685,9.0
2016-08-02 15:32:41.350,-0.988,0.109,0.609,6.6618433053128445,1.5297352005705798,0.5020057923161841,9.0
2016-08-02 15:32:41.360,-0.98,0.109,0.605,6.451368566433122,2.0696184252280023,0.2775755946801992,9.0
2016-08-02 15:32:41.370,-0.973,0.109,0.598,7.119100821424221,2.8318291411751577,-0.15864060919032552,9.0
2016-08-02 15:32:41.380,-0.973,0.105,0.602,8.016050289306301,2.932151973902589,-0.799713624236788,9.0
2016-08-02 15:32:41.390,-0.969,0.109,0.598,8.300684695398772,2.884734462118274,-1.3200100740491159,9.0
2016-08-02 15:32:41.400,-0.961,0.117,0.594,7.158565496154314,2.572159817659451,-1.4235279352654828,9.0
2016-08-02 15:32:41.410,-0.953,0.121,0.598,4.842580697426898,1.9241950365535647,-1.379753102986501,9.0
2016-08-02 15:32:41.420,-0.949,0.117,0.594,2.5692653672314325,1.8429169943080672,-1.217285780561204,9.0
2016-08-02 15:32:41.430,-0.949,0.113,0.59,1.489147558030119,2.145258816573034,-0.7996985978761297,9.0
2016-08-02 15:32:41.440,-0.953,0.105,0.586,1.7972962501528653,2.07821472464276,-0.2976281143185208,9.0
2016-08-02 15:32:41.450,-0.953,0.105,0.586,2.1365869580317245,1.684855074975559,0.23234378967466002,9.0
2016-08-02 15:32:41.460,-0.949,0.105,0.586,1.5373016323389121,1.1552035888098717,0.4949162658539692,9.0
2016-08-02 15:32:41.470,-0.949,0.098,0.586,0.7347162502694718,0.5650434883208649,0.37544214054517877,9.0
2016-08-02 15:32:41.480,-0.949,0.102,0.586,0.1342835276219481,0.02653874833297795,0.5214930411900623,9.0
2016-08-02 15:32:41.490,-0.938,0.109,0.594,-0.845255904809995,-0.4082055093290522,0.8485007648192131,9.0
2016-08-02 15:32:41.500,-0.938,0.113,0.594,-1.9729051207554167,-0.6454641967107723,0.9765951756472211,9.0
2016-08-02 15:32:41.510,-0.938,0.105,0.602,-2.281893058769949,-0.7236576208985039,1.4733490666020064,9.0
2016-08-02 15:32:41.520,-0.938,0.109,0.602,-2.2249759404004044,-0.601314856241535,2.4279330707931184,9.0
2016-08-02 15:32:41.530,-0.938,0.113,0.602,-2.7786049593065645,-0.09177493525649179,3.1667645329951988,9.0
2016-08-02 15:32:41.540,-0.945,0.113,0.613,-3.309512611510947,0.4535885632779514,3.5810255333529124,9.0
2016-08-02 15:32:41.550,-0.953,0.113,0.621,-3.3369063117479367,0.8606269102891322,4.093285965873336,9.0
2016-08-02 15:32:41.560,-0.957,0.113,0.629,-3.4622645670467413,1.5221222074504608,4.599102674140323,9.0
2016-08-02 15:32:41.570,-0.965,0.113,0.625,-3.3345374350877397,2.148950177859363,4.709824812812282,9.0
2016-08-02 15:32:41.580,-0.977,0.109,0.629,-2.077555947023691,2.3177581085473085,4.7204672195739965,9.0
2016-08-02 15:32:41.590,-0.988,0.102,0.637,0.03402624738552534,2.481756584382577,4.665091266468451,9.0
2016-08-02 15:32:41.600,-1.0,0.105,0.633,1.7525959882412587,2.7474814567422556,4.24286462008963,9.0
2016-08-02 15:32:41.610,-1.004,0.109,0.637,1.9948557621954,2.47894212861332,3.735852975481776,9.0
2016-08-02 15:32:41.620,-1.004,0.117,0.637,1.312516046311843,1.7801840521879397,2.9786281378719965,9.0
2016-08-02 15:32:41.630,-1.008,0.117,0.637,1.0144148440454441,1.4651012189613057,1.7789618968575924,9.0
2016-08-02 15:32:41.640,-1.02,0.113,0.645,1.4994966557985758,1.6162944235932537,0.7545692140416284,9.0
2016-08-02 15:32:41.650,-1.023,0.105,0.648,2.707606726106518,1.853959124024935,-0.021123173000682727,9.0
2016-08-02 15:32:41.660,-1.027,0.098,0.656,3.8340370365052143,2.0988933725153176,-0.8077522181176745,9.0
2016-08-02 15:32:41.670,-1.027,0.094,0.652,3.9426871652852142,2.0510561986880274,-1.5085848784267983,9.0
2016-08-02 15:32:41.680,-1.02,0.098,0.648,3.360368838213283,1.552613037813358,-2.3295485749495874,9.0
2016-08-02 15:32:41.690,-1.02,0.094,0.652,2.826148476555173,1.1165602153100143,-3.2026233790755634,9.0
2016-08-02 15:32:41.700,-1.016,0.09,0.648,3.0255072015449085,1.0128260237494673,-3.74686977292252,9.0
2016-08-02 15:32:41.710,-1.02,0.086,0.652,3.9534594384873483,1.2038023396138007,-3.9497445151178185,9.0
2016-08-02 15:32:41.720,-1.023,0.086,0.656,4.6967151997539744,1.6888608896295838,-3.4936403352144927,9.0
2016-08-02 15:32:41.730,-1.027,0.086,0.66,4.845038855937437,2.0781604430783682,-2.3434036159269893,9.0
2016-08-02 15:32:41.740,-1.031,0.09,0.656,3.888516522806361,2.108243919726396,-0.9608662969845924,9.0
2016-08-02 15:32:41.750,-1.027,0.098,0.648,1.6776711190322613,1.8528059457197825,0.47356820474153044,9.0
2016-08-02 15:32:41.760,-1.031,0.102,0.652,-0.39865771901546815,1.368066428746376,1.631212219075647,9.0
2016-08-02 15:32:41.770,-1.023,0.094,0.656,-1.7327990649070224,1.1669727088852104,2.790190174900595,9.0
2016-08-02 15:32:41.780,-1.016,0.09,0.664,-2.703683932107111,1.415678068290195,4.2573111505381345,9.0
2016-08-02 15:32:41.790,-1.016,0.094,0.66,-3.4803657425731283,1.53590236480803,5.436186496120934,9.0
2016-08-02 15:32:41.800,-1.008,0.098,0.656,-4.453812434009526,1.618063741374712,6.35889768090345,9.0
2016-08-02 15:32:41.810,-1.0,0.094,0.645,-5.2959248657282965,1.7852534379152663,6.994477295718504,9.0
2016-08-02 15:32:41.820,-0.992,0.094,0.645,-5.475404915920084,1.6096634168039134,6.893322248187367,9.0
2016-08-02 15:32:41.830,-0.984,0.094,0.637,-5.622615267640281,1.2365528292651027,6.410646498162546,9.0
2016-08-02 15:32:41.840,-0.977,0.094,0.633,-6.344572793517736,0.8329596256204366,5.860466549912903,9.0
2016-08-02 15:32:41.850,-0.973,0.094,0.629,-6.922727881595088,0.31722449592905017,5.172270333274993,9.0
2016-08-02 15:32:41.860,-0.969,0.09,0.629,-6.118323122547379,0.08784970305643418,4.439524599369201,9.0
2016-08-02 15:32:41.870,-0.965,0.086,0.629,-4.047405528932541,0.23722694041581927,3.728796586193322,9.0
2016-08-02 15:32:41.880,-0.965,0.086,0.613,-1.955858271168603,0.29004689243039966,2.8433607890219057,9.0
2016-08-02 15:32:41.890,-0.965,0.094,0.609,-1.066699528351673,0.1165286490270824,1.664759768639112,9.0
2016-08-02 15:32:41.900,-0.949,0.098,0.598,-2.2283566809081448,-0.32158377988545866,0.42249839935170563,9.0
2016-08-02 15:32:41.910,-0.941,0.098,0.586,-4.608782774691305,-1.0965682325647617,-0.9520796706135859,9.0
2016-08-02 15:32:41.920,-0.938,0.098,0.586,-6.232100884272765,-1.8461769749262287,-2.521115290271807,9.0
2016-08-02 15:32:41.930,-0.934,0.09,0.582,-6.471901574468836,-2.363078734229017,-3.798152951239146,9.0
2016-08-02 15:32:41.940,-0.926,0.078,0.582,-5.623863454144274,-2.623772588642248,-4.729258913542161,9.0
2016-08-02 15:32:41.950,-0.922,0.078,0.586,-3.9505872553448214,-2.5953087335522045,-5.597699575710706,9.0
2016-08-02 15:32:41.960,-0.918,0.082,0.586,-2.4108662243172185,-2.437014091894737,-6.241528150700383,9.0
2016-08-02 15:32:41.970,-0.918,0.082,0.578,-1.3883037871291537,-2.0855642754988484,-6.532869990989445,9.0
2016-08-02 15:32:41.980,-0.918,0.086,0.57,-0.18525755350449358,-1.572585241155159,-6.7460151707247435,9.0
2016-08-02 15:32:41.990,-0.918,0.086,0.566,0.47132120558018914,-0.9890003890269966,-7.02320875396678,9.0
2016-08-02 15:32:42.000,-0.926,0.09,0.566,-0.4881400206202794,-0.42236393858953747,-7.100802479165138,9.0
2016-08-02 15:32:42.010,-0.918,0.086,0.566,-1.9588904116312604,-0.23066923744044884,-7.037826528929399,9.0
2016-08-02 15:32:42.020,-0.91,0.082,0.566,-2.81898661721361,-0.08021277259816856,-7.13937816805371,9.0
2016-08-02 15:32:42.030,-0.898,0.078,0.566,-3.094152176450362,0.41439604029730237,-7.337724434623411,9.0
2016-08-02 15:32:42.040,-0.895,0.078,0.566,-2.5275667313578793,1.0747439443485314,-7.610500067711451,9.0
2016-08-02 15:32:42.050,-0.891,0.07,0.574,-1.2096450142206923,2.0425194138294662,-7.926940446769669,9.0
2016-08-02 15:32:42.060,-0.895,0.066,0.57,-0.004187712551259284,3.1274995281289115,-8.087682080675602,9.0
2016-08-02 15:32:42.070,-0.895,0.063,0.57,0.47144882066502913,3.983622071810381,-8.225705270020727,9.0
2016-08-02 15:32:42.080,-0.895,0.055,0.57,0.21162744142893555,4.6023184947084745,-8.638433799717568,9.0
2016-08-02 15:32:42.090,-0.898,0.051,0.566,-0.3184192302255018,4.696149978349569,-9.342805281814035,9.0
2016-08-02 15:32:42.100,-0.891,0.047,0.566,-0.9225060715124507,4.4052715779085005,-10.118936491246835,9.0
2016-08-02 15:32:42.110,-0.879,0.043,0.566,-1.4774336521428904,4.259772078291049,-10.850551957001489,9.0
2016-08-02 15:32:42.120,-0.875,0.035,0.566,-0.8532026187229866,4.26242072795123,-11.532811814815842,9.0
2016-08-02 15:32:42.130,-0.871,0.023,0.566,1.6280131508603857,4.291846985740252,-11.88894408960549,9.0
2016-08-02 15:32:42.140,-0.867,0.02,0.555,4.511950015697731,4.402141475877865,-11.65958852610666,9.0
2016-08-02 15:32:42.150,-0.871,0.023,0.543,6.072251274607504,4.604639687008614,-11.09519576976654,9.0
2016-08-02 15:32:42.160,-0.875,0.031,0.535,6.0564274425155915,4.652594326862796,-10.503078390067987,9.0
2016-08-02 15:32:42.170,-0.871,0.031,0.531,4.959130541836033,4.28011767622043,-9.833035281159205,9.0
2016-08-02 15:32:42.180,-0.867,0.031,0.531,3.659329742224582,3.806463683829872,-9.225060052499266,9.0
2016-08-02 15:32:42.190,-0.867,0.031,0.535,2.5512246728992642,3.5579253915853375,-8.75883471068931,9.0
2016-08-02 15:32:42.200,-0.859,0.027,0.535,1.3383472713002198,3.4684618684822497,-8.097930491323526,9.0
2016-08-02 15:32:42.210,-0.844,0.031,0.539,0.7302700589784601,3.914856950951042,-7.336084805552809,9.0
2016-08-02 15:32:42.220,-0.84,0.023,0.535,1.1113445913988667,4.862854634141758,-6.537881269905986,9.0
2016-08-02 15:32:42.230,-0.832,0.016,0.527,1.691574924835351,5.304401610372457,-5.605601059948599,9.0
2016-08-02 15:32:42.240,-0.824,0.016,0.516,2.3454299875668094,5.1590574550264146,-4.960363820223708,9.0
2016-08-02 15:32:42.250,-0.813,0.012,0.508,2.7431626061002214,5.003231041149117,-4.564984753399927,9.0
2016-08-02 15:32:42.260,-0.805,0.012,0.5,2.268757084991008,4.592495615285174,-4.067136708686714,9.0
2016-08-02 15:32:42.270,-0.793,0.012,0.492,1.6411716764752895,3.909728770084269,-3.5348034932588135,9.0
2016-08-02 15:32:42.280,-0.781,0.012,0.492,1.8799512182637086,3.676114332435777,-2.8931435247194237,9.0
2016-08-02 15:32:42.290,-0.773,0.012,0.484,2.908463442483682,3.9985008971670695,-2.228799460099309,9.0
2016-08-02 15:32:42.300,-0.77,0.008,0.484,3.934385040808367,4.320357430187828,-1.730429916938662,9.0
2016-08-02 15:32:42.310,-0.766,0.0,0.477,4.708865872501586,4.426166751548635,-1.3417044270539176,9.0
2016-08-02 15:32:42.320,-0.762,0.0,0.465,5.1808015831760565,4.2321817461190125,-1.3784583834491413,9.0
2016-08-02 15:32:42.330,-0.75,0.008,0.453,4.322057618475708,3.5994044153655453,-1.7556286041705176,9.0
2016-08-02 15:32:42.340,-0.738,0.012,0.445,2.211472479328238,2.7139810719154434,-1.9310576126349859,9.0
2016-08-02 15:32:42.350,-0.727,0.012,0.438,0.2149363362848435,1.8708923965096917,-1.8586525047947133,9.0
2016-08-02 15:32:42.360,-0.719,0.016,0.426,-1.8982942959588587,1.1491782852844967,-1.4117857063696702,9.0
2016-08-02 15:32:42.370,-0.699,0.012,0.418,-3.7702573117305533,0.6076306034946395,-0.9323053746648433,9.0
2016-08-02 15:32:42.380,-0.688,0.008,0.414,-3.529153273625745,0.4675612901025421,-1.0162740246931676,9.0
2016-08-02 15:32:42.390,-0.688,0.0,0.402,-1.7561266856140423,0.5482408835111097,-1.163295587179159,9.0
2016-08-02 15:32:42.400,-0.68,0.004,0.398,-0.4182551457155005,0.43004911441763427,-1.1420430738188883,9.0
2016-08-02 15:32:42.410,-0.668,0.008,0.387,0.035722879995297566,0.23522819510016443,-1.4039829815449494,9.0
2016-08-02 15:32:42.420,-0.664,0.008,0.387,-0.18483130510713242,-0.008862621602588022,-1.8330513229864587,9.0
2016-08-02 15:32:42.430,-0.66,0.016,0.383,-0.9822139635854927,-0.4353745903134233,-2.2530420316387048,9.0
2016-08-02 15:32:42.440,-0.656,0.016,0.387,-2.291997778816798,-0.863727879630482,-2.7195572854622894,9.0
2016-08-02 15:32:42.450,-0.652,0.016,0.391,-3.718008632880828,-1.3629831702971438,-3.1229133534780615,9.0
2016-08-02 15:32:42.460,-0.648,0.012,0.391,-4.548592304777093,-1.9085739958032613,-3.6250093207964262,9.0
2016-08-02 15:32:42.470,-0.645,0.008,0.391,-4.697119310579474,-2.225734432436786,-4.602302404563726,9.0
2016-08-02 15:32:42.480,-0.648,0.004,0.383,-4.765469373313056,-2.5726914748239564,-5.911134626643971,9.0
2016-08-02 15:32:42.490,-0.645,0.0,0.387,-4.983077655966296,-3.1532070902112306,-7.294065160959214,9.0
2016-08-02 15:32:42.500,-0.648,0.008,0.387,-5.0240787759576495,-3.78906323761718,-9.043078072542784,9.0
2016-08-02 15:32:42.510,-0.641,0.008,0.379,-5.024307881000111,-4.513731432850289,-11.085750236925316,9.0
2016-08-02 15:32:42.520,-0.641,0.008,0.379,-5.247655824690056,-5.198697396432995,-12.895570142753956,9.0
2016-08-02 15:32:42.530,-0.645,0.004,0.387,-5.381282745049044,-5.821738037764449,-14.631156960202443,9.0
2016-08-02 15:32:42.540,-0.648,0.008,0.387,-5.723789130342966,-6.61267276492327,-16.425296009313087,9.0
2016-08-02 15:32:42.550,-0.66,0.012,0.398,-6.705911931145909,-7.449932879442369,-17.9259682988593,9.0
2016-08-02 15:32:42.560,-0.672,0.008,0.41,-7.334516971499341,-8.554404470996126,-19.26135567274103,9.0
2016-08-02 15:32:42.570,-0.676,0.0,0.418,-6.834782108017796,-9.876799380113603,-20.501934290372333,9.0
2016-08-02 15:32:42.580,-0.688,-0.008,0.43,-6.114147894762298,-10.66578486586203,-21.349010502263248,9.0
2016-08-02 15:32:42.590,-0.695,-0.012,0.438,-6.159174685077424,-11.091416988977238,-21.87752493572473,9.0
2016-08-02 15:32:42.600,-0.703,-0.004,0.445,-6.748023521816378,-11.616755924330242,-22.054754134393434,9.0
2016-08-02 15:32:42.610,-0.715,0.004,0.449,-7.497806709011595,-12.018398227738402,-21.622802071177865,9.0
2016-08-02 15:32:42.620,-0.734,0.008,0.457,-8.174217510251319,-12.18265334962179,-20.7291007351039,9.0
2016-08-02 15:32:42.630,-0.754,-0.004,0.461,-8.102593986260334,-12.218102268908446,-19.69976842851257,9.0
2016-08-02 15:32:42.640,-0.762,-0.012,0.469,-7.330794364802307,-12.088138805305912,-18.718467504191622,9.0
2016-08-02 15:32:42.650,-0.77,-0.016,0.477,-6.887803155004354,-11.716597114180667,-17.886312929414228,9.0
2016-08-02 15:32:42.660,-0.773,-0.016,0.484,-7.559364330360203,-11.309898646511945,-17.380660382555465,9.0
2016-08-02 15:32:42.670,-0.777,-0.02,0.492,-8.911611547142648,-11.037123728531665,-17.403016636909577,9.0
2016-08-02 15:32:42.680,-0.773,-0.02,0.496,-9.314617395207643,-10.610837861067653,-17.78478070420299,9.0
2016-08-02 15:32:42.690,-0.773,-0.039,0.508,-7.976412779969728,-9.802741431793068,-18.171104000406277,9.0
2016-08-02 15:32:42.700,-0.77,-0.047,0.508,-5.562904800734634,-8.820132026242222,-18.433120437125847,9.0
2016-08-02 15:32:42.710,-0.781,-0.051,0.516,-2.911631395487245,-7.906331643706107,-18.367623240352106,9.0
2016-08-02 15:32:42.720,-0.793,-0.051,0.52,-0.8703863811213897,-7.152443087465845,-17.785543544856974,9.0
2016-08-02 15:32:42.730,-0.793,-0.051,0.527,0.39873894573159047,-6.610340240366853,-17.113941112558766,9.0
2016-08-02 15:32:42.740,-0.793,-0.051,0.52,1.6123628031063277,-6.28488488494239,-16.855278621965635,9.0
2016-08-02 15:32:42.750,-0.797,-0.055,0.52,2.628944789152733,-6.056410034532641,-16.74095945546677,9.0
2016-08-02 15:32:42.760,-0.789,-0.055,0.523,2.9333687989895596,-5.721561407135694,-16.661954743918816,9.0
2016-08-02 15:32:42.770,-0.789,-0.055,0.516,2.6928550681632344,-5.443449341162909,-16.940222878925677,9.0
2016-08-02 15:32:42.780,-0.781,-0.055,0.512,1.9292209766939872,-5.4174027709969215,-16.931244705442033,9.0
2016-08-02 15:32:42.790,-0.781,-0.051,0.512,0.9745931026637117,-5.269855201826507,-16.032206223652654,9.0
2016-08-02 15:32:42.800,-0.785,-0.051,0.516,0.16236217381796986,-4.972196544792375,-14.754820008794532,9.0
2016-08-02 15:32:42.810,-0.797,-0.043,0.527,-1.1081857476195809,-4.888406244087956,-13.066357556854983,9.0
2016-08-02 15:32:42.820,-0.801,-0.043,0.543,-2.8513311621677415,-4.683079974402972,-10.605724528512866,9.0
2016-08-02 15:32:42.830,-0.801,-0.043,0.559,-4.3643125819258115,-4.225624250266295,-7.863838807960219,9.0
2016-08-02 15:32:42.840,-0.805,-0.043,0.563,-5.895408584097391,-4.02526597617022,-5.2132586181218326,9.0
2016-08-02 15:32:42.850,-0.805,-0.051,0.563,-7.6631460158713,-3.987076874540496,-2.7799893820219506,9.0
2016-08-02 15:32:42.860,-0.801,-0.055,0.566,-8.506480300884798,-4.001950421652168,-1.1935146153381866,9.0
2016-08-02 15:32:42.870,-0.801,-0.059,0.563,-8.054151782708795,-4.1928383416703054,-0.5323358640536195,9.0
2016-08-02 15:32:42.880,-0.793,-0.063,0.566,-7.6739204928846725,-4.328108270715063,-0.04972984130537322,9.0
2016-08-02 15:32:42.890,-0.777,-0.074,0.555,-8.019052987438915,-4.5066624319872135,0.23594819804445663,9.0
2016-08-02 15:32:42.900,-0.766,-0.082,0.543,-8.436323262979304,-4.63250475009542,0.0417108649515074,9.0
2016-08-02 15:32:42.910,-0.762,-0.082,0.539,-8.248643973512024,-4.295144683481892,-0.03287132142307862,9.0
2016-08-02 15:32:42.920,-0.758,-0.09,0.539,-7.183683297796263,-3.7103043991051794,0.35858635102890046,9.0
2016-08-02 15:32:42.930,-0.762,-0.098,0.535,-5.421049022199935,-3.017756551070958,0.835845268360986,9.0
2016-08-02 15:32:42.940,-0.77,-0.098,0.535,-3.62236130363166,-2.214750073077022,1.4197867408769298,9.0
2016-08-02 15:32:42.950,-0.773,-0.098,0.535,-2.350382663422237,-1.5079581470702466,2.567709413873473,9.0
2016-08-02 15:32:42.960,-0.777,-0.102,0.539,-1.4753077805966321,-0.7611453075800703,4.213737626521256,9.0
2016-08-02 15:32:42.970,-0.777,-0.094,0.535,-0.7540949799045688,-0.04978202087203572,6.048133331532435,9.0
2016-08-02 15:32:42.980,-0.777,-0.09,0.527,-0.36055076900984373,0.4018119282431707,7.964365434014356,9.0
2016-08-02 15:32:42.990,-0.773,-0.094,0.523,-0.20046504305544702,0.8910748114075365,9.51330815514752,9.0
2016-08-02 15:32:43.000,-0.77,-0.09,0.52,0.14298069880648945,1.364091985170137,10.430476214348328,9.0
2016-08-02 15:32:43.010,-0.754,-0.09,0.516,0.532249291380674,1.4892375614735465,11.106937207795019,9.0
2016-08-02 15:32:43.020,-0.734,-0.09,0.504,0.703287031164164,1.6114138413621446,11.52523516485157,9.0
2016-08-02 15:32:43.030,-0.723,-0.102,0.496,1.2892693836144498,1.9852832310235762,11.30903193548707,9.0
2016-08-02 15:32:43.040,-0.711,-0.105,0.48,3.0291532895446567,2.221479243718598,10.582926140265432,9.0
2016-08-02 15:32:43.050,-0.695,-0.098,0.477,5.185826105158494,2.4984286752639835,9.862116147000329,9.0
2016-08-02 15:32:43.060,-0.699,-0.09,0.473,6.729469184582589,3.135119910456913,9.707016459032129,9.0
2016-08-02 15:32:43.070,-0.707,-0.078,0.473,8.046341033508973,3.437737115079493,10.582675937667407,9.0
2016-08-02 15:32:43.080,-0.711,-0.07,0.484,9.286961024110493,3.544693157633928,12.869279171504264,9.0
2016-08-02 15:32:43.090,-0.711,-0.074,0.492,10.22682096877977,4.342178269724021,16.09124245860691,9.0
2016-08-02 15:32:43.100,-0.715,-0.07,0.492,11.506194280694672,5.178895966277299,19.065787609235276,9.0
2016-08-02 15:32:43.110,-0.719,-0.066,0.484,12.908794295299138,5.344678208192379,21.56635655547948,9.0
2016-08-02 15:32:43.120,-0.711,-0.059,0.477,13.365613774665672,5.1858716629874095,23.641721552117744,9.0
2016-08-02 15:32:43.130,-0.691,-0.055,0.469,12.840475571613794,4.7745222412414545,24.56696076084336,9.0
2016-08-02 15:32:43.140,-0.672,-0.043,0.457,11.834841290309868,4.251897467916598,23.970776161553438,9.0
2016-08-02 15:32:43.150,-0.656,-0.043,0.453,10.81407113429205,4.098323769381447,22.329207770333234,9.0
2016-08-02 15:32:43.160,-0.648,-0.035,0.453,10.540669601517326,4.208928846192587,20.20324080118152,9.0
2016-08-02 15:32:43.170,-0.648,-0.027,0.449,11.10147438625832,4.129012671660174,17.802217444902684,9.0
2016-08-02 15:32:43.180,-0.648,-0.027,0.445,11.712169116285605,3.8746299449943438,15.241084605263922,9.0
2016-08-02 15:32:43.190,-0.652,-0.008,0.441,11.962590268459122,3.443254429974208,12.705628198877362,9.0
2016-08-02 15:32:43.200,-0.652,0.004,0.438,10.92612307541987,2.5087063116070283,10.521045225881085,9.0
2016-08-02 15:32:43.210,-0.656,0.02,0.434,7.424363313715309,1.411591625011879,9.011096570791182,9.0
2016-08-02 15:32:43.220,-0.664,0.035,0.43,2.613468413678737,0.5542094756445263,8.179172485326632,9.0
2016-08-02 15:32:43.230,-0.676,0.047,0.438,-1.2880861447290166,-0.3663405061852566,8.124478017923716,9.0
2016-08-02 15:32:43.240,-0.684,0.047,0.441,-3.2856466956366592,-0.7544436652234926,8.925534456809288,9.0
2016-08-02 15:32:43.250,-0.691,0.047,0.438,-3.2152303725653093,0.015324164073472687,9.8859255486557,9.0
2016-08-02 15:32:43.260,-0.703,0.039,0.434,-2.236181585253977,0.7373429006453948,10.47155550874103,9.0
2016-08-02 15:32:43.270,-0.711,0.043,0.434,-2.2623927301332074,0.9305081697263939,11.035948852681305,9.0
2016-08-02 15:32:43.280,-0.715,0.035,0.438,-3.3184003227558896,1.2455472627861022,11.599536827766546,9.0
2016-08-02 15:32:43.290,-0.711,0.035,0.449,-4.257898418590845,1.2390764833524333,11.587618856955103,9.0
2016-08-02 15:32:43.300,-0.707,0.031,0.457,-4.724857875151842,0.9845527072812119,10.855165372676188,9.0
2016-08-02 15:32:43.310,-0.711,0.027,0.461,-4.498484164780537,1.1075168823006432,9.989993977886387,9.0
2016-08-02 15:32:43.320,-0.727,0.02,0.465,-3.487422236193417,1.0669283697428653,9.690711019994286,9.0
2016-08-02 15:32:43.330,-0.719,0.016,0.469,-2.2421121097342946,0.9126901768701956,9.989480114782921,9.0
2016-08-02 15:32:43.340,-0.719,0.008,0.48,-1.207782447087128,1.1497007151822909,10.276106179280063,9.0
2016-08-02 15:32:43.350,-0.719,0.008,0.48,-0.7587838321757032,0.8836802705668283,10.412217526368783,9.0
2016-08-02 15:32:43.360,-0.707,0.008,0.484,-1.2782815797242189,-0.150211373038383,10.83718702759723,9.0
2016-08-02 15:32:43.370,-0.699,0.008,0.488,-2.0850004191733187,-0.7613605375301216,11.078514167083277,9.0
2016-08-02 15:32:43.380,-0.688,-0.004,0.48,-2.267229719396532,-0.7085402218520636,10.405862568168086,9.0
2016-08-02 15:32:43.390,-0.695,-0.008,0.477,-1.8944443449450863,-0.5666418176705265,9.458855128110113,9.0
2016-08-02 15:32:43.400,-0.695,-0.016,0.473,-0.7244073023148992,-0.5324646671846789,8.88116423297469,9.0
2016-08-02 15:32:43.410,-0.691,-0.016,0.473,1.533382120866495,-0.6453031220905008,8.378909368201825,9.0
2016-08-02 15:32:43.420,-0.699,-0.016,0.48,3.7753272936854314,-0.6348890709455529,8.027542743818842,9.0
2016-08-02 15:32:43.430,-0.707,-0.004,0.48,4.34379020433402,-0.3665738759706437,8.143165089479234,9.0
2016-08-02 15:32:43.440,-0.711,0.004,0.473,2.7703661958044785,-0.19443841804865947,8.562632984640759,9.0
2016-08-02 15:32:43.450,-0.715,0.008,0.473,1.1736609998163026,0.0034020928029679792,9.00709863591784,9.0
2016-08-02 15:32:43.460,-0.715,0.004,0.48,2.2162297091707277,0.4686318981450467,9.156827807090892,9.0
2016-08-02 15:32:43.470,-0.715,-0.004,0.48,5.334993511687242,1.1132588205119849,8.865550682914607,9.0
2016-08-02 15:32:43.480,-0.727,-0.012,0.484,8.405662595519292,1.9368272854426811,8.363605820324366,9.0
2016-08-02 15:32:43.490,-0.738,-0.004,0.492,10.316321288149458,2.388020185615972,7.9041296752631105,9.0
2016-08-02 15:32:43.500,-0.758,0.004,0.492,10.432133977581145,2.06305264181185,7.765105010110148,9.0
2016-08-02 15:32:43.510,-0.754,0.008,0.504,9.517135476860467,1.6002052882596876,7.960766828684086,9.0
2016-08-02 15:32:43.520,-0.754,0.012,0.512,9.260182820173327,1.418066875486994,7.9403709195284,9.0
2016-08-02 15:32:43.530,-0.758,0.012,0.516,9.956802852334016,1.4930027042214462,7.539398358820925,9.0
2016-08-02 15:32:43.540,-0.766,0.012,0.523,10.852129824705042,1.7725786707182658,7.152752564927017,9.0
2016-08-02 15:32:43.550,-0.77,0.012,0.531,11.189115156663217,1.9665960102872555,6.635837880354012,9.0
2016-08-02 15:32:43.560,-0.781,0.004,0.543,10.847326331944744,1.9216357951383882,5.6151130868325225,9.0
2016-08-02 15:32:43.570,-0.789,-0.008,0.555,10.232089809742925,1.704472096247711,4.565209086218724,9.0
2016-08-02 15:32:43.580,-0.785,-0.012,0.563,9.183882778762918,1.5000851194592135,3.929608117059807,9.0
2016-08-02 15:32:43.590,-0.781,-0.004,0.566,7.501772960147284,1.550339923727135,3.069060102253402,9.0
2016-08-02 15:32:43.600,-0.789,0.0,0.566,6.021925522533685,1.8407592515218925,1.6991739954111984,9.0
2016-08-02 15:32:43.610,-0.801,0.0,0.566,5.683875953934802,2.276627056046219,0.6797142669141847,9.0
2016-08-02 15:32:43.620,-0.813,-0.004,0.57,6.0722301065488455,2.944327175351482,0.4085966445905789,9.0
2016-08-02 15:32:43.630,-0.816,0.004,0.57,6.049388981587082,3.71674764098805,0.10712190638673283,9.0
2016-08-02 15:32:43.640,-0.824,0.008,0.574,5.261225119126232,3.9906611236765896,-0.5766269949338132,9.0
2016-08-02 15:32:43.650,-0.848,0.016,0.57,4.079585914693321,3.8491095599696363,-0.7751914290506977,9.0
2016-08-02 15:32:43.660,-0.852,0.023,0.57,3.2071093651400377,4.154259019075677,-0.5003063369086189,9.0
2016-08-02 15:32:43.670,-0.859,0.027,0.566,3.0220616173829624,4.756720050399187,-0.6270904645432887,9.0
2016-08-02 15:32:43.680,-0.863,0.027,0.574,3.2425803213082913,5.099619601057534,-0.6975905389858506,9.0
2016-08-02 15:32:43.690,-0.871,0.02,0.582,4.4350604155402085,5.3365830187678345,-0.22378703014612739,9.0
2016-08-02 15:32:43.700,-0.879,0.02,0.582,6.135389053943463,5.422275432917461,0.6082034319126247,9.0
2016-08-02 15:32:43.710,-0.875,0.02,0.586,5.852086302776308,5.294529728545855,1.7668484860822717,9.0
2016-08-02 15:32:43.720,-0.879,0.031,0.582,4.239594049578036,4.891909457640588,2.528151029755493,9.0
2016-08-02 15:32:43.730,-0.883,0.047,0.586,3.2601850324630606,3.963392864768217,2.777476720252393,9.0
2016-08-02 15:32:43.740,-0.887,0.051,0.594,2.0720173706477634,3.065551404261177,3.1267367547810565,9.0
2016-08-02 15:32:43.750,-0.898,0.063,0.594,0.7116384651684994,2.4186849139918767,3.3496634130953202,9.0
2016-08-02 15:32:43.760,-0.906,0.059,0.586,-0.23334263535263308,1.4125298668833957,3.8041166658733125,9.0
2016-08-02 15:32:43.770,-0.914,0.078,0.582,-1.457245343453791,0.10413035971175139,4.71913172313759,9.0
2016-08-02 15:32:43.780,-0.918,0.086,0.578,-3.077127810491298,-1.3870057516742977,5.728147580132794,9.0
2016-08-02 15:32:43.790,-0.914,0.086,0.586,-4.495812397779831,-2.8407734405016445,6.992163000940341,9.0
2016-08-02 15:32:43.800,-0.918,0.094,0.582,-5.117585551638592,-3.7278096187362717,7.679988225745393,9.0
2016-08-02 15:32:43.810,-0.93,0.094,0.578,-5.319802066801947,-4.432365954850043,7.673250788514618,9.0
2016-08-02 15:32:43.820,-0.934,0.086,0.582,-5.062632997405874,-5.074762866725402,8.050392677399717,9.0
2016-08-02 15:32:43.830,-0.934,0.09,0.59,-3.370411317824825,-5.148230015171843,8.045818378452049,9.0
2016-08-02 15:32:43.840,-0.938,0.086,0.59,-1.3525315469226258,-5.1661296353941655,7.253809702037872,9.0
2016-08-02 15:32:43.850,-0.938,0.086,0.594,-0.26695449337527716,-5.5703644533989785,6.16957238156315,9.0
2016-08-02 15:32:43.860,-0.941,0.082,0.602,0.918619101387183,-5.668679777181674,4.367791222325737,9.0
2016-08-02 15:32:43.870,-0.938,0.086,0.613,2.0624444224085123,-5.1524685089696876,2.694283579044985,9.0
2016-08-02 15:32:43.880,-0.945,0.098,0.613,1.7051724053504644,-4.430224773564548,1.9866302455818166,9.0
2016-08-02 15:32:43.890,-0.961,0.094,0.621,0.6544363448700133,-3.5053423244449213,1.53174077563146,9.0
2016-08-02 15:32:43.900,-0.973,0.086,0.621,0.8550998694442763,-2.356227253161628,1.6088695467270915,9.0
2016-08-02 15:32:43.910,-0.977,0.078,0.629,3.0252419854440236,-1.1238687161927507,2.1684980406992813,9.0
2016-08-02 15:32:43.920,-0.988,0.074,0.633,6.117148215407342,0.1830284999556883,2.121128576513095,9.0
2016-08-02 15:32:43.930,-0.996,0.078,0.637,7.486324175666338,1.0249550145963158,1.7983357583606865,9.0
2016-08-02 15:32:43.940,-0.996,0.086,0.637,6.9150593976543595,1.486415206064343,1.920612494466102,9.0
2016-08-02 15:32:43.950,-1.012,0.082,0.637,7.1089385478284655,2.104248650232736,2.7426180296754925,9.0
2016-08-02 15:32:43.960,-1.02,0.078,0.637,8.113626970796782,2.1728017291692927,4.2966070924400315,9.0
2016-08-02 15:32:43.970,-1.023,0.078,0.633,8.478133283317664,1.7121697247877612,5.698326812278835,9.0
2016-08-02 15:32:43.980,-1.035,0.09,0.625,8.49005996191692,1.3076404088315405,6.839453127766031,9.0
2016-08-02 15:32:43.990,-1.027,0.102,0.613,7.80749182565064,0.7019876813211715,8.327448308949918,9.0
2016-08-02 15:32:44.000,-1.027,0.113,0.609,6.173625174303463,0.5043270268840272,9.402593604116573,9.0
2016-08-02 15:32:44.010,-1.023,0.113,0.613,4.668099785867149,0.6248634700349647,9.997757327960862,9.0
2016-08-02 15:32:44.020,-1.02,0.113,0.613,3.37791495554262,-0.08072720581631784,10.968707147039638,9.0
2016-08-02 15:32:44.030,-1.008,0.105,0.609,2.0995764062994353,-0.9344775804757866,11.530193100527269,9.0
2016-08-02 15:32:44.040,-0.996,0.094,0.609,1.4291847870161174,-1.4434081517744917,11.258563469799643,9.0
2016-08-02 15:32:44.050,-0.969,0.094,0.621,1.776108576228307,-2.0297751503934194,10.738978473874322,9.0
2016-08-02 15:32:44.060,-0.957,0.094,0.625,2.9889089697671247,-2.09365973770722,9.857660013989104,9.0
2016-08-02 15:32:44.070,-0.945,0.105,0.629,3.6022276288458377,-1.7574617537087485,9.236443149933667,9.0
2016-08-02 15:32:44.080,-0.949,0.117,0.633,2.4711197647439778,-1.4440602393745094,9.406512946595836,9.0
2016-08-02 15:32:44.090,-0.957,0.125,0.621,1.2037640095454631,-0.6252793767359252,9.709166866862402,9.0
2016-08-02 15:32:44.100,-0.969,0.121,0.617,1.6250253616789696,0.27115406934562597,10.292743901629734,9.0
2016-08-02 15:32:44.110,-0.973,0.117,0.617,2.8795935557140915,0.8017782783011544,11.308563515803696,9.0
2016-08-02 15:32:44.120,-0.977,0.121,0.621,2.921241357280727,1.2621656945724462,12.0200272937364,9.0
2016-08-02 15:32:44.130,-0.977,0.125,0.613,1.0975724802827267,1.2988162555090064,12.360605062539449,9.0
2016-08-02 15:32:44.140,-0.973,0.129,0.621,-1.152484585818782,1.2868061460373341,12.634201959506457,9.0
2016-08-02 15:32:44.150,-0.973,0.125,0.629,-1.8634693164373157,2.172162228718464,12.760093347611335,9.0
2016-08-02 15:32:44.160,-0.977,0.121,0.629,-0.8627946724896767,3.53472890442337,12.784266361613682,9.0
2016-08-02 15:32:44.170,-0.988,0.125,0.629,0.5420767542933334,4.77366043602013,12.813861635541986,9.0
2016-08-02 15:32:44.180,-1.008,0.133,0.633,1.3910914717233553,5.704949469847722,12.940488539364868,9.0
2016-08-02 15:32:44.190,-1.027,0.141,0.625,1.1467209412952424,5.750409208565652,13.23730613084336,9.0
2016-08-02 15:32:44.200,-1.039,0.148,0.633,-0.15801821994596255,5.08145024353268,13.383544219806197,9.0
2016-08-02 15:32:44.210,-1.043,0.148,0.645,-1.3750484285181157,4.469447766340655,13.09830161060714,9.0
2016-08-02 15:32:44.220,-1.039,0.148,0.652,-1.460788043973429,3.8375012083408926,12.365780277207602,9.0
2016-08-02 15:32:44.230,-1.035,0.145,0.668,-0.4846437596379375,3.510545199240709,11.029712726880351,9.0
2016-08-02 15:32:44.240,-1.039,0.137,0.668,1.2517962323606684,3.7655136571247496,9.146346985327833,9.0
2016-08-02 15:32:44.250,-1.047,0.137,0.672,3.213390358857173,3.5633943599632434,6.990223729942082,9.0
2016-08-02 15:32:44.260,-1.051,0.133,0.676,4.125092688344317,2.871167787393974,4.404312433839348,9.0
2016-08-02 15:32:44.270,-1.051,0.133,0.68,3.511697393746483,2.117093781252902,1.353715771325855,9.0
2016-08-02 15:32:44.280,-1.055,0.133,0.68,2.0277598582143126,0.7663256222690157,-1.3209022220552593,9.0
2016-08-02 15:32:44.290,-1.043,0.125,0.688,0.7840731991747132,-0.37209617611497864,-3.091827979839353,9.0
2016-08-02 15:32:44.300,-1.035,0.117,0.688,1.277242056483396,-0.3263259440969526,-4.570532821577316,9.0
2016-08-02 15:32:44.310,-1.031,0.125,0.684,2.585838479834953,-0.04971113904587313,-5.6895739282539015,9.0
2016-08-02 15:32:44.320,-1.035,0.129,0.68,2.3654740711661155,0.07826830523277628,-5.607057894445865,9.0
2016-08-02 15:32:44.330,-1.039,0.133,0.68,1.368820702524872,0.3958840631592877,-4.819549703609901,9.0
2016-08-02 15:32:44.340,-1.035,0.145,0.672,0.5264099575972409,0.5713415143245298,-4.1115487543011495,9.0
2016-08-02 15:32:44.350,-1.031,0.145,0.672,-0.9066653865118381,0.7825513890958111,-3.3922095506680066,9.0
2016-08-02 15:32:44.360,-1.023,0.148,0.672,-2.646076717188651,1.1392792029486485,-2.770162723004498,9.0
2016-08-02 15:32:44.370,-1.008,0.148,0.668,-4.662604014202728,1.2594818825740748,-2.277144456971488,9.0
2016-08-02 15:32:44.380,-1.0,0.148,0.66,-6.654648585597153,1.2564340966819052,-1.7930243868745852,9.0
2016-08-02 15:32:44.390,-0.988,0.141,0.652,-6.877508832330619,1.4569110803314982,-1.5211324811637956,9.0
2016-08-02 15:32:44.400,-0.992,0.129,0.648,-5.5162534782836055,2.069155502441161,-1.3726084003733283,9.0
2016-08-02 15:32:44.410,-0.996,0.121,0.645,-4.3011295459383945,2.4916433414875505,-1.1825418874082683,9.0
2016-08-02 15:32:44.420,-1.0,0.129,0.637,-4.1391643841937675,1.9252761452016822,-1.1330597487062584,9.0
2016-08-02 15:32:44.430,-1.004,0.137,0.629,-5.695033562656128,0.8544653941113285,-1.1424432908482585,9.0
2016-08-02 15:32:44.440,-1.008,0.133,0.633,-7.596665388424954,-0.18665472857605342,-1.0084452209472903,9.0
2016-08-02 15:32:44.450,-1.0,0.125,0.637,-7.318564356528717,-1.062006630583968,-0.7914905490090478,9.0
2016-08-02 15:32:44.460,-0.984,0.125,0.645,-5.697673010928826,-1.2602666392595918,-0.5963350623102174,9.0
2016-08-02 15:32:44.470,-0.98,0.125,0.641,-4.364278895556247,-1.0618626313385728,-0.7394545800138788,9.0
2016-08-02 15:32:44.480,-0.988,0.121,0.641,-2.6154115668822104,-1.1550958526102386,-1.2487642966830719,9.0
2016-08-02 15:32:44.490,-0.984,0.117,0.637,-0.5231581013076679,-1.2167015024980596,-1.739046444961556,9.0
2016-08-02 15:32:44.500,-0.988,0.125,0.629,0.4191376900296962,-1.0315975780467888,-2.5174941691526254,9.0
2016-08-02 15:32:44.510,-0.98,0.129,0.621,-0.4422135680768463,-1.1296054265734443,-3.7739725059412867,9.0
2016-08-02 15:32:44.520,-0.973,0.133,0.617,-2.362850967645699,-1.5951163166937259,-5.053361362068808,9.0
2016-08-02 15:32:44.530,-0.965,0.129,0.609,-3.721867281173669,-1.8158129786044808,-6.30529604937053,9.0
2016-08-02 15:32:44.540,-0.957,0.121,0.609,-3.330909092945585,-1.5312540016185023,-7.468891805062255,9.0
2016-08-02 15:32:44.550,-0.941,0.117,0.605,-1.3833933420117952,-0.8921021366421515,-8.456135265099057,9.0
2016-08-02 15:32:44.560,-0.938,0.113,0.605,0.9743855029126111,0.10247007661233634,-9.390694522838066,9.0
2016-08-02 15:32:44.570,-0.945,0.117,0.605,2.8880452866281505,1.1343372509980978,-10.072673745189755,9.0
2016-08-02 15:32:44.580,-0.941,0.117,0.598,4.525524664389657,2.0491487306262655,-10.50379093208535,9.0
2016-08-02 15:32:44.590,-0.941,0.113,0.594,5.904549615520805,3.0186938970580597,-10.950378622100256,9.0
2016-08-02 15:32:44.600,-0.938,0.121,0.586,6.023526306290101,3.434918957280756,-11.381982161913974,9.0
2016-08-02 15:32:44.610,-0.938,0.121,0.582,4.348879435257478,3.056749041216165,-11.739618063046507,9.0
2016-08-02 15:32:44.620,-0.926,0.125,0.582,1.932585092718216,2.6475670925562063,-11.958379427909485,9.0
2016-08-02 15:32:44.630,-0.918,0.121,0.59,0.354698732431501,2.656552517027632,-11.940936371222788,9.0
2016-08-02 15:32:44.640,-0.906,0.117,0.578,0.07709766268402068,3.0805328987962373,-11.752105362988374,9.0
2016-08-02 15:32:44.650,-0.898,0.113,0.57,0.29380146412195873,3.7229203351509126,-11.433379586162753,9.0
2016-08-02 15:32:44.660,-0.898,0.105,0.563,0.5164143505356497,4.30134347414187,-11.157968385971916,9.0
2016-08-02 15:32:44.670,-0.898,0.102,0.555,0.7838702506147958,4.60320419440134,-11.114870294838404,9.0
2016-08-02 15:32:44.680,-0.898,0.094,0.543,0.618036265036019,4.577537866820018,-11.030254128989531,9.0
2016-08-02 15:32:44.690,-0.895,0.09,0.543,0.009507371600572152,4.256656303307077,-10.955560487204249,9.0
2016-08-02 15:32:44.700,-0.887,0.086,0.543,-0.21377066200269207,3.712087769407539,-11.222659190652958,9.0
2016-08-02 15:32:44.710,-0.875,0.082,0.551,-0.06914977672646816,3.268231018567009,-11.3293877663596,9.0
2016-08-02 15:32:44.720,-0.863,0.074,0.555,0.3295834828292525,3.2539936864253365,-10.88050591769882,9.0
2016-08-02 15:32:44.730,-0.848,0.074,0.559,1.6402152580374878,3.7273451692351003,-9.99761135481732,9.0
2016-08-02 15:32:44.740,-0.844,0.074,0.551,3.2396128699574533,4.418538796603501,-8.455437415132899,9.0
2016-08-02 15:32:44.750,-0.84,0.07,0.559,4.298299607371421,5.106568131959389,-6.514251043851236,9.0
2016-08-02 15:32:44.760,-0.832,0.051,0.547,5.645633507832679,5.790675533683352,-4.965250365136301,9.0
2016-08-02 15:32:44.770,-0.828,0.043,0.535,6.868762050567584,6.073343737958087,-3.8634936747120054,9.0
2016-08-02 15:32:44.780,-0.824,0.047,0.523,6.141472145161863,5.4970976487714855,-3.0465585258594863,9.0
2016-08-02 15:32:44.790,-0.82,0.051,0.516,3.6788746689010323,4.363286926460265,-2.5651475385872464,9.0
2016-08-02 15:32:44.800,-0.813,0.047,0.512,1.3741554859610081,3.378287628890111,-2.0564307571771585,9.0
2016-08-02 15:32:44.810,-0.813,0.047,0.508,0.08982118955313925,2.813184558834702,-1.0745981494473198,9.0
2016-08-02 15:32:44.820,-0.805,0.043,0.508,-0.37855129484036576,2.591688632346842,0.4062969890063817,9.0
2016-08-02 15:32:44.830,-0.793,0.047,0.512,0.10547081472486944,2.795067615192069,1.857082515514286,9.0
2016-08-02 15:32:44.840,-0.793,0.047,0.508,0.5556650927169109,3.275115476102963,2.8907192649230087,9.0
2016-08-02 15:32:44.850,-0.789,0.035,0.5,-0.2086623070234816,3.6729105515198066,3.684470719033191,9.0
2016-08-02 15:32:44.860,-0.777,0.035,0.496,-0.3193271992118922,3.9847777765269887,3.716246779934812,9.0
2016-08-02 15:32:44.870,-0.777,0.027,0.48,0.8434486530398668,4.185206355868,2.714978801135529,9.0
2016-08-02 15:32:44.880,-0.773,0.02,0.469,0.9906122605853371,4.100664643897461,1.9344906032922076,9.0
2016-08-02 15:32:44.890,-0.77,0.02,0.473,0.27902466717731045,3.7459494511215494,1.8736608601229516,9.0
2016-08-02 15:32:44.900,-0.766,0.02,0.469,-0.20334765077090058,3.2309613425401444,1.9849245166256289,9.0
2016-08-02 15:32:44.910,-0.758,0.016,0.469,-0.7320039404039044,2.7360089495027875,2.3253463279694886,9.0
2016-08-02 15:32:44.920,-0.742,0.02,0.473,-0.7348489361542744,2.4321464498884513,2.8472089561954306,9.0
2016-08-02 15:32:44.930,-0.738,0.027,0.473,-0.003475006622920565,2.388348870687323,2.872150077200944,9.0
2016-08-02 15:32:44.940,-0.734,0.027,0.465,0.4051856284392317,2.3504816523046217,2.2964863046993718,9.0
2016-08-02 15:32:44.950,-0.723,0.023,0.453,0.2169268172671877,1.8438480853311365,1.6292195904992437,9.0
2016-08-02 15:32:44.960,-0.711,0.027,0.445,0.023839636158206938,1.1520078655541692,0.5859403614550087,9.0
2016-08-02 15:32:44.970,-0.699,0.027,0.434,-0.45973129151110614,0.8219948679418574,-0.9509006823570363,9.0
2016-08-02 15:32:44.980,-0.688,0.035,0.43,-1.4952097817705665,0.36983111852702,-2.336371622441765,9.0
2016-08-02 15:32:44.990,-0.68,0.027,0.414,-1.598613719711094,-0.41153434537355205,-3.695564873110537,9.0
2016-08-02 15:32:45.000,-0.688,0.027,0.402,-0.43793847113363016,-0.6980727043461243,-5.004570348829935,9.0
2016-08-02 15:32:45.010,-0.68,0.027,0.406,-0.1278613668936554,-0.6377570595835413,-5.755611493999801,9.0
2016-08-02 15:32:45.020,-0.676,0.031,0.406,-1.8487200123078527,-1.0634679273524914,-6.176800490751897,9.0
2016-08-02 15:32:45.030,-0.668,0.039,0.406,-5.038288846241216,-1.769614183452691,-6.458827857366172,9.0
2016-08-02 15:32:45.040,-0.66,0.047,0.402,-8.864837845815462,-2.310310410777724,-6.696098282621086,9.0
2016-08-02 15:32:45.050,-0.664,0.035,0.398,-12.265420410369531,-2.560908326334088,-7.3162285464054495,9.0
2016-08-02 15:32:45.060,-0.66,0.031,0.395,-13.849325366489838,-2.5151838959237045,-8.24119807256849,9.0
2016-08-02 15:32:45.070,-0.668,0.027,0.398,-14.004848216161061,-2.5735681845358847,-9.02141640307769,9.0
2016-08-02 15:32:45.080,-0.676,0.02,0.406,-14.306391212182927,-2.91553492881504,-9.306757525184581,9.0
2016-08-02 15:32:45.090,-0.676,0.02,0.41,-14.272277628587464,-3.1812037054949007,-9.065890099947133,9.0
2016-08-02 15:32:45.100,-0.68,0.02,0.414,-13.94689132594602,-3.378816171598765,-8.783031787101338,9.0
2016-08-02 15:32:45.110,-0.68,0.016,0.426,-14.578813033376587,-3.9042881238221456,-8.882948166014977,9.0
2016-08-02 15:32:45.120,-0.68,0.012,0.422,-15.054082385126176,-4.672640163880269,-9.467560468134398,9.0
2016-08-02 15:32:45.130,-0.68,0.012,0.426,-14.67044341252181,-5.184428873950975,-10.258391636094695,9.0
2016-08-02 15:32:45.140,-0.68,0.012,0.43,-14.385338173860383,-5.3667144124142645,-11.15199685727239,9.0
2016-08-02 15:32:45.150,-0.684,0.008,0.43,-14.119525269222,-5.528267646221286,-12.348979396185523,9.0
2016-08-02 15:32:45.160,-0.684,0.0,0.43,-13.755901626363704,-5.6937443900675,-13.373149471578825,9.0
2016-08-02 15:32:45.170,-0.684,0.0,0.441,-13.370887575594361,-5.8401392579093745,-14.14897494597301,9.0
2016-08-02 15:32:45.180,-0.684,0.0,0.449,-13.076950742669787,-6.080265161079792,-15.111495996364201,9.0
2016-08-02 15:32:45.190,-0.691,0.004,0.445,-13.150239319175085,-6.516604216460852,-16.074167218756862,9.0
2016-08-02 15:32:45.200,-0.699,-0.008,0.441,-12.699761745537947,-7.307445298901028,-17.10001695140196,9.0
2016-08-02 15:32:45.210,-0.703,-0.016,0.445,-11.21608855430144,-8.18868911692233,-18.20709523791217,9.0
2016-08-02 15:32:45.220,-0.707,-0.016,0.449,-9.669766273926161,-8.692956719631006,-19.158962124912286,9.0
2016-08-02 15:32:45.230,-0.719,-0.016,0.453,-9.093122973516438,-8.982938738554903,-19.85052359375283,9.0
2016-08-02 15:32:45.240,-0.73,-0.016,0.457,-9.732052466508023,-9.464780566866347,-20.045673391419808,9.0
2016-08-02 15:32:45.250,-0.734,-0.02,0.461,-10.34315735971867,-10.010342171857962,-20.160690057302293,9.0
2016-08-02 15:32:45.260,-0.734,-0.02,0.473,-9.755670160758614,-10.0410464292301,-20.517110648324035,9.0
2016-08-02 15:32:45.270,-0.734,-0.023,0.473,-8.439662285785658,-9.461648614948277,-20.655228948503545,9.0
2016-08-02 15:32:45.280,-0.738,-0.027,0.477,-7.095174259588001,-8.770638647785868,-20.635914417415634,9.0
2016-08-02 15:32:45.290,-0.742,-0.023,0.477,-5.9962725719873715,-8.168248972560512,-20.628033111398114,9.0
2016-08-02 15:32:45.300,-0.754,-0.02,0.488,-5.210787732485949,-7.60125206550265,-20.285216406251692,9.0
2016-08-02 15:32:45.310,-0.758,-0.023,0.492,-4.563261740064134,-6.848513201811459,-19.470859258201916,9.0
2016-08-02 15:32:45.320,-0.766,-0.035,0.496,-3.7708401726401144,-5.736355957975142,-18.553162413655595,9.0
2016-08-02 15:32:45.330,-0.77,-0.031,0.5,-3.195645053028086,-4.695651306027233,-17.753751122685976,9.0
2016-08-02 15:32:45.340,-0.77,-0.027,0.496,-4.188907883933987,-4.054873877015432,-16.717285454692504,9.0
2016-08-02 15:32:45.350,-0.773,-0.035,0.5,-6.401540475643321,-3.7908960652946697,-15.618373504290457,9.0
2016-08-02 15:32:45.360,-0.773,-0.051,0.5,-7.310738678473571,-3.628127197153631,-14.93773268346363,9.0
2016-08-02 15:32:45.370,-0.77,-0.059,0.504,-6.287716479798697,-3.097275770686874,-14.542158832283233,9.0
2016-08-02 15:32:45.380,-0.773,-0.063,0.5,-5.065886913382718,-2.5838323864269506,-14.255889384328432,9.0
2016-08-02 15:32:45.390,-0.77,-0.074,0.5,-4.318633809414995,-2.5525147294956727,-13.875255457171122,9.0
2016-08-02 15:32:45.400,-0.773,-0.078,0.5,-3.140025788978401,-2.584845824156879,-13.551951437192155,9.0
2016-08-02 15:32:45.410,-0.77,-0.07,0.5,-1.7558667389710052,-2.426128109439451,-13.301989755192073,9.0
2016-08-02 15:32:45.420,-0.762,-0.063,0.496,-1.6183552632058853,-2.2009425795626014,-12.548094577235831,9.0
2016-08-02 15:32:45.430,-0.754,-0.055,0.496,-2.765354256530479,-2.1722247318799757,-11.630944310147727,9.0
2016-08-02 15:32:45.440,-0.754,-0.055,0.5,-3.9338147892107855,-2.360464107251012,-10.66536400240868,9.0
2016-08-02 15:32:45.450,-0.77,-0.055,0.5,-3.7495498569090833,-2.4579990480724145,-8.877815626188033,9.0
2016-08-02 15:32:45.460,-0.777,-0.047,0.512,-1.6502754886403135,-2.448786908093282,-6.475915665860033,9.0
2016-08-02 15:32:45.470,-0.789,-0.051,0.523,0.682446996258058,-2.35070056476383,-3.753010314074033,9.0
2016-08-02 15:32:45.480,-0.805,-0.047,0.527,1.485259628756207,-2.320417679672449,-0.5512645166675914,9.0
2016-08-02 15:32:45.490,-0.805,-0.055,0.539,1.412192961619752,-2.4733147555328814,2.5240277196098484,9.0
2016-08-02 15:32:45.500,-0.813,-0.051,0.535,1.0451995630775275,-2.471338954979987,4.917539773432698,9.0
2016-08-02 15:32:45.510,-0.797,-0.043,0.547,-0.2807423586850755,-2.3351670137548237,6.639243275345546,9.0
2016-08-02 15:32:45.520,-0.789,-0.051,0.559,-1.941784875053637,-2.042717993216468,7.519967915376503,9.0
2016-08-02 15:32:45.530,-0.797,-0.055,0.559,-2.736862874385284,-1.4882965311263063,7.8588240160606215,9.0
2016-08-02 15:32:45.540,-0.805,-0.059,0.555,-2.7671651489647457,-1.1675641955796119,8.599251631791597,9.0
2016-08-02 15:32:45.550,-0.813,-0.074,0.559,-2.0436510924324764,-0.9839982274846409,9.690730422848812,9.0
2016-08-02 15:32:45.560,-0.82,-0.094,0.559,-0.3937818106454653,-0.5265969421828763,10.381429824189336,9.0
2016-08-02 15:32:45.570,-0.824,-0.105,0.547,1.546768437774566,-0.14696733891743227,10.663416112809326,9.0
2016-08-02 15:32:45.580,-0.813,-0.102,0.539,2.7705292536546064,-0.16241129056641684,10.586663852013613,9.0
2016-08-02 15:32:45.590,-0.805,-0.078,0.535,2.2762130642103693,-0.48815494820420247,10.064224603265265,9.0
2016-08-02 15:32:45.600,-0.793,-0.078,0.527,0.5770058107783459,-0.7303799709664573,9.263644068177628,9.0
2016-08-02 15:32:45.610,-0.781,-0.09,0.516,0.34489473359825484,-0.5946886581581103,8.0427377239951,9.0
2016-08-02 15:32:45.620,-0.762,-0.09,0.508,2.4347882687909954,-0.15491572941394713,6.718336959412626,9.0
2016-08-02 15:32:45.630,-0.734,-0.09,0.496,4.226378329106809,0.4683225769757892,6.110040485972062,9.0
2016-08-02 15:32:45.640,-0.719,-0.082,0.488,4.704245300633513,1.0498134939274497,5.910686892152976,9.0
2016-08-02 15:32:45.650,-0.707,-0.07,0.477,5.767160029831826,1.6061272962892619,5.683469225104656,9.0
2016-08-02 15:32:45.660,-0.711,-0.063,0.473,8.075795099409817,2.2776705160645383,6.253108753867681,9.0
2016-08-02 15:32:45.670,-0.711,-0.059,0.477,10.812013832715841,2.9747158477583815,8.14469250762112,9.0
2016-08-02 15:32:45.680,-0.711,-0.055,0.484,13.541835588969956,3.6850102546162997,10.926906910925158,9.0
2016-08-02 15:32:45.690,-0.719,-0.051,0.484,15.760657444838731,4.321688187772538,14.325113413404729,9.0
2016-08-02 15:32:45.700,-0.715,-0.039,0.477,16.924749675196477,4.817410574303111,17.89414514733329,9.0
2016-08-02 15:32:45.710,-0.715,-0.031,0.461,17.190474492691607,5.14935742670386,20.667057670683473,9.0
2016-08-02 15:32:45.720,-0.703,-0.031,0.449,16.94717126548869,5.246936938390924,22.206517824490767,9.0
2016-08-02 15:32:45.730,-0.688,-0.027,0.441,16.509482757716476,5.356593631437508,22.551280639332493,9.0
2016-08-02 15:32:45.740,-0.672,-0.02,0.43,15.676020885321261,5.685031207911761,21.8097404309052,9.0
2016-08-02 15:32:45.750,-0.668,-0.004,0.422,13.824973236699373,5.898166525812901,20.61929883964726,9.0
2016-08-02 15:32:45.760,-0.668,0.004,0.414,11.80592737130501,5.571433303427712,19.586681355778452,9.0
2016-08-02 15:32:45.770,-0.676,0.008,0.418,11.504847544419817,5.208147496006123,18.97497621734166,9.0
2016-08-02 15:32:45.780,-0.684,0.008,0.438,13.210390341156572,5.5964898829894185,19.09553256978005,9.0
2016-08-02 15:32:45.790,-0.688,0.012,0.449,14.741539296385039,6.062757083904227,19.941223898248637,9.0
2016-08-02 15:32:45.800,-0.691,0.023,0.465,13.268353382893912,5.607566264261977,21.187747542122867,9.0
2016-08-02 15:32:45.810,-0.688,0.039,0.465,8.370837627049685,4.373685220972529,22.426168343784816,9.0
2016-08-02 15:32:45.820,-0.68,0.051,0.453,2.6129463360522935,2.9215795208371453,23.22962983062555,9.0
2016-08-02 15:32:45.830,-0.68,0.039,0.445,-0.8823921684153252,1.8506797132606363,23.30037675217198,9.0
2016-08-02 15:32:45.840,-0.68,0.031,0.445,-1.2810991514268848,1.327164806013588,22.679805413721336,9.0
2016-08-02 15:32:45.850,-0.684,0.031,0.453,-0.2453960988914338,0.9844100539538018,21.920658041830837,9.0
2016-08-02 15:32:45.860,-0.695,0.035,0.449,0.7518112231448304,0.5841520652706673,21.304265596644505,9.0
2016-08-02 15:32:45.870,-0.703,0.043,0.453,1.1986028056072733,0.051993264961968925,20.728589912398146,9.0
2016-08-02 15:32:45.880,-0.699,0.047,0.461,0.8548298866132384,-0.3961862844653331,20.329253800069786,9.0
2016-08-02 15:32:45.890,-0.695,0.043,0.465,0.1451198107937314,-0.7266713754441063,19.912281173531586,9.0
2016-08-02 15:32:45.900,-0.688,0.047,0.461,-0.9812475651803007,-1.297643879035761,19.233843170273595,9.0
2016-08-02 15:32:45.910,-0.684,0.051,0.457,-3.083094425742331,-2.091964575350908,18.546977710479617,9.0
2016-08-02 15:32:45.920,-0.68,0.055,0.449,-5.405540049042791,-2.9813868008509985,17.714495137640597,9.0
2016-08-02 15:32:45.930,-0.691,0.051,0.441,-7.050582261733332,-3.631608916705451,16.661091954110034,9.0
2016-08-02 15:32:45.940,-0.684,0.039,0.441,-7.696193728385474,-3.4682887109012412,15.81137078007067,9.0
2016-08-02 15:32:45.950,-0.668,0.039,0.445,-7.24905852516135,-2.6561189634251883,14.860297301793976,9.0
2016-08-02 15:32:45.960,-0.672,0.043,0.441,-6.927116145384852,-1.7735741833345222,13.489620918302094,9.0
2016-08-02 15:32:45.970,-0.676,0.035,0.438,-7.329643437844773,-1.2329427361781216,12.321047232610454,9.0
2016-08-02 15:32:45.980,-0.676,0.027,0.441,-6.687242836214262,-0.9240148472293243,11.538397338655816,9.0
2016-08-02 15:32:45.990,-0.664,0.023,0.441,-4.212359098053952,-0.28522865068651454,10.523115432310869,9.0
2016-08-02 15:32:46.000,-0.664,0.027,0.441,-1.771807882621832,0.5099028073417711,9.331752216026894,9.0
2016-08-02 15:32:46.010,-0.664,0.031,0.438,-0.502524797839544,1.1636565344133742,8.612172329037296,9.0
2016-08-02 15:32:46.020,-0.672,0.043,0.434,0.035260373768596635,1.781913715127137,8.199232919484544,9.0
2016-08-02 15:32:46.030,-0.676,0.055,0.449,-0.00014529762587506267,2.148761978638555,7.898595927478789,9.0
2016-08-02 15:32:46.040,-0.672,0.055,0.457,0.11515221379768234,2.52478625472246,7.874351442184235,9.0
2016-08-02 15:32:46.050,-0.672,0.051,0.465,1.0340635908641895,3.2518782048235897,7.777525494618311,9.0
2016-08-02 15:32:46.060,-0.684,0.051,0.461,2.3450257258889033,3.7589655212541877,7.532445594902276,9.0
2016-08-02 15:32:46.070,-0.695,0.051,0.465,4.003072867777559,3.7413757423111305,7.234988318598336,9.0
2016-08-02 15:32:46.080,-0.703,0.051,0.465,5.963425525239527,3.4809289776694565,6.802750185853407,9.0
2016-08-02 15:32:46.090,-0.711,0.051,0.473,7.61245256224974,3.191087605233275,6.45737193734584,9.0
2016-08-02 15:32:46.100,-0.723,0.055,0.48,8.275833401604723,3.0406312288983495,6.234615258747787,9.0
2016-08-02 15:32:46.110,-0.734,0.066,0.492,8.357933165074625,2.7823510941406937,6.265260413891049,9.0
2016-08-02 15:32:46.120,-0.738,0.074,0.504,9.040152568318687,2.4474803792917066,6.567045195987097,9.0
2016-08-02 15:32:46.130,-0.746,0.082,0.508,9.61916964284531,2.641347949585629,6.658929281477753,9.0
2016-08-02 15:32:46.140,-0.762,0.086,0.512,8.858769668574736,2.850210505102536,6.6865292237100125,9.0
2016-08-02 15:32:46.150,-0.773,0.094,0.516,7.195725106865322,2.3559462576695838,6.6968450943421445,9.0
2016-08-02 15:32:46.160,-0.793,0.105,0.512,5.3010561848148585,1.5533843034039376,6.460264875146237,9.0
2016-08-02 15:32:46.170,-0.801,0.094,0.527,4.149396201944297,0.8908362252814429,6.378012962555349,9.0
2016-08-02 15:32:46.180,-0.813,0.09,0.543,5.002257960404441,0.7579434917598507,6.213519781181655,9.0
2016-08-02 15:32:46.190,-0.836,0.078,0.551,7.218714210303842,1.0951456448705994,5.934130301594324,9.0
2016-08-02 15:32:46.200,-0.852,0.066,0.559,9.050862322171682,1.1844564748641124,6.153095806363705,9.0
2016-08-02 15:32:46.210,-0.863,0.063,0.57,10.450915097793795,1.048309184619673,6.150714613079716,9.0
2016-08-02 15:32:46.220,-0.867,0.063,0.57,11.819862473289758,1.163071766406164,5.653192153110609,9.0
2016-08-02 15:32:46.230,-0.875,0.07,0.57,12.408641774540778,1.2724725913408226,5.209686566173463,9.0
2016-08-02 15:32:46.240,-0.867,0.074,0.57,11.659994072212442,1.1310912245820686,4.205517053800648,9.0
2016-08-02 15:32:46.250,-0.867,0.074,0.566,9.801921741494404,1.151535959072528,2.571823645102214,9.0
2016-08-02 15:32:46.260,-0.871,0.082,0.566,7.855709138339342,1.3725179796751517,0.9556872662044211,9.0
2016-08-02 15:32:46.270,-0.871,0.078,0.566,6.892857468043297,1.4293757513186298,-0.42439493140144546,9.0
2016-08-02 15:32:46.280,-0.875,0.074,0.586,7.356392883919751,1.7146539786453405,-1.1775121202453696,9.0
2016-08-02 15:32:46.290,-0.875,0.082,0.586,8.588007641801646,2.514363581386652,-1.3950163347923583,9.0
2016-08-02 15:32:46.300,-0.875,0.086,0.586,8.291043400835234,3.1027413633913468,-1.3687173054937753,9.0
2016-08-02 15:32:46.310,-0.871,0.086,0.594,6.547672932635486,3.1509677658352153,-1.4022306214307445,9.0
2016-08-02 15:32:46.320,-0.871,0.082,0.594,6.729397589476382,2.9241647970206928,-2.262617081541208,9.0
2016-08-02 15:32:46.330,-0.875,0.082,0.586,8.112732858584081,2.4190028327885957,-3.3695575167104774,9.0
2016-08-02 15:32:46.340,-0.879,0.09,0.59,7.130383183072285,1.7188186007362165,-3.7973983903799526,9.0
2016-08-02 15:32:46.350,-0.895,0.105,0.586,4.414980750510264,0.8289551212070955,-3.7988361095743435,9.0
2016-08-02 15:32:46.360,-0.91,0.109,0.582,1.5494733014518527,-0.417492144823832,-2.850772928706388,9.0
2016-08-02 15:32:46.370,-0.914,0.098,0.598,-0.7065194428628169,-1.5531986014674715,-1.037212069566216,9.0
2016-08-02 15:32:46.380,-0.91,0.098,0.602,-0.6912752869160468,-1.9482001016666441,0.1329659447963856,9.0
2016-08-02 15:32:46.390,-0.906,0.102,0.602,-0.3272773968050229,-1.9644023028722666,0.8515183181869939,9.0
2016-08-02 15:32:46.400,-0.902,0.125,0.609,-2.649782004739154,-2.386913490965241,1.6166278854262295,9.0
2016-08-02 15:32:46.410,-0.906,0.141,0.609,-5.959046353286027,-3.0554168347428385,1.7856406813399177,9.0
2016-08-02 15:32:46.420,-0.902,0.133,0.609,-8.23108235973054,-3.193731574641548,1.8384249939619108,9.0
2016-08-02 15:32:46.430,-0.91,0.121,0.609,-8.707555453981614,-2.8760340535529094,2.0391085376848093,9.0
2016-08-02 15:32:46.440,-0.91,0.117,0.613,-7.147352060917501,-2.657581531620359,2.03756020487127,9.0
2016-08-02 15:32:46.450,-0.918,0.117,0.617,-6.040020185968461,-2.5483248536907745,2.3675160062877367,9.0
2016-08-02 15:32:46.460,-0.93,0.125,0.629,-6.591628956062872,-2.5367607477228855,2.758688720336475,9.0
2016-08-02 15:32:46.470,-0.938,0.117,0.633,-7.168166741813923,-2.5217389429044292,2.8856466300800165,9.0
2016-08-02 15:32:46.480,-0.953,0.113,0.637,-6.416129906069225,-2.478361192457717,3.120216341154478,9.0
2016-08-02 15:32:46.490,-0.969,0.113,0.633,-3.770751020578441,-2.7476692473178965,3.2325766901017703,9.0
2016-08-02 15:32:46.500,-0.996,0.113,0.633,-0.6960209401769681,-2.9597755868904017,3.724624154523835,9.0
2016-08-02 15:32:46.510,-1.008,0.113,0.641,0.8329038982214664,-2.8768444367337285,4.769711713128295,9.0
2016-08-02 15:32:46.520,-1.023,0.141,0.641,0.2311375057443023,-3.063232415572055,5.689663309376121,9.0
2016-08-02 15:32:46.530,-1.035,0.164,0.641,-2.5155755353754623,-3.37501760090935,6.985076568878922,9.0
2016-08-02 15:32:46.540,-1.043,0.156,0.648,-4.9316599599874005,-2.957409962263792,8.209250706402509,9.0
2016-08-02 15:32:46.550,-1.051,0.156,0.645,-4.115419979516104,-1.4001162347766654,8.5805342055488,9.0
2016-08-02 15:32:46.560,-1.047,0.16,0.637,-2.065145843685484,0.7289464913854116,8.814508645294662,9.0
2016-08-02 15:32:46.570,-1.059,0.16,0.633,-1.4836114983021365,2.465495127168404,8.424833310150381,9.0
2016-08-02 15:32:46.580,-1.063,0.148,0.625,-0.9369772339923406,3.3637766549589423,7.238066373255296,9.0
2016-08-02 15:32:46.590,-1.059,0.148,0.633,0.17283747513731076,3.7149831291589086,6.48185888293182,9.0
2016-08-02 15:32:46.600,-1.047,0.152,0.633,-0.04926701980844972,3.9222823392884343,5.790496306252879,9.0
2016-08-02 15:32:46.610,-1.043,0.16,0.629,-1.9463782132898082,3.6571189553520695,4.864898229288807,9.0
2016-08-02 15:32:46.620,-1.035,0.16,0.617,-3.835378625122517,2.9485594978967917,4.328746282530391,9.0
2016-08-02 15:32:46.630,-1.035,0.156,0.625,-3.3848094472141845,2.624979442224413,3.7517819270080563,9.0
2016-08-02 15:32:46.640,-1.016,0.152,0.637,-1.0998656836204448,2.9056953572713073,2.9178897079053256,9.0
2016-08-02 15:32:46.650,-1.02,0.152,0.629,-0.6227908831734956,3.140196332248946,1.8980595686434645,9.0
2016-08-02 15:32:46.660,-1.027,0.152,0.617,-1.9067697163054933,2.0194285409319197,0.6979967257212322,9.0
2016-08-02 15:32:46.670,-1.008,0.145,0.617,-2.0940074491331173,-0.07700374972547272,-0.5098633593351133,9.0
2016-08-02 15:32:46.680,-0.996,0.133,0.629,-1.155657961312695,-0.7852019913527563,-2.34089917968184,9.0
2016-08-02 15:32:46.690,-0.984,0.133,0.637,-0.3927548957230135,-0.37367134453860107,-4.006425198122548,9.0
2016-08-02 15:32:46.700,-0.973,0.137,0.641,-0.7333558523645434,-0.36042493464731196,-4.2621215353441055,9.0
2016-08-02 15:32:46.710,-0.973,0.125,0.637,-1.2252909401874963,0.05048168277100962,-4.219851990963033,9.0
2016-08-02 15:32:46.720,-0.973,0.125,0.637,0.011343218877945205,1.176050722667604,-4.257688575066799,9.0
2016-08-02 15:32:46.730,-0.98,0.117,0.621,1.7958717348538584,2.124455754957965,-3.883752021573236,9.0
2016-08-02 15:32:46.740,-0.988,0.117,0.617,2.7736289099258125,2.5965541658886466,-3.431925152393399,9.0
2016-08-02 15:32:46.750,-0.988,0.129,0.613,3.191065886834562,2.472648810574224,-2.65341693022984,9.0
2016-08-02 15:32:46.760,-0.984,0.129,0.625,2.531719866453325,2.259474305750426,-1.5039545103033816,9.0
2016-08-02 15:32:46.770,-0.98,0.137,0.629,1.4668992621685082,2.6026359324213866,-0.5991786481971906,9.0
2016-08-02 15:32:46.780,-0.988,0.141,0.629,1.249208242815264,3.0489168633299784,0.13652749490571317,9.0
2016-08-02 15:32:46.790,-0.992,0.133,0.633,1.6904410250366202,3.418261141081493,0.7409855181495784,9.0
2016-08-02 15:32:46.800,-0.996,0.133,0.633,2.7153765474662253,3.8503951250862753,0.49588297443582446,9.0
2016-08-02 15:32:46.810,-0.996,0.137,0.629,2.914849264038737,3.702236199191508,-0.618160873715206,9.0
2016-08-02 15:32:46.820,-1.0,0.145,0.625,0.35739355990104993,2.5487859473142014,-1.7625537710675383,9.0
2016-08-02 15:32:46.830,-1.0,0.152,0.633,-3.269370649191055,1.0673767299934036,-2.674114255887026,9.0
2016-08-02 15:32:46.840,-1.0,0.133,0.641,-4.622668201706267,0.21401746271455366,-3.4101388320524473,9.0
2016-08-02 15:32:46.850,-1.012,0.121,0.656,-2.6990234810497404,0.16439592739658043,-3.595703533054279,9.0
2016-08-02 15:32:46.860,-1.02,0.117,0.648,0.4291132989150074,0.5226172866207779,-3.0637701031412514,9.0
2016-08-02 15:32:46.870,-1.023,0.117,0.648,2.181173159683553,0.8690018924232727,-2.463162799678666,9.0
2016-08-02 15:32:46.880,-1.027,0.125,0.645,2.595444423022883,0.9153122398609509,-2.325176278588298,9.0
2016-08-02 15:32:46.890,-1.027,0.121,0.637,2.553117946464384,0.7689076981270577,-2.5093302578385464,9.0
2016-08-02 15:32:46.900,-1.023,0.121,0.633,1.4579460551551378,0.5933727932893618,-3.13105793044076,9.0
2016-08-02 15:32:46.910,-1.012,0.121,0.633,-1.0863261620608637,0.18327700125093443,-4.116820754942478,9.0
2016-08-02 15:32:46.920,-0.996,0.117,0.637,-3.7904103642035345,-0.20938586745645346,-4.705976247430746,9.0
2016-08-02 15:32:46.930,-0.988,0.105,0.641,-4.236868615337981,0.23649538026462708,-4.527881358534345,9.0
2016-08-02 15:32:46.940,-0.988,0.098,0.641,-1.8130731666861262,1.4426994769710921,-3.6656252673288074,9.0
2016-08-02 15:32:46.950,-0.988,0.086,0.633,0.9588945275819594,2.51271033706005,-2.3480963085277966,9.0
2016-08-02 15:32:46.960,-0.996,0.09,0.625,2.1731311402993776,2.822636468265793,-0.8516551292086705,9.0
2016-08-02 15:32:46.970,-1.0,0.094,0.617,1.8771609522708954,2.1682131097189754,0.754799572206517,9.0
2016-08-02 15:32:46.980,-1.0,0.094,0.609,0.4759315812316513,0.9800344462284157,2.074227130722895,9.0
2016-08-02 15:32:46.990,-0.992,0.09,0.609,-1.1746504109382379,-0.06418880399473101,2.910315167769447,9.0
2016-08-02 15:32:47.000,-0.988,0.102,0.598,-2.6109568389328714,-0.8009594881625008,3.7288179533107675,9.0
2016-08-02 15:32:47.010,-0.984,0.109,0.598,-3.9027061731233426,-1.502333634149183,4.330361387353013,9.0
2016-08-02 15:32:47.020,-0.988,0.109,0.602,-4.1113844953443826,-2.3611589648738756,4.609697367476121,9.0
2016-08-02 15:32:47.030,-0.992,0.113,0.609,-2.575124517497676,-3.1273457879593494,5.179214599553226,9.0
2016-08-02 15:32:47.040,-0.996,0.117,0.605,-1.3471491380152605,-3.6938295380324346,5.793669539648276,9.0
2016-08-02 15:32:47.050,-1.004,0.133,0.605,-2.6823367984567072,-4.601715013276575,6.072765748360104,9.0
2016-08-02 15:32:47.060,-1.004,0.129,0.621,-5.30087496939207,-6.067959516168072,6.200875447849164,9.0
2016-08-02 15:32:47.070,-0.996,0.121,0.629,-6.753295071447198,-7.334250323063689,5.958219565929523,9.0
2016-08-02 15:32:47.080,-0.988,0.105,0.633,-6.327956529220009,-7.917659458212818,5.153358133211225,9.0
2016-08-02 15:32:47.090,-0.988,0.102,0.629,-4.277311984021312,-8.10320298391661,4.071609800303031,9.0
2016-08-02 15:32:47.100,-0.984,0.102,0.629,-1.573052276258764,-7.922632163412497,2.954534738708401,9.0
2016-08-02 15:32:47.110,-0.98,0.105,0.625,0.5967590989785486,-7.254227704196875,1.9247567805394727,9.0
2016-08-02 15:32:47.120,-0.98,0.113,0.621,1.7912942294306782,-6.2482294270620065,0.8958646865700305,9.0
2016-08-02 15:32:47.130,-0.973,0.121,0.625,1.766533386714205,-5.1062578231163505,-0.5269535483308678,9.0
2016-08-02 15:32:47.140,-0.969,0.129,0.613,0.3357040051654605,-3.9649285630056355,-2.2628002492694996,9.0
2016-08-02 15:32:47.150,-0.961,0.133,0.609,-1.9287440810566547,-3.0118341931488097,-3.9025752580726265,9.0
2016-08-02 15:32:47.160,-0.945,0.125,0.605,-3.989231832210621,-2.341393109795659,-5.338504727528687,9.0
2016-08-02 15:32:47.170,-0.93,0.113,0.605,-5.255457867411073,-1.568544709929324,-6.17815067056191,9.0
2016-08-02 15:32:47.180,-0.914,0.102,0.605,-5.232074509182872,-0.5215396781632002,-6.236535868225046,9.0
2016-08-02 15:32:47.190,-0.902,0.09,0.605,-3.642812093615232,0.5358064588592162,-5.967878351571506,9.0
2016-08-02 15:32:47.200,-0.898,0.086,0.605,-1.733491900727934,1.5857535491824324,-5.7487302551125135,9.0
2016-08-02 15:32:47.210,-0.902,0.086,0.602,-0.8241715772401399,2.241374897973481,-5.788596234365832,9.0
2016-08-02 15:32:47.220,-0.902,0.086,0.598,-0.33232955934929564,1.9868935953120932,-5.946319968583083,9.0
2016-08-02 15:32:47.230,-0.898,0.086,0.594,0.30349014663843904,1.3476743971915606,-6.043362519000334,9.0
2016-08-02 15:32:47.240,-0.895,0.086,0.59,-0.008845009793474634,0.9337436285063344,-6.090597197627552,9.0
2016-08-02 15:32:47.250,-0.895,0.098,0.59,-1.6623553376805158,0.5561638097222371,-5.914050928033368,9.0
2016-08-02 15:32:47.260,-0.895,0.09,0.586,-2.6772927692225137,0.19069242602232245,-5.366004425607647,9.0
2016-08-02 15:32:47.270,-0.891,0.078,0.586,-0.9557746468078107,0.35241740179187203,-4.387588616779226,9.0
2016-08-02 15:32:47.280,-0.879,0.078,0.582,2.5113724549151346,1.333812603331094,-3.292699062337589,9.0
2016-08-02 15:32:47.290,-0.883,0.082,0.574,4.229353847297321,2.4985311648876287,-2.5047459000252235,9.0
2016-08-02 15:32:47.300,-0.891,0.09,0.566,3.042462726065007,2.7794939029405805,-1.8890935164702025,9.0
2016-08-02 15:32:47.310,-0.879,0.09,0.566,1.0723018019639288,2.5164921595582985,-1.456986423067078,9.0
2016-08-02 15:32:47.320,-0.863,0.086,0.566,-0.055658792195889505,2.9239207065043926,-1.5705472637548543,9.0
2016-08-02 15:32:47.330,-0.859,0.082,0.559,-0.1179381435266645,3.8067675847300437,-2.1335778815271524,9.0
2016-08-02 15:32:47.340,-0.852,0.074,0.555,0.5471691224346565,4.578528769171472,-2.5374531473437916,9.0
2016-08-02 15:32:47.350,-0.852,0.066,0.555,1.4889505718116804,5.32418430503609,-2.52451599567838,9.0
2016-08-02 15:32:47.360,-0.84,0.063,0.547,2.370694502245748,5.920729769163086,-2.403842752421003,9.0
2016-08-02 15:32:47.370,-0.836,0.066,0.539,2.694720851176978,6.26440642367473,-2.1695921293875284,9.0
2016-08-02 15:32:47.380,-0.82,0.066,0.535,2.537792113955938,6.493679382442227,-1.7423399505615185,9.0
2016-08-02 15:32:47.390,-0.809,0.078,0.535,2.6957045931557957,7.030434885845262,-1.5948572092078979,9.0
2016-08-02 15:32:47.400,-0.809,0.078,0.527,2.944860368410273,8.154172308543558,-1.7376940126328058,9.0
2016-08-02 15:32:47.410,-0.805,0.082,0.52,2.7396759967150524,9.450601669077015,-1.6741774036548756,9.0
2016-08-02 15:32:47.420,-0.809,0.078,0.516,3.1165922902239047,10.511389671835822,-1.611666311754724,9.0
2016-08-02 15:32:47.430,-0.805,0.078,0.508,3.8640073053179886,11.14521686339848,-1.5648044737361908,9.0
2016-08-02 15:32:47.440,-0.801,0.074,0.504,3.1471798388316397,11.361009165415181,-1.2841530056948804,9.0
2016-08-02 15:32:47.450,-0.801,0.066,0.504,1.2193894197214432,11.164297528560787,-1.315488873440546,9.0
2016-08-02 15:32:47.460,-0.793,0.059,0.5,-1.1802888290323201,10.305791939795,-1.4164064915756636,9.0
2016-08-02 15:32:47.470,-0.781,0.063,0.496,-4.193648861288336,9.062506770401324,-0.9540349221644289,9.0
2016-08-02 15:32:47.480,-0.77,0.055,0.484,-6.943549207688667,7.919213479681506,-0.17920514740855706,9.0
2016-08-02 15:32:47.490,-0.758,0.051,0.48,-7.709147959814579,6.940623109521139,0.9399601552264505,9.0
2016-08-02 15:32:47.500,-0.758,0.047,0.469,-5.2227884888016805,6.23289512314938,2.1129902928020137,9.0
2016-08-02 15:32:47.510,-0.742,0.043,0.461,-0.48709483942065956,6.013663390619181,2.904113260023184,9.0
2016-08-02 15:32:47.520,-0.742,0.035,0.445,3.941245893849902,6.258559814680578,3.783518008591523,9.0
2016-08-02 15:32:47.530,-0.734,0.043,0.445,6.72756960170817,6.369302475903245,4.824642207838644,9.0
2016-08-02 15:32:47.540,-0.719,0.051,0.449,6.860680717195075,5.8750236299832785,5.663271834184833,9.0
2016-08-02 15:32:47.550,-0.711,0.059,0.445,3.667633022296503,5.012828699246768,6.31417523244137,9.0
2016-08-02 15:32:47.560,-0.703,0.066,0.445,-0.6553408857467076,3.9496715482252527,6.508580024508435,9.0
2016-08-02 15:32:47.570,-0.707,0.059,0.441,-3.7703062889475003,2.713978418995996,6.080922771488805,9.0
2016-08-02 15:32:47.580,-0.699,0.055,0.449,-5.830186477740124,1.6415600379851771,5.536982679361337,9.0
2016-08-02 15:32:47.590,-0.699,0.051,0.441,-6.757061658929834,0.9775932627179404,4.641277156870861,9.0
2016-08-02 15:32:47.600,-0.695,0.047,0.438,-6.433284400966013,0.35287387338431114,3.151868677509893,9.0
2016-08-02 15:32:47.610,-0.691,0.039,0.43,-5.549648921205465,-0.5170125212289328,1.8192727769648553,9.0
2016-08-02 15:32:47.620,-0.695,0.043,0.426,-3.8194637916360077,-1.379919069700689,0.3869457334411321,9.0
2016-08-02 15:32:47.630,-0.695,0.047,0.422,-1.5807042166849528,-2.3441906171245797,-1.3291271526510222,9.0
2016-08-02 15:32:47.640,-0.691,0.047,0.422,-0.35985036415360466,-3.5635198008246363,-2.452679955154818,9.0
2016-08-02 15:32:47.650,-0.688,0.047,0.426,-0.33975323245790723,-4.708381311719944,-3.4192085372100927,9.0
2016-08-02 15:32:47.660,-0.688,0.055,0.43,-1.4975792727485684,-5.7307413006070735,-4.705191015283763,9.0
2016-08-02 15:32:47.670,-0.688,0.059,0.43,-4.23235566221593,-6.841955424746388,-5.686245468427292,9.0
2016-08-02 15:32:47.680,-0.68,0.063,0.434,-6.850766024720674,-7.969725545014347,-6.910299929827499,9.0
2016-08-02 15:32:47.690,-0.676,0.066,0.426,-7.73469972881034,-8.838258161971464,-8.923482125911292,9.0
2016-08-02 15:32:47.700,-0.676,0.059,0.43,-8.082153387730067,-9.33624557487078,-10.771553755954463,9.0
2016-08-02 15:32:47.710,-0.68,0.059,0.43,-8.714432388828163,-9.689819925531253,-12.130825349702402,9.0
2016-08-02 15:32:47.720,-0.672,0.059,0.426,-9.188884016120635,-9.925812715113,-13.41196730723307,9.0
2016-08-02 15:32:47.730,-0.676,0.055,0.43,-9.805416186310898,-9.721323515578286,-14.450581046820194,9.0
2016-08-02 15:32:47.740,-0.676,0.051,0.438,-10.235820209364483,-9.263241481584052,-15.277727281361697,9.0
2016-08-02 15:32:47.750,-0.676,0.043,0.449,-9.588096920443526,-8.875082830393074,-16.317128633385316,9.0
2016-08-02 15:32:47.760,-0.676,0.031,0.461,-8.443897689760929,-8.233727648986793,-17.500439765095955,9.0
2016-08-02 15:32:47.770,-0.676,0.023,0.453,-7.567214644647059,-7.4352353851339625,-18.660922974012585,9.0
2016-08-02 15:32:47.780,-0.68,0.02,0.441,-6.902250124645544,-7.007034955194512,-19.80550662664552,9.0
2016-08-02 15:32:47.790,-0.691,0.016,0.438,-6.373687548806661,-6.768963247059919,-20.6493366222327,9.0
2016-08-02 15:32:47.800,-0.699,0.012,0.434,-5.958298470777974,-6.645440002094727,-21.12853932217913,9.0
2016-08-02 15:32:47.810,-0.703,0.004,0.449,-6.060028361203771,-6.73897694061835,-21.37993641924439,9.0
2016-08-02 15:32:47.820,-0.707,0.008,0.457,-6.753663431832612,-6.628646584639155,-21.407597713505222,9.0
2016-08-02 15:32:47.830,-0.707,0.016,0.461,-7.6924304223145565,-6.424369843084768,-21.453063743298923,9.0
2016-08-02 15:32:47.840,-0.719,0.02,0.457,-9.400559072481048,-6.345710353280099,-21.524285269034532,9.0
2016-08-02 15:32:47.850,-0.73,0.02,0.465,-11.312472782091971,-6.204596015844612,-21.489985989405433,9.0
2016-08-02 15:32:47.860,-0.742,0.016,0.473,-11.725490730512997,-6.348131893875001,-21.395247015882433,9.0
2016-08-02 15:32:47.870,-0.758,0.008,0.48,-11.218718731900456,-6.7766462073928,-20.72612847348375,9.0
2016-08-02 15:32:47.880,-0.766,0.004,0.496,-11.238284784519083,-7.188463906555647,-19.286606097106016,9.0
2016-08-02 15:32:47.890,-0.77,0.0,0.5,-11.558683576554136,-7.751819094553582,-17.96103057042783,9.0
2016-08-02 15:32:47.900,-0.766,-0.008,0.508,-11.765688988975738,-8.32539194723472,-17.016071611183023,9.0
2016-08-02 15:32:47.910,-0.754,-0.016,0.512,-11.41404741164297,-8.810468279789044,-16.09800073717708,9.0
2016-08-02 15:32:47.920,-0.746,-0.027,0.523,-9.629185021417157,-9.0803943141011,-15.697904986783476,9.0
2016-08-02 15:32:47.930,-0.734,-0.027,0.52,-7.225546825941808,-8.843229217464332,-15.938017944394119,9.0
2016-08-02 15:32:47.940,-0.734,-0.035,0.52,-5.6317840339180485,-8.693533954123238,-16.117354989968348,9.0
2016-08-02 15:32:47.950,-0.738,-0.035,0.508,-3.9729487632960865,-8.945762449646832,-16.398351233722654,9.0
2016-08-02 15:32:47.960,-0.75,-0.047,0.516,-1.5400112738280614,-8.885362065110666,-16.701508254728683,9.0
2016-08-02 15:32:47.970,-0.75,-0.051,0.523,0.5613932145752605,-8.278375869036811,-16.21568803352153,9.0
2016-08-02 15:32:47.980,-0.758,-0.051,0.527,1.7891131958427398,-7.466440744270113,-15.450344180126377,9.0
2016-08-02 15:32:47.990,-0.762,-0.035,0.527,1.859924386368707,-6.7521889640420465,-15.00245990285875,9.0
2016-08-02 15:32:48.000,-0.777,-0.027,0.52,0.10557940365120777,-6.451370261410834,-14.204749895899047,9.0
2016-08-02 15:32:48.010,-0.766,-0.027,0.512,-3.0611475141355307,-6.2572520787915025,-12.923285275644272,9.0
2016-08-02 15:32:48.020,-0.77,-0.023,0.508,-6.181712918426553,-5.504588085953483,-11.99244565271415,9.0
2016-08-02 15:32:48.030,-0.777,-0.031,0.504,-8.26503175779368,-4.713707227955512,-11.306955829668247,9.0
2016-08-02 15:32:48.040,-0.781,-0.039,0.504,-9.128464675289523,-4.242324420878351,-9.982655525543763,9.0
2016-08-02 15:32:48.050,-0.777,-0.043,0.508,-8.573180823361966,-3.277805295782062,-8.610431557356248,9.0
2016-08-02 15:32:48.060,-0.773,-0.047,0.508,-7.012797354426693,-2.085636966565141,-7.814678211935247,9.0
2016-08-02 15:32:48.070,-0.766,-0.051,0.516,-5.66104142975691,-1.3079186727615764,-6.885762493844409,9.0
2016-08-02 15:32:48.080,-0.766,-0.047,0.52,-4.497448164950032,-0.40108285161627,-5.939558319271474,9.0
2016-08-02 15:32:48.090,-0.773,-0.051,0.516,-2.8797251643535686,0.633385677180129,-5.16692335642643,9.0
2016-08-02 15:32:48.100,-0.785,-0.047,0.52,-1.0718939625725528,1.082693243858515,-3.8281499389638665,9.0
2016-08-02 15:32:48.110,-0.801,-0.039,0.523,0.8896852042419902,1.0132296784536539,-2.0324808708656943,9.0
2016-08-02 15:32:48.120,-0.813,-0.035,0.527,2.649156586250426,0.7354194296131329,-0.08084331427445329,9.0
2016-08-02 15:32:48.130,-0.816,-0.043,0.539,3.4450384791170685,0.17376638828923047,2.2108664153906155,9.0
2016-08-02 15:32:48.140,-0.809,-0.031,0.543,3.6032244777832156,-0.4395117488679652,4.211127384442375,9.0
2016-08-02 15:32:48.150,-0.805,-0.02,0.535,2.833891955714222,-0.9398686085455362,5.267608189394813,9.0
2016-08-02 15:32:48.160,-0.805,-0.02,0.535,0.799188158061005,-1.7009115357948068,5.816073522754284,9.0
2016-08-02 15:32:48.170,-0.793,-0.023,0.543,-0.473340748204049,-2.502989666348223,6.195344985117085,9.0
2016-08-02 15:32:48.180,-0.781,-0.023,0.535,-0.2928635061662458,-2.874807835261982,6.169068775131086,9.0
2016-08-02 15:32:48.190,-0.789,-0.023,0.539,-0.3966560037672614,-2.995842527845581,6.136795217239578,9.0
2016-08-02 15:32:48.200,-0.797,-0.039,0.547,-0.28077010772543787,-2.8263090591310123,6.718309482904212,9.0
2016-08-02 15:32:48.210,-0.793,-0.051,0.551,1.4106001825401693,-2.1926279615294653,7.578326627193126,9.0
2016-08-02 15:32:48.220,-0.785,-0.047,0.551,3.366754469115314,-1.2830609294434907,8.025089050558515,9.0
2016-08-02 15:32:48.230,-0.781,-0.039,0.543,4.174232373216202,-0.48284569072630523,7.96440349813526,9.0
2016-08-02 15:32:48.240,-0.781,-0.047,0.535,4.793805065743241,-0.14342319951819738,7.9198274251391645,9.0
2016-08-02 15:32:48.250,-0.773,-0.051,0.531,6.3034551587884735,0.10004651240666926,8.121494815572731,9.0
2016-08-02 15:32:48.260,-0.766,-0.047,0.523,7.493848155538744,0.6096455832302395,8.310879851373352,9.0
2016-08-02 15:32:48.270,-0.754,-0.039,0.52,7.085682424552077,0.9712064325623619,8.471642717095321,9.0
2016-08-02 15:32:48.280,-0.754,-0.031,0.512,5.816322604647775,0.9879710948824447,8.74061162386799,9.0
2016-08-02 15:32:48.290,-0.754,-0.035,0.512,4.680182808882494,0.8906147372316071,9.23316896461332,9.0
2016-08-02 15:32:48.300,-0.75,-0.035,0.508,4.694142170161747,0.8921960466864847,9.873340854238924,9.0
2016-08-02 15:32:48.310,-0.758,-0.035,0.504,6.986007293992056,1.011850881126008,10.517788594065987,9.0
2016-08-02 15:32:48.320,-0.762,-0.043,0.508,10.84094662858863,1.1367685622326684,11.724784977931606,9.0
2016-08-02 15:32:48.330,-0.762,-0.031,0.504,14.382750822404567,1.4165830367448957,13.618539034488666,9.0
2016-08-02 15:32:48.340,-0.766,-0.023,0.504,16.256767926388818,1.768327998698259,15.467934933099016,9.0
2016-08-02 15:32:48.350,-0.754,-0.016,0.504,15.982493860822888,1.7643590072822113,17.11224182144742,9.0
2016-08-02 15:32:48.360,-0.742,0.0,0.504,14.232201426984904,1.4289883232503766,18.13770574641915,9.0
2016-08-02 15:32:48.370,-0.723,0.004,0.504,11.933787608349517,0.9621345559211449,18.14686652605142,9.0
2016-08-02 15:32:48.380,-0.699,0.004,0.504,10.13428313890308,0.50126520920747,17.551138182772483,9.0
2016-08-02 15:32:48.390,-0.676,0.008,0.492,9.835180245208814,0.470405434044696,16.17196472888112,9.0
2016-08-02 15:32:48.400,-0.668,0.008,0.473,10.602779946016096,0.9382111159272211,14.157101901837047,9.0
2016-08-02 15:32:48.410,-0.672,0.008,0.457,12.002392893753418,1.2077698535539547,12.3250613710709,9.0
2016-08-02 15:32:48.420,-0.676,0.008,0.457,14.049394193832246,1.1118959237918733,10.82043889567963,9.0
2016-08-02 15:32:48.430,-0.676,0.02,0.449,15.004093945990137,1.1650253263331825,9.894219179820492,9.0
2016-08-02 15:32:48.440,-0.672,0.035,0.449,13.199777178571582,1.138527820281751,9.619082820300683,9.0
2016-08-02 15:32:48.450,-0.664,0.039,0.449,9.514752185010423,0.85250076983445,9.478751681374614,9.0
2016-08-02 15:32:48.460,-0.645,0.039,0.445,5.638207931292985,0.9304195793202722,9.554383585179316,9.0
2016-08-02 15:32:48.470,-0.625,0.047,0.438,2.7041188600842503,1.4338514753887646,9.599943180629333,9.0
2016-08-02 15:32:48.480,-0.613,0.043,0.426,1.3029237542659835,2.062851147275208,8.814845287259963,9.0
2016-08-02 15:32:48.490,-0.609,0.047,0.41,0.7140059881842516,2.8879910703785554,7.727986247098741,9.0
2016-08-02 15:32:48.500,-0.633,0.055,0.402,-0.2867069518268818,3.53219177865532,6.979219223106341,9.0
2016-08-02 15:32:48.510,-0.645,0.059,0.402,-1.5330763769591096,3.4446960384360295,6.505918026359301,9.0
2016-08-02 15:32:48.520,-0.656,0.047,0.418,-2.176928899782789,3.001925412153998,6.840679494764174,9.0
2016-08-02 15:32:48.530,-0.652,0.039,0.43,-2.2401955454741347,2.727920842055315,7.4819097783501105,9.0
2016-08-02 15:32:48.540,-0.648,0.035,0.441,-2.085188776377051,2.5228159623789326,7.426861947385241,9.0
2016-08-02 15:32:48.550,-0.645,0.043,0.438,-1.7738138534595946,2.3901792719640347,7.05673861156221,9.0
2016-08-02 15:32:48.560,-0.645,0.043,0.434,-1.7756629387907035,2.4718463492751037,6.430723599735495,9.0
2016-08-02 15:32:48.570,-0.645,0.047,0.43,-2.408317147394139,2.5657818566788473,5.5776110064466105,9.0
2016-08-02 15:32:48.580,-0.648,0.059,0.434,-3.2728804131456655,2.2426790342310987,4.957643140403843,9.0
2016-08-02 15:32:48.590,-0.648,0.055,0.43,-4.324859145545583,1.6426367061176328,4.594105216959343,9.0
2016-08-02 15:32:48.600,-0.656,0.051,0.434,-5.2473287070161465,1.44929071215387,4.769425523873719,9.0
2016-08-02 15:32:48.610,-0.664,0.051,0.43,-5.3013108641360205,1.6086741857458002,5.272726050251878,9.0
2016-08-02 15:32:48.620,-0.668,0.051,0.434,-4.842774973631972,1.718576570502445,5.541064616443469,9.0
2016-08-02 15:32:48.630,-0.664,0.055,0.441,-4.8661344316077795,1.8518708939416295,6.05098368526199,9.0
2016-08-02 15:32:48.640,-0.668,0.051,0.453,-5.36835632832244,2.1963244351804354,6.8696577724927135,9.0
2016-08-02 15:32:48.650,-0.672,0.047,0.457,-5.255359979558199,2.731153075946084,7.202653883521086,9.0
2016-08-02 15:32:48.660,-0.684,0.047,0.457,-4.664503014180548,3.026296428963626,7.217040823878648,9.0
2016-08-02 15:32:48.670,-0.684,0.051,0.461,-4.919929462167367,3.1492089062335706,7.5949925484780625,9.0
2016-08-02 15:32:48.680,-0.684,0.039,0.465,-5.406650316186459,3.6055510949833165,8.104211949122549,9.0
2016-08-02 15:32:48.690,-0.68,0.027,0.48,-4.628112053978463,4.212581760936808,8.387011661868982,9.0
2016-08-02 15:32:48.700,-0.68,0.035,0.492,-3.1171549885382692,5.015781798544001,8.50438014398979,9.0
2016-08-02 15:32:48.710,-0.684,0.043,0.488,-2.1262278833336836,6.0780407438689,8.322631303422362,9.0
2016-08-02 15:32:48.720,-0.703,0.035,0.492,-1.0413264171117282,6.737845018516111,8.013584211595806,9.0
2016-08-02 15:32:48.730,-0.723,0.02,0.5,1.6210502699583698,6.869872080836908,8.013574480665163,9.0
2016-08-02 15:32:48.740,-0.738,0.016,0.508,5.076262715143309,6.8252485579968605,8.117093297105335,9.0
2016-08-02 15:32:48.750,-0.758,0.016,0.516,6.814771901399559,6.460836533251503,8.252571212769002,9.0
2016-08-02 15:32:48.760,-0.77,0.02,0.523,6.0037049909567815,5.412481464979072,8.771814767766228,9.0
2016-08-02 15:32:48.770,-0.766,0.023,0.535,4.3262290151717195,4.223672467523038,9.263134091938145,9.0
2016-08-02 15:32:48.780,-0.766,0.02,0.539,4.08247405312115,3.8759985500685437,9.100490531124159,9.0
2016-08-02 15:32:48.790,-0.773,0.016,0.543,6.243525437547962,4.10384465388188,8.383276498446518,9.0
2016-08-02 15:32:48.800,-0.793,0.016,0.535,9.582390886319901,4.122452091434183,7.5735990698333,9.0
2016-08-02 15:32:48.810,-0.813,0.016,0.535,11.678866889922395,3.5572888165892285,7.279867234427464,9.0
2016-08-02 15:32:48.820,-0.824,0.016,0.543,11.8739796868256,2.2863999108676927,7.604092180543125,9.0
2016-08-02 15:32:48.830,-0.828,0.023,0.555,11.330542025537952,0.8247136410019104,8.067767065382895,9.0
2016-08-02 15:32:48.840,-0.836,0.035,0.559,10.076769343441219,-0.3150803640502828,8.558847629358615,9.0
2016-08-02 15:32:48.850,-0.836,0.043,0.566,7.87873924909076,-1.2129832058260113,9.061888659433663,9.0
2016-08-02 15:32:48.860,-0.84,0.047,0.57,6.034023344076336,-1.7970006438662172,9.413361319056875,9.0
2016-08-02 15:32:48.870,-0.84,0.047,0.57,5.474673150353525,-1.7773801917477987,9.627500882378762,9.0
2016-08-02 15:32:48.880,-0.852,0.047,0.57,5.529534543746734,-1.2642410289522144,9.503133552733217,9.0
2016-08-02 15:32:48.890,-0.867,0.059,0.57,4.9990588533756,-0.9705295874359092,9.18307600569632,9.0
2016-08-02 15:32:48.900,-0.875,0.07,0.57,3.215107037580437,-1.3789488861804509,9.344009851927503,9.0
2016-08-02 15:32:48.910,-0.871,0.074,0.578,0.2879710330854689,-1.8329683115622197,9.509856555499502,9.0
2016-08-02 15:32:48.920,-0.871,0.07,0.582,-2.504678823732104,-1.6376707363167375,8.922866903689068,9.0
2016-08-02 15:32:48.930,-0.863,0.066,0.594,-2.961418316962103,-0.9376044495405477,8.083468487374663,9.0
2016-08-02 15:32:48.940,-0.859,0.07,0.602,-0.5235659477483023,0.1670330859241395,7.149719550288622,9.0
2016-08-02 15:32:48.950,-0.863,0.07,0.598,2.479615203179681,1.513664412872505,6.00820323302065,9.0
2016-08-02 15:32:48.960,-0.871,0.063,0.602,3.8624685963041685,2.544319271427684,5.274422305305009,9.0
2016-08-02 15:32:48.970,-0.883,0.07,0.602,4.1101910349851405,2.8388494802914637,4.869077521570247,9.0
2016-08-02 15:32:48.980,-0.887,0.078,0.605,3.241595100217388,2.224637652207879,4.645129760553161,9.0
2016-08-02 15:32:48.990,-0.871,0.09,0.621,0.06258765377328335,1.5056109510373337,4.863663303827257,9.0
2016-08-02 15:32:49.000,-0.867,0.105,0.617,-3.257489179877993,1.9867497737547701,4.52049494680747,9.0
2016-08-02 15:32:49.010,-0.871,0.105,0.605,-3.8070006124223656,3.213518923900653,3.7601262804562747,9.0
2016-08-02 15:32:49.020,-0.895,0.109,0.602,-1.4397605424404372,3.8419875866573485,4.092851892119937,9.0
2016-08-02 15:32:49.030,-0.914,0.109,0.605,2.38671846056201,3.7510338768711478,5.1941534929209165,9.0
2016-08-02 15:32:49.040,-0.918,0.109,0.605,4.400096255768555,3.200907343485908,6.4268762142278355,9.0
2016-08-02 15:32:49.050,-0.926,0.105,0.598,3.7245411944560898,1.8329909231457377,7.252652425964564,9.0
2016-08-02 15:32:49.060,-0.93,0.109,0.598,2.502969865773505,-0.1957844373574914,7.203338675922218,9.0
2016-08-02 15:32:49.070,-0.934,0.121,0.598,0.620619053892606,-1.8498887685904637,6.891150333282042,9.0
2016-08-02 15:32:49.080,-0.934,0.137,0.594,-2.541479603199043,-2.86867746892362,6.362030899903118,9.0
2016-08-02 15:32:49.090,-0.949,0.133,0.602,-5.558653675283626,-3.6022536622094306,6.072886402766887,9.0
2016-08-02 15:32:49.100,-0.957,0.117,0.605,-6.086439654854485,-3.9938616385265995,6.617257696102519,9.0
2016-08-02 15:32:49.110,-0.965,0.117,0.613,-3.347824092576648,-4.076104591651201,7.016465474379562,9.0
2016-08-02 15:32:49.120,-0.969,0.133,0.613,-0.8518179307416558,-4.174317205081316,7.405223041264793,9.0
2016-08-02 15:32:49.130,-0.969,0.133,0.621,-1.4084466665260895,-4.476456364138573,8.414015584878861,9.0
2016-08-02 15:32:49.140,-0.977,0.129,0.633,-1.7098958761476757,-4.311314738586797,9.091208662912498,9.0
2016-08-02 15:32:49.150,-0.98,0.129,0.637,0.49322903369918947,-3.3245241113319945,9.329434598759557,9.0
2016-08-02 15:32:49.160,-0.984,0.121,0.641,2.7252983906165404,-2.157362571660271,9.271002961104951,9.0
2016-08-02 15:32:49.170,-0.988,0.109,0.645,4.81819844665784,-0.7505267282623388,7.998392251217382,9.0
2016-08-02 15:32:49.180,-1.0,0.117,0.633,6.835033677611277,0.33905180258949197,6.340739704684069,9.0
2016-08-02 15:32:49.190,-1.004,0.137,0.621,6.00225378652719,0.02548870519801437,5.28231026311971,9.0
2016-08-02 15:32:49.200,-1.0,0.145,0.621,3.2340755183332957,-0.7346490826987645,3.9309157714169705,9.0
2016-08-02 15:32:49.210,-1.0,0.145,0.621,1.6572468508096754,-1.2383973670434916,2.7223476653700125,9.0
2016-08-02 15:32:49.220,-1.0,0.137,0.625,1.7955448723909435,-1.8462360581252695,2.377242513963662,9.0
2016-08-02 15:32:49.230,-0.988,0.129,0.633,3.783843363142979,-2.059089086206091,2.2039689385502026,9.0
2016-08-02 15:32:49.240,-0.98,0.137,0.633,6.6540123503251225,-2.0595512719088527,2.2262937308730946,9.0
2016-08-02 15:32:49.250,-0.973,0.141,0.629,7.799548652404705,-2.311788646132791,2.2848968599269766,9.0
2016-08-02 15:32:49.260,-0.965,0.148,0.629,6.728053781997316,-2.4884889915569537,1.7198925687157725,9.0
2016-08-02 15:32:49.270,-0.953,0.145,0.629,5.021017126524064,-2.9654420725208857,0.8538190498070536,9.0
2016-08-02 15:32:49.280,-0.941,0.141,0.633,3.9243861034185725,-3.650663110307521,-0.07081298036557884,9.0
2016-08-02 15:32:49.290,-0.938,0.141,0.641,3.616271356316627,-4.0970869991265175,-1.0606183458397336,9.0
2016-08-02 15:32:49.300,-0.938,0.148,0.645,2.7093739152291145,-4.950217785404573,-1.5791621956932138,9.0
2016-08-02 15:32:49.310,-0.941,0.152,0.645,-0.1240436989290239,-5.933851568815438,-1.291300977732881,9.0
2016-08-02 15:32:49.320,-0.941,0.156,0.652,-3.294888822002019,-6.360787170419435,-0.7336958888558002,9.0
2016-08-02 15:32:49.330,-0.934,0.145,0.652,-4.02162876929937,-6.341701188240047,-0.6413595885514779,9.0
2016-08-02 15:32:49.340,-0.926,0.137,0.652,-2.252024335339381,-5.403256729555504,-0.9924261268032859,9.0
2016-08-02 15:32:49.350,-0.926,0.137,0.648,-0.7047341604010187,-3.862753480299494,-1.5065228863281623,9.0
2016-08-02 15:32:49.360,-0.934,0.145,0.645,-1.738882774842943,-3.0011424082792573,-1.9187067025721467,9.0
2016-08-02 15:32:49.370,-0.941,0.141,0.633,-4.369698521722641,-2.5560584522154977,-1.8814439738975248,9.0
2016-08-02 15:32:49.380,-0.945,0.133,0.637,-5.552429759466113,-1.6921839478221377,-1.6090707449075792,9.0
2016-08-02 15:32:49.390,-0.949,0.121,0.641,-4.511601557579049,-0.5203785084035797,-1.3916351504640314,9.0
2016-08-02 15:32:49.400,-0.945,0.117,0.641,-3.032085733907804,0.5931500216981811,-1.1762572857371225,9.0
2016-08-02 15:32:49.410,-0.941,0.125,0.641,-2.715950695884982,1.3519395893578974,-1.0861332939528048,9.0
2016-08-02 15:32:49.420,-0.949,0.133,0.648,-3.799149736065882,1.8382507794127805,-1.0737568509480961,9.0
2016-08-02 15:32:49.430,-0.953,0.137,0.652,-5.112820339405097,2.4701022055823936,-0.7575174855310033,9.0
2016-08-02 15:32:49.440,-0.961,0.141,0.652,-5.36318043959043,3.245962692232309,-0.06925244630915242,9.0
2016-08-02 15:32:49.450,-0.977,0.133,0.656,-4.609131360340441,3.886707221457301,0.9046898362732595,9.0
2016-08-02 15:32:49.460,-0.988,0.129,0.656,-3.611970637349569,4.136382020349104,2.1085377546426045,9.0
2016-08-02 15:32:49.470,-0.992,0.125,0.664,-2.791772322733748,3.8645775084058824,3.156819604629586,9.0
2016-08-02 15:32:49.480,-1.0,0.129,0.668,-2.4032502853563096,3.317665201866677,3.989401253951609,9.0
2016-08-02 15:32:49.490,-1.0,0.129,0.672,-2.650177369952228,2.571638176877827,4.9738771571547105,9.0
2016-08-02 15:32:49.500,-1.004,0.129,0.676,-3.130435429652391,1.8302824763716317,5.951947777082433,9.0
2016-08-02 15:32:49.510,-1.004,0.133,0.676,-3.152448037387159,1.8952102206437194,6.711369446913547,9.0
2016-08-02 15:32:49.520,-1.016,0.133,0.672,-2.3984379162801464,2.469586328002615,7.4457974875713155,9.0
2016-08-02 15:32:49.530,-1.023,0.129,0.66,-0.6302280663356812,2.58992997893183,8.069668501104239,9.0
2016-08-02 15:32:49.540,-1.031,0.125,0.656,1.7467808636118025,2.533793246688557,8.097708419907795,9.0
2016-08-02 15:32:49.550,-1.039,0.129,0.652,3.1441701570093405,2.370170152256459,7.096379678411974,9.0
2016-08-02 15:32:49.560,-1.043,0.145,0.648,2.2482741443487595,1.7225572991923304,5.3163892474346435,9.0
2016-08-02 15:32:49.570,-1.035,0.148,0.648,-0.15313906206582728,1.2012716882926315,3.4780295440451967,9.0
2016-08-02 15:32:49.580,-1.027,0.137,0.656,-1.1737548306884589,1.3325986907070897,1.6716943932875858,9.0
2016-08-02 15:32:49.590,-1.027,0.121,0.656,0.7940108313046118,2.10068534116862,-0.14234116978827488,9.0
2016-08-02 15:32:49.600,-1.027,0.113,0.652,3.515191611558656,3.146865833820528,-1.477281600622312,9.0
2016-08-02 15:32:49.610,-1.027,0.109,0.652,4.435650427190799,3.626909116970772,-2.405952269459778,9.0
2016-08-02 15:32:49.620,-1.027,0.113,0.645,3.8714411725483937,3.4426030242293337,-3.5234553835899005,9.0
2016-08-02 15:32:49.630,-1.027,0.113,0.645,2.8044437624531744,3.1091146945259336,-4.724330241364478,9.0
2016-08-02 15:32:49.640,-1.023,0.109,0.645,1.5880074133562898,2.7151825214287637,-5.517746803651161,9.0
2016-08-02 15:32:49.650,-1.012,0.102,0.648,0.9273084283428668,2.450314491843204,-5.943676083888141,9.0
2016-08-02 15:32:49.660,-1.0,0.109,0.648,0.949779697794857,2.5525707721272557,-5.898801700603182,9.0
2016-08-02 15:32:49.670,-1.0,0.109,0.648,0.9653744201889052,2.895660035998309,-4.966924414898152,9.0
2016-08-02 15:32:49.680,-1.0,0.113,0.645,1.1064249049378068,3.359726875009226,-3.463985572167384,9.0
2016-08-02 15:32:49.690,-1.004,0.113,0.637,1.2574924907065228,3.693656850051366,-1.623030717701675,9.0
2016-08-02 15:32:49.700,-1.008,0.125,0.629,0.326767045985815,3.4959416501678824,0.6783956304733859,9.0
2016-08-02 15:32:49.710,-1.012,0.133,0.625,-1.7349596669649787,2.8605716068553466,2.8765303960975146,9.0
2016-08-02 15:32:49.720,-1.004,0.133,0.629,-4.101053651134972,2.21564749710896,4.559910520835498,9.0
2016-08-02 15:32:49.730,-1.0,0.125,0.637,-5.973136135017121,1.587767382117623,5.80834818639891,9.0
2016-08-02 15:32:49.740,-0.988,0.141,0.645,-6.8964529351614985,0.9288616683131663,6.360588003751429,9.0
2016-08-02 15:32:49.750,-0.984,0.137,0.652,-7.184778304973224,0.6374911025093057,6.145400754593235,9.0
2016-08-02 15:32:49.760,-0.988,0.133,0.656,-6.433822394143537,0.7927760048210719,5.600596564580149,9.0
2016-08-02 15:32:49.770,-0.996,0.129,0.664,-4.419710137284122,0.9850336239939184,4.922367155668469,9.0
2016-08-02 15:32:49.780,-0.996,0.137,0.668,-3.3044209328930165,0.9789546476460161,4.17266190303921,9.0
2016-08-02 15:32:49.790,-1.0,0.145,0.664,-4.302337363857286,0.5053269013047104,3.352008067279839,9.0
2016-08-02 15:32:49.800,-1.0,0.145,0.656,-5.510139702704721,-0.46184653204347337,2.3025880954179,9.0
2016-08-02 15:32:49.810,-1.0,0.137,0.656,-5.286697898726477,-1.3426985579041661,1.0753191445246963,9.0
2016-08-02 15:32:49.820,-0.996,0.121,0.652,-4.068307246850585,-1.790519396399044,-0.34789977700674296,9.0
2016-08-02 15:32:49.830,-0.992,0.125,0.641,-2.9496267781333985,-2.182247215360796,-1.9271863182479532,9.0
2016-08-02 15:32:49.840,-0.988,0.121,0.641,-2.595434814088236,-2.916073354699157,-3.32809345507619,9.0
2016-08-02 15:32:49.850,-0.973,0.113,0.641,-2.7988743633766684,-3.6527093029359365,-4.684765178331856,9.0
2016-08-02 15:32:49.860,-0.965,0.117,0.641,-2.8094902618200095,-4.109574272124484,-6.56730478400816,9.0
2016-08-02 15:32:49.870,-0.945,0.121,0.629,-3.2439879561867464,-4.7903378981967855,-8.746748795771278,9.0
2016-08-02 15:32:49.880,-0.93,0.117,0.629,-4.796318464982174,-5.734711150455091,-10.563785501891843,9.0
2016-08-02 15:32:49.890,-0.91,0.117,0.625,-5.851639866618341,-6.26610099070595,-12.101320819683266,9.0
2016-08-02 15:32:49.900,-0.898,0.113,0.613,-5.516177687264316,-6.350240254926756,-13.061823455922422,9.0
2016-08-02 15:32:49.910,-0.887,0.113,0.605,-4.550519465843652,-6.258052584774223,-12.882857420329453,9.0
2016-08-02 15:32:49.920,-0.875,0.113,0.598,-3.041361575484958,-5.697171025700635,-12.417036787239267,9.0
2016-08-02 15:32:49.930,-0.871,0.113,0.59,-1.5309772281375325,-4.546709939293828,-12.256509432706855,9.0
2016-08-02 15:32:49.940,-0.867,0.113,0.582,-0.8749086276736526,-3.3080694853702757,-12.006859671114421,9.0
2016-08-02 15:32:49.950,-0.867,0.109,0.578,-1.0727883422953273,-2.326339310388742,-12.036087056033356,9.0
2016-08-02 15:32:49.960,-0.859,0.105,0.574,-1.9244500642402542,-1.5934763354176937,-12.556378275694797,9.0
2016-08-02 15:32:49.970,-0.852,0.105,0.574,-2.6165605180220193,-1.2046868898933103,-13.12955544445649,9.0
2016-08-02 15:32:49.980,-0.844,0.098,0.574,-2.969330713651926,-1.017069843764729,-13.57099039724348,9.0
2016-08-02 15:32:49.990,-0.844,0.09,0.566,-4.0129615050394545,-0.7918037936506767,-13.775059299033137,9.0
2016-08-02 15:32:50.000,-0.852,0.086,0.563,-5.390167430877858,-0.7549465754113232,-13.700458711807684,9.0
2016-08-02 15:32:50.010,-0.852,0.086,0.559,-5.841369363214014,-0.9012984395484431,-13.266171593964117,9.0
2016-08-02 15:32:50.020,-0.848,0.074,0.555,-5.2642265626618325,-0.7578492300889212,-12.549247955185152,9.0
2016-08-02 15:32:50.030,-0.848,0.066,0.555,-4.276830564997863,-0.22629550075665153,-11.91309849331184,9.0
2016-08-02 15:32:50.040,-0.844,0.059,0.555,-3.3824623710450528,0.10160428575747052,-11.302665974761139,9.0
2016-08-02 15:32:50.050,-0.828,0.051,0.555,-2.812054222825704,0.07740038888464512,-10.662698439862258,9.0
2016-08-02 15:32:50.060,-0.813,0.051,0.555,-2.5300929412185225,0.5717927967546151,-10.573443080201617,9.0
2016-08-02 15:32:50.070,-0.809,0.051,0.547,-2.6456563398017066,1.408784520087861,-11.000014506293457,9.0
2016-08-02 15:32:50.080,-0.805,0.051,0.539,-3.470883232496063,1.7702249693419567,-10.96859709145587,9.0
2016-08-02 15:32:50.090,-0.789,0.051,0.527,-4.376056416656904,2.4524043288193633,-10.532174224718652,9.0
2016-08-02 15:32:50.100,-0.781,0.035,0.512,-4.607421127875655,3.805298563980614,-10.48624062777666,9.0
2016-08-02 15:32:50.110,-0.777,0.023,0.512,-4.227397254726479,4.99266079424191,-10.358161390581602,9.0
2016-08-02 15:32:50.120,-0.773,0.016,0.508,-2.498005230992694,5.902327311358176,-9.654996420539774,9.0
2016-08-02 15:32:50.130,-0.777,0.016,0.504,0.029706442185617674,6.30303086346386,-8.876893231687978,9.0
2016-08-02 15:32:50.140,-0.773,0.016,0.512,0.5629465780406937,6.087660710782508,-7.901074120008686,9.0
2016-08-02 15:32:50.150,-0.766,0.008,0.523,-0.7345787109294044,6.123251259439955,-6.658008816083566,9.0
2016-08-02 15:32:50.160,-0.762,0.008,0.527,-1.3721373305193427,6.297201493813927,-5.881187661881476,9.0
2016-08-02 15:32:50.170,-0.762,0.008,0.531,-1.3015395365241254,5.9011350135482425,-5.6046293882841205,9.0
2016-08-02 15:32:50.180,-0.754,0.012,0.523,-1.2887856244719407,5.577569067941495,-5.53788283256157,9.0
2016-08-02 15:32:50.190,-0.754,0.012,0.512,-1.1424557257957777,5.6970754455889585,-5.8277197012154165,9.0
2016-08-02 15:32:50.200,-0.75,0.016,0.496,-1.3068992282278753,5.4283534751489135,-6.222396661754845,9.0
2016-08-02 15:32:50.210,-0.742,0.016,0.477,-2.205039055657658,4.7417529596140255,-6.412544734136343,9.0
2016-08-02 15:32:50.220,-0.73,0.016,0.469,-3.0436944477254637,4.381311443996273,-6.819960693697592,9.0
2016-08-02 15:32:50.230,-0.715,0.012,0.469,-3.420596452891979,4.246449641283672,-7.556610612836744,9.0
2016-08-02 15:32:50.240,-0.695,0.012,0.465,-4.051330651720333,3.8590567851744515,-8.279373721151744,9.0
2016-08-02 15:32:50.250,-0.68,0.008,0.461,-4.643656063815726,3.4711444120150228,-9.304373662432617,9.0
2016-08-02 15:32:50.260,-0.676,-0.004,0.449,-4.3770294865046795,3.5746340271126327,-10.570532708161153,9.0
2016-08-02 15:32:50.270,-0.676,0.004,0.449,-3.857201818821051,3.987201465762671,-11.491135845035792,9.0
2016-08-02 15:32:50.280,-0.68,0.016,0.441,-3.653262946625505,3.9458242777016475,-12.198849317690573,9.0
2016-08-02 15:32:50.290,-0.68,0.016,0.438,-4.0818727955968,3.413523827832873,-12.314710085279653,9.0
2016-08-02 15:32:50.300,-0.672,0.012,0.445,-5.285845487464931,3.2371898744829575,-11.544877468887975,9.0
2016-08-02 15:32:50.310,-0.664,0.016,0.438,-6.634532758693594,3.3412261756527553,-11.033179446976858,9.0
2016-08-02 15:32:50.320,-0.656,0.027,0.43,-8.756184101873941,3.058626392019304,-10.809191108018284,9.0
2016-08-02 15:32:50.330,-0.648,0.035,0.418,-11.829219506086336,2.403044051972839,-10.227804500134887,9.0
2016-08-02 15:32:50.340,-0.648,0.023,0.41,-13.789099176152638,1.7052913704168406,-10.136123162888014,9.0
2016-08-02 15:32:50.350,-0.641,0.016,0.414,-13.847218840910552,1.2784116485530495,-10.664917703753893,9.0
2016-08-02 15:32:50.360,-0.637,0.012,0.41,-12.749097054454376,0.959039238448654,-11.057017101433063,9.0
2016-08-02 15:32:50.370,-0.637,0.012,0.402,-11.366831085999321,0.44311424966724666,-11.452377935941144,9.0
2016-08-02 15:32:50.380,-0.633,0.012,0.41,-11.04584172359125,-0.19738001356455995,-11.796781709111714,9.0
2016-08-02 15:32:50.390,-0.629,0.012,0.414,-11.806668096241879,-0.8676798295522049,-11.967026902263086,9.0
2016-08-02 15:32:50.400,-0.625,0.004,0.418,-12.497398936443057,-1.4469705529353205,-12.383748588943146,9.0
2016-08-02 15:32:50.410,-0.629,-0.008,0.422,-12.905064823871271,-2.02222319667683,-12.84490697396819,9.0
2016-08-02 15:32:50.420,-0.633,-0.016,0.426,-12.636612847585392,-2.763219500453138,-13.24545761815578,9.0
2016-08-02 15:32:50.430,-0.641,-0.027,0.43,-11.002527604146286,-3.475806029553247,-13.99862622571672,9.0
2016-08-02 15:32:50.440,-0.645,-0.043,0.434,-8.567629808501025,-4.013663205889121,-14.772966569922833,9.0
2016-08-02 15:32:50.450,-0.648,-0.051,0.434,-6.304359622282701,-4.614077005864698,-15.30875594160791,9.0
2016-08-02 15:32:50.460,-0.656,-0.055,0.434,-4.98502163185317,-5.457940915443597,-15.874678293001413,9.0
2016-08-02 15:32:50.470,-0.652,-0.051,0.438,-4.82657175163533,-6.279504994384965,-16.408306121177713,9.0
2016-08-02 15:32:50.480,-0.66,-0.055,0.449,-4.863164164268292,-6.926220981220308,-17.16901223608237,9.0
2016-08-02 15:32:50.490,-0.668,-0.055,0.457,-4.474575043455017,-7.501121076485612,-18.32390611357329,9.0
2016-08-02 15:32:50.500,-0.68,-0.051,0.461,-3.9210586755668286,-7.815744957465581,-19.306276870551905,9.0
2016-08-02 15:32:50.510,-0.68,-0.055,0.461,-3.3976293932697708,-7.893426990248686,-19.949209836198143,9.0
2016-08-02 15:32:50.520,-0.695,-0.055,0.453,-2.8249950387867697,-7.966879573157685,-20.29652502712996,9.0
2016-08-02 15:32:50.530,-0.715,-0.066,0.469,-1.7479558148619176,-7.875614905638431,-20.148953339453872,9.0
2016-08-02 15:32:50.540,-0.727,-0.066,0.484,-0.19581111704894325,-7.527439004692712,-19.433697941841267,9.0
2016-08-02 15:32:50.550,-0.73,-0.063,0.492,0.7857550674508047,-7.0228697396193365,-18.49395116897749,9.0
2016-08-02 15:32:50.560,-0.734,-0.059,0.5,0.5316695693443249,-6.549765607621979,-17.83411704821286,9.0
2016-08-02 15:32:50.570,-0.738,-0.055,0.504,0.054967267256889815,-6.094787458267698,-17.333769438468014,9.0
2016-08-02 15:32:50.580,-0.754,-0.059,0.504,0.7524806493217062,-5.3135325217573275,-16.814961543357498,9.0
2016-08-02 15:32:50.590,-0.77,-0.066,0.5,2.4483382034473715,-4.480298819717254,-16.188124327939626,9.0
2016-08-02 15:32:50.600,-0.777,-0.063,0.504,4.222272871263574,-3.8983791735022795,-15.202032952833626,9.0
2016-08-02 15:32:50.610,-0.789,-0.063,0.508,5.191335713657117,-3.2288189271693994,-14.175072018040845,9.0
2016-08-02 15:32:50.620,-0.789,-0.066,0.516,4.28064463919301,-2.611258677817755,-13.287241125659648,9.0
2016-08-02 15:32:50.630,-0.785,-0.074,0.52,1.905994040833131,-2.2254444523061108,-12.532979030244913,9.0
2016-08-02 15:32:50.640,-0.781,-0.082,0.527,-0.4308519115310371,-1.9369654795863287,-12.41362983591555,9.0
2016-08-02 15:32:50.650,-0.77,-0.078,0.527,-2.979893110401517,-2.0051868151984302,-12.760350396956841,9.0
2016-08-02 15:32:50.660,-0.766,-0.082,0.523,-5.954868743968833,-2.2814570950542503,-13.221368808729514,9.0
2016-08-02 15:32:50.670,-0.766,-0.105,0.52,-7.157406285818185,-2.4508233347346655,-14.002668822688097,9.0
2016-08-02 15:32:50.680,-0.762,-0.125,0.52,-4.986498177452183,-2.695485835417315,-14.60069019662772,9.0
2016-08-02 15:32:50.690,-0.75,-0.125,0.523,-1.0743553483238302,-2.6790232197805413,-14.701329046015978,9.0
2016-08-02 15:32:50.700,-0.742,-0.109,0.516,1.3954017699087908,-2.272878891025882,-14.66121111663002,9.0
2016-08-02 15:32:50.710,-0.73,-0.094,0.508,1.1145709842742522,-2.1783007788795703,-14.044900944882594,9.0
2016-08-02 15:32:50.720,-0.727,-0.086,0.504,0.14369631458035032,-2.1786553674893776,-12.66665593372947,9.0
2016-08-02 15:32:50.730,-0.734,-0.086,0.5,1.3222008283679987,-1.605811318784621,-11.039887570144904,9.0
2016-08-02 15:32:50.740,-0.746,-0.094,0.508,4.877069913382982,-0.833484612532952,-8.863072817329371,9.0
2016-08-02 15:32:50.750,-0.746,-0.086,0.512,8.301581848118014,-0.2794336766482741,-5.993912345227897,9.0
2016-08-02 15:32:50.760,-0.75,-0.074,0.512,8.86906095545454,-0.008350579886239114,-2.974053389823993,9.0
2016-08-02 15:32:50.770,-0.758,-0.066,0.516,6.521330459537524,-0.36507813224313285,0.43926101023632147,9.0
2016-08-02 15:32:50.780,-0.758,-0.066,0.523,4.02452635657844,-1.1166799474150282,4.127634706332797,9.0
2016-08-02 15:32:50.790,-0.75,-0.059,0.531,3.4619881454809294,-1.1845498840522688,6.991743544859107,9.0
2016-08-02 15:32:50.800,-0.754,-0.059,0.535,4.270599836451623,-0.42093657192243783,9.202112530851343,9.0
2016-08-02 15:32:50.810,-0.766,-0.059,0.535,5.52693604600144,0.2697529028701909,11.848066585947922,9.0
2016-08-02 15:32:50.820,-0.777,-0.063,0.539,7.154109541863757,0.8058401274259592,15.072645260621893,9.0
2016-08-02 15:32:50.830,-0.781,-0.066,0.539,8.547641305269027,1.5590634001616912,18.288227950492708,9.0
2016-08-02 15:32:50.840,-0.785,-0.07,0.539,8.942145531246995,2.190906814649709,20.954848714715308,9.0
2016-08-02 15:32:50.850,-0.785,-0.078,0.535,8.501943510548216,2.3797725692945786,22.920813978790353,9.0
2016-08-02 15:32:50.860,-0.781,-0.086,0.535,7.672455463411727,2.2666991730678197,24.142944950060965,9.0
2016-08-02 15:32:50.870,-0.762,-0.086,0.527,6.549744841841179,2.2097070208616896,24.348393480707855,9.0
2016-08-02 15:32:50.880,-0.758,-0.086,0.512,5.351656071433943,2.3206234350495194,23.597427518922153,9.0
2016-08-02 15:32:50.890,-0.75,-0.09,0.5,5.1671116163114315,2.10823344542087,22.64660267356543,9.0
2016-08-02 15:32:50.900,-0.738,-0.098,0.504,7.104780448948562,1.4792024376865114,21.963344886108093,9.0
2016-08-02 15:32:50.910,-0.73,-0.102,0.504,10.409586083208554,0.9571547685786822,21.268973808347035,9.0
2016-08-02 15:32:50.920,-0.727,-0.102,0.5,13.40125575474913,0.5221426405319516,20.622149946958704,9.0
2016-08-02 15:32:50.930,-0.727,-0.078,0.48,15.296241551864973,-0.2453302616646837,20.607327445604874,9.0
2016-08-02 15:32:50.940,-0.715,-0.063,0.48,15.429546031808808,-1.2437731905751683,21.558351548279823,9.0
2016-08-02 15:32:50.950,-0.707,-0.063,0.484,14.077295597043985,-1.7410603043020203,23.122778026630435,9.0
2016-08-02 15:32:50.960,-0.699,-0.059,0.473,13.57375746559845,-1.584536472927742,24.485060266242826,9.0
2016-08-02 15:32:50.970,-0.688,-0.059,0.457,14.535704820007979,-1.477551759869229,25.774043626640886,9.0
2016-08-02 15:32:50.980,-0.676,-0.051,0.438,15.253615074593496,-1.461018765663661,27.502321740760777,9.0
2016-08-02 15:32:50.990,-0.656,-0.043,0.426,15.633094814742341,-1.358804045383632,28.887131524162104,9.0
2016-08-02 15:32:51.000,-0.645,-0.039,0.41,16.0807869305029,-1.402443315096915,29.59584680765446,9.0
2016-08-02 15:32:51.010,-0.613,-0.027,0.391,16.019116879821215,-1.4468394862508336,29.966662470149547,9.0
2016-08-02 15:32:51.020,-0.594,-0.008,0.379,15.709794968140223,-1.3890357706545602,29.510069534351217,9.0
2016-08-02 15:32:51.030,-0.578,0.008,0.375,15.860343129207656,-1.1072496703833488,28.51519762241322,9.0
2016-08-02 15:32:51.040,-0.566,0.02,0.379,16.737083423630875,-0.3883582143168477,27.703150139162958,9.0
2016-08-02 15:32:51.050,-0.559,0.035,0.391,18.247667457733904,0.3343438228785325,26.742203831287597,9.0
2016-08-02 15:32:51.060,-0.551,0.051,0.391,19.02785259203207,0.8478761933252302,25.735847374625617,9.0
2016-08-02 15:32:51.070,-0.551,0.074,0.387,17.28865070189611,1.388985856793458,25.06086405574907,9.0
2016-08-02 15:32:51.080,-0.551,0.086,0.379,13.267221009261426,1.6477787469856366,24.166523775297513,9.0
2016-08-02 15:32:51.090,-0.555,0.09,0.379,8.465233218572658,1.508041465969895,22.807052555180483,9.0
2016-08-02 15:32:51.100,-0.563,0.094,0.379,4.134218112371621,1.4323179515138649,21.275375407514122,9.0
2016-08-02 15:32:51.110,-0.578,0.098,0.387,1.2054780381388772,1.3779848585234076,19.410913114452036,9.0
2016-08-02 15:32:51.120,-0.602,0.105,0.391,-0.7466684696491387,1.053146855230458,17.52215611190408,9.0
2016-08-02 15:32:51.130,-0.629,0.109,0.398,-2.508514820096779,0.7217444324194517,16.383014343629192,9.0
2016-08-02 15:32:51.140,-0.656,0.113,0.418,-3.4202871624468045,0.4951326638639218,16.08746072174074,9.0
2016-08-02 15:32:51.150,-0.664,0.113,0.434,-3.211749272435889,0.22492514153259538,16.55701479607057,9.0
2016-08-02 15:32:51.160,-0.668,0.113,0.441,-3.105394937837026,0.4007864218082495,17.312608956821734,9.0
2016-08-02 15:32:51.170,-0.676,0.113,0.445,-4.357735470023928,1.0749948158108125,17.62291999439839,9.0
2016-08-02 15:32:51.180,-0.691,0.113,0.445,-7.012892359237673,1.31845563738815,17.58057849422699,9.0
2016-08-02 15:32:51.190,-0.707,0.105,0.441,-9.902999016779058,1.0873302773669045,17.219261314461225,9.0
2016-08-02 15:32:51.200,-0.711,0.09,0.449,-12.322132307083924,1.018267102026868,16.43929253051939,9.0
2016-08-02 15:32:51.210,-0.707,0.086,0.461,-13.742533178250312,1.067335644574406,15.4155282474069,9.0
2016-08-02 15:32:51.220,-0.695,0.078,0.465,-13.36281486472549,1.2558327418899258,13.943531425848612,9.0
2016-08-02 15:32:51.230,-0.699,0.059,0.469,-11.662922113234771,1.7719749495917745,12.183828149940629,9.0
2016-08-02 15:32:51.240,-0.695,0.055,0.469,-8.817409956329652,2.1985504290507647,10.437822849802538,9.0
2016-08-02 15:32:51.250,-0.703,0.051,0.465,-4.839018631096787,2.4225810221353985,8.298036446310762,9.0
2016-08-02 15:32:51.260,-0.711,0.035,0.469,-1.2804102349367743,2.8759841542467433,6.008145918689982,9.0
2016-08-02 15:32:51.270,-0.719,0.039,0.477,1.7613178876549873,3.3804498525143405,4.068140741095637,9.0
2016-08-02 15:32:51.280,-0.73,0.047,0.488,4.572817505677275,3.4321656002943692,2.36329343826211,9.0
2016-08-02 15:32:51.290,-0.738,0.043,0.5,5.210680127735462,2.9750444276031076,1.4248226523600402,9.0
2016-08-02 15:32:51.300,-0.734,0.051,0.512,3.803315131217647,2.3730509662723054,1.2454411476427385,9.0
2016-08-02 15:32:51.310,-0.738,0.055,0.516,2.5975091596659428,1.8712829682575962,0.8402419755793056,9.0
2016-08-02 15:32:51.320,-0.742,0.059,0.52,2.5020287393796883,1.4425640576806809,0.2222735235309574,9.0
2016-08-02 15:32:51.330,-0.754,0.047,0.527,5.0922006372814295,1.4349550170950949,-0.4853755154643328,9.0
2016-08-02 15:32:51.340,-0.762,0.031,0.539,10.948689916946503,2.13142299685165,-1.4688678116160392,9.0
2016-08-02 15:32:51.350,-0.773,0.043,0.543,16.353796066020493,2.8566229590062804,-2.3896618101018787,9.0
2016-08-02 15:32:51.360,-0.789,0.055,0.551,17.60485887013059,2.513068525032405,-2.778865212556594,9.0
2016-08-02 15:32:51.370,-0.801,0.066,0.57,14.889301400749957,0.8829853484750734,-2.1101254033689436,9.0
2016-08-02 15:32:51.380,-0.801,0.07,0.59,11.181889293870777,-1.1123504982856638,-0.8989334815805776,9.0
2016-08-02 15:32:51.390,-0.809,0.074,0.59,8.910330442764417,-2.5123183779444602,-0.28551764889787445,9.0
2016-08-02 15:32:51.400,-0.828,0.082,0.586,7.954341987222527,-3.2060184172485133,0.12256839077128148,9.0
2016-08-02 15:32:51.410,-0.844,0.09,0.582,7.968296562084639,-3.69468196798782,0.7679606254711446,9.0
2016-08-02 15:32:51.420,-0.863,0.094,0.582,8.98537845385983,-4.036266592954201,1.231452408651242,9.0
2016-08-02 15:32:51.430,-0.879,0.098,0.574,9.88923186111353,-4.047542508215401,1.6884215813185077,9.0
2016-08-02 15:32:51.440,-0.883,0.098,0.578,9.860845645085746,-4.010552300016573,2.170692842448546,9.0
2016-08-02 15:32:51.450,-0.879,0.102,0.59,9.015159918467859,-3.8515585016665446,2.254523971232317,9.0
2016-08-02 15:32:51.460,-0.875,0.113,0.594,7.275381666973779,-3.4277318873787492,1.9570254481906848,9.0
2016-08-02 15:32:51.470,-0.875,0.113,0.594,4.727464532015952,-2.8843413149152832,1.5445503262706988,9.0
2016-08-02 15:32:51.480,-0.887,0.105,0.598,2.585046236226739,-1.887101366865769,1.2168861770927197,9.0
2016-08-02 15:32:51.490,-0.898,0.098,0.602,1.9540490932660364,-0.4974643485956499,1.0841582034440158,9.0
2016-08-02 15:32:51.500,-0.922,0.086,0.613,2.169779957669446,0.7115628993760112,1.2606439043201156,9.0
2016-08-02 15:32:51.510,-0.926,0.082,0.617,2.5398616313917897,1.4579061086935017,1.796818685863936,9.0
2016-08-02 15:32:51.520,-0.93,0.082,0.617,2.5558372159645937,1.3900653207685507,2.6680321876660895,9.0
2016-08-02 15:32:51.530,-0.926,0.086,0.621,0.8927944242819734,0.6935086452244158,3.8857199486865257,9.0
2016-08-02 15:32:51.540,-0.918,0.098,0.633,-1.7882386398331809,0.24357098273494188,5.127631779412389,9.0
2016-08-02 15:32:51.550,-0.918,0.098,0.641,-2.9056489116310806,0.40265158826999403,6.052841616376235,9.0
2016-08-02 15:32:51.560,-0.93,0.086,0.656,-1.196254466407215,1.0357419463454427,7.116657936428319,9.0
2016-08-02 15:32:51.570,-0.934,0.074,0.664,2.6010554435304982,1.9419175849478267,8.580809946934103,9.0
2016-08-02 15:32:51.580,-0.945,0.094,0.656,5.49045732755703,2.6774776977072596,9.89532950472604,9.0
2016-08-02 15:32:51.590,-0.969,0.109,0.648,4.510734152201097,2.3673980305140434,10.992007832737896,9.0
2016-08-02 15:32:51.600,-0.98,0.105,0.648,0.982196500220823,0.7396566859713354,12.299502305532734,9.0
2016-08-02 15:32:51.610,-0.973,0.109,0.652,-1.6988049277890402,-0.8355683007232328,13.71345984049144,9.0
2016-08-02 15:32:51.620,-0.969,0.117,0.656,-2.5500746069333364,-1.5200485573533862,14.656943553786636,9.0
2016-08-02 15:32:51.630,-0.969,0.109,0.656,-2.0946146438885402,-1.7756968571816136,15.058908598969172,9.0
2016-08-02 15:32:51.640,-0.98,0.105,0.664,0.23020039714999252,-1.530349449964842,15.07874309695839,9.0
2016-08-02 15:32:51.650,-0.992,0.109,0.652,4.599664764484844,-0.9866532498108536,14.592043035534196,9.0
2016-08-02 15:32:51.660,-1.004,0.117,0.645,8.131690661409712,-0.5654181718283708,13.921378393074555,9.0
2016-08-02 15:32:51.670,-1.012,0.137,0.645,8.491441692296124,-0.18756037594411412,12.932850527518369,9.0
2016-08-02 15:32:51.680,-1.016,0.152,0.637,6.607287924675668,-0.3227919745405846,11.490185859583704,9.0
2016-08-02 15:32:51.690,-1.016,0.152,0.637,3.8190824672962957,-0.7874709296703992,10.45338247172695,9.0
2016-08-02 15:32:51.700,-1.012,0.145,0.641,2.0385553014892355,-0.755954738523099,9.677798576233446,9.0
2016-08-02 15:32:51.710,-0.996,0.145,0.645,2.6703552303820786,-0.4449403804630715,8.75639608545477,9.0
2016-08-02 15:32:51.720,-0.988,0.148,0.648,3.5609164887297755,0.11914145639620921,8.241170967994492,9.0
2016-08-02 15:32:51.730,-0.984,0.164,0.652,2.599493072533059,0.890711737323947,8.142036013005413,9.0
2016-08-02 15:32:51.740,-0.977,0.168,0.656,1.4077032127983868,1.193435464884082,8.115581616211294,9.0
2016-08-02 15:32:51.750,-0.969,0.16,0.66,2.143452847984415,1.5885380608366775,8.015022094184499,9.0
2016-08-02 15:32:51.760,-0.961,0.168,0.656,3.7466487840550613,2.4681338454773103,7.638380311015114,9.0
2016-08-02 15:32:51.770,-0.953,0.18,0.648,3.916375608962118,2.814822359785569,7.050519958716663,9.0
2016-08-02 15:32:51.780,-0.941,0.18,0.645,3.154658549359328,2.6989422041152644,6.47087439086029,9.0
2016-08-02 15:32:51.790,-0.938,0.18,0.641,3.419366129916561,2.755750088558445,5.850086079951112,9.0
2016-08-02 15:32:51.800,-0.934,0.184,0.641,4.275247833493317,2.7979262450936826,5.036963371073439,9.0
2016-08-02 15:32:51.810,-0.934,0.184,0.641,4.462443764685866,2.772993524051247,3.9012739188172425,9.0
2016-08-02 15:32:51.820,-0.938,0.18,0.621,4.620262577348324,2.65560969991368,2.4105280670782423,9.0
2016-08-02 15:32:51.830,-0.941,0.18,0.621,4.791515666594521,2.3595078385439137,1.0269712362132444,9.0
2016-08-02 15:32:51.840,-0.934,0.176,0.625,3.644263501531985,2.0921816392919426,-0.05238174891280184,9.0
2016-08-02 15:32:51.850,-0.926,0.18,0.625,1.4385658148249647,2.074348302338208,-1.448759327819639,9.0
2016-08-02 15:32:51.860,-0.922,0.172,0.633,-0.5371469356874361,2.007389364548203,-2.877866054003709,9.0
2016-08-02 15:32:51.870,-0.91,0.172,0.637,-1.8107399960320194,1.4972808272538376,-3.4687824139151924,9.0
2016-08-02 15:32:51.880,-0.902,0.168,0.633,-2.169332750682507,1.2192739207859455,-3.7245832042458744,9.0
2016-08-02 15:32:51.890,-0.898,0.156,0.629,-1.6637295361511084,1.4998561727900495,-4.073384661102835,9.0
2016-08-02 15:32:51.900,-0.898,0.156,0.625,-1.031107537770742,1.531580656312002,-4.115360484116823,9.0
2016-08-02 15:32:51.910,-0.906,0.156,0.625,-1.1212310526221172,1.2973823595110343,-3.9062460919323296,9.0
2016-08-02 15:32:51.920,-0.906,0.16,0.629,-2.0547041063980167,0.955240738911617,-3.437915798905596,9.0
2016-08-02 15:32:51.930,-0.91,0.156,0.633,-2.9704524907524865,0.30888813195880305,-2.7122299713041427,9.0
2016-08-02 15:32:51.940,-0.91,0.152,0.641,-3.2374612038150894,-0.16260812073257366,-1.9418182200373506,9.0
2016-08-02 15:32:51.950,-0.918,0.152,0.641,-2.939194533424711,-0.38085278218922497,-0.7900833745961662,9.0
2016-08-02 15:32:51.960,-0.922,0.16,0.637,-2.232884801337371,-0.6608292978311001,0.7380463458318886,9.0
2016-08-02 15:32:51.970,-0.93,0.164,0.633,-1.7583895934097091,-0.6737078025303821,2.0887441119700543,9.0
2016-08-02 15:32:51.980,-0.938,0.172,0.629,-2.0661897418841937,-0.39003507730471476,3.2179232629383847,9.0
2016-08-02 15:32:51.990,-0.938,0.176,0.629,-2.771487633509623,-0.3474472492826226,4.205630089248749,9.0
2016-08-02 15:32:52.000,-0.945,0.18,0.633,-3.5048681844017047,-0.4796537484607877,4.8812309475906535,9.0
2016-08-02 15:32:52.010,-0.949,0.18,0.637,-4.181408636809906,-0.328313981508516,5.205178000780554,9.0
2016-08-02 15:32:52.020,-0.957,0.18,0.637,-4.440701621456749,0.04790880681697188,5.371394575107771,9.0
2016-08-02 15:32:52.030,-0.961,0.172,0.641,-3.770104207921261,0.46790695351820677,5.572165339157648,9.0
2016-08-02 15:32:52.040,-0.969,0.168,0.641,-1.990805454103469,1.0470405730175971,5.693751837844868,9.0
2016-08-02 15:32:52.050,-0.973,0.16,0.637,0.5714676029725803,1.8454739819759154,5.628993923880646,9.0
2016-08-02 15:32:52.060,-0.969,0.156,0.633,3.083860056975207,2.545670495565485,5.213524658840015,9.0
2016-08-02 15:32:52.070,-0.965,0.164,0.633,4.118328598216416,2.8382563411732376,4.075729452583901,9.0
2016-08-02 15:32:52.080,-0.957,0.176,0.629,2.9215564968092655,2.8533664163489068,2.2961802316632727,9.0
2016-08-02 15:32:52.090,-0.949,0.18,0.633,0.8083930643187776,2.8968900414042915,0.25973896311300854,9.0
2016-08-02 15:32:52.100,-0.953,0.176,0.637,-0.18284363890069505,3.0680506298689427,-1.690919530757565,9.0
2016-08-02 15:32:52.110,-0.953,0.168,0.641,0.38460611415275303,3.2184241913079763,-3.1835487182240003,9.0
2016-08-02 15:32:52.120,-0.957,0.164,0.641,1.30119602705118,3.430914319827498,-4.12124073247156,9.0
2016-08-02 15:32:52.130,-0.953,0.16,0.633,1.2415738494120643,3.7773383728757697,-4.620324850539893,9.0
2016-08-02 15:32:52.140,-0.941,0.156,0.617,-0.13421446695578176,3.8345397679948405,-4.844972859097345,9.0
2016-08-02 15:32:52.150,-0.926,0.152,0.609,-1.6123601444123543,3.541426442711738,-5.119870856986166,9.0
2016-08-02 15:32:52.160,-0.918,0.141,0.605,-1.7459219750198074,3.3245169555533898,-5.483621166916285,9.0
2016-08-02 15:32:52.170,-0.902,0.137,0.609,-0.509355140559535,3.312549820174243,-5.641997821191898,9.0
2016-08-02 15:32:52.180,-0.902,0.137,0.609,1.0446389706768213,3.5439434024702035,-5.384155715479205,9.0
2016-08-02 15:32:52.190,-0.906,0.141,0.609,1.5915777938902986,3.945200766772774,-4.549400290818269,9.0
2016-08-02 15:32:52.200,-0.922,0.148,0.609,1.1537111278702492,4.168485617313938,-3.411998024493219,9.0
2016-08-02 15:32:52.210,-0.926,0.152,0.605,0.9354472171802435,4.1361682032093885,-2.3582654389226807,9.0
2016-08-02 15:32:52.220,-0.938,0.156,0.605,0.39438503949851195,3.8581913129667216,-1.1811661715168744,9.0
2016-08-02 15:32:52.230,-0.938,0.168,0.605,-2.3414568135718103,3.23905189560069,0.2058530379736186,9.0
2016-08-02 15:32:52.240,-0.934,0.176,0.605,-6.8310752820848,2.3624836379956617,1.543562455013353,9.0
2016-08-02 15:32:52.250,-0.934,0.18,0.617,-10.19953448091397,1.371204104644077,2.906505691567187,9.0
2016-08-02 15:32:52.260,-0.941,0.172,0.629,-10.591734037145635,0.6689880357318306,4.366544724258189,9.0
2016-08-02 15:32:52.270,-0.953,0.16,0.641,-8.691699443846334,0.583104375093797,5.616186791795286,9.0
2016-08-02 15:32:52.280,-0.965,0.156,0.652,-6.747183337807705,0.46290392091990945,6.694095564502337,9.0
2016-08-02 15:32:52.290,-0.984,0.164,0.652,-6.348313359487736,-0.36960091919716503,7.672776711350098,9.0
2016-08-02 15:32:52.300,-1.0,0.172,0.656,-7.017288641590187,-1.6210501501187506,8.263564072104742,9.0
2016-08-02 15:32:52.310,-1.004,0.168,0.66,-7.965679154895163,-3.0341034785729684,8.697511536597718,9.0
2016-08-02 15:32:52.320,-1.004,0.16,0.672,-9.040564998461528,-4.370328715905207,9.042790058254269,9.0
2016-08-02 15:32:52.330,-1.0,0.164,0.684,-9.698590518160128,-5.178937946659246,8.712526782829025,9.0
2016-08-02 15:32:52.340,-0.992,0.172,0.691,-9.977591659517064,-5.728080560609596,7.963971692633125,9.0
2016-08-02 15:32:52.350,-0.988,0.172,0.691,-10.359645379087887,-6.054643654599097,7.3096632995378865,9.0
2016-08-02 15:32:52.360,-0.992,0.16,0.691,-9.776373287356002,-5.75983733961856,6.2318468507770595,9.0
2016-08-02 15:32:52.370,-0.996,0.16,0.68,-8.103373661902102,-5.36094316348617,4.793098196763049,9.0
2016-08-02 15:32:52.380,-0.988,0.164,0.668,-7.402077185217555,-5.289279172152254,3.5398744919727543,9.0
2016-08-02 15:32:52.390,-0.984,0.16,0.66,-7.8651396380038845,-5.204892160217246,1.9308545113341093,9.0
2016-08-02 15:32:52.400,-0.977,0.156,0.664,-8.063695488832394,-5.072981628151801,-0.3256672439188183,9.0
2016-08-02 15:32:52.410,-0.969,0.152,0.66,-7.561143433387024,-4.9654008883464185,-2.8716607252264286,9.0
2016-08-02 15:32:52.420,-0.957,0.152,0.66,-6.362877684932588,-4.458025942431206,-5.374115000942789,9.0
2016-08-02 15:32:52.430,-0.941,0.156,0.648,-4.585376079607966,-3.411559268686481,-7.453455154955318,9.0
2016-08-02 15:32:52.440,-0.938,0.156,0.641,-2.4600668932575376,-2.2174195863924386,-9.323598276487285,9.0
2016-08-02 15:32:52.450,-0.934,0.156,0.633,-0.6822820970055075,-1.0420227035239893,-11.035624291265409,9.0
2016-08-02 15:32:52.460,-0.93,0.156,0.629,-0.19503185210005589,-0.03139860152481756,-12.428873782430992,9.0
2016-08-02 15:32:52.470,-0.934,0.156,0.613,-0.7283654721941109,0.5441263535048296,-14.052845462122228,9.0
2016-08-02 15:32:52.480,-0.934,0.148,0.598,-1.6363285023293523,0.6157224793417767,-15.645560581146963,9.0
2016-08-02 15:32:52.490,-0.922,0.148,0.598,-2.910595616561033,0.3835316735968808,-16.587976750974796,9.0
2016-08-02 15:32:52.500,-0.914,0.152,0.586,-4.438545777023261,0.38509152977963934,-17.394567148560448,9.0
2016-08-02 15:32:52.510,-0.898,0.145,0.582,-5.967875664123321,0.5666731142769071,-17.779087831001096,9.0
2016-08-02 15:32:52.520,-0.891,0.141,0.582,-6.881403291985164,0.6050750462780203,-17.064550324807207,9.0
2016-08-02 15:32:52.530,-0.883,0.137,0.574,-6.911630560829651,1.0360930179266425,-16.090562247617825,9.0
2016-08-02 15:32:52.540,-0.883,0.125,0.57,-7.0773317268909235,1.886338802189362,-15.241271803316241,9.0
2016-08-02 15:32:52.550,-0.887,0.113,0.566,-7.362582989507286,2.557587213350779,-14.234358308101445,9.0
2016-08-02 15:32:52.560,-0.879,0.102,0.563,-6.585384016269157,2.9639845877618454,-13.441284176694797,9.0
2016-08-02 15:32:52.570,-0.863,0.094,0.551,-5.2582198852202895,3.1428676303482574,-13.010745047710998,9.0
2016-08-02 15:32:52.580,-0.852,0.09,0.543,-4.535252644538356,3.281584409063382,-12.948029367295785,9.0
2016-08-02 15:32:52.590,-0.848,0.086,0.543,-4.473980749716942,3.5289048002057717,-13.048017437068122,9.0
2016-08-02 15:32:52.600,-0.844,0.086,0.543,-5.001029283616038,3.6696311461242144,-12.93740367615289,9.0
2016-08-02 15:32:52.610,-0.848,0.082,0.551,-5.795489010837773,3.7751496762301944,-12.929081531074566,9.0
2016-08-02 15:32:52.620,-0.848,0.074,0.543,-6.296903808349411,3.9383344295400127,-13.190884245328263,9.0
2016-08-02 15:32:52.630,-0.852,0.059,0.535,-6.6492386814178,3.7630331273114237,-13.660013094472918,9.0
2016-08-02 15:32:52.640,-0.844,0.039,0.535,-6.964460306524463,3.095933215443906,-14.484502515717463,9.0
2016-08-02 15:32:52.650,-0.84,0.027,0.531,-7.145412051848417,2.313317771957276,-15.457275420277597,9.0
2016-08-02 15:32:52.660,-0.828,0.016,0.535,-7.578247832184484,1.7761969886269526,-16.412934255144318,9.0
2016-08-02 15:32:52.670,-0.816,0.012,0.535,-8.454914871725892,1.3489748417596128,-17.16967016408207,9.0
2016-08-02 15:32:52.680,-0.809,0.004,0.535,-9.188026799492663,0.6975404067450209,-17.354843974821367,9.0
2016-08-02 15:32:52.690,-0.805,0.004,0.535,-8.628143232466446,0.2319535010207934,-17.125018178779612,9.0
2016-08-02 15:32:52.700,-0.809,0.0,0.527,-6.147817507073119,0.2264954001195286,-16.69267308455618,9.0
2016-08-02 15:32:52.710,-0.813,-0.008,0.523,-2.888408688321216,0.1180624363833949,-15.802827101243683,9.0
2016-08-02 15:32:52.720,-0.809,-0.012,0.52,0.11170195482165135,0.06618029852395386,-14.621464396713806,9.0
2016-08-02 15:32:52.730,-0.801,-0.016,0.523,2.8412057961908834,0.42495412420628487,-13.837961100201,9.0
2016-08-02 15:32:52.740,-0.797,-0.004,0.52,3.8359543169661636,0.5017655680267312,-13.45881616058796,9.0
2016-08-02 15:32:52.750,-0.785,0.004,0.523,2.133358055809989,-0.05993144602326836,-13.273107158647539,9.0
2016-08-02 15:32:52.760,-0.777,0.004,0.52,-0.7189746284168748,-0.6895949478540347,-13.290812436218214,9.0
2016-08-02 15:32:52.770,-0.77,0.008,0.527,-2.7927892729307913,-0.7970381327511518,-13.054055045278279,9.0
2016-08-02 15:32:52.780,-0.77,0.008,0.523,-2.864394502168203,-0.2648827584496663,-12.580767220147342,9.0
2016-08-02 15:32:52.790,-0.77,0.012,0.516,-2.0411760310228932,0.544170488961432,-12.085092487524658,9.0
2016-08-02 15:32:52.800,-0.773,0.012,0.5,-1.7349464112843709,1.317177542527725,-11.395282529392263,9.0
2016-08-02 15:32:52.810,-0.777,0.008,0.492,-1.1737350698682523,1.9314484580202063,-10.75261743889384,9.0
2016-08-02 15:32:52.820,-0.777,0.004,0.484,-0.6705286526981873,2.2882959622866084,-9.993036813263046,9.0
2016-08-02 15:32:52.830,-0.766,0.008,0.484,-1.0765458481629515,2.525423475128312,-9.150089068379712,9.0
2016-08-02 15:32:52.840,-0.754,0.012,0.484,-2.6871919235875463,2.602125558259229,-8.965782932179588,9.0
2016-08-02 15:32:52.850,-0.75,0.008,0.484,-6.146092588406481,2.3461534704646843,-8.965556285119218,9.0
2016-08-02 15:32:52.860,-0.73,0.008,0.484,-9.52863464452507,2.306514716342109,-8.64181657566977,9.0
2016-08-02 15:32:52.870,-0.719,0.008,0.477,-10.474492673045678,3.026689172677727,-8.513949791906322,9.0
2016-08-02 15:32:52.880,-0.715,0.008,0.473,-9.717699854085737,3.9471491634954132,-8.519905623024094,9.0
2016-08-02 15:32:52.890,-0.707,0.004,0.465,-8.083312679563837,4.428953500393142,-8.561540735882858,9.0
2016-08-02 15:32:52.900,-0.707,0.0,0.461,-6.276689957808831,4.690636926701154,-8.776885510416324,9.0
2016-08-02 15:32:52.910,-0.703,0.004,0.461,-5.307134620354617,4.710854699817116,-8.947182573245271,9.0
2016-08-02 15:32:52.920,-0.695,0.0,0.461,-5.293682816397034,4.142633238133245,-8.97277588518095,9.0
2016-08-02 15:32:52.930,-0.691,0.0,0.465,-6.811619518248585,3.282384947683686,-8.725534026123684,9.0
2016-08-02 15:32:52.940,-0.684,0.0,0.473,-9.406090556378118,2.3362545272697752,-8.293048419307222,9.0
2016-08-02 15:32:52.950,-0.68,0.0,0.477,-11.057091542693309,1.2932132592660937,-8.018302543359555,9.0
2016-08-02 15:32:52.960,-0.672,0.004,0.473,-11.278987791065116,0.6309696098537646,-7.791280574675322,9.0
2016-08-02 15:32:52.970,-0.672,0.004,0.461,-10.797219414228806,0.41550036528752615,-7.449049751093094,9.0
2016-08-02 15:32:52.980,-0.664,0.004,0.449,-9.819425451752135,0.15879761569516984,-7.215000584022484,9.0
2016-08-02 15:32:52.990,-0.664,0.004,0.441,-8.525523636761653,-0.12455292626385778,-7.359945338930036,9.0
2016-08-02 15:32:53.000,-0.676,-0.008,0.434,-7.600212802509009,-0.23950449675656904,-7.7820556108234324,9.0
2016-08-02 15:32:53.010,-0.66,-0.02,0.441,-7.415158229288739,-0.3972678598712962,-8.368093698519758,9.0
2016-08-02 15:32:53.020,-0.652,-0.016,0.438,-7.973632142329,-0.8882801816833747,-9.479296282494474,9.0
2016-08-02 15:32:53.030,-0.648,-0.016,0.438,-9.493228468657865,-1.6877648905419105,-11.00728433755413,9.0
2016-08-02 15:32:53.040,-0.645,-0.023,0.438,-11.278186647551347,-2.3935062463983785,-12.337442022475685,9.0
2016-08-02 15:32:53.050,-0.645,-0.031,0.441,-11.424074615759125,-2.654661729604422,-13.599980275945708,9.0
2016-08-02 15:32:53.060,-0.652,-0.043,0.441,-9.097568192243154,-2.516543536947699,-15.012774572195433,9.0
2016-08-02 15:32:53.070,-0.664,-0.051,0.441,-5.9028418325317675,-2.300106989535992,-16.155026232381203,9.0
2016-08-02 15:32:53.080,-0.668,-0.051,0.441,-3.947953153368524,-2.41737546325751,-16.956332219394213,9.0
2016-08-02 15:32:53.090,-0.672,-0.051,0.445,-3.8376676563802574,-3.0437990960633847,-17.679610173249145,9.0
2016-08-02 15:32:53.100,-0.672,-0.047,0.453,-5.506148248295592,-3.975789423720422,-18.13858672989994,9.0
2016-08-02 15:32:53.110,-0.672,-0.047,0.453,-8.26821780204809,-4.917114697322461,-18.32295142552576,9.0
2016-08-02 15:32:53.120,-0.668,-0.051,0.453,-10.006219907594899,-5.534939393824314,-18.85200182909023,9.0
2016-08-02 15:32:53.130,-0.68,-0.059,0.461,-9.13975751035634,-5.65519266210308,-19.794707770851083,9.0
2016-08-02 15:32:53.140,-0.691,-0.07,0.465,-6.112325747984739,-5.59689648426169,-20.423251831333086,9.0
2016-08-02 15:32:53.150,-0.703,-0.078,0.469,-2.531379268643263,-5.550673041094244,-20.552060544734008,9.0
2016-08-02 15:32:53.160,-0.715,-0.078,0.473,-0.21769859208914602,-5.55867835967591,-20.395829816715214,9.0
2016-08-02 15:32:53.170,-0.723,-0.066,0.48,0.016744051289884404,-6.0612032219744965,-19.949274928865584,9.0
2016-08-02 15:32:53.180,-0.719,-0.059,0.488,-1.5867234501394445,-6.818360216459627,-19.411563989509986,9.0
2016-08-02 15:32:53.190,-0.723,-0.055,0.488,-4.543536582761972,-7.122795169332688,-18.790243079174868,9.0
2016-08-02 15:32:53.200,-0.719,-0.059,0.492,-7.255579207600656,-7.199875480216306,-18.05774949783531,9.0
2016-08-02 15:32:53.210,-0.719,-0.07,0.5,-7.7114208893976866,-6.991442600255085,-17.58872402108617,9.0
2016-08-02 15:32:53.220,-0.73,-0.09,0.496,-5.4276084578549515,-6.040304369192569,-17.416315368176537,9.0
2016-08-02 15:32:53.230,-0.742,-0.09,0.496,-1.6321072372371568,-5.116972022554496,-17.141015797271855,9.0
2016-08-02 15:32:53.240,-0.742,-0.082,0.496,0.9153121091482438,-4.6310394154724515,-16.22719573302483,9.0
2016-08-02 15:32:53.250,-0.75,-0.082,0.5,0.6505823371441185,-3.905128808564097,-14.720278708257874,9.0
2016-08-02 15:32:53.260,-0.75,-0.082,0.504,-0.8338029554126779,-3.1252986148147683,-13.372755261203872,9.0
2016-08-02 15:32:53.270,-0.75,-0.082,0.512,-2.159272168431942,-2.656745331433121,-12.41156692579775,9.0
2016-08-02 15:32:53.280,-0.746,-0.094,0.512,-3.2762833985896354,-2.1872591462111215,-11.6150813316136,9.0
2016-08-02 15:32:53.290,-0.746,-0.105,0.512,-2.958406831062492,-1.5178625098570298,-10.942848268207133,9.0
2016-08-02 15:32:53.300,-0.75,-0.113,0.504,-0.4538730539959095,-0.7479616631539554,-10.422550044069997,9.0
2016-08-02 15:32:53.310,-0.758,-0.117,0.504,1.884355240775121,-0.14910583887825515,-9.832992421391594,9.0
2016-08-02 15:32:53.320,-0.762,-0.117,0.504,2.160164618243651,0.14023822587893844,-8.816693057721723,9.0
2016-08-02 15:32:53.330,-0.758,-0.109,0.508,1.3395887140457945,0.0781255927079114,-7.551287044185592,9.0
2016-08-02 15:32:53.340,-0.762,-0.109,0.516,0.12922545959215476,-0.07149887229788082,-6.150764659452998,9.0
2016-08-02 15:32:53.350,-0.762,-0.113,0.527,-1.1349484728654207,0.10734230496528811,-4.416351908155674,9.0
2016-08-02 15:32:53.360,-0.766,-0.117,0.527,-1.2132067200621945,0.4120212514978028,-2.607276841424731,9.0
2016-08-02 15:32:53.370,-0.77,-0.117,0.527,-0.22410464270520053,0.6735573773852637,-0.5684938116362879,9.0
2016-08-02 15:32:53.380,-0.766,-0.117,0.531,0.5903542433291441,1.0428906612264526,2.0525951382934973,9.0
2016-08-02 15:32:53.390,-0.758,-0.117,0.535,1.1423934170745342,1.3128479764604355,4.497247975014302,9.0
2016-08-02 15:32:53.400,-0.754,-0.102,0.531,1.0663312871978612,1.310089672815614,6.409648012263652,9.0
2016-08-02 15:32:53.410,-0.75,-0.094,0.527,-0.6270786357032124,1.1410432595183915,8.478231282277758,9.0
2016-08-02 15:32:53.420,-0.75,-0.086,0.531,-2.755674083537047,0.8981139607175546,10.433243298568337,9.0
2016-08-02 15:32:53.430,-0.754,-0.086,0.531,-3.141475921776924,0.8372379107332213,11.714102855847973,9.0
2016-08-02 15:32:53.440,-0.754,-0.086,0.531,-1.9191808326433777,1.1567193259541593,13.138020541911821,9.0
2016-08-02 15:32:53.450,-0.75,-0.086,0.535,-0.3205077560118539,1.6869018008612509,15.122682101952687,9.0
2016-08-02 15:32:53.460,-0.754,-0.074,0.531,0.9513769597710549,1.9908487387417502,17.102306235379633,9.0
2016-08-02 15:32:53.470,-0.754,-0.066,0.531,0.7898471352460041,1.8133665941427188,19.314783342770447,9.0
2016-08-02 15:32:53.480,-0.75,-0.066,0.516,-1.076639956112638,1.3559602869844478,21.79322166627391,9.0
2016-08-02 15:32:53.490,-0.742,-0.074,0.52,-2.4259869952239863,0.5497177950835505,23.600727024880833,9.0
2016-08-02 15:32:53.500,-0.734,-0.078,0.516,-1.2730854723970635,-0.4964146183213848,24.598159037684223,9.0
2016-08-02 15:32:53.510,-0.711,-0.082,0.508,1.335933870439682,-0.9856216454732394,25.105950678075665,9.0
2016-08-02 15:32:53.520,-0.703,-0.086,0.496,3.5400314851761125,-1.0126153517892935,24.87987797273195,9.0
2016-08-02 15:32:53.530,-0.695,-0.082,0.48,4.985681434695281,-1.3413222388686674,24.16798920658059,9.0
2016-08-02 15:32:53.540,-0.688,-0.082,0.465,6.13345489588801,-1.7347440959412954,23.655402550759067,9.0
2016-08-02 15:32:53.550,-0.684,-0.082,0.449,7.473711111954074,-1.8407624775288838,23.22037496897086,9.0
2016-08-02 15:32:53.560,-0.668,-0.063,0.441,8.768809582408332,-2.070156933272002,22.734185312191705,9.0
2016-08-02 15:32:53.570,-0.66,-0.055,0.438,9.267689207048896,-2.30041038001491,22.82546614488431,9.0
2016-08-02 15:32:53.580,-0.652,-0.055,0.445,9.289402635854966,-2.1027853666244134,23.518475471016508,9.0
2016-08-02 15:32:53.590,-0.641,-0.043,0.457,10.108358765323317,-1.9329837829398913,24.095285575733378,9.0
2016-08-02 15:32:53.600,-0.637,-0.039,0.457,11.799400314150231,-1.9360908017604481,24.365898174935147,9.0
2016-08-02 15:32:53.610,-0.637,-0.039,0.457,13.093556265167653,-1.6208421036352454,24.52666993667112,9.0
2016-08-02 15:32:53.620,-0.629,-0.027,0.449,13.615948311856455,-1.4528106130564868,24.386848097817712,9.0
2016-08-02 15:32:53.630,-0.633,-0.02,0.441,13.6251724101277,-1.9453470096395025,23.55390889612146,9.0
2016-08-02 15:32:53.640,-0.641,0.004,0.438,12.592008195522483,-2.5808958461802813,22.420331879227344,9.0
2016-08-02 15:32:53.650,-0.641,0.012,0.441,10.573133008101076,-3.194817288594143,21.872459812465234,9.0
2016-08-02 15:32:53.660,-0.633,0.016,0.445,9.369092980911633,-3.4635541159956684,21.768913784717704,9.0
2016-08-02 15:32:53.670,-0.645,0.023,0.445,10.384660410630369,-2.5349779953124707,21.59560168242066,9.0
2016-08-02 15:32:53.680,-0.66,0.027,0.438,12.491831019989531,-0.9344009525540764,21.712845841590116,9.0
2016-08-02 15:32:53.690,-0.66,0.027,0.434,14.1043602533802,0.25127700870133174,22.161097251515525,9.0
2016-08-02 15:32:53.700,-0.668,0.039,0.426,14.770811714606365,0.8939725064574637,22.44166184408904,9.0
2016-08-02 15:32:53.710,-0.66,0.047,0.414,13.678979938481119,1.241124538515887,22.68004231206476,9.0
2016-08-02 15:32:53.720,-0.668,0.051,0.406,11.046678231072672,1.7685444657009926,22.696703670210134,9.0
2016-08-02 15:32:53.730,-0.676,0.059,0.398,8.56304330033962,2.5500285540330436,21.96105699847583,9.0
2016-08-02 15:32:53.740,-0.68,0.051,0.402,6.683985797361535,3.1056429898569062,20.99145412686701,9.0
2016-08-02 15:32:53.750,-0.676,0.035,0.418,5.638687236314253,3.744741666773776,20.26602325940506,9.0
2016-08-02 15:32:53.760,-0.672,0.023,0.426,6.542157068277327,4.824301058366718,19.16450172831496,9.0
2016-08-02 15:32:53.770,-0.668,0.016,0.438,8.581616870030064,5.716827633435655,17.554612352569848,9.0
2016-08-02 15:32:53.780,-0.672,0.016,0.445,9.296900341169145,5.84730629414994,16.14738469479891,9.0
2016-08-02 15:32:53.790,-0.668,0.012,0.457,8.72733061934154,5.209796265769857,14.729655675948802,9.0
2016-08-02 15:32:53.800,-0.66,0.012,0.461,8.324989946428605,4.168297405905469,13.092663684009638,9.0
2016-08-02 15:32:53.810,-0.664,0.012,0.461,7.75264843239607,3.09027149059484,12.090161689871456,9.0
2016-08-02 15:32:53.820,-0.664,0.012,0.457,7.1839868763007,2.006429633979517,11.70538829662414,9.0
2016-08-02 15:32:53.830,-0.676,0.008,0.461,7.683792088700997,1.1484780875771354,11.56451054504441,9.0
2016-08-02 15:32:53.840,-0.684,0.012,0.465,8.470108762253417,0.6976996935925274,12.046421494272998,9.0
2016-08-02 15:32:53.850,-0.68,0.016,0.465,9.118888215793017,0.16544357991044994,12.690271830791382,9.0
2016-08-02 15:32:53.860,-0.676,0.023,0.469,10.630029183239744,-0.36293756173921643,12.826177749747586,9.0
2016-08-02 15:32:53.870,-0.672,0.023,0.477,12.187812674517087,-0.3187124572013383,12.745434953058197,9.0
2016-08-02 15:32:53.880,-0.664,0.039,0.477,12.364952710736198,0.07372433618663574,12.316646687417924,9.0
2016-08-02 15:32:53.890,-0.664,0.051,0.473,11.049625049811121,0.6388879417080889,11.397989038842287,9.0
2016-08-02 15:32:53.900,-0.672,0.059,0.473,8.657533011321211,1.118684715017384,10.575500328320604,9.0
2016-08-02 15:32:53.910,-0.688,0.055,0.477,6.793640023192178,1.0981842811548574,9.806818146520904,9.0
2016-08-02 15:32:53.920,-0.695,0.059,0.492,6.352385881512942,1.25688672975114,9.061158509026,9.0
2016-08-02 15:32:53.930,-0.707,0.063,0.504,5.823839764302096,1.8005456665212227,8.840225996572167,9.0
2016-08-02 15:32:53.940,-0.711,0.074,0.52,3.9817412928165816,1.9112151929741081,8.892385583597756,9.0
2016-08-02 15:32:53.950,-0.715,0.074,0.527,1.449559920056849,1.8427218770311904,8.604335769537885,9.0
2016-08-02 15:32:53.960,-0.723,0.063,0.531,0.09766198304906601,2.0883958033603154,7.6747202506618,9.0
2016-08-02 15:32:53.970,-0.734,0.051,0.531,1.037811294918932,2.333702807327464,6.417385084225271,9.0
2016-08-02 15:32:53.980,-0.754,0.051,0.52,3.2412068938791103,2.6852372758721472,5.225048897102521,9.0
2016-08-02 15:32:53.990,-0.773,0.051,0.52,4.724655329269219,3.03446641317289,3.878506566311057,9.0
2016-08-02 15:32:54.000,-0.801,0.059,0.527,4.3253658966129285,2.57246391771099,2.9324695350694565,9.0
2016-08-02 15:32:54.010,-0.805,0.055,0.551,2.4422408210850057,1.6045112824568097,3.0605628725165985,9.0
2016-08-02 15:32:54.020,-0.805,0.055,0.559,0.3996366249401106,1.2990598424688584,3.212364904450307,9.0
2016-08-02 15:32:54.030,-0.816,0.063,0.555,-0.24746799762357233,1.9835367731896714,2.2283708986980315,9.0
2016-08-02 15:32:54.040,-0.84,0.063,0.547,0.9381455873647995,3.1975768754158267,0.5978685116923748,9.0
2016-08-02 15:32:54.050,-0.855,0.051,0.551,2.850116172992259,4.405054933631289,-0.7967079988145146,9.0
2016-08-02 15:32:54.060,-0.863,0.051,0.551,4.435589899623165,5.0897106605408755,-2.096444916666718,9.0
2016-08-02 15:32:54.070,-0.863,0.051,0.543,4.478656252948132,4.927033258917808,-3.395923169750814,9.0
2016-08-02 15:32:54.080,-0.871,0.055,0.543,2.010844197963867,4.337748516642518,-4.041312821331134,9.0
2016-08-02 15:32:54.090,-0.871,0.063,0.559,-1.604576869398258,3.651797026224102,-3.9290415442780837,9.0
2016-08-02 15:32:54.100,-0.871,0.074,0.566,-4.267298283562311,2.8009537032831475,-3.562170454456626,9.0
2016-08-02 15:32:54.110,-0.883,0.074,0.574,-5.342659718224082,2.2841920587968976,-2.9789493928276114,9.0
2016-08-02 15:32:54.120,-0.902,0.063,0.582,-4.35270024312671,1.9358965328246416,-1.7120692492441631,9.0
2016-08-02 15:32:54.130,-0.91,0.051,0.59,-1.1548018332761019,1.169031683801288,0.5456381194166415,9.0
2016-08-02 15:32:54.140,-0.902,0.07,0.598,1.9413123965437746,0.40955577690017003,3.2432276531302486,9.0
2016-08-02 15:32:54.150,-0.902,0.086,0.594,1.662828941861824,-0.5398088962904439,5.689269414043718,9.0
2016-08-02 15:32:54.160,-0.902,0.09,0.598,-1.5910821566156677,-2.0358816757225733,8.092754966498722,9.0
2016-08-02 15:32:54.170,-0.91,0.094,0.617,-3.551089538139033,-3.2601701062499027,10.52813032578699,9.0
2016-08-02 15:32:54.180,-0.91,0.109,0.621,-3.281817126304219,-4.021601114000858,12.88794515335077,9.0
2016-08-02 15:32:54.190,-0.922,0.113,0.633,-4.364245590823858,-4.7031839159595865,15.516811710094036,9.0
2016-08-02 15:32:54.200,-0.938,0.109,0.645,-6.181088463585506,-5.534997176028243,17.77372110164973,9.0
2016-08-02 15:32:54.210,-0.938,0.098,0.648,-4.954030922288412,-6.78024109053416,18.99454575412829,9.0
2016-08-02 15:32:54.220,-0.93,0.105,0.66,-1.9919804968957329,-7.493883640211248,19.62042433689926,9.0
2016-08-02 15:32:54.230,-0.918,0.125,0.668,-0.7240304438999254,-7.288404077050772,19.40080593997989,9.0
2016-08-02 15:32:54.240,-0.93,0.148,0.664,-1.5872452379415511,-7.278107089203328,18.452932219220205,9.0
2016-08-02 15:32:54.250,-0.961,0.148,0.664,-3.3437732978298964,-6.981335997234747,17.656942887857568,9.0
2016-08-02 15:32:54.260,-0.98,0.145,0.668,-4.005460988225759,-5.975977116287794,16.896848399549636,9.0
2016-08-02 15:32:54.270,-0.996,0.141,0.676,-2.1692055989014856,-4.995460181491901,16.051684248385055,9.0
2016-08-02 15:32:54.280,-1.012,0.141,0.672,0.9103147484111688,-3.793399815243875,15.12495401921687,9.0
2016-08-02 15:32:54.290,-1.027,0.141,0.688,3.0114481188732656,-2.9196253032466712,13.884763616221539,9.0
2016-08-02 15:32:54.300,-1.035,0.145,0.691,3.601579321877218,-2.678558413973558,12.60695467176107,9.0
2016-08-02 15:32:54.310,-1.047,0.152,0.691,3.1369668575364744,-1.8029416556499223,11.312962040710499,9.0
2016-08-02 15:32:54.320,-1.059,0.137,0.691,2.8027220883386827,-0.6047715238194581,9.863799660778714,9.0
2016-08-02 15:32:54.330,-1.059,0.125,0.688,4.382058083931465,0.41579593118177693,8.468918684360279,9.0
2016-08-02 15:32:54.340,-1.047,0.133,0.684,7.450440173900455,1.9019540131880663,6.7771893558391545,9.0
2016-08-02 15:32:54.350,-1.047,0.145,0.672,9.269922552789474,2.9814827662966548,4.751911238616085,9.0
2016-08-02 15:32:54.360,-1.031,0.148,0.668,8.600600126727254,2.9736193763531484,3.1943835017015205,9.0
2016-08-02 15:32:54.370,-1.027,0.145,0.668,7.690829551343094,3.0805782506789736,1.921305782935766,9.0
2016-08-02 15:32:54.380,-1.023,0.141,0.668,8.48834605175404,3.4631651414613094,0.7304046637872874,9.0
2016-08-02 15:32:54.390,-1.012,0.137,0.668,9.893197085167586,3.5720092681171396,0.25847195653396837,9.0
2016-08-02 15:32:54.400,-0.996,0.145,0.656,11.044479832966056,3.836809426658049,-0.14151255664697734,9.0
2016-08-02 15:32:54.410,-0.977,0.156,0.645,11.430795087541284,4.09724185854739,-1.2296535373433468,9.0
2016-08-02 15:32:54.420,-0.965,0.16,0.633,10.076712239147968,4.041855124835195,-2.5239195080151915,9.0
2016-08-02 15:32:54.430,-0.957,0.16,0.629,8.574588304219938,3.9458278154159694,-3.933422970739694,9.0
2016-08-02 15:32:54.440,-0.957,0.152,0.625,8.41881634725279,3.567082564730992,-5.142695154179481,9.0
2016-08-02 15:32:54.450,-0.957,0.156,0.621,7.6759782007208255,2.7784522515909833,-5.392154828313256,9.0
2016-08-02 15:32:54.460,-0.957,0.16,0.629,5.4174242530160885,1.9452515515935587,-4.878548565767069,9.0
2016-08-02 15:32:54.470,-0.953,0.156,0.637,3.176066543232675,1.2565989055174107,-3.8668507041252367,9.0
2016-08-02 15:32:54.480,-0.953,0.152,0.637,1.980746491041308,0.8028035581765368,-2.5022021514727317,9.0
2016-08-02 15:32:54.490,-0.953,0.148,0.629,2.034601462992942,0.43696953251376514,-1.4924138938092923,9.0
2016-08-02 15:32:54.500,-0.953,0.156,0.625,2.1606964716317423,-0.26511044199163075,-1.0280104499173839,9.0
2016-08-02 15:32:54.510,-0.941,0.156,0.625,0.9291716349538479,-1.2981006842916674,-0.9090453138717349,9.0
2016-08-02 15:32:54.520,-0.938,0.168,0.625,-1.1157848364338752,-2.350748487870063,-0.936602767559807,9.0
2016-08-02 15:32:54.530,-0.934,0.176,0.621,-3.3579186450140037,-3.2481033977430447,-0.37200772267794924,9.0
2016-08-02 15:32:54.540,-0.934,0.164,0.629,-4.928631643981395,-3.6404230286681996,0.7511092046312364,9.0
2016-08-02 15:32:54.550,-0.934,0.152,0.633,-3.8462040404751034,-3.409076540916196,1.8519542815720929,9.0
2016-08-02 15:32:54.560,-0.93,0.152,0.633,-1.1238152380649873,-2.9923827543766714,3.394862227624109,9.0
2016-08-02 15:32:54.570,-0.93,0.152,0.637,0.1362144202020202,-2.775715818578731,5.015318585725126,9.0
2016-08-02 15:32:54.580,-0.934,0.152,0.637,0.09632536045335247,-2.771516922338166,5.73341371662221,9.0
2016-08-02 15:32:54.590,-0.934,0.148,0.641,0.3779440268424151,-2.786482962788983,6.464571284887482,9.0
2016-08-02 15:32:54.600,-0.941,0.145,0.645,0.8497621763401284,-2.753752468063988,7.649874829394747,9.0
2016-08-02 15:32:54.610,-0.945,0.148,0.641,1.135355593013283,-2.7037454981662044,8.334804562745546,9.0
2016-08-02 15:32:54.620,-0.941,0.156,0.637,1.3972757920872068,-2.5649497731624953,8.75071927251255,9.0
2016-08-02 15:32:54.630,-0.938,0.152,0.645,2.0022007553265873,-2.0881632424947845,9.132278714236637,9.0
2016-08-02 15:32:54.640,-0.934,0.152,0.652,3.166168300025806,-0.9562485830769558,8.958844254709609,9.0
2016-08-02 15:32:54.650,-0.93,0.156,0.652,4.048925379462964,0.5036605079317329,8.642112147952215,9.0
2016-08-02 15:32:54.660,-0.93,0.16,0.648,4.193245957189347,1.5685709270030068,8.707165786814187,9.0
2016-08-02 15:32:54.670,-0.934,0.16,0.645,4.903398250065916,2.475482665652521,8.879063014788484,9.0
2016-08-02 15:32:54.680,-0.93,0.156,0.641,6.853193517895969,3.673432060541608,8.827252965743257,9.0
2016-08-02 15:32:54.690,-0.93,0.152,0.633,9.119134532109376,4.580509221600545,8.261715515309472,9.0
2016-08-02 15:32:54.700,-0.926,0.156,0.617,10.535122329737018,4.788828737333698,6.976033529773432,9.0
2016-08-02 15:32:54.710,-0.914,0.164,0.609,10.10413745691162,4.50429791202769,5.055322489624958,9.0
2016-08-02 15:32:54.720,-0.898,0.16,0.605,8.501759696145875,3.7849005133750215,2.5763706959255295,9.0
2016-08-02 15:32:54.730,-0.887,0.16,0.602,7.885272416708116,3.0231385137607827,-0.1476493627465451,9.0
2016-08-02 15:32:54.740,-0.871,0.156,0.598,8.644908992264478,2.6871221483048697,-2.437635583045569,9.0
2016-08-02 15:32:54.750,-0.855,0.172,0.59,8.980173365467019,2.5899169472156323,-4.07179909685822,9.0
2016-08-02 15:32:54.760,-0.852,0.191,0.578,7.18257159130726,2.5527974510735785,-5.195139162343903,9.0
2016-08-02 15:32:54.770,-0.855,0.191,0.57,3.5414956628001653,2.417980991387156,-5.812250658885409,9.0
2016-08-02 15:32:54.780,-0.852,0.195,0.57,0.5402446152494251,1.95967169368667,-6.1759038686224335,9.0
2016-08-02 15:32:54.790,-0.855,0.184,0.566,-0.3849209146191514,1.5319697929106337,-6.586394107502418,9.0
2016-08-02 15:32:54.800,-0.867,0.172,0.574,-0.700097545958934,1.2930716064891592,-6.925632181351932,9.0
2016-08-02 15:32:54.810,-0.867,0.168,0.59,-1.6979278873902712,0.7819189582066177,-6.92364130847654,9.0
2016-08-02 15:32:54.820,-0.871,0.172,0.598,-3.2881462483047055,0.030239502231228302,-6.317908686399118,9.0
2016-08-02 15:32:54.830,-0.875,0.168,0.602,-4.95979027265043,-0.4936523192296688,-5.0757064698142145,9.0
2016-08-02 15:32:54.840,-0.895,0.164,0.613,-5.194746778859043,-0.5475102314754747,-3.4541126650454648,9.0
2016-08-02 15:32:54.850,-0.918,0.16,0.621,-3.4103812369286164,-0.2825084350312764,-1.406992806853022,9.0
2016-08-02 15:32:54.860,-0.941,0.16,0.625,-1.8720828088840844,-0.18443519741752806,0.9827014467566433,9.0
2016-08-02 15:32:54.870,-0.961,0.176,0.629,-2.4565216220433497,-0.44238220575092857,3.0006889508402326,9.0
2016-08-02 15:32:54.880,-0.984,0.191,0.633,-4.683641118563564,-1.1944042781319575,4.560559394700892,9.0
2016-08-02 15:32:54.890,-0.996,0.195,0.648,-7.608678030721629,-2.391241777445819,5.955759706433631,9.0
2016-08-02 15:32:54.900,-1.004,0.191,0.664,-9.993446906516379,-2.948230526574193,6.515612412523337,9.0
2016-08-02 15:32:54.910,-1.016,0.188,0.68,-10.319889599908779,-2.5835220929890204,6.073953337959401,9.0
2016-08-02 15:32:54.920,-1.023,0.184,0.691,-8.759111155940595,-2.2121409957390235,5.611689165906119,9.0
2016-08-02 15:32:54.930,-1.035,0.188,0.703,-6.894187764594102,-1.5884099118260036,5.3972468818907275,9.0
2016-08-02 15:32:54.940,-1.051,0.184,0.703,-5.439216787352184,-0.5367268785618496,5.133357724611191,9.0
2016-08-02 15:32:54.950,-1.063,0.176,0.699,-4.1942868588993285,0.08631299465525467,4.650048837798775,9.0
2016-08-02 15:32:54.960,-1.066,0.18,0.688,-3.5980098695567078,0.29359741160856206,3.531371647903316,9.0
2016-08-02 15:32:54.970,-1.063,0.176,0.688,-3.926755472865315,0.12924542435479416,1.8967811052216539,9.0
2016-08-02 15:32:54.980,-1.047,0.18,0.688,-3.842811962309847,-0.5952068231567768,0.31193052575386804,9.0
2016-08-02 15:32:54.990,-1.035,0.176,0.691,-2.6950509078717877,-0.9422715971233195,-1.124877236356095,9.0
2016-08-02 15:32:55.000,-1.027,0.184,0.684,-1.6330800921123774,-0.6700443996987064,-2.273528663491267,9.0
2016-08-02 15:32:55.010,-1.012,0.18,0.684,-0.42674763436932883,-0.5099076028777924,-3.0397353353719243,9.0
2016-08-02 15:32:55.020,-0.996,0.184,0.672,1.8469712296012435,-0.14568706459200695,-3.689728658031213,9.0
2016-08-02 15:32:55.030,-0.984,0.188,0.66,3.969044365814777,0.401487332495566,-4.35406432741887,9.0
2016-08-02 15:32:55.040,-0.977,0.191,0.652,4.484049802305705,0.3072686325408439,-5.065566083663587,9.0
2016-08-02 15:32:55.050,-0.969,0.199,0.641,3.20424341449252,-0.2296662615551899,-5.820567970517596,9.0
2016-08-02 15:32:55.060,-0.961,0.199,0.633,0.6495190706761977,-0.987924346690904,-6.600288295237785,9.0
2016-08-02 15:32:55.070,-0.949,0.199,0.637,-1.9169636458334205,-2.1004497918045684,-7.278571105316791,9.0
2016-08-02 15:32:55.080,-0.941,0.195,0.633,-3.3597024285788812,-3.0187201644766404,-7.538847858985831,9.0
2016-08-02 15:32:55.090,-0.934,0.188,0.629,-3.4612590328586927,-3.3970485296301876,-7.376165131078239,9.0
2016-08-02 15:32:55.100,-0.934,0.184,0.621,-2.3600977533415035,-3.3546414483725395,-6.9620842093790625,9.0
2016-08-02 15:32:55.110,-0.934,0.18,0.617,-0.5775229023636597,-3.0814481053404084,-6.297323045569122,9.0
2016-08-02 15:32:55.120,-0.93,0.184,0.609,0.908049577611004,-2.8238456851862224,-5.507817341709476,9.0
2016-08-02 15:32:55.130,-0.93,0.18,0.598,1.5581676805187703,-2.6104239571390138,-4.782831592713346,9.0
2016-08-02 15:32:55.140,-0.918,0.18,0.598,0.9559358433626807,-2.4683952746485387,-4.104946689422018,9.0
2016-08-02 15:32:55.150,-0.902,0.176,0.602,-1.0942343101261898,-2.302405648788032,-3.5184188729470454,9.0
2016-08-02 15:32:55.160,-0.887,0.168,0.602,-3.6365417183070465,-1.7746168823711637,-3.227699727203558,9.0
2016-08-02 15:32:55.170,-0.879,0.16,0.598,-5.527839609755324,-0.7990188526981074,-3.4040078502012765,9.0
2016-08-02 15:32:55.180,-0.875,0.152,0.59,-6.125969284611305,0.4344983967841666,-4.102706187767791,9.0
2016-08-02 15:32:55.190,-0.879,0.133,0.582,-5.252658761241365,1.6745483532916663,-5.067323923566702,9.0
2016-08-02 15:32:55.200,-0.883,0.121,0.578,-3.591372296929555,2.734283270975058,-5.959946946099779,9.0
2016-08-02 15:32:55.210,-0.895,0.125,0.57,-2.408981985918583,3.2710168444790946,-6.606744674938791,9.0
2016-08-02 15:32:55.220,-0.895,0.129,0.566,-2.795289349318484,2.98717789089915,-6.772741702477072,9.0
2016-08-02 15:32:55.230,-0.887,0.113,0.566,-4.265603909384594,2.3757649462384736,-6.542707142782211,9.0
2016-08-02 15:32:55.240,-0.879,0.098,0.57,-4.533378862069327,2.264608526306191,-6.344498666426258,9.0
2016-08-02 15:32:55.250,-0.859,0.09,0.57,-2.947153538774528,2.89544260973057,-5.962201973007933,9.0
2016-08-02 15:32:55.260,-0.84,0.102,0.57,-1.6317190103038821,3.910882542057446,-5.149139783896444,9.0
2016-08-02 15:32:55.270,-0.828,0.109,0.559,-1.427956821601548,4.906708135021044,-4.438451588753383,9.0
2016-08-02 15:32:55.280,-0.824,0.098,0.555,-1.0640693575847833,5.78482228068653,-3.8838455077837732,9.0
2016-08-02 15:32:55.290,-0.816,0.082,0.563,0.2377955787013915,6.714018264087719,-3.159419967930017,9.0
2016-08-02 15:32:55.300,-0.813,0.07,0.555,2.085714640342465,7.609295623719513,-2.569860515875977,9.0
2016-08-02 15:32:55.310,-0.816,0.078,0.539,2.828109384459336,7.727507644176386,-2.221112167229844,9.0
2016-08-02 15:32:55.320,-0.813,0.078,0.535,1.6388295849923458,6.857798366667105,-1.8463926193113696,9.0
2016-08-02 15:32:55.330,-0.805,0.07,0.543,0.3380058142700621,6.021808356612639,-1.5395140818871933,9.0
2016-08-02 15:32:55.340,-0.789,0.059,0.551,-0.16624294254737537,5.948383975939026,-1.166780350519622,9.0
2016-08-02 15:32:55.350,-0.777,0.066,0.547,-0.5406692235148167,6.315249960849279,-0.6874888216255775,9.0
2016-08-02 15:32:55.360,-0.781,0.066,0.539,0.402705211347805,6.556159240185084,-0.8825249542383073,9.0
2016-08-02 15:32:55.370,-0.781,0.063,0.531,3.474029474465726,6.599188470507476,-1.5932865443160997,9.0
2016-08-02 15:32:55.380,-0.777,0.055,0.52,6.89587186630432,6.959926214495102,-1.9849688919854693,9.0
2016-08-02 15:32:55.390,-0.777,0.063,0.516,8.95968454124,7.572295354589028,-2.4056362735001215,9.0
2016-08-02 15:32:55.400,-0.777,0.078,0.492,8.400751332849042,7.153483037377568,-3.1051350106370723,9.0
2016-08-02 15:32:55.410,-0.777,0.082,0.48,4.7542945789676585,5.238268071683946,-3.6131488465731634,9.0
2016-08-02 15:32:55.420,-0.762,0.086,0.488,0.1498582032009027,3.3458333894228915,-3.689834248124601,9.0
2016-08-02 15:32:55.430,-0.742,0.082,0.504,-2.7647547803060926,2.5292379803512555,-3.626318421358385,9.0
2016-08-02 15:32:55.440,-0.73,0.066,0.516,-3.3647934844678185,2.360842613904593,-3.8835858241342676,9.0
2016-08-02 15:32:55.450,-0.719,0.074,0.508,-2.6176999882316117,2.6955887960670735,-4.241184429790096,9.0
2016-08-02 15:32:55.460,-0.719,0.074,0.492,-2.019269741680789,3.445577400928481,-4.536245033814245,9.0
2016-08-02 15:32:55.470,-0.711,0.082,0.477,-2.1217486576080327,4.052199896738588,-4.993023751546876,9.0
2016-08-02 15:32:55.480,-0.707,0.082,0.473,-1.7964227372981574,4.582267913592137,-5.45471973584884,9.0
2016-08-02 15:32:55.490,-0.699,0.078,0.461,-0.8087894788113692,5.209573766187411,-6.044440532971954,9.0
2016-08-02 15:32:55.500,-0.707,0.078,0.453,-1.1737752491888904,5.248101719808637,-6.739894757730163,9.0
2016-08-02 15:32:55.510,-0.699,0.086,0.457,-3.3718219602644375,4.403796162812744,-7.192150150563444,9.0
2016-08-02 15:32:55.520,-0.699,0.086,0.457,-5.437658450944028,3.335909776158707,-7.627340679482888,9.0
2016-08-02 15:32:55.530,-0.699,0.074,0.465,-6.533132299941681,2.661483995411207,-7.867907743575696,9.0
2016-08-02 15:32:55.540,-0.703,0.066,0.484,-6.716355318680167,2.698417889790238,-7.772374069140993,9.0
2016-08-02 15:32:55.550,-0.707,0.066,0.477,-6.098754114683725,3.0065116026953804,-7.992227279335882,9.0
2016-08-02 15:32:55.560,-0.699,0.074,0.461,-5.978751771910105,2.6651035266930054,-8.54368651701837,9.0
2016-08-02 15:32:55.570,-0.688,0.074,0.449,-7.169425463632335,1.8667664358541347,-9.22383287711656,9.0
2016-08-02 15:32:55.580,-0.68,0.07,0.441,-9.133475108298544,1.2186366579896457,-10.311606173823353,9.0
2016-08-02 15:32:55.590,-0.676,0.059,0.434,-11.107292740857035,0.48862005419254145,-11.738406591590826,9.0
2016-08-02 15:32:55.600,-0.668,0.055,0.43,-12.146065947429024,-0.4538272909389203,-13.185103667168363,9.0
2016-08-02 15:32:55.610,-0.664,0.047,0.426,-11.577552396915397,-1.34916977233374,-14.616411968699161,9.0
2016-08-02 15:32:55.620,-0.656,0.035,0.426,-9.3670979883752,-2.0192852953732854,-16.136988685711035,9.0
2016-08-02 15:32:55.630,-0.656,0.035,0.43,-6.522252406041662,-2.4056965711384604,-17.61920688999743,9.0
2016-08-02 15:32:55.640,-0.652,0.043,0.43,-4.810706076980807,-2.875984466095881,-19.0201097971834,9.0
2016-08-02 15:32:55.650,-0.652,0.039,0.422,-4.861966514593311,-3.8572384233873374,-20.45471207716679,9.0
2016-08-02 15:32:55.660,-0.648,0.039,0.422,-6.006547185365442,-5.109070196270772,-21.733370155616157,9.0
2016-08-02 15:32:55.670,-0.645,0.039,0.422,-7.105886134122828,-6.223343038170097,-22.86962010568469,9.0
2016-08-02 15:32:55.680,-0.645,0.031,0.418,-7.403815947765401,-7.206729177829846,-24.098916027812365,9.0
2016-08-02 15:32:55.690,-0.645,0.031,0.414,-7.345466339487238,-8.081740742487137,-25.2013839543091,9.0
2016-08-02 15:32:55.700,-0.641,0.043,0.414,-7.513151302258122,-8.785194705692177,-25.99452017040866,9.0
2016-08-02 15:32:55.710,-0.648,0.039,0.418,-8.440957488763754,-9.381843833898403,-26.54368873051846,9.0
2016-08-02 15:32:55.720,-0.652,0.031,0.426,-10.339291464459098,-9.788754530708363,-26.714605172321377,9.0
2016-08-02 15:32:55.730,-0.652,0.02,0.434,-11.796401042177713,-9.813498536186572,-26.72311967339286,9.0
2016-08-02 15:32:55.740,-0.652,0.02,0.434,-12.070813864069168,-9.618975449043958,-27.03938596129937,9.0
2016-08-02 15:32:55.750,-0.66,0.016,0.434,-12.2705604885596,-9.515839521436154,-27.365386966214988,9.0
2016-08-02 15:32:55.760,-0.668,0.012,0.434,-12.487776794665685,-9.563560837553123,-27.45825762724762,9.0
2016-08-02 15:32:55.770,-0.676,0.0,0.434,-11.900055544844127,-9.729333013228462,-27.465538633042854,9.0
2016-08-02 15:32:55.780,-0.68,0.0,0.441,-10.88175065979055,-9.72506052267877,-26.90147453810537,9.0
2016-08-02 15:32:55.790,-0.691,-0.004,0.449,-10.42057706684962,-9.370571976623584,-25.80864718320429,9.0
2016-08-02 15:32:55.800,-0.699,-0.012,0.457,-10.610672973733886,-9.008278898676723,-24.72047839985328,9.0
2016-08-02 15:32:55.810,-0.703,-0.023,0.465,-10.698843370323258,-8.405102267333131,-23.305222481671755,9.0
2016-08-02 15:32:55.820,-0.707,-0.031,0.48,-10.282679811951574,-7.481842810619538,-21.9072857895182,9.0
2016-08-02 15:32:55.830,-0.711,-0.035,0.484,-9.57330574876569,-6.877874585591367,-21.12233012792406,9.0
2016-08-02 15:32:55.840,-0.723,-0.039,0.488,-8.773969994173322,-6.012304981674312,-20.183140028861217,9.0
2016-08-02 15:32:55.850,-0.738,-0.047,0.496,-8.052795036659209,-4.617649999326817,-19.0065345304423,9.0
2016-08-02 15:32:55.860,-0.754,-0.051,0.508,-7.6890025436780025,-3.601710046054122,-18.06763986773563,9.0
2016-08-02 15:32:55.870,-0.766,-0.055,0.52,-7.721977362531085,-2.4993780338948217,-16.867770331250878,9.0
2016-08-02 15:32:55.880,-0.773,-0.059,0.527,-8.124251560756887,-1.0064580830854695,-15.615497158112998,9.0
2016-08-02 15:32:55.890,-0.781,-0.066,0.523,-9.463480001736894,0.006875603614957079,-14.799033307945672,9.0
2016-08-02 15:32:55.900,-0.785,-0.066,0.523,-11.717017069684974,0.4720551760840831,-13.994432731825999,9.0
2016-08-02 15:32:55.910,-0.781,-0.07,0.523,-13.450176620790513,0.5162377306301906,-13.232084320955291,9.0
2016-08-02 15:32:55.920,-0.785,-0.078,0.527,-13.444494557778352,0.24062961925206178,-12.702242424152942,9.0
2016-08-02 15:32:55.930,-0.785,-0.09,0.531,-11.19198282144896,0.14643788028842886,-12.252337749803292,9.0
2016-08-02 15:32:55.940,-0.781,-0.082,0.543,-7.203072636300664,0.1352112215029244,-11.997716283506323,9.0
2016-08-02 15:32:55.950,-0.777,-0.074,0.555,-3.7551458086804113,-0.10116411548761002,-11.823763063441795,9.0
2016-08-02 15:32:55.960,-0.781,-0.066,0.555,-2.338772320111533,-0.5399367447151737,-11.570592262172639,9.0
2016-08-02 15:32:55.970,-0.789,-0.047,0.543,-2.239946935503165,-1.3858381675624107,-11.42314517922811,9.0
2016-08-02 15:32:55.980,-0.797,-0.035,0.543,-3.4191950854330813,-2.5930646570072615,-11.139954821125801,9.0
2016-08-02 15:32:55.990,-0.801,-0.027,0.547,-6.407602392548691,-3.9263117979883106,-10.311713672352498,9.0
2016-08-02 15:32:56.000,-0.797,-0.027,0.555,-10.031830294010103,-5.497561554824104,-9.105797389720113,9.0
2016-08-02 15:32:56.010,-0.789,-0.039,0.563,-12.975451238753049,-6.849356273494944,-7.665824372428806,9.0
2016-08-02 15:32:56.020,-0.781,-0.055,0.574,-14.749219962121332,-7.430781440139282,-5.987947471814001,9.0
2016-08-02 15:32:56.030,-0.777,-0.063,0.574,-14.78171352331942,-7.59519339044293,-4.433463694643106,9.0
2016-08-02 15:32:56.040,-0.773,-0.063,0.57,-13.674098903617846,-7.653067284796148,-3.1140225749290185,9.0
2016-08-02 15:32:56.050,-0.773,-0.074,0.559,-13.061409321730949,-7.5897750959002686,-1.8382019485511367,9.0
2016-08-02 15:32:56.060,-0.77,-0.082,0.555,-12.595985289121156,-7.373730513640239,-0.7407580300882048,9.0
2016-08-02 15:32:56.070,-0.77,-0.094,0.547,-10.624933299479007,-6.862256632463902,-0.007975813857607247,9.0
2016-08-02 15:32:56.080,-0.773,-0.09,0.543,-7.803101477745436,-6.084604965597805,0.538646360679788,9.0
2016-08-02 15:32:56.090,-0.773,-0.094,0.539,-5.674640110106149,-5.0755854012405095,1.1088265982671468,9.0
2016-08-02 15:32:56.100,-0.781,-0.105,0.531,-3.7900096848865212,-3.7979289745548295,1.4813683554806114,9.0
2016-08-02 15:32:56.110,-0.793,-0.113,0.523,-1.7027564956005954,-2.531419203284222,1.7478962557214732,9.0
2016-08-02 15:32:56.120,-0.789,-0.105,0.512,-0.39383723941351845,-1.487100335770518,2.2845026710213454,9.0
2016-08-02 15:32:56.130,-0.785,-0.098,0.508,-0.5388699344114318,-0.6308299199954258,2.794251416439831,9.0
2016-08-02 15:32:56.140,-0.785,-0.102,0.504,-1.5889511261440559,-0.18586247465442332,3.286603227910579,9.0
2016-08-02 15:32:56.150,-0.781,-0.109,0.516,-2.4138848980974164,-0.24270941625706544,4.339752249928368,9.0
2016-08-02 15:32:56.160,-0.77,-0.109,0.523,-2.3298778834738485,-0.17318431875560325,5.821210338637739,9.0
2016-08-02 15:32:56.170,-0.762,-0.109,0.523,-1.2259898410056909,0.31623415931914556,7.253147209315296,9.0
2016-08-02 15:32:56.180,-0.766,-0.102,0.523,0.7076582231475498,0.7973879673419271,8.73623395132688,9.0
2016-08-02 15:32:56.190,-0.762,-0.102,0.52,2.824138282993571,1.4053165181200309,10.7756442746105,9.0
2016-08-02 15:32:56.200,-0.758,-0.094,0.52,4.662313548996197,2.2000200288239338,13.178681318250765,9.0
2016-08-02 15:32:56.210,-0.75,-0.102,0.523,6.140615453131143,2.747044114209908,15.170946193311035,9.0
2016-08-02 15:32:56.220,-0.742,-0.094,0.512,7.176969287257055,3.1822719589591193,16.751669645676213,9.0
2016-08-02 15:32:56.230,-0.723,-0.094,0.5,7.974407167992263,3.3869073022801754,18.006579543865794,9.0
2016-08-02 15:32:56.240,-0.699,-0.09,0.484,8.645581054286065,3.1429953352880995,18.721157543124495,9.0
2016-08-02 15:32:56.250,-0.68,-0.074,0.477,9.086332716030535,2.9284419032990217,19.1486871574828,9.0
2016-08-02 15:32:56.260,-0.664,-0.063,0.469,9.35891534165542,3.023977235427661,19.594263487840657,9.0
2016-08-02 15:32:56.270,-0.66,-0.055,0.469,9.44520267622201,3.4182939832470494,20.41207823766552,9.0
2016-08-02 15:32:56.280,-0.66,-0.055,0.469,9.806797056599773,3.690633440964085,21.945601277493267,9.0
2016-08-02 15:32:56.290,-0.648,-0.055,0.469,11.619219725740763,3.654571052004946,23.893852304777006,9.0
2016-08-02 15:32:56.300,-0.645,-0.055,0.465,14.519261264999368,4.022820271244433,25.676289339560952,9.0
2016-08-02 15:32:56.310,-0.641,-0.043,0.457,16.58231907901573,4.505248441689835,26.815032949320464,9.0
2016-08-02 15:32:56.320,-0.629,-0.035,0.449,17.462002787487094,4.199161636796861,26.920338610180004,9.0
2016-08-02 15:32:56.330,-0.617,-0.02,0.449,17.97436505628889,3.6366664755523708,26.072349460354207,9.0
2016-08-02 15:32:56.340,-0.617,-0.004,0.445,18.374176525361747,3.4047751340563512,24.615516023437927,9.0
2016-08-02 15:32:56.350,-0.621,0.004,0.449,18.829181600677487,3.303611376638689,22.854713954174777,9.0
2016-08-02 15:32:56.360,-0.637,0.008,0.461,19.239365705712142,3.5161633659636577,21.341927659979703,9.0
2016-08-02 15:32:56.370,-0.648,0.012,0.473,19.160503314086938,3.836424900251475,20.581596169297264,9.0
2016-08-02 15:32:56.380,-0.66,0.016,0.473,18.476622173594695,3.7005623085474477,20.517251266473508,9.0
2016-08-02 15:32:56.390,-0.668,0.023,0.469,17.45106402603211,3.5446175204265575,20.53882620734937,9.0
2016-08-02 15:32:56.400,-0.684,0.027,0.465,16.02420831717587,3.354432318753053,20.23010646571686,9.0
2016-08-02 15:32:56.410,-0.695,0.035,0.461,13.942927528184422,2.4645925006730787,19.784718474932824,9.0
2016-08-02 15:32:56.420,-0.703,0.043,0.457,11.511629033425358,1.534527950253978,19.25866436551451,9.0
2016-08-02 15:32:56.430,-0.723,0.047,0.449,8.836127618866389,1.2420395190050504,18.632346587525994,9.0
2016-08-02 15:32:56.440,-0.73,0.043,0.449,6.043831002376649,1.0975827934253048,18.391371368975232,9.0
2016-08-02 15:32:56.450,-0.734,0.051,0.461,4.117162007960299,1.1736557587332048,18.882523661061857,9.0
2016-08-02 15:32:56.460,-0.742,0.059,0.465,3.4112065419416835,1.7535904491158731,20.090065719483,9.0
2016-08-02 15:32:56.470,-0.742,0.055,0.48,3.3901584838486323,2.233305283712504,22.051818216375377,9.0
2016-08-02 15:32:56.480,-0.754,0.043,0.492,3.788798875975216,2.5466248742433817,24.674766367292342,9.0
2016-08-02 15:32:56.490,-0.75,0.031,0.504,4.031405149012341,3.0890764810479987,27.7017374686203,9.0
2016-08-02 15:32:56.500,-0.75,0.035,0.508,3.3571820718256102,3.510919368654288,30.34376300063095,9.0
2016-08-02 15:32:56.510,-0.742,0.031,0.516,2.133161700380118,3.363394567530766,31.739011566373136,9.0
2016-08-02 15:32:56.520,-0.727,0.023,0.512,1.3046771193514046,2.803939306878131,32.160077714964146,9.0
2016-08-02 15:32:56.530,-0.715,0.016,0.508,1.3990044735460812,2.397894202735491,31.67142406123011,9.0
2016-08-02 15:32:56.540,-0.707,0.016,0.504,2.279596522323364,1.8721859468264825,29.948676690589366,9.0
2016-08-02 15:32:56.550,-0.695,0.02,0.504,3.1536861704362495,0.69070478870357,27.840112889095906,9.0
2016-08-02 15:32:56.560,-0.688,0.023,0.5,3.8186076410301726,-0.2421563380550735,25.871458431316462,9.0
2016-08-02 15:32:56.570,-0.688,0.035,0.504,5.04151206300763,-0.41370328851069293,23.732907202561734,9.0
2016-08-02 15:32:56.580,-0.699,0.043,0.504,6.959818558425223,-0.4600118485689366,21.610608765956083,9.0
2016-08-02 15:32:56.590,-0.703,0.055,0.504,8.268756298547554,-0.7023881172539608,19.826043905375688,9.0
2016-08-02 15:32:56.600,-0.703,0.066,0.5,8.199728579997986,-1.1507231209009938,18.385693044321513,9.0
2016-08-02 15:32:56.610,-0.707,0.074,0.496,7.868541160877607,-1.480387867610174,17.004447731841502,9.0
2016-08-02 15:32:56.620,-0.707,0.07,0.496,7.746896689041012,-1.4297268587609404,15.75014628320189,9.0
2016-08-02 15:32:56.630,-0.703,0.082,0.492,6.8484432662611345,-1.306983899680194,14.768259123622938,9.0
2016-08-02 15:32:56.640,-0.703,0.09,0.484,4.898866002162095,-1.370510634594897,13.377121087382417,9.0
2016-08-02 15:32:56.650,-0.703,0.102,0.484,2.7693400121455696,-1.5107912250229918,11.542783392263871,9.0
2016-08-02 15:32:56.660,-0.707,0.098,0.484,1.8166802710340568,-1.457685355462817,9.92755605590665,9.0
2016-08-02 15:32:56.670,-0.707,0.094,0.484,2.7386961811298525,-0.9709013803086116,8.358067012282822,9.0
2016-08-02 15:32:56.680,-0.711,0.09,0.48,4.022288424251066,-0.318264885160294,6.868030471176774,9.0
2016-08-02 15:32:56.690,-0.711,0.082,0.484,3.9420004026941085,-0.07963027244674625,5.811715810907977,9.0
2016-08-02 15:32:56.700,-0.715,0.078,0.488,3.4182809355220547,-0.28280774912303897,4.72414780962986,9.0
2016-08-02 15:32:56.710,-0.711,0.078,0.492,3.3989661318072435,-0.7222337560700085,3.5274836716653404,9.0
2016-08-02 15:32:56.720,-0.711,0.082,0.488,2.8785647425670633,-1.3335293683991558,2.662058654138596,9.0
2016-08-02 15:32:56.730,-0.715,0.086,0.48,1.5764350370778604,-1.834013936264001,1.7843390417622018,9.0
2016-08-02 15:32:56.740,-0.719,0.086,0.484,0.7706934707142103,-1.9058339967702698,0.6762910188329568,9.0
2016-08-02 15:32:56.750,-0.73,0.082,0.488,1.5299742713366533,-1.4974222109082496,-0.3241761827096715,9.0
2016-08-02 15:32:56.760,-0.738,0.082,0.5,3.313376277811172,-0.8672372551978591,-0.8492444283226666,9.0
2016-08-02 15:32:56.770,-0.742,0.086,0.504,4.1016918703708996,-0.405411134715238,-0.6831407211200541,9.0
2016-08-02 15:32:56.780,-0.742,0.094,0.504,2.56853316817349,-0.16014062811785545,-0.5120209689827964,9.0
2016-08-02 15:32:56.790,-0.746,0.094,0.504,-0.3971512384075654,0.02527237712977302,-0.5275746898466673,9.0
2016-08-02 15:32:56.800,-0.746,0.086,0.508,-2.3874379701982917,0.3093840007916397,-0.005439082333301565,9.0
2016-08-02 15:32:56.810,-0.758,0.078,0.504,-1.604234630062087,1.2041195709350538,0.6622128447994133,9.0
2016-08-02 15:32:56.820,-0.77,0.078,0.508,1.4429785636405077,2.8077557876303194,1.295570512538471,9.0
2016-08-02 15:32:56.830,-0.793,0.07,0.516,5.186359363147318,4.392294150384576,2.4082313373611277,9.0
2016-08-02 15:32:56.840,-0.82,0.074,0.523,8.556826179549443,5.5556770430885525,3.6418363747182383,9.0
2016-08-02 15:32:56.850,-0.844,0.09,0.527,10.08151169366701,6.0567179022879865,5.205892508609635,9.0
2016-08-02 15:32:56.860,-0.844,0.098,0.539,8.65454389466606,5.938699931526019,7.548157038863171,9.0
2016-08-02 15:32:56.870,-0.84,0.105,0.547,6.343437563402105,6.279887737505084,9.109852861416847,9.0
2016-08-02 15:32:56.880,-0.84,0.109,0.555,5.334457371881712,7.4459879925654775,9.088003046137903,9.0
2016-08-02 15:32:56.890,-0.844,0.109,0.563,4.525005462804467,8.594110847369787,8.952629275573331,9.0
2016-08-02 15:32:56.900,-0.844,0.102,0.563,3.8232331130642594,9.316180847996902,8.86328379385186,9.0
2016-08-02 15:32:56.910,-0.844,0.105,0.566,3.916303218285557,9.673709389963161,8.462707720435592,9.0
2016-08-02 15:32:56.920,-0.852,0.113,0.574,3.520568919207757,9.56334416101843,8.19714939300509,9.0
2016-08-02 15:32:56.930,-0.879,0.105,0.582,2.8616067399230456,8.860146579845964,7.800345082550217,9.0
2016-08-02 15:32:56.940,-0.895,0.09,0.594,3.636378526492093,7.9606950386302255,7.567862909526662,9.0
2016-08-02 15:32:56.950,-0.902,0.094,0.609,5.9831561066927295,7.119349589268284,7.673737406720374,9.0
2016-08-02 15:32:56.960,-0.902,0.109,0.605,8.09701680617505,6.272433757884105,7.360891815494442,9.0
2016-08-02 15:32:56.970,-0.914,0.129,0.605,8.485276293089566,5.8029610010796535,6.716906925959756,9.0
2016-08-02 15:32:56.980,-0.934,0.141,0.602,8.219356177377628,5.356630997724776,5.992481795518872,9.0
2016-08-02 15:32:56.990,-0.945,0.152,0.602,8.367750038854945,4.4916163883420035,5.102908877364885,9.0
2016-08-02 15:32:57.000,-0.961,0.176,0.594,7.73815198447304,3.7695940549503146,4.145638650020959,9.0
2016-08-02 15:32:57.010,-0.965,0.188,0.598,4.930225576965145,2.9094860641105464,3.2817568970739415,9.0
2016-08-02 15:32:57.020,-0.965,0.195,0.609,0.8656874168867399,1.4820330599606868,2.687444500162983,9.0
2016-08-02 15:32:57.030,-0.969,0.199,0.621,-1.7897308851698366,0.16498540727900385,2.054959803958601,9.0
2016-08-02 15:32:57.040,-0.984,0.191,0.613,-2.370900494963589,-0.6785344211472645,1.2144634940953583,9.0
2016-08-02 15:32:57.050,-0.988,0.172,0.625,-2.2573825857872762,-1.3240456030023124,0.6608782350104465,9.0
2016-08-02 15:32:57.060,-0.996,0.176,0.633,-1.6317023744852044,-1.9867279587245772,0.47306649001425327,9.0
2016-08-02 15:32:57.070,-1.004,0.188,0.617,-1.5587815342261742,-2.943206396091683,0.5647039907188469,9.0
2016-08-02 15:32:57.080,-1.0,0.188,0.617,-4.080748320586169,-4.397637361506952,0.8431336866565406,9.0
2016-08-02 15:32:57.090,-0.992,0.172,0.629,-6.535718537467227,-5.612507819795271,0.5130937357478624,9.0
2016-08-02 15:32:57.100,-0.973,0.16,0.641,-5.564489972961389,-5.832720268601249,-0.48163513998921437,9.0
2016-08-02 15:32:57.110,-0.953,0.156,0.645,-3.510232781909833,-5.576372214658578,-1.3882788762170923,9.0
2016-08-02 15:32:57.120,-0.949,0.164,0.648,-2.2978491695858003,-5.1668231987000945,-2.4274183631526447,9.0
2016-08-02 15:32:57.130,-0.957,0.156,0.645,-0.4510849352074531,-4.393749508779063,-3.437211959342722,9.0
2016-08-02 15:32:57.140,-0.961,0.152,0.641,1.636751470122439,-3.809416841657748,-3.4877067757780016,9.0
2016-08-02 15:32:57.150,-0.965,0.168,0.637,2.2175754958676137,-3.8340808943774958,-3.075708622742144,9.0
2016-08-02 15:32:57.160,-0.969,0.18,0.625,1.1007432789772036,-4.374376266807234,-2.915988986445482,9.0
2016-08-02 15:32:57.170,-0.965,0.176,0.625,-1.0147038072382635,-5.243550133247817,-2.53832411828619,9.0
2016-08-02 15:32:57.180,-0.957,0.176,0.641,-2.7039871230397226,-5.584600214457319,-2.0563109158297723,9.0
2016-08-02 15:32:57.190,-0.938,0.18,0.641,-3.133392702636945,-5.139146352659137,-1.851554392243967,9.0
2016-08-02 15:32:57.200,-0.93,0.184,0.641,-3.1466956357743827,-4.503373047287375,-1.6403042267669912,9.0
2016-08-02 15:32:57.210,-0.938,0.172,0.629,-2.30945428050067,-3.5665580059667628,-1.6667793880562343,9.0
2016-08-02 15:32:57.220,-0.945,0.16,0.613,0.3921440196010799,-2.4721373751104094,-2.0268909153117303,9.0
2016-08-02 15:32:57.230,-0.949,0.172,0.605,2.870085532571414,-1.8377634406852477,-2.3838416744575905,9.0
2016-08-02 15:32:57.240,-0.965,0.184,0.605,2.5061840656555363,-1.759115530658734,-2.8795817067951295,9.0
2016-08-02 15:32:57.250,-0.965,0.188,0.609,0.12157301179046776,-2.0891027450885926,-3.0853876368885893,9.0
2016-08-02 15:32:57.260,-0.965,0.184,0.625,-1.4628303043866104,-2.0148323313085568,-2.5907712921158934,9.0
2016-08-02 15:32:57.270,-0.969,0.188,0.629,-1.1103883550026383,-1.0620365902732847,-1.7929157853006423,9.0
2016-08-02 15:32:57.280,-0.984,0.188,0.629,0.3152961611771793,-0.15791002882019145,-0.5557512325179067,9.0
2016-08-02 15:32:57.290,-0.992,0.184,0.641,2.0457440940600016,0.6227158445883954,1.2072278739923452,9.0
2016-08-02 15:32:57.300,-1.004,0.195,0.648,3.263583431323651,1.6578819725727292,2.887969067493925,9.0
2016-08-02 15:32:57.310,-1.02,0.203,0.648,2.937517348681892,2.024730675310738,4.308452259636469,9.0
2016-08-02 15:32:57.320,-1.035,0.203,0.656,1.4983905215173419,1.6468796107020776,5.692469545055794,9.0
2016-08-02 15:32:57.330,-1.039,0.199,0.676,0.5909990754023307,1.5573276562512433,7.089306789625484,9.0
2016-08-02 15:32:57.340,-1.035,0.188,0.688,0.7883972527746073,1.9230362300259634,8.521815696873125,9.0
2016-08-02 15:32:57.350,-1.035,0.188,0.695,1.8246373215900595,2.4326485743139177,9.812536732647258,9.0
2016-08-02 15:32:57.360,-1.051,0.18,0.695,3.990173453762139,2.8890894130538585,10.78277570787516,9.0
2016-08-02 15:32:57.370,-1.066,0.172,0.684,6.6201357941459555,3.1466924711039432,11.7004546504879,9.0
2016-08-02 15:32:57.380,-1.066,0.195,0.684,7.846070565163456,3.023384982058592,12.27208573257309,9.0
2016-08-02 15:32:57.390,-1.066,0.215,0.684,6.9167782393618245,2.3027168357466072,11.94211093680444,9.0
2016-08-02 15:32:57.400,-1.063,0.211,0.695,5.108425066964355,1.5208977410272833,11.19821011007334,9.0
2016-08-02 15:32:57.410,-1.055,0.203,0.703,4.646638607108413,1.4915087701398984,10.152364112443474,9.0
2016-08-02 15:32:57.420,-1.047,0.203,0.711,5.760611768815045,2.044886323438452,8.387196943488117,9.0
2016-08-02 15:32:57.430,-1.039,0.203,0.703,6.515490271018248,2.7613082922101078,6.305794915570984,9.0
2016-08-02 15:32:57.440,-1.035,0.191,0.699,6.799225418699692,3.623974706274304,4.092363885762903,9.0
2016-08-02 15:32:57.450,-1.035,0.188,0.688,7.795745883802654,4.327133956539923,1.5867553112901212,9.0
2016-08-02 15:32:57.460,-1.027,0.188,0.68,8.373507163123215,4.56438410867705,-1.0131917795109002,9.0
2016-08-02 15:32:57.470,-1.023,0.188,0.668,7.033191033823117,4.461176240816501,-3.6448578062236354,9.0
2016-08-02 15:32:57.480,-1.016,0.18,0.66,4.719950515291179,3.9467120403345857,-6.071777837669822,9.0
2016-08-02 15:32:57.490,-1.004,0.184,0.652,2.8799183467148937,3.080828430450621,-7.91535589894421,9.0
2016-08-02 15:32:57.500,-0.996,0.172,0.648,1.921279061114009,2.4892953486487137,-9.24979384472636,9.0
2016-08-02 15:32:57.510,-0.977,0.16,0.648,1.9737679441182627,2.4239365619349584,-10.04459122770026,9.0
2016-08-02 15:32:57.520,-0.961,0.164,0.645,2.6571150320831394,2.610660419477619,-10.092823317823985,9.0
2016-08-02 15:32:57.530,-0.957,0.164,0.641,2.776350555647673,2.8787222439686064,-9.590552936512399,9.0
2016-08-02 15:32:57.540,-0.961,0.172,0.637,1.7056973571135965,2.946174428626607,-8.805537846800105,9.0
2016-08-02 15:32:57.550,-0.965,0.176,0.633,-0.12702127249002482,2.493858531785356,-7.678249594887068,9.0
2016-08-02 15:32:57.560,-0.965,0.184,0.629,-2.342947181974221,1.6988555643008683,-6.068503913064969,9.0
2016-08-02 15:32:57.570,-0.965,0.188,0.633,-4.413899846418484,0.9512366826103927,-4.000824428972374,9.0
2016-08-02 15:32:57.580,-0.969,0.188,0.641,-5.69764994360591,0.3909689431254705,-1.4970389133111974,9.0
2016-08-02 15:32:57.590,-0.969,0.184,0.645,-6.4506363670849325,-0.09780920214327746,1.3465433446454935,9.0
2016-08-02 15:32:57.600,-0.973,0.18,0.648,-6.8926689915837684,-0.5924339555821534,4.069414672454224,9.0
2016-08-02 15:32:57.610,-0.98,0.188,0.648,-6.803813088716832,-1.0506210745737596,6.353694887814251,9.0
2016-08-02 15:32:57.620,-1.0,0.184,0.652,-6.778429514134836,-1.6283214775617862,8.261184504104495,9.0
2016-08-02 15:32:57.630,-1.012,0.191,0.652,-7.660328875577612,-2.4917155962292252,9.592443666481348,9.0
2016-08-02 15:32:57.640,-1.02,0.203,0.656,-9.42763807131234,-3.4973963378745543,9.914950692017797,9.0
2016-08-02 15:32:57.650,-1.02,0.211,0.664,-11.245420007457367,-4.318317136202348,9.174092121069695,9.0
2016-08-02 15:32:57.660,-1.02,0.211,0.668,-11.910097962446264,-4.611552745086423,7.544705203511427,9.0
2016-08-02 15:32:57.670,-1.016,0.211,0.672,-11.131597339207584,-4.405066455364393,5.1873018850174,9.0
2016-08-02 15:32:57.680,-1.012,0.211,0.676,-9.888443598303612,-4.079347067533696,2.633102825749872,9.0
2016-08-02 15:32:57.690,-1.008,0.199,0.676,-8.556420131917061,-3.6323222200929806,0.3240692297366293,9.0
2016-08-02 15:32:57.700,-1.004,0.191,0.672,-6.640028844407963,-2.885285315980862,-1.7577506374708798,9.0
2016-08-02 15:32:57.710,-1.004,0.188,0.668,-4.803275829342375,-2.0591367630558244,-3.342163684534462,9.0
2016-08-02 15:32:57.720,-1.0,0.191,0.656,-4.206618929945385,-1.3932384265764157,-4.364842348853033,9.0
2016-08-02 15:32:57.730,-0.996,0.191,0.648,-4.366538977224376,-0.9997912860722244,-5.345533625014002,9.0
2016-08-02 15:32:57.740,-0.984,0.188,0.641,-4.369276768906961,-0.8528850250579216,-6.4508370410429166,9.0
2016-08-02 15:32:57.750,-0.977,0.188,0.641,-4.372102773228429,-0.7815182492304893,-7.6374453797140545,9.0
2016-08-02 15:32:57.760,-0.969,0.184,0.637,-4.795114633910655,-0.8691200099196335,-8.778069480167774,9.0
2016-08-02 15:32:57.770,-0.961,0.188,0.633,-5.626423141154908,-1.065771725743072,-9.422558475317595,9.0
2016-08-02 15:32:57.780,-0.949,0.188,0.625,-6.169286558410221,-0.8790709712983671,-9.436864859584084,9.0
2016-08-02 15:32:57.790,-0.941,0.18,0.617,-5.585797791270045,-0.23101683985225255,-9.065181921782225,9.0
2016-08-02 15:32:57.800,-0.934,0.168,0.609,-4.10000889971921,0.4676739053998201,-8.52617496123855,9.0
2016-08-02 15:32:57.810,-0.934,0.16,0.598,-2.593509902836333,1.0367138045338875,-8.07341756974734,9.0
2016-08-02 15:32:57.820,-0.922,0.156,0.586,-1.637544918224755,1.3592748780468822,-7.754790026775455,9.0
2016-08-02 15:32:57.830,-0.906,0.152,0.574,-1.3478717054986697,1.3354581303935544,-7.201257053425759,9.0
2016-08-02 15:32:57.840,-0.895,0.148,0.566,-1.050533131663044,1.274483547895354,-6.161241821750835,9.0
2016-08-02 15:32:57.850,-0.887,0.148,0.566,-0.033296575337450035,1.5878057455730297,-4.798263337197128,9.0
2016-08-02 15:32:57.860,-0.879,0.145,0.566,1.3786428608309629,2.143041931981296,-3.4919225065368567,9.0
2016-08-02 15:32:57.870,-0.875,0.137,0.57,2.8876850335426805,2.337833410764455,-2.636765136979781,9.0
2016-08-02 15:32:57.880,-0.867,0.133,0.566,4.481733572926764,2.0696478479957685,-2.416750538743461,9.0
2016-08-02 15:32:57.890,-0.859,0.133,0.559,5.341237105711257,1.5754748874426068,-2.9196992263289188,9.0
2016-08-02 15:32:57.900,-0.852,0.125,0.547,4.934014604275603,0.7396419476173661,-3.962986541508174,9.0
2016-08-02 15:32:57.910,-0.844,0.121,0.543,3.74849242906616,-0.2788727170836285,-4.892493548626833,9.0
2016-08-02 15:32:57.920,-0.824,0.117,0.547,2.104672783876735,-1.1157753196400788,-5.423500584497831,9.0
2016-08-02 15:32:57.930,-0.813,0.113,0.551,0.7694484879796959,-1.2674027271454,-5.921807130021026,9.0
2016-08-02 15:32:57.940,-0.797,0.109,0.547,1.1195549541585745,-0.4129206061778835,-6.524745663205408,9.0
2016-08-02 15:32:57.950,-0.801,0.102,0.539,3.311544591033142,0.5041092917397691,-6.781665656516145,9.0
2016-08-02 15:32:57.960,-0.805,0.098,0.523,6.404598565333269,1.1602147539290033,-6.542595163751523,9.0
2016-08-02 15:32:57.970,-0.805,0.098,0.512,8.79124380808914,2.2742309642828755,-6.26766202501393,9.0
2016-08-02 15:32:57.980,-0.805,0.105,0.504,8.441580923369587,3.1333867004930682,-5.86506086417106,9.0
2016-08-02 15:32:57.990,-0.801,0.109,0.492,5.021589636509239,3.2520054722499143,-5.192820776602672,9.0
2016-08-02 15:32:58.000,-0.797,0.113,0.496,0.10903405857242476,3.522402572732347,-4.909556776268355,9.0
2016-08-02 15:32:58.010,-0.773,0.102,0.508,-4.548836077470968,4.042673030290455,-5.182269954247729,9.0
2016-08-02 15:32:58.020,-0.766,0.094,0.512,-7.471094749554565,4.485178996660474,-5.589318474239297,9.0
2016-08-02 15:32:58.030,-0.766,0.086,0.516,-8.186743623584661,4.705396210077046,-5.742594442300069,9.0
2016-08-02 15:32:58.040,-0.758,0.074,0.512,-7.205665497828361,4.632770121693058,-5.493259812330534,9.0
2016-08-02 15:32:58.050,-0.75,0.07,0.504,-4.852677869182129,4.716212396252607,-5.185569944099913,9.0
2016-08-02 15:32:58.060,-0.75,0.059,0.488,-2.25384696007863,4.856813922409607,-4.772104028092233,9.0
2016-08-02 15:32:58.070,-0.75,0.051,0.477,-0.9656829994827603,4.430304527882152,-4.208393881373296,9.0
2016-08-02 15:32:58.080,-0.742,0.063,0.465,-1.819713847910035,3.44020449437205,-3.906402716731915,9.0
2016-08-02 15:32:58.090,-0.73,0.094,0.445,-5.156857033193405,2.321201411133516,-3.8105643478108906,9.0
2016-08-02 15:32:58.100,-0.715,0.105,0.445,-8.642105668408085,1.6038413084922867,-4.02889466728123,9.0
2016-08-02 15:32:58.110,-0.703,0.105,0.445,-9.186663074784498,1.6609335450564573,-4.569056679959484,9.0
2016-08-02 15:32:58.120,-0.695,0.094,0.445,-7.9866666754229545,2.2801568362608364,-4.856508607758359,9.0
2016-08-02 15:32:58.130,-0.684,0.09,0.441,-7.721435194187562,2.7939209781332286,-5.164109486672104,9.0
2016-08-02 15:32:58.140,-0.676,0.086,0.438,-8.937615918083864,2.8547816683175946,-5.9692213036833195,9.0
2016-08-02 15:32:58.150,-0.664,0.078,0.43,-11.31825704167641,2.4046938037322203,-6.939345723547374,9.0
2016-08-02 15:32:58.160,-0.648,0.063,0.414,-13.812692188649683,1.4434626384264155,-8.101031728563957,9.0
2016-08-02 15:32:58.170,-0.641,0.051,0.402,-14.76193100606886,0.4999472297892737,-9.651938898783754,9.0
2016-08-02 15:32:58.180,-0.625,0.031,0.398,-13.634272583197006,0.042399984732516716,-11.153957729309795,9.0
2016-08-02 15:32:58.190,-0.621,0.016,0.398,-11.056344752097141,-0.00664296357386341,-12.399846800127062,9.0
2016-08-02 15:32:58.200,-0.617,0.0,0.402,-7.219387296322049,0.00761983716229489,-13.739088954005393,9.0
2016-08-02 15:32:58.210,-0.625,-0.004,0.414,-2.1305360204676154,-0.2974640548212063,-15.252476234042554,9.0
2016-08-02 15:32:58.220,-0.629,-0.012,0.422,2.9465409606057458,-0.5175694939059681,-16.6355781904186,9.0
2016-08-02 15:32:58.230,-0.629,-0.016,0.422,6.329947566977722,-0.35745550667564857,-18.042673590352003,9.0
2016-08-02 15:32:58.240,-0.621,-0.004,0.418,6.357019257862945,-0.6016793683578652,-19.823011574342033,9.0
2016-08-02 15:32:58.250,-0.617,0.027,0.41,1.9083012661617955,-1.3179312589518783,-21.574361390080703,9.0
2016-08-02 15:32:58.260,-0.617,0.043,0.398,-4.831828542376706,-2.110859605390214,-22.960665409001606,9.0
2016-08-02 15:32:58.270,-0.617,0.047,0.398,-9.65386064650789,-3.0397626183489814,-24.25347970968577,9.0
2016-08-02 15:32:58.280,-0.621,0.043,0.398,-10.914162999920915,-3.5155295967466804,-25.48878354641483,9.0
2016-08-02 15:32:58.290,-0.629,0.031,0.406,-10.425835542643945,-3.363697186802783,-26.171342637487008,9.0
2016-08-02 15:32:58.300,-0.633,0.031,0.41,-10.65236456964676,-3.2917322875950497,-25.834397523178207,9.0
2016-08-02 15:32:58.310,-0.641,0.031,0.41,-11.891568975654339,-3.5157111414133633,-24.8800097482124,9.0
2016-08-02 15:32:58.320,-0.648,0.039,0.422,-12.553899111864236,-4.032705814904777,-23.9295859040467,9.0
2016-08-02 15:32:58.330,-0.66,0.035,0.43,-12.079414690031891,-4.561666831746717,-22.716393945969003,9.0
2016-08-02 15:32:58.340,-0.672,0.031,0.441,-11.41256138077377,-4.582239000245939,-21.060448552486726,9.0
2016-08-02 15:32:58.350,-0.684,0.023,0.461,-10.498120571044705,-4.313697828607107,-19.48833657799182,9.0
2016-08-02 15:32:58.360,-0.691,0.023,0.469,-8.946613886095687,-4.094160481139913,-18.224190188635337,9.0
2016-08-02 15:32:58.370,-0.699,0.023,0.469,-7.680874328839227,-3.7394221200495403,-17.12507610322691,9.0
2016-08-02 15:32:58.380,-0.699,0.016,0.477,-6.829556815104223,-3.2594114174532596,-16.342051652446713,9.0
2016-08-02 15:32:58.390,-0.703,0.004,0.48,-5.6433731169837404,-2.97878549997752,-16.05815699121888,9.0
2016-08-02 15:32:58.400,-0.711,0.0,0.48,-4.8520235285036595,-3.043660138434889,-16.03032331144517,9.0
2016-08-02 15:32:58.410,-0.723,-0.008,0.484,-4.973246258268918,-3.1894823932596963,-15.957867981946166,9.0
2016-08-02 15:32:58.420,-0.734,-0.012,0.496,-4.481845861689332,-3.268768507974957,-16.136241514809953,9.0
2016-08-02 15:32:58.430,-0.746,-0.027,0.496,-2.7653709584993997,-3.519738650242769,-16.572009868954282,9.0
2016-08-02 15:32:58.440,-0.758,-0.035,0.504,-1.3153259620204174,-3.6717224004454208,-16.38656819918762,9.0
2016-08-02 15:32:58.450,-0.762,-0.035,0.512,-1.0519136498007269,-3.5676855701736896,-15.839311079326865,9.0
2016-08-02 15:32:58.460,-0.762,-0.031,0.52,-1.8812267629158685,-3.7625880165397687,-15.853291099536879,9.0
2016-08-02 15:32:58.470,-0.766,-0.023,0.516,-3.529932462097988,-4.202495129038737,-15.79598464362381,9.0
2016-08-02 15:32:58.480,-0.766,-0.027,0.512,-4.8782110813990816,-4.478553009424438,-15.525402757610685,9.0
2016-08-02 15:32:58.490,-0.77,-0.035,0.512,-4.495397525536763,-4.473229778493324,-15.873443701515537,9.0
2016-08-02 15:32:58.500,-0.777,-0.035,0.516,-2.6829544433558237,-4.0527918290695215,-16.337508641771805,9.0
2016-08-02 15:32:58.510,-0.773,-0.043,0.52,-0.9522748163562538,-3.5440008425683427,-16.392856404025217,9.0
2016-08-02 15:32:58.520,-0.777,-0.047,0.516,0.42380915768957744,-3.3647850901277754,-16.339251388674263,9.0
2016-08-02 15:32:58.530,-0.777,-0.043,0.512,1.5021476375985814,-3.221761085984851,-16.151945663977358,9.0
2016-08-02 15:32:58.540,-0.77,-0.043,0.508,1.5987867025054787,-2.877638802689541,-15.830332520453869,9.0
2016-08-02 15:32:58.550,-0.773,-0.039,0.508,1.4919354934592102,-2.667049132248919,-15.63790825931287,9.0
2016-08-02 15:32:58.560,-0.773,-0.039,0.504,2.1531882423000037,-2.7632176680554426,-15.486997214576814,9.0
2016-08-02 15:32:58.570,-0.777,-0.047,0.504,2.3996319471777117,-2.6886000319204877,-14.828337594308223,9.0
2016-08-02 15:32:58.580,-0.773,-0.051,0.504,1.1966997969454884,-2.407899611497838,-13.71867244446872,9.0
2016-08-02 15:32:58.590,-0.773,-0.051,0.504,-1.3902208685749442,-2.5435387621237284,-12.62383201382922,9.0
2016-08-02 15:32:58.600,-0.77,-0.047,0.504,-4.8386351096288704,-2.9359422898220293,-11.432887072241629,9.0
2016-08-02 15:32:58.610,-0.77,-0.039,0.508,-7.881065149723325,-3.498659381736986,-10.194054237054488,9.0
2016-08-02 15:32:58.620,-0.773,-0.043,0.508,-9.27783528574062,-4.406673704411811,-8.860812855441981,9.0
2016-08-02 15:32:58.630,-0.773,-0.039,0.516,-8.782628619250225,-4.953804523506406,-6.99227570804144,9.0
2016-08-02 15:32:58.640,-0.773,-0.043,0.531,-7.235542080784305,-4.936789184015871,-4.770523626961273,9.0
2016-08-02 15:32:58.650,-0.777,-0.039,0.543,-5.656556339430652,-4.757833960864018,-2.6253586434546987,9.0
2016-08-02 15:32:58.660,-0.785,-0.027,0.555,-5.14973001876292,-4.558251052836755,-0.37096421993325684,9.0
2016-08-02 15:32:58.670,-0.801,-0.027,0.555,-6.1582482759325075,-4.747118027105668,2.0683825036939405,9.0
2016-08-02 15:32:58.680,-0.805,-0.035,0.563,-7.061900199639193,-5.246962337009731,3.8696023021937807,9.0
2016-08-02 15:32:58.690,-0.801,-0.047,0.566,-6.9914850879205614,-5.524903154401914,4.624893995542299,9.0
2016-08-02 15:32:58.700,-0.801,-0.051,0.566,-7.113193333841476,-5.786568089296436,4.965166186585778,9.0
2016-08-02 15:32:58.710,-0.801,-0.055,0.566,-7.287372155152747,-6.1766184936397535,5.23301719123399,9.0
2016-08-02 15:32:58.720,-0.801,-0.066,0.559,-6.134637309313087,-6.301510534950371,5.404915401330635,9.0
2016-08-02 15:32:58.730,-0.801,-0.078,0.563,-3.28173314286634,-5.930574108005202,5.545886191192526,9.0
2016-08-02 15:32:58.740,-0.801,-0.09,0.566,0.5605810146314695,-5.001825666460267,5.638760164376426,9.0
2016-08-02 15:32:58.750,-0.793,-0.102,0.57,3.6053024211847715,-3.783883054105068,5.680086268020264,9.0
2016-08-02 15:32:58.760,-0.785,-0.098,0.566,4.034793917361258,-2.899385226798018,5.633860283386213,9.0
2016-08-02 15:32:58.770,-0.777,-0.09,0.559,1.8020131782660884,-2.47071081624028,5.497147997669595,9.0
2016-08-02 15:32:58.780,-0.766,-0.078,0.551,-1.98287060724952,-2.04161945678155,5.491563656674657,9.0
2016-08-02 15:32:58.790,-0.758,-0.078,0.539,-5.784527989039056,-1.4805887124286832,5.7948277721597945,9.0
2016-08-02 15:32:58.800,-0.746,-0.082,0.531,-7.755253841690147,-0.8810773798495979,6.622574058466769,9.0
2016-08-02 15:32:58.810,-0.734,-0.102,0.527,-7.069693268015726,-0.00509208668093486,8.193266203780531,9.0
2016-08-02 15:32:58.820,-0.719,-0.109,0.52,-4.074016371779939,1.1641835173883592,10.071557273932099,9.0
2016-08-02 15:32:58.830,-0.711,-0.113,0.512,0.1980330206628177,2.3656234586505818,11.872049159809084,9.0
2016-08-02 15:32:58.840,-0.707,-0.117,0.496,4.228238993141624,3.6611563772030706,14.01108367538199,9.0
2016-08-02 15:32:58.850,-0.703,-0.109,0.488,7.504117036816169,4.9577669924923935,16.705603142287515,9.0
2016-08-02 15:32:58.860,-0.695,-0.098,0.48,10.352523358812759,6.0611107762059815,19.791177651678552,9.0
2016-08-02 15:32:58.870,-0.688,-0.094,0.477,12.820358282820088,7.099168074834029,23.093791948935063,9.0
2016-08-02 15:32:58.880,-0.68,-0.09,0.48,15.234827420404077,8.041536045159953,26.119162052484647,9.0
2016-08-02 15:32:58.890,-0.664,-0.082,0.477,17.97881356693766,8.857124583303637,28.19718807834304,9.0
2016-08-02 15:32:58.900,-0.656,-0.07,0.461,20.725661364245635,9.384635467105626,29.056724919803443,9.0
2016-08-02 15:32:58.910,-0.652,-0.059,0.445,22.917619096073953,9.451328668354787,29.104796254735135,9.0
2016-08-02 15:32:58.920,-0.645,-0.055,0.434,24.59465008757998,9.349887119686267,28.460780189801824,9.0
2016-08-02 15:32:58.930,-0.637,-0.043,0.418,25.89575393513989,9.056012891208974,26.785312738579872,9.0
2016-08-02 15:32:58.940,-0.629,-0.035,0.41,26.409677825165176,8.71710704204042,24.55150553813726,9.0
2016-08-02 15:32:58.950,-0.621,-0.02,0.406,26.00611755903654,8.508368388983394,22.268174954995153,9.0
2016-08-02 15:32:58.960,-0.605,0.004,0.395,24.52024049803152,7.804817528150453,19.881564120916593,9.0
2016-08-02 15:32:58.970,-0.594,0.016,0.391,21.67481390048739,6.8410181729999255,17.51464587905938,9.0
2016-08-02 15:32:58.980,-0.59,0.039,0.391,18.260352187998645,6.084224520577674,15.096552597380514,9.0
2016-08-02 15:32:58.990,-0.59,0.051,0.391,14.521061917252993,5.04298942243809,12.955606185203614,9.0
2016-08-02 15:32:59.000,-0.598,0.063,0.391,10.371785592165246,3.9615225319377103,11.41801256180792,9.0
2016-08-02 15:32:59.010,-0.59,0.07,0.398,7.05478655585496,3.2760584942386615,9.712124026642966,9.0
2016-08-02 15:32:59.020,-0.602,0.078,0.398,4.415212805752436,2.7976292791105415,8.126974515614943,9.0
2016-08-02 15:32:59.030,-0.605,0.086,0.398,1.4031971358954138,2.706780906415915,7.4638242856322545,9.0
2016-08-02 15:32:59.040,-0.613,0.102,0.402,-1.3018231174793273,2.798352237477517,7.0161488207955935,9.0
2016-08-02 15:32:59.050,-0.637,0.113,0.398,-2.9933898172576914,2.449263002536544,6.975072261389997,9.0
2016-08-02 15:32:59.060,-0.66,0.105,0.41,-3.0428379830767995,2.0365807102081974,8.086275364324946,9.0
2016-08-02 15:32:59.070,-0.68,0.102,0.422,-1.284759234808743,1.9830712954268392,9.75404721233892,9.0
2016-08-02 15:32:59.080,-0.695,0.098,0.43,-0.1834196061136792,1.8142939152120545,11.974374835019127,9.0
2016-08-02 15:32:59.090,-0.703,0.09,0.441,-1.4140218053833238,1.3991294515522714,14.549337318184648,9.0
2016-08-02 15:32:59.100,-0.703,0.094,0.441,-3.7009781027277935,0.9957816099136203,16.34562471701171,9.0
2016-08-02 15:32:59.110,-0.707,0.086,0.453,-6.082471748816422,0.614061783391501,17.660942767733452,9.0
2016-08-02 15:32:59.120,-0.703,0.074,0.465,-7.603831180736206,0.5635861314664423,18.61145536165921,9.0
2016-08-02 15:32:59.130,-0.703,0.063,0.48,-7.3966269842573045,1.1214587835929224,18.442596366228926,9.0
2016-08-02 15:32:59.140,-0.711,0.047,0.484,-6.302579302997378,1.6684767156054279,17.86434228569071,9.0
2016-08-02 15:32:59.150,-0.723,0.027,0.492,-4.37440735113448,1.5465683110069892,17.50263156213878,9.0
2016-08-02 15:32:59.160,-0.727,0.012,0.508,-1.436511737162932,1.042798776731396,17.00219131141406,9.0
2016-08-02 15:32:59.170,-0.73,0.004,0.516,0.5597292208819313,0.4884377917760066,16.27312420609387,9.0
2016-08-02 15:32:59.180,-0.73,0.008,0.516,0.7622086655985251,-0.5529213393470132,15.199483139609871,9.0
2016-08-02 15:32:59.190,-0.738,0.012,0.508,1.000906597152487,-2.193198487403176,13.983897630252812,9.0
2016-08-02 15:32:59.200,-0.742,0.008,0.504,2.421234856617385,-3.562902306650765,12.930116966845791,9.0
2016-08-02 15:32:59.210,-0.746,0.012,0.504,4.510946589229369,-4.2865283288598635,11.802729029546516,9.0
2016-08-02 15:32:59.220,-0.746,0.016,0.508,6.4474364951657614,-4.7819333337268635,10.780406708275816,9.0
2016-08-02 15:32:59.230,-0.75,0.027,0.504,6.926567544928968,-5.234140906404646,10.35905616143626,9.0
2016-08-02 15:32:59.240,-0.75,0.043,0.496,5.357072646778369,-5.8073502029485455,10.328894580038096,9.0
2016-08-02 15:32:59.250,-0.742,0.063,0.496,3.4910040681591195,-6.220513177546754,10.015590011781875,9.0
2016-08-02 15:32:59.260,-0.738,0.074,0.496,2.799210126844914,-5.777192302509927,9.348808564575792,9.0
2016-08-02 15:32:59.270,-0.738,0.078,0.5,2.955370134248607,-4.7601108029322425,8.657006679213161,9.0
2016-08-02 15:32:59.280,-0.734,0.078,0.5,3.910103464818381,-3.6028154148270373,7.722249938889976,9.0
2016-08-02 15:32:59.290,-0.738,0.078,0.5,5.1095125663486884,-2.1773175543407253,6.603680660711774,9.0
2016-08-02 15:32:59.300,-0.746,0.078,0.504,5.3471383862929605,-1.1235199880139948,5.618443893378928,9.0
2016-08-02 15:32:59.310,-0.754,0.07,0.504,5.222139673221633,-0.8643104848945418,4.525741849356859,9.0
2016-08-02 15:32:59.320,-0.754,0.07,0.504,5.268448076931817,-0.5870571707288885,3.5728940723602927,9.0
2016-08-02 15:32:59.330,-0.754,0.066,0.516,4.459471578585395,-0.2743890924064527,3.1929382645325544,9.0
2016-08-02 15:32:59.340,-0.754,0.074,0.516,3.443923430051845,-0.41719466180039566,3.104792229582816,9.0
2016-08-02 15:32:59.350,-0.762,0.074,0.512,4.107825149811097,-0.2583430403932887,3.2136933858147065,9.0
2016-08-02 15:32:59.360,-0.77,0.063,0.52,6.396393399965438,0.6112308944205562,3.5966803037198587,9.0
2016-08-02 15:32:59.370,-0.781,0.059,0.523,9.300320362243232,1.5258054942727513,3.8188964624149957,9.0
2016-08-02 15:32:59.380,-0.793,0.059,0.523,11.477481823218369,2.1753710545003404,3.7422245451746887,9.0
2016-08-02 15:32:59.390,-0.809,0.063,0.523,11.095654732332608,2.244904983849024,3.8392171819871184,9.0
2016-08-02 15:32:59.400,-0.82,0.063,0.535,8.681796729963965,1.5878975214955937,4.1521758640485125,9.0
2016-08-02 15:32:59.410,-0.824,0.074,0.551,6.254089440140145,0.96993064682654,4.801120888444806,9.0
2016-08-02 15:32:59.420,-0.824,0.078,0.555,4.104239709891622,0.8462067812944631,6.014435879065429,9.0
2016-08-02 15:32:59.430,-0.828,0.078,0.563,2.9335477802654846,1.1499639720877408,6.9381016573379455,9.0
2016-08-02 15:32:59.440,-0.84,0.066,0.566,4.15071624579344,1.6172323622896085,7.198976858901292,9.0
2016-08-02 15:32:59.450,-0.852,0.059,0.566,6.2029372937872385,1.8132897930199414,7.31045207265339,9.0
2016-08-02 15:32:59.460,-0.859,0.074,0.566,5.839761564168682,1.8810870435305276,7.002373127080531,9.0
2016-08-02 15:32:59.470,-0.863,0.102,0.566,1.7957740075746726,1.4935616829462297,6.44121568182425,9.0
2016-08-02 15:32:59.480,-0.875,0.121,0.57,-4.143194734771792,0.12003374816413015,6.4984966051329005,9.0
2016-08-02 15:32:59.490,-0.887,0.117,0.574,-8.280702857483455,-1.209942483076302,7.06338428927632,9.0
2016-08-02 15:32:59.500,-0.891,0.113,0.594,-8.576770027979421,-1.7421874632625567,7.558400970634201,9.0
2016-08-02 15:32:59.510,-0.891,0.105,0.605,-6.019919408318496,-1.6247757101859603,7.90773902035213,9.0
2016-08-02 15:32:59.520,-0.895,0.094,0.605,-2.7797704528246316,-0.7511341105778346,8.248349606770407,9.0
2016-08-02 15:32:59.530,-0.91,0.094,0.613,-1.0557080390003366,-0.06462197506850828,8.346605752642983,9.0
2016-08-02 15:32:59.540,-0.922,0.121,0.609,-2.052182938186605,-0.6597180199809076,8.24008332331883,9.0
2016-08-02 15:32:59.550,-0.922,0.145,0.605,-5.123316233090352,-1.772680607261299,8.19127709030703,9.0
2016-08-02 15:32:59.560,-0.926,0.148,0.605,-7.390010999097223,-2.505762812817922,7.506569827192562,9.0
2016-08-02 15:32:59.570,-0.914,0.141,0.617,-6.907414006514982,-2.791885647533733,6.25076955742163,9.0
2016-08-02 15:32:59.580,-0.922,0.148,0.617,-6.202423096383671,-2.621620517335703,5.446690359877669,9.0
2016-08-02 15:32:59.590,-0.93,0.16,0.617,-7.181487537763479,-2.5547876445581883,4.7636388255369,9.0
2016-08-02 15:32:59.600,-0.938,0.168,0.621,-7.646531217918219,-2.901005426236071,3.9924051129931586,9.0
2016-08-02 15:32:59.610,-0.949,0.164,0.629,-6.1800711079031725,-3.007530428035288,3.63512468120191,9.0
2016-08-02 15:32:59.620,-0.957,0.156,0.629,-4.1240696643796175,-3.015487843035455,3.2523690144381963,9.0
2016-08-02 15:32:59.630,-0.965,0.152,0.637,-2.9896848485414202,-3.662654188542743,2.7512669799737774,9.0
2016-08-02 15:32:59.640,-0.969,0.148,0.637,-2.319723770094519,-4.793928384910977,2.5436696597306963,9.0
2016-08-02 15:32:59.650,-0.969,0.133,0.645,-0.7490928632742558,-5.7435687301509075,2.376733011927303,9.0
2016-08-02 15:32:59.660,-0.961,0.129,0.652,1.4096588130809087,-5.80663943157972,2.183820659731004,9.0
2016-08-02 15:32:59.670,-0.957,0.137,0.66,2.7997064243532157,-4.99155730539929,2.11563450749039,9.0
2016-08-02 15:32:59.680,-0.977,0.148,0.656,2.682491401946974,-4.367346806519379,2.162041052248678,9.0
2016-08-02 15:32:59.690,-0.988,0.156,0.656,1.777106785718388,-4.183187648936483,2.1310218609127736,9.0
2016-08-02 15:32:59.700,-0.992,0.168,0.656,1.703733588778627,-3.691907324165993,1.731209266759035,9.0
2016-08-02 15:32:59.710,-0.996,0.172,0.656,2.5549235875554204,-3.0792382873618287,1.2887159808841053,9.0
2016-08-02 15:32:59.720,-1.004,0.168,0.664,3.5915928739406136,-2.5859210706985833,1.2275510082159136,9.0
2016-08-02 15:32:59.730,-1.0,0.164,0.668,4.613286311720498,-1.738201612237603,1.445312905665456,9.0
2016-08-02 15:32:59.740,-1.004,0.16,0.668,4.708920870887045,-0.7550250058599624,1.8632297569566045,9.0
2016-08-02 15:32:59.750,-1.008,0.156,0.672,4.487085100606293,0.3515499294167739,2.3541002658397794,9.0
2016-08-02 15:32:59.760,-1.008,0.152,0.672,6.543374977998466,2.0552328510650106,2.5462534122978155,9.0
2016-08-02 15:32:59.770,-1.004,0.152,0.664,10.163318488329672,3.630212543098991,2.2734167150828,9.0
2016-08-02 15:32:59.780,-0.996,0.16,0.66,12.243358699472477,4.5082931555945,1.5819864841785707,9.0
2016-08-02 15:32:59.790,-0.984,0.168,0.664,12.222051550483123,5.169622539608485,0.5992137305790822,9.0
2016-08-02 15:32:59.800,-0.984,0.164,0.652,11.440595564301258,5.362548760108847,-0.35437991302888616,9.0
2016-08-02 15:32:59.810,-0.98,0.16,0.652,11.344325699975151,4.914555198059853,-1.0801548964555134,9.0
2016-08-02 15:32:59.820,-0.984,0.156,0.656,12.142453020400048,4.564479816871199,-1.5235975828663713,9.0
2016-08-02 15:32:59.830,-0.977,0.16,0.656,12.114866815283,4.314736612669174,-1.650744682919465,9.0
2016-08-02 15:32:59.840,-0.977,0.168,0.66,10.826017061538975,3.8597224787869626,-1.789164373956119,9.0
2016-08-02 15:32:59.850,-0.98,0.176,0.656,9.967640475136445,3.365146307271898,-2.0640368361631523,9.0
2016-08-02 15:32:59.860,-0.977,0.18,0.656,9.987334318952417,3.004003172126694,-2.234542413419681,9.0
2016-08-02 15:32:59.870,-0.977,0.18,0.656,10.13127863365451,2.7772904538661116,-2.54800412073479,9.0
2016-08-02 15:32:59.880,-0.984,0.184,0.648,9.604048972775868,1.95191601930023,-2.753572036733094,9.0
2016-08-02 15:32:59.890,-0.996,0.184,0.645,7.7995843321724525,0.3879262317802924,-2.011404006655524,9.0
2016-08-02 15:32:59.900,-0.996,0.184,0.648,6.0235598176047755,-0.6557493775720289,-0.7662772208929557,9.0
2016-08-02 15:32:59.910,-1.0,0.184,0.664,5.52581625282353,-0.9751996517810204,0.45587512450659784,9.0
2016-08-02 15:32:59.920,-1.004,0.184,0.668,5.200731819238476,-1.3811164892742889,2.1181084079448826,9.0
2016-08-02 15:32:59.930,-1.0,0.188,0.668,4.335008486531945,-1.6445765371547356,3.7272401569214706,9.0
2016-08-02 15:32:59.940,-1.004,0.195,0.672,3.0732494613014234,-1.4705621989088464,4.427756843152476,9.0
2016-08-02 15:32:59.950,-1.016,0.207,0.672,1.2610432858519127,-1.5061802994204987,4.612813832895777,9.0
2016-08-02 15:32:59.960,-1.023,0.211,0.672,-0.5465715591613298,-1.8498679597270433,4.825441484530469,9.0
2016-08-02 15:32:59.970,-1.027,0.211,0.676,-1.7960204542620284,-1.9677005541503383,5.08788818989229,9.0
2016-08-02 15:32:59.980,-1.027,0.207,0.676,-2.538410950983295,-1.9622157596064234,5.253275726943404,9.0
2016-08-02 15:32:59.990,-1.02,0.199,0.684,-2.4800351930743947,-1.7858019448545372,5.163638545818403,9.0
2016-08-02 15:33:00.000,-1.023,0.188,0.691,-1.3860298306945202,-1.1124574843559134,4.782003514072466,9.0
2016-08-02 15:33:00.010,-1.02,0.184,0.699,0.26846245499397725,-0.45545319842007154,4.18524078860768,9.0
2016-08-02 15:33:00.020,-1.023,0.176,0.703,1.6653686320961656,-0.06181744410156263,3.5556066585225707,9.0
2016-08-02 15:33:00.030,-1.023,0.18,0.707,2.3908633727299327,0.4788967377044501,2.8245440810991607,9.0
2016-08-02 15:33:00.040,-1.027,0.184,0.699,2.383869564730282,0.859307595977173,2.0345262169249665,9.0
2016-08-02 15:33:00.050,-1.027,0.188,0.691,1.7256916894939052,0.7770792148440507,1.7173188874514702,9.0
2016-08-02 15:33:00.060,-1.027,0.188,0.695,1.0664104538777983,0.8518611965177166,1.8098551127759346,9.0
2016-08-02 15:33:00.070,-1.023,0.188,0.695,0.3679485567902391,1.3030478004940647,1.969645752887112,9.0
2016-08-02 15:33:00.080,-1.016,0.191,0.699,-1.1402595436516143,1.6194105080655468,2.419679801734599,9.0
2016-08-02 15:33:00.090,-1.004,0.191,0.695,-2.5038332458433956,1.9627470412201729,3.018161549626157,9.0
2016-08-02 15:33:00.100,-1.0,0.191,0.691,-2.4373980893439997,2.712088707497206,3.470590037623368,9.0
2016-08-02 15:33:00.110,-1.0,0.188,0.684,-1.4978038488942855,3.532075982077971,3.918158424976192,9.0
2016-08-02 15:33:00.120,-1.0,0.172,0.684,-0.45036795465235435,4.258339500985753,4.196684026520523,9.0
2016-08-02 15:33:00.130,-1.004,0.18,0.676,-0.14588949328061618,4.590796227002604,4.335634211272698,9.0
2016-08-02 15:33:00.140,-1.012,0.184,0.672,-1.4453962242423652,4.083194121090843,4.7043611558293055,9.0
2016-08-02 15:33:00.150,-1.008,0.184,0.664,-2.809459571643872,3.319135091046566,4.938926634297832,9.0
2016-08-02 15:33:00.160,-1.004,0.18,0.668,-2.3636101907518885,2.983376608679443,4.868986100772556,9.0
2016-08-02 15:33:00.170,-0.996,0.188,0.66,-1.4739143259570273,3.0920973334282293,4.977892543022705,9.0
2016-08-02 15:33:00.180,-0.988,0.191,0.648,-1.671453976921483,3.388633314352586,5.140990413286492,9.0
2016-08-02 15:33:00.190,-0.984,0.191,0.641,-2.1879318027290395,3.6102857279391687,5.0813334132197046,9.0
2016-08-02 15:33:00.200,-0.98,0.199,0.633,-3.2371851166837127,3.6301120376184395,5.003592967384037,9.0
2016-08-02 15:33:00.210,-0.98,0.195,0.629,-5.508627244656827,3.315595870179121,4.761464453458293,9.0
2016-08-02 15:33:00.220,-0.973,0.199,0.625,-7.465275184703007,2.813761941526975,4.047027640023207,9.0
2016-08-02 15:33:00.230,-0.977,0.203,0.625,-8.242953766263597,2.3123696706439336,3.2170886806825783,9.0
2016-08-02 15:33:00.240,-0.973,0.191,0.621,-8.405295913348674,1.839936467663272,2.5291995121602766,9.0
2016-08-02 15:33:00.250,-0.969,0.176,0.629,-7.583963012386369,1.6898242744443954,1.8387862701531712,9.0
2016-08-02 15:33:00.260,-0.965,0.172,0.625,-5.921990475828549,1.7334835340793218,1.2984128761637532,9.0
2016-08-02 15:33:00.270,-0.965,0.164,0.625,-4.566888234654384,1.5855424398143438,0.8354460164397721,9.0
2016-08-02 15:33:00.280,-0.965,0.168,0.625,-4.191111538710044,1.5178817302301706,0.2516448165888284,9.0
2016-08-02 15:33:00.290,-0.965,0.176,0.621,-5.007270489155301,1.4501333020176839,-0.3304364557582482,9.0
2016-08-02 15:33:00.300,-0.961,0.188,0.613,-6.1982870653037505,1.1060145280430753,-1.0453479051783234,9.0
2016-08-02 15:33:00.310,-0.965,0.184,0.625,-6.211248453315577,0.9195822069606099,-1.7701808544301239,9.0
2016-08-02 15:33:00.320,-0.965,0.172,0.633,-5.145394930988668,0.731126954046147,-1.999040970821232,9.0
2016-08-02 15:33:00.330,-0.965,0.172,0.637,-4.465755697483374,0.1760048870326436,-1.8204549146347007,9.0
2016-08-02 15:33:00.340,-0.957,0.164,0.637,-4.1901132325681125,-0.007337844236478194,-1.504242926670607,9.0
2016-08-02 15:33:00.350,-0.957,0.156,0.637,-3.2316215959344237,0.4554224552325262,-1.1211837984969215,9.0
2016-08-02 15:33:00.360,-0.961,0.152,0.629,-1.9519957514337314,0.8509975672643726,-0.8840011172273647,9.0
2016-08-02 15:33:00.370,-0.957,0.156,0.625,-1.7049351511572959,1.0313362273335973,-1.0545851419811085,9.0
2016-08-02 15:33:00.380,-0.949,0.156,0.613,-2.462297350199443,1.0755526829375512,-2.004918683455138,9.0
2016-08-02 15:33:00.390,-0.941,0.156,0.609,-3.2391436986191966,0.8517720146649451,-3.5320173113060696,9.0
2016-08-02 15:33:00.400,-0.926,0.16,0.609,-3.875798077656628,0.7771470908948765,-5.034493781466976,9.0
2016-08-02 15:33:00.410,-0.91,0.16,0.602,-4.344250025102182,1.0773961348278966,-6.675055874974014,9.0
2016-08-02 15:33:00.420,-0.895,0.152,0.594,-4.060252355180003,1.579364002098556,-8.295672064666352,9.0
2016-08-02 15:33:00.430,-0.883,0.152,0.586,-2.9023115107485733,2.5288895271117937,-9.47048836168712,9.0
2016-08-02 15:33:00.440,-0.879,0.145,0.574,-1.1598337795424698,3.670091886786007,-10.532563425341229,9.0
2016-08-02 15:33:00.450,-0.875,0.133,0.57,0.9798209909549191,4.283774114878475,-11.549430597006559,9.0
2016-08-02 15:33:00.460,-0.871,0.121,0.559,2.7150817762507184,4.509563667813037,-12.359797223131366,9.0
2016-08-02 15:33:00.470,-0.863,0.117,0.551,3.035512065375924,4.495238447117009,-13.069164335292854,9.0
2016-08-02 15:33:00.480,-0.855,0.117,0.547,2.0576709399695705,3.845488586567368,-13.49140988160272,9.0
2016-08-02 15:33:00.490,-0.84,0.113,0.547,0.6344145344196713,3.147864414102316,-13.40335891853309,9.0
2016-08-02 15:33:00.500,-0.836,0.109,0.543,-0.3394510975682725,3.5995160907347854,-13.068321662524205,9.0
2016-08-02 15:33:00.510,-0.816,0.105,0.539,-0.310731382343029,4.936468772455854,-12.658128887123372,9.0
2016-08-02 15:33:00.520,-0.805,0.105,0.52,0.3055904792857088,6.178305211381065,-11.975112570282729,9.0
2016-08-02 15:33:00.530,-0.789,0.094,0.508,1.007538741584106,7.349605906025915,-11.285725841848192,9.0
2016-08-02 15:33:00.540,-0.773,0.09,0.504,1.7007895078886879,8.690460304821748,-11.043205550749324,9.0
2016-08-02 15:33:00.550,-0.758,0.078,0.5,1.802962962033679,9.984930434069733,-11.102240773059883,9.0
2016-08-02 15:33:00.560,-0.746,0.078,0.492,1.0435977164723425,11.026083686359353,-11.251011993815363,9.0
2016-08-02 15:33:00.570,-0.738,0.078,0.48,-0.30071648881439994,11.623771284041915,-11.246561767182882,9.0
2016-08-02 15:33:00.580,-0.734,0.082,0.477,-1.8619388242884267,11.90576889408131,-10.633410967736701,9.0
2016-08-02 15:33:00.590,-0.734,0.074,0.473,-1.8739895896003547,12.551773479143481,-9.558657846787023,9.0
2016-08-02 15:33:00.600,-0.738,0.059,0.469,1.1817005465508588,13.76725536576976,-8.422094681010389,9.0
2016-08-02 15:33:00.610,-0.738,0.051,0.469,5.695681374818849,14.920263689383617,-7.017213585821161,9.0
2016-08-02 15:33:00.620,-0.742,0.047,0.465,9.004590727035758,15.645683812053484,-5.508412798752774,9.0
2016-08-02 15:33:00.630,-0.742,0.051,0.453,10.086075680479938,15.87733300823832,-4.4861415678649665,9.0
2016-08-02 15:33:00.640,-0.742,0.063,0.438,9.227804827656657,15.533998473645465,-3.6898955234862343,9.0
2016-08-02 15:33:00.650,-0.738,0.074,0.434,7.417375788008105,15.03584593662936,-2.8461648873265437,9.0
2016-08-02 15:33:00.660,-0.738,0.074,0.434,5.401841692637106,14.743828153143557,-2.2669406315920413,9.0
2016-08-02 15:33:00.670,-0.738,0.059,0.434,3.1914653565298305,14.30553456553235,-2.1108925275265573,9.0
2016-08-02 15:33:00.680,-0.742,0.055,0.434,1.0987127968316626,13.078696035639128,-2.656459761840339,9.0
2016-08-02 15:33:00.690,-0.73,0.055,0.43,-1.0440756085742375,10.919387547434994,-3.8901368798937837,9.0
2016-08-02 15:33:00.700,-0.719,0.055,0.426,-3.736665888381885,8.511824349407007,-5.377319127462634,9.0
2016-08-02 15:33:00.710,-0.707,0.051,0.43,-5.460103020912933,6.261242217033357,-7.3009523283572015,9.0
2016-08-02 15:33:00.720,-0.695,0.055,0.414,-4.996726450563235,3.93700474414928,-9.728543190571884,9.0
2016-08-02 15:33:00.730,-0.699,0.043,0.398,-3.5208599120635578,1.6522557091879304,-12.061587174949254,9.0
2016-08-02 15:33:00.740,-0.699,0.035,0.406,-1.5065565923172166,-0.23742871389596187,-14.039335371155332,9.0
2016-08-02 15:33:00.750,-0.688,0.031,0.41,0.6499024829924793,-1.7823929768812485,-15.913973029120708,9.0
2016-08-02 15:33:00.760,-0.676,0.039,0.414,0.5163754081011636,-3.6465357377612904,-17.805997943714715,9.0
2016-08-02 15:33:00.770,-0.664,0.051,0.414,-2.625446840244183,-6.18146672468006,-19.42683127290902,9.0
2016-08-02 15:33:00.780,-0.656,0.066,0.402,-6.737603398838651,-8.54557379378169,-20.68788902335837,9.0
2016-08-02 15:33:00.790,-0.645,0.066,0.398,-10.609742325084227,-10.177121778543109,-21.951573522767323,9.0
2016-08-02 15:33:00.800,-0.645,0.059,0.395,-13.55263490299551,-11.499750799195262,-23.245382255198464,9.0
2016-08-02 15:33:00.810,-0.648,0.043,0.391,-14.838525255215878,-12.47494485455353,-23.977458163600218,9.0
2016-08-02 15:33:00.820,-0.648,0.047,0.391,-15.213867611407492,-12.858163863365432,-24.150552219252734,9.0
2016-08-02 15:33:00.830,-0.648,0.047,0.387,-15.617301412410086,-13.121873411382747,-24.491201075095425,9.0
2016-08-02 15:33:00.840,-0.66,0.035,0.395,-16.011213503508788,-13.393966218021719,-24.727891848182878,9.0
2016-08-02 15:33:00.850,-0.656,0.035,0.398,-16.514518631023734,-13.328505034068346,-24.538472565844405,9.0
2016-08-02 15:33:00.860,-0.656,0.035,0.406,-17.18291087939367,-13.16261655282733,-24.45666913762722,9.0
2016-08-02 15:33:00.870,-0.664,0.031,0.414,-17.236450527363345,-13.085775920666975,-24.21547162255948,9.0
2016-08-02 15:33:00.880,-0.672,0.031,0.418,-16.429381681559118,-12.756637099233714,-23.444336028818554,9.0
2016-08-02 15:33:00.890,-0.68,0.031,0.426,-15.82073305938167,-12.19613809247425,-22.54600586077664,9.0
2016-08-02 15:33:00.900,-0.688,0.023,0.43,-16.081827995699662,-11.646542998620149,-21.7015046139134,9.0
2016-08-02 15:33:00.910,-0.691,0.016,0.441,-16.330775580792555,-11.036512315123122,-21.018661901699843,9.0
2016-08-02 15:33:00.920,-0.699,0.012,0.441,-15.946290224900952,-10.52110721140015,-20.585956164212483,9.0
2016-08-02 15:33:00.930,-0.707,0.0,0.445,-15.379171572668202,-10.06421098288281,-20.1429949580176,9.0
2016-08-02 15:33:00.940,-0.703,-0.008,0.449,-14.619365581870063,-9.322311825965148,-19.701278889805415,9.0
2016-08-02 15:33:00.950,-0.699,-0.016,0.449,-13.711103923621032,-8.575916422581228,-19.507022042090725,9.0
2016-08-02 15:33:00.960,-0.703,-0.02,0.457,-12.796539244690951,-8.147773470869716,-19.44639189563797,9.0
2016-08-02 15:33:00.970,-0.707,-0.02,0.461,-11.936350955232994,-7.930717279805895,-19.129388845101346,9.0
2016-08-02 15:33:00.980,-0.719,-0.02,0.465,-11.45522256846028,-7.706113549798299,-18.504325199706543,9.0
2016-08-02 15:33:00.990,-0.723,-0.023,0.473,-10.542349412780574,-7.406475304815611,-18.068570749698242,9.0
2016-08-02 15:33:01.000,-0.746,-0.027,0.48,-8.688641038450175,-7.15822755899906,-17.75844802184569,9.0
2016-08-02 15:33:01.010,-0.746,-0.039,0.488,-6.91035849580458,-6.8117037566305205,-17.144688714008858,9.0
2016-08-02 15:33:01.020,-0.746,-0.035,0.492,-5.738438753900382,-6.456401074393948,-16.74565395670238,9.0
2016-08-02 15:33:01.030,-0.754,-0.039,0.48,-5.0825480255496505,-6.523648754913442,-16.708085209145374,9.0
2016-08-02 15:33:01.040,-0.762,-0.047,0.48,-4.2563651296685965,-6.553748134239683,-16.353102535132862,9.0
2016-08-02 15:33:01.050,-0.754,-0.043,0.492,-2.7398839622011266,-6.030865685401683,-16.03866785907097,9.0
2016-08-02 15:33:01.060,-0.75,-0.039,0.496,-1.2703401441320081,-5.463311003775106,-16.445533753909938,9.0
2016-08-02 15:33:01.070,-0.75,-0.043,0.496,-0.1969427027888382,-5.001512328839574,-17.155761642402872,9.0
2016-08-02 15:33:01.080,-0.75,-0.043,0.488,-0.10009384894087436,-4.449167478132646,-17.852445323610716,9.0
2016-08-02 15:33:01.090,-0.738,-0.035,0.48,-1.4570448941213239,-4.253655638276747,-19.091678203696343,9.0
2016-08-02 15:33:01.100,-0.727,-0.043,0.473,-2.502189231418118,-4.456375270716774,-20.891198997860826,9.0
2016-08-02 15:33:01.110,-0.727,-0.043,0.469,-2.1835761482369835,-4.706977404656559,-22.514237978183253,9.0
2016-08-02 15:33:01.120,-0.738,-0.043,0.473,-1.5749081593214802,-5.50280562662955,-23.488362118903968,9.0
2016-08-02 15:33:01.130,-0.762,-0.039,0.48,-1.285306206465569,-7.010325925458364,-23.090962431192374,9.0
2016-08-02 15:33:01.140,-0.777,-0.031,0.496,-1.4817690873980442,-8.113630413528554,-20.658184571802817,9.0
2016-08-02 15:33:01.150,-0.793,-0.027,0.52,-2.735896813624472,-8.205436155621314,-16.556593994365002,9.0
2016-08-02 15:33:01.160,-0.813,-0.027,0.543,-5.0898506390688985,-7.964223694273645,-11.77958829759396,9.0
2016-08-02 15:33:01.170,-0.832,-0.023,0.559,-8.209318273268936,-8.28261735868696,-7.416187958068891,9.0
2016-08-02 15:33:01.180,-0.84,-0.031,0.555,-11.754805389719369,-9.407417461962469,-3.925721016833718,9.0
2016-08-02 15:33:01.190,-0.824,-0.035,0.559,-14.688791583626383,-10.58904383238584,-1.327707233524213,9.0
2016-08-02 15:33:01.200,-0.805,-0.039,0.563,-17.030294502554113,-11.247562121540795,0.03433118671218722,9.0
2016-08-02 15:33:01.210,-0.789,-0.051,0.555,-20.128370365623507,-11.83518649342535,0.27379576521392773,9.0
2016-08-02 15:33:01.220,-0.773,-0.055,0.551,-23.310004590793774,-12.473677616003403,0.06507494132462746,9.0
2016-08-02 15:33:01.230,-0.762,-0.066,0.551,-24.199219437817813,-12.581721176527108,-0.45096335864075876,9.0
2016-08-02 15:33:01.240,-0.75,-0.086,0.559,-21.60379982421866,-11.75024445247909,-1.056571905385197,9.0
2016-08-02 15:33:01.250,-0.746,-0.117,0.57,-16.178612388093292,-9.924956863404656,-1.1630597038316184,9.0
2016-08-02 15:33:01.260,-0.742,-0.133,0.566,-10.139380831777773,-7.850768543110815,-1.0500775670269191,9.0
2016-08-02 15:33:01.270,-0.742,-0.125,0.559,-5.8468168420375495,-6.5522860488198305,-0.8766571652862407,9.0
2016-08-02 15:33:01.280,-0.746,-0.121,0.551,-3.399315294578589,-5.864295087675935,0.031733026733813896,9.0
2016-08-02 15:33:01.290,-0.754,-0.117,0.551,-1.634439067305421,-5.021321998750857,1.5312457458573958,9.0
2016-08-02 15:33:01.300,-0.77,-0.117,0.543,-0.7212673087198408,-3.99220807299388,3.270590049986469,9.0
2016-08-02 15:33:01.310,-0.781,-0.117,0.547,-0.8763013620530338,-3.1150860030540652,5.63667893204806,9.0
2016-08-02 15:33:01.320,-0.781,-0.117,0.555,-1.309394185968719,-2.046747407804346,8.135291079667276,9.0
2016-08-02 15:33:01.330,-0.766,-0.113,0.551,-1.697529730173844,-0.36310380847402746,9.85171564354863,9.0
2016-08-02 15:33:01.340,-0.758,-0.113,0.535,-1.8916265519817677,1.3128619517808335,11.196113589157026,9.0
2016-08-02 15:33:01.350,-0.75,-0.113,0.527,-1.290348843835075,2.420717323527934,12.598528695729922,9.0
2016-08-02 15:33:01.360,-0.738,-0.113,0.52,0.35205904932559917,3.428694938157098,13.694168919195265,9.0
2016-08-02 15:33:01.370,-0.73,-0.113,0.516,2.6766867194854997,4.7203178802332815,14.596877243090852,9.0
2016-08-02 15:33:01.380,-0.727,-0.113,0.512,5.193971565282043,5.9192598560684795,15.757078110657957,9.0
2016-08-02 15:33:01.390,-0.723,-0.109,0.516,7.704946084697967,6.791876892345417,17.004060899265255,9.0
2016-08-02 15:33:01.400,-0.715,-0.105,0.504,9.872851744861276,7.543424872643369,17.886322852475484,9.0
2016-08-02 15:33:01.410,-0.723,-0.094,0.488,11.349611838371498,8.000101856105903,18.616315577802563,9.0
2016-08-02 15:33:01.420,-0.73,-0.082,0.48,12.354178672705016,8.045913651902016,19.80410801529205,9.0
2016-08-02 15:33:01.430,-0.738,-0.074,0.473,12.543042707466737,8.221626442539138,21.595432403823974,9.0
2016-08-02 15:33:01.440,-0.727,-0.074,0.465,11.983994426290717,8.802270002648468,23.587105608082283,9.0
2016-08-02 15:33:01.450,-0.711,-0.074,0.457,12.358063264886711,9.374336492130427,25.25909446669215,9.0
2016-08-02 15:33:01.460,-0.703,-0.074,0.453,14.198432147518549,9.596628395102668,26.73264247257204,9.0
2016-08-02 15:33:01.470,-0.688,-0.07,0.453,16.063294411484573,9.820091253295386,28.261471655464526,9.0
2016-08-02 15:33:01.480,-0.68,-0.063,0.465,16.447928880880546,10.074565029718787,29.440625449849126,9.0
2016-08-02 15:33:01.490,-0.668,-0.039,0.465,15.251465315222688,9.457147393451047,30.07580329426591,9.0
2016-08-02 15:33:01.500,-0.668,-0.027,0.465,14.200947991020348,8.17828638005086,30.419503107633105,9.0
2016-08-02 15:33:01.510,-0.648,-0.023,0.465,15.4851686433795,7.3206313757475545,30.550313966158686,9.0
2016-08-02 15:33:01.520,-0.641,-0.023,0.461,19.25864229730925,6.796286814861149,30.181326101165478,9.0
2016-08-02 15:33:01.530,-0.625,-0.016,0.449,22.834459370326748,6.220022966497508,29.303198889542845,9.0
2016-08-02 15:33:01.540,-0.633,-0.008,0.438,24.35322391290282,5.398632710192151,28.306517922001927,9.0
2016-08-02 15:33:01.550,-0.641,0.012,0.434,24.390304592913786,4.145660597302562,27.025392954067875,9.0
2016-08-02 15:33:01.560,-0.645,0.016,0.43,23.03101466436257,2.8910994971106962,25.500636373966934,9.0
2016-08-02 15:33:01.570,-0.645,0.02,0.445,19.857276765950907,1.8079646399056606,23.96023731829765,9.0
2016-08-02 15:33:01.580,-0.637,0.039,0.449,15.078063645369198,0.5004779237401576,21.7589292006678,9.0
2016-08-02 15:33:01.590,-0.625,0.051,0.445,9.620217278135867,-0.8750440265918831,18.99011655625487,9.0
2016-08-02 15:33:01.600,-0.625,0.051,0.434,5.437323209665103,-2.0413150405076053,16.468827587642547,9.0
2016-08-02 15:33:01.610,-0.621,0.051,0.414,3.622596033550934,-2.8326854966575965,14.049356040557559,9.0
2016-08-02 15:33:01.620,-0.633,0.051,0.398,3.0996619065474826,-2.815921357823051,11.731654878838057,9.0
2016-08-02 15:33:01.630,-0.633,0.051,0.391,2.6262851995026635,-2.390130969940305,10.10661816612855,9.0
2016-08-02 15:33:01.640,-0.645,0.043,0.391,2.2255503399208045,-1.9860012408720469,9.095339092225629,9.0
2016-08-02 15:33:01.650,-0.641,0.047,0.395,1.8667299713006171,-1.1112330976008937,8.398493641174028,9.0
2016-08-02 15:33:01.660,-0.645,0.055,0.398,0.5209720540028446,-0.1486122029511598,8.149277944689832,9.0
2016-08-02 15:33:01.670,-0.645,0.07,0.406,-1.956054730231287,0.47526544843459806,8.210962891537182,9.0
2016-08-02 15:33:01.680,-0.645,0.074,0.414,-3.7095717106940227,1.4944293342816386,8.15740090776253,9.0
2016-08-02 15:33:01.690,-0.648,0.074,0.41,-3.6391304693065827,2.885300107818467,7.983639170045404,9.0
2016-08-02 15:33:01.700,-0.664,0.066,0.422,-2.933721610968197,4.068430116500205,8.02817969241193,9.0
2016-08-02 15:33:01.710,-0.68,0.059,0.43,-2.3703735100394265,5.10607392307038,8.268371065120645,9.0
2016-08-02 15:33:01.720,-0.695,0.051,0.438,-2.1558747548394095,5.805044181338256,8.578196232263508,9.0
2016-08-02 15:33:01.730,-0.715,0.039,0.457,-3.676076799275604,5.6295789657304915,9.424290006909164,9.0
2016-08-02 15:33:01.740,-0.723,0.035,0.477,-6.931976756418496,4.639252998047921,10.808124503094302,9.0
2016-08-02 15:33:01.750,-0.727,0.035,0.488,-9.893962445454699,3.4119128765863116,11.892333292713843,9.0
2016-08-02 15:33:01.760,-0.723,0.016,0.496,-10.82490146474626,2.2805732823100273,12.529668295593895,9.0
2016-08-02 15:33:01.770,-0.723,-0.004,0.5,-8.329415686899068,1.4091559164912644,13.10913970823649,9.0
2016-08-02 15:33:01.780,-0.719,-0.008,0.504,-3.444026987627416,1.10854205714381,13.495519666945562,9.0
2016-08-02 15:33:01.790,-0.723,-0.004,0.504,0.49764495361056393,1.0308062534552072,13.52326569905625,9.0
2016-08-02 15:33:01.800,-0.73,-0.012,0.512,3.041772591585914,0.3973021568271853,13.245907271125356,9.0
2016-08-02 15:33:01.810,-0.738,-0.004,0.516,5.31313352374819,-0.6836700609519573,12.574264940485168,9.0
2016-08-02 15:33:01.820,-0.742,-0.004,0.512,6.439671976986676,-1.7483820109531647,11.737835974650931,9.0
2016-08-02 15:33:01.830,-0.742,-0.004,0.516,6.510541682466636,-2.637565471023582,10.863288174545037,9.0
2016-08-02 15:33:01.840,-0.738,-0.008,0.527,7.1981883324160085,-3.042930789649576,9.699791561976141,9.0
2016-08-02 15:33:01.850,-0.738,0.0,0.531,8.351727257150973,-2.8760704508063317,8.71149395612964,9.0
2016-08-02 15:33:01.860,-0.742,0.012,0.531,8.585462209513134,-2.378125250493328,8.133440336058705,9.0
2016-08-02 15:33:01.870,-0.754,0.02,0.531,7.753228596310844,-1.78085196372474,7.788690129333396,9.0
2016-08-02 15:33:01.880,-0.762,0.023,0.531,6.822855456178875,-1.336317868661104,8.088337817097287,9.0
2016-08-02 15:33:01.890,-0.766,0.023,0.535,6.606108366336154,-0.8481279377543959,8.362426204826374,9.0
2016-08-02 15:33:01.900,-0.766,0.031,0.543,6.97210071329425,-0.08847286409073797,7.895286835472833,9.0
2016-08-02 15:33:01.910,-0.773,0.043,0.543,7.288781233893037,0.7430914944491906,7.639263052367072,9.0
2016-08-02 15:33:01.920,-0.789,0.047,0.547,7.189692174153078,1.677472684678207,7.741974758692917,9.0
2016-08-02 15:33:01.930,-0.805,0.051,0.543,7.04952549980604,2.7953733217678574,7.89413429246293,9.0
2016-08-02 15:33:01.940,-0.813,0.059,0.539,8.038438566517122,4.178038103223449,8.625130215246632,9.0
2016-08-02 15:33:01.950,-0.824,0.063,0.535,10.419914537812154,5.847317380405855,9.488548608162015,9.0
2016-08-02 15:33:01.960,-0.84,0.059,0.535,12.823138053996264,7.287615003016748,9.757789668181218,9.0
2016-08-02 15:33:01.970,-0.844,0.063,0.535,13.796581592996393,8.159412244121329,9.616123798792344,9.0
2016-08-02 15:33:01.980,-0.84,0.074,0.531,12.680126129622796,8.64503149912349,9.038015606273648,9.0
2016-08-02 15:33:01.990,-0.84,0.082,0.527,10.030609350274368,8.988051032286574,8.098097238387545,9.0
2016-08-02 15:33:02.000,-0.844,0.086,0.539,7.648611083877184,9.550388996777809,7.064955280111523,9.0
2016-08-02 15:33:02.010,-0.848,0.086,0.551,6.61222290871152,10.432744042972706,6.126020220804788,9.0
2016-08-02 15:33:02.020,-0.859,0.082,0.555,6.107731114914807,11.001098202940682,6.223882300160671,9.0
2016-08-02 15:33:02.030,-0.871,0.082,0.563,5.341655086879839,10.701663434688156,7.335697518366082,9.0
2016-08-02 15:33:02.040,-0.887,0.086,0.566,4.156781059134597,9.573193594023884,8.334990973860986,9.0
2016-08-02 15:33:02.050,-0.906,0.082,0.57,2.9138776680592797,7.82106123331044,9.506828694372793,9.0
2016-08-02 15:33:02.060,-0.906,0.082,0.578,3.2566256656672943,6.112707144494624,10.636660014600787,9.0
2016-08-02 15:33:02.070,-0.898,0.086,0.586,4.6167804581431895,5.245858503192222,10.681869760780955,9.0
2016-08-02 15:33:02.080,-0.898,0.098,0.582,4.11434284962436,4.728542213070023,10.055559536108031,9.0
2016-08-02 15:33:02.090,-0.902,0.109,0.578,2.7271983508668765,3.7078431855542577,8.916020548899555,9.0
2016-08-02 15:33:02.100,-0.918,0.133,0.57,2.693028293862235,2.6040139627342893,7.160398037672991,9.0
2016-08-02 15:33:02.110,-0.926,0.145,0.57,2.5210350354680706,1.7704608317512864,5.35045848101613,9.0
2016-08-02 15:33:02.120,-0.934,0.145,0.59,1.1915573958304535,0.718046117202782,3.4675481313859216,9.0
2016-08-02 15:33:02.130,-0.941,0.148,0.598,-0.7999892716913084,-0.811538073722364,1.9379590965596396,9.0
2016-08-02 15:33:02.140,-0.953,0.152,0.617,-3.6904403696420287,-2.8324026972205445,1.4486933047808408,9.0
2016-08-02 15:33:02.150,-0.961,0.148,0.629,-5.585796308757507,-4.749255729829787,1.5368332864792358,9.0
2016-08-02 15:33:02.160,-0.961,0.141,0.629,-4.294408815073774,-5.618747585408246,2.100067729481769,9.0
2016-08-02 15:33:02.170,-0.977,0.133,0.629,-1.2769334799723258,-5.9909785942295795,3.104054285650652,9.0
2016-08-02 15:33:02.180,-0.988,0.125,0.633,2.317480610604385,-6.576756850122841,3.610763217906958,9.0
2016-08-02 15:33:02.190,-0.996,0.121,0.633,6.025807008653214,-6.800071389798595,3.8603143794046595,9.0
2016-08-02 15:33:02.200,-0.996,0.125,0.629,7.135195438567731,-6.749951108411512,4.377230443381161,9.0
2016-08-02 15:33:02.210,-0.992,0.152,0.633,4.928024210108494,-6.7864075729657,4.488503072424508,9.0
2016-08-02 15:33:02.220,-0.988,0.168,0.637,1.7485430169657796,-6.606661794676848,4.587525604337079,9.0
2016-08-02 15:33:02.230,-0.984,0.176,0.637,-0.4242537014334573,-6.126867081002379,5.0292625829581326,9.0
2016-08-02 15:33:02.240,-0.992,0.172,0.641,-0.57834439628328,-5.162643821034772,5.259029353551677,9.0
2016-08-02 15:33:02.250,-0.992,0.16,0.641,0.3782029908948986,-3.8767250635598267,5.673494019225754,9.0
2016-08-02 15:33:02.260,-0.988,0.168,0.641,1.006155375211514,-2.6990661589254694,5.869602945386713,9.0
2016-08-02 15:33:02.270,-0.977,0.176,0.625,1.2925636717166757,-1.464550331426657,5.1233167214070034,9.0
2016-08-02 15:33:02.280,-0.973,0.172,0.613,1.7586268038125332,-0.12181884379393487,4.078619971231808,9.0
2016-08-02 15:33:02.290,-0.965,0.156,0.613,3.41094750598835,1.4434298783363335,2.98090883532216,9.0
2016-08-02 15:33:02.300,-0.965,0.145,0.613,6.271514069817748,3.090250144435883,2.0469901963677666,9.0
2016-08-02 15:33:02.310,-0.961,0.141,0.613,8.63579726181337,3.9153644652960553,1.6273236022007938,9.0
2016-08-02 15:33:02.320,-0.957,0.156,0.602,10.019690106194293,4.07937820465871,1.1641028244991762,9.0
2016-08-02 15:33:02.330,-0.961,0.156,0.598,11.270025071038592,4.457825337507842,0.6599567107798744,9.0
2016-08-02 15:33:02.340,-0.961,0.164,0.602,11.960558378072367,4.826922560694056,0.3670598404961012,9.0
2016-08-02 15:33:02.350,-0.969,0.176,0.602,10.515114797758214,4.6812437310281245,-0.39156333908960356,9.0
2016-08-02 15:33:02.360,-0.973,0.188,0.594,7.041025365093834,3.8399363719655,-1.33753549969832,9.0
2016-08-02 15:33:02.370,-0.977,0.188,0.602,4.4972493025828895,2.5674120428567346,-1.8306176863308488,9.0
2016-08-02 15:33:02.380,-0.977,0.176,0.605,4.830003279109734,1.84875300182493,-2.3006618908703285,9.0
2016-08-02 15:33:02.390,-0.98,0.164,0.605,6.487638642244216,1.7580962878121187,-2.3170038770148214,9.0
2016-08-02 15:33:02.400,-0.992,0.156,0.605,7.360768531601464,1.2451889497450486,-1.3808148161926925,9.0
2016-08-02 15:33:02.410,-0.996,0.156,0.605,7.303344328693285,0.24118936765884924,-0.4636598132774507,9.0
2016-08-02 15:33:02.420,-1.0,0.156,0.609,7.922482512276881,-0.67349484075214,-0.045471071855639957,9.0
2016-08-02 15:33:02.430,-1.0,0.152,0.613,9.68487546265955,-1.3151259785566884,0.19710685766072583,9.0
2016-08-02 15:33:02.440,-1.004,0.164,0.617,10.005426548258544,-1.8091828778826116,0.3976675212377442,9.0
2016-08-02 15:33:02.450,-1.012,0.184,0.629,7.227322799964664,-2.754666054710124,1.030515455167608,9.0
2016-08-02 15:33:02.460,-1.012,0.195,0.633,3.421832113577442,-3.822847808301566,2.354686454788631,9.0
2016-08-02 15:33:02.470,-1.02,0.199,0.629,1.1374138239348903,-3.9458314781795325,3.8741661058273484,9.0
2016-08-02 15:33:02.480,-1.027,0.191,0.633,1.0835159183077705,-3.7603685096059163,5.51176301177434,9.0
2016-08-02 15:33:02.490,-1.027,0.188,0.645,2.304611540874917,-3.944041827880057,7.254646436600344,9.0
2016-08-02 15:33:02.500,-1.027,0.191,0.648,2.760038679684109,-3.8016441581218983,8.298892614587297,9.0
2016-08-02 15:33:02.510,-1.023,0.195,0.652,1.8304376704828587,-3.518429278898977,8.367976449198906,9.0
2016-08-02 15:33:02.520,-1.02,0.195,0.652,1.2310127430445776,-3.448027643043293,7.975581548251815,9.0
2016-08-02 15:33:02.530,-1.012,0.191,0.664,1.9014332540443348,-2.899008285864035,7.377547894230139,9.0
2016-08-02 15:33:02.540,-1.008,0.188,0.668,2.8525245381854365,-1.9986560468587715,6.754262770898231,9.0
2016-08-02 15:33:02.550,-1.016,0.191,0.672,3.319175401193614,-1.4453846646966704,6.2433074927136,9.0
2016-08-02 15:33:02.560,-1.02,0.199,0.664,3.380188770037622,-1.0612807834164606,5.689316306964175,9.0
2016-08-02 15:33:02.570,-1.02,0.207,0.656,3.13547545362081,-0.6124888305663292,4.8858014507348235,9.0
2016-08-02 15:33:02.580,-1.023,0.207,0.656,2.689558743782838,-0.1602824423276899,3.7201013552517956,9.0
2016-08-02 15:33:02.590,-1.02,0.211,0.652,2.02312305924323,0.34605659234471176,2.277067209725894,9.0
2016-08-02 15:33:02.600,-1.016,0.211,0.652,0.5249014381163013,0.7613951232966258,0.8807419137719074,9.0
2016-08-02 15:33:02.610,-1.008,0.211,0.652,-1.4335048221905018,1.008666893117382,-0.25923579834721827,9.0
2016-08-02 15:33:02.620,-1.0,0.203,0.652,-1.6373382343076182,1.4413708194827413,-1.245557751859227,9.0
2016-08-02 15:33:02.630,-0.996,0.18,0.648,0.44456421728763473,2.2238442662066515,-2.0116097869231413,9.0
2016-08-02 15:33:02.640,-0.996,0.176,0.645,2.2802044660165963,2.930812488236959,-2.3714802701245037,9.0
2016-08-02 15:33:02.650,-0.988,0.184,0.637,1.7974067310215858,2.896967718238086,-2.3489401292322505,9.0
2016-08-02 15:33:02.660,-0.988,0.184,0.629,-0.3922969099192332,2.039733337866102,-2.067394826621371,9.0
2016-08-02 15:33:02.670,-0.996,0.18,0.625,-2.2436101727558277,1.2283674274347922,-1.7172460664531006,9.0
2016-08-02 15:33:02.680,-0.992,0.184,0.625,-3.1394342094947634,0.8185479988539344,-1.3490176052272789,9.0
2016-08-02 15:33:02.690,-0.992,0.18,0.629,-4.022569496080594,0.2925997398198602,-0.8478570518337971,9.0
2016-08-02 15:33:02.700,-0.992,0.176,0.629,-4.682241614768843,-0.2705285386709606,-0.059946390522939985,9.0
2016-08-02 15:33:02.710,-0.996,0.18,0.633,-4.415803753159189,-0.572990973444319,0.9682115254935035,9.0
2016-08-02 15:33:02.720,-0.988,0.18,0.637,-4.034594661809407,-0.6906121710918673,2.0616472897886338,9.0
2016-08-02 15:33:02.730,-0.988,0.184,0.637,-4.300508755065357,-0.8830511391373785,3.3199018895448544,9.0
2016-08-02 15:33:02.740,-0.992,0.191,0.637,-5.019527682879443,-1.569365127396647,4.652556295623897,9.0
2016-08-02 15:33:02.750,-1.004,0.195,0.637,-6.227192807047896,-2.6371322949865172,5.74268043620098,9.0
2016-08-02 15:33:02.760,-1.0,0.211,0.637,-7.751536131012124,-3.6135973436732103,6.395179687624578,9.0
2016-08-02 15:33:02.770,-1.0,0.211,0.645,-9.063142966135885,-4.237259276131077,6.432381021385125,9.0
2016-08-02 15:33:02.780,-1.0,0.215,0.648,-10.184933932636888,-4.418095597610852,6.088711777220642,9.0
2016-08-02 15:33:02.790,-0.996,0.211,0.656,-10.91229250013499,-4.33070554917453,5.593471658219862,9.0
2016-08-02 15:33:02.800,-0.996,0.211,0.664,-10.529312147923175,-3.8943776365312996,4.6237996042263045,9.0
2016-08-02 15:33:02.810,-0.988,0.207,0.66,-8.887180094965451,-2.8413342698816804,3.226959690387993,9.0
2016-08-02 15:33:02.820,-0.996,0.195,0.652,-6.692265500360592,-1.4828535628231967,1.8301667374136537,9.0
2016-08-02 15:33:02.830,-0.996,0.191,0.652,-5.186151991922545,-0.26901475436733313,0.44631160582077983,9.0
2016-08-02 15:33:02.840,-1.0,0.203,0.648,-5.124287620963824,0.7091709113637916,-1.1182865568771732,9.0
2016-08-02 15:33:02.850,-1.004,0.199,0.641,-5.742283792413261,1.4754499518303867,-2.8200807860124626,9.0
2016-08-02 15:33:02.860,-1.0,0.191,0.641,-5.461742636758102,2.1486456677844123,-4.435142729715205,9.0
2016-08-02 15:33:02.870,-0.988,0.184,0.641,-4.166065615924018,2.976875144422227,-5.908023221187371,9.0
2016-08-02 15:33:02.880,-0.969,0.18,0.637,-3.423139711405714,3.9354616240296068,-7.18072469517487,9.0
2016-08-02 15:33:02.890,-0.953,0.184,0.641,-3.6922647844108347,4.670478282397577,-7.972121451150558,9.0
2016-08-02 15:33:02.900,-0.949,0.184,0.637,-3.9922094949010907,5.169289625394396,-8.219631798009416,9.0
2016-08-02 15:33:02.910,-0.945,0.18,0.629,-3.6028599449518413,5.829020326116705,-8.345221344480532,9.0
2016-08-02 15:33:02.920,-0.938,0.172,0.613,-2.36270303270334,6.618905359437791,-8.848017372340895,9.0
2016-08-02 15:33:02.930,-0.934,0.168,0.598,-1.1782645444371083,6.828001222156691,-9.567114764015557,9.0
2016-08-02 15:33:02.940,-0.934,0.164,0.586,-1.3904147875091506,6.109439569697684,-10.002921769258219,9.0
2016-08-02 15:33:02.950,-0.922,0.172,0.578,-2.912775086481359,5.143028770970711,-10.249351851920865,9.0
2016-08-02 15:33:02.960,-0.922,0.168,0.582,-4.601049661732554,4.3396017169631556,-10.600781739763288,9.0
2016-08-02 15:33:02.970,-0.926,0.172,0.578,-5.64345098561551,3.4344138362396617,-10.964728233405404,9.0
2016-08-02 15:33:02.980,-0.93,0.164,0.574,-5.772428476144133,2.7559200157666597,-11.271590334034764,9.0
2016-08-02 15:33:02.990,-0.922,0.152,0.57,-5.088224851733493,2.6316637773427414,-11.851037574390077,9.0
2016-08-02 15:33:03.000,-0.93,0.148,0.566,-4.557712835989579,2.578236397984101,-12.800806614144502,9.0
2016-08-02 15:33:03.010,-0.91,0.148,0.566,-5.6510254697885625,2.276924888640957,-13.772551808069636,9.0
2016-08-02 15:33:03.020,-0.895,0.152,0.559,-7.991820321716695,1.8879327577071021,-14.815722308292852,9.0
2016-08-02 15:33:03.030,-0.891,0.145,0.555,-9.483591330400575,1.6913886236340172,-15.837926187804017,9.0
2016-08-02 15:33:03.040,-0.879,0.133,0.551,-9.364339982600699,1.9906863012760485,-16.359644736438362,9.0
2016-08-02 15:33:03.050,-0.879,0.121,0.551,-8.599969399928831,2.705597485691124,-16.39705493984296,9.0
2016-08-02 15:33:03.060,-0.875,0.105,0.551,-7.841161720211474,3.3767674561352674,-16.039503403919333,9.0
2016-08-02 15:33:03.070,-0.875,0.098,0.547,-7.111058809482909,3.819101964068463,-15.567083944126264,9.0
2016-08-02 15:33:03.080,-0.867,0.102,0.543,-7.032993259859655,4.084482245638113,-15.530500787400591,9.0
2016-08-02 15:33:03.090,-0.867,0.102,0.539,-7.773092761230841,3.984632493046033,-15.856627290354805,9.0
2016-08-02 15:33:03.100,-0.871,0.094,0.539,-7.895161165244396,3.57112408747149,-16.101097662638736,9.0
2016-08-02 15:33:03.110,-0.871,0.078,0.547,-6.68473227092896,3.4795956420330887,-16.01047420826516,9.0
2016-08-02 15:33:03.120,-0.863,0.074,0.535,-5.270065693529419,3.994046162704737,-15.752989841468317,9.0
2016-08-02 15:33:03.130,-0.855,0.07,0.527,-4.314260949959587,4.68751426996621,-15.474085457465279,9.0
2016-08-02 15:33:03.140,-0.855,0.063,0.52,-3.153889508224281,5.220193752394007,-14.76971687814715,9.0
2016-08-02 15:33:03.150,-0.848,0.059,0.512,-2.0811939559602255,5.74471430718703,-13.539199962093482,9.0
2016-08-02 15:33:03.160,-0.828,0.063,0.508,-2.3034597035828543,6.471930463217706,-12.406401981226816,9.0
2016-08-02 15:33:03.170,-0.82,0.059,0.504,-3.0499416384363593,7.241255453217729,-11.763698040453098,9.0
2016-08-02 15:33:03.180,-0.816,0.051,0.504,-2.4543247640099084,7.937433919490218,-11.16957242541008,9.0
2016-08-02 15:33:03.190,-0.805,0.043,0.492,-0.42796098848801545,8.698061631815747,-10.219752328894769,9.0
2016-08-02 15:33:03.200,-0.793,0.027,0.488,1.8416304574297553,9.482182108072221,-9.185500296087943,9.0
2016-08-02 15:33:03.210,-0.785,0.023,0.48,3.0422331743581923,10.280280475302849,-8.021107597603484,9.0
2016-08-02 15:33:03.220,-0.781,0.02,0.473,2.244073701283425,10.967194626220186,-6.379224269565473,9.0
2016-08-02 15:33:03.230,-0.77,0.027,0.465,0.006181332431154707,11.13900527160785,-4.594939930145575,9.0
2016-08-02 15:33:03.240,-0.754,0.027,0.453,-2.4690850132059445,10.874589605140006,-3.09088334596097,9.0
2016-08-02 15:33:03.250,-0.742,0.023,0.453,-4.576677916181243,10.509008493094557,-1.905818332433973,9.0
2016-08-02 15:33:03.260,-0.727,0.016,0.457,-5.873817570043535,10.108149714904384,-1.178022353075731,9.0
2016-08-02 15:33:03.270,-0.715,0.02,0.453,-6.1329091408823455,9.654810874612014,-0.9989876485554414,9.0
2016-08-02 15:33:03.280,-0.703,0.039,0.445,-5.971680685807155,9.041313701502016,-1.1489549869053188,9.0
2016-08-02 15:33:03.290,-0.699,0.027,0.434,-5.576118830868286,8.3172032464635,-1.3997619699595236,9.0
2016-08-02 15:33:03.300,-0.695,0.023,0.426,-3.3377587131172946,7.8479203923333305,-1.6964109082204324,9.0
2016-08-02 15:33:03.310,-0.691,0.031,0.41,-0.17075407750343946,7.705433228294565,-1.9106415899848157,9.0
2016-08-02 15:33:03.320,-0.684,0.027,0.41,0.420082530319821,7.462865809712654,-2.004239886014915,9.0
2016-08-02 15:33:03.330,-0.684,0.023,0.422,-0.9216596108443753,6.660679595168383,-2.3120936035054522,9.0
2016-08-02 15:33:03.340,-0.684,0.039,0.422,-2.7690131016970447,5.056704025592532,-2.9444688252795483,9.0
2016-08-02 15:33:03.350,-0.68,0.039,0.418,-6.1474998266807255,2.9950485330833656,-3.615068776515007,9.0
2016-08-02 15:33:03.360,-0.676,0.039,0.414,-8.504348097740438,1.2894337866717762,-4.523957403905577,9.0
2016-08-02 15:33:03.370,-0.672,0.035,0.406,-6.993625296764538,0.05635633779161495,-5.912186071988515,9.0
2016-08-02 15:33:03.380,-0.672,0.031,0.406,-4.111645290944842,-0.9975246523830641,-7.158615670108674,9.0
2016-08-02 15:33:03.390,-0.676,0.023,0.41,-1.9372510425728342,-1.72839237100616,-7.998792736733151,9.0
2016-08-02 15:33:03.400,-0.668,0.023,0.41,-0.7216094744981195,-2.408919635039875,-8.751892397523843,9.0
2016-08-02 15:33:03.410,-0.672,0.027,0.41,-2.0742418387835,-3.3671529657138715,-9.284388820725763,9.0
2016-08-02 15:33:03.420,-0.664,0.031,0.41,-5.664942209776319,-4.358953441270648,-9.675117264900601,9.0
2016-08-02 15:33:03.430,-0.66,0.035,0.402,-9.090724709471507,-5.362609971048387,-10.222770896545107,9.0
2016-08-02 15:33:03.440,-0.664,0.023,0.395,-10.940025269113473,-6.157333216289719,-10.83513640533023,9.0
2016-08-02 15:33:03.450,-0.668,0.016,0.395,-10.144395597446831,-6.353506392620969,-11.651432154562029,9.0
2016-08-02 15:33:03.460,-0.668,-0.004,0.398,-7.068177885662598,-6.117299433460153,-12.722541416334106,9.0
2016-08-02 15:33:03.470,-0.664,-0.004,0.402,-4.57931568734208,-5.759745260613999,-13.409439796587339,9.0
2016-08-02 15:33:03.480,-0.66,0.004,0.41,-5.02468882687359,-5.69371901315248,-13.564928089297483,9.0
2016-08-02 15:33:03.490,-0.656,0.023,0.406,-8.243981094581397,-6.134450426794267,-13.84705195550696,9.0
2016-08-02 15:33:03.500,-0.672,0.039,0.398,-12.59972249733933,-6.625483286017074,-14.25377153774785,9.0
2016-08-02 15:33:03.510,-0.668,0.035,0.398,-15.4781555690488,-6.7634220032094134,-14.489121338847708,9.0
2016-08-02 15:33:03.520,-0.672,0.027,0.398,-14.83554418984824,-6.61970864813401,-14.91466264678304,9.0
2016-08-02 15:33:03.530,-0.676,0.016,0.41,-12.070222161144255,-6.162660541841726,-15.324604316466424,9.0
2016-08-02 15:33:03.540,-0.676,0.008,0.418,-9.942312005790649,-5.362557852702274,-15.405042256048258,9.0
2016-08-02 15:33:03.550,-0.676,0.012,0.422,-9.490252966138037,-4.85734470321896,-15.758851213957154,9.0
2016-08-02 15:33:03.560,-0.684,0.004,0.418,-10.772975156916898,-5.020990543552212,-16.113552364351577,9.0
2016-08-02 15:33:03.570,-0.691,0.0,0.422,-12.846054207860034,-5.3769889504266075,-15.858690714013001,9.0
2016-08-02 15:33:03.580,-0.699,-0.004,0.43,-14.1515785155286,-5.688128202814408,-15.662568045452776,9.0
2016-08-02 15:33:03.590,-0.707,0.0,0.434,-14.417293055337902,-5.94855649269676,-15.643018999415816,9.0
2016-08-02 15:33:03.600,-0.727,-0.008,0.434,-14.208076158701576,-5.999984103088476,-15.045350285995841,9.0
2016-08-02 15:33:03.610,-0.738,-0.016,0.449,-13.054310438716117,-5.661321921995896,-14.089290575761556,9.0
2016-08-02 15:33:03.620,-0.742,-0.02,0.465,-10.416630799158357,-4.733762475340397,-13.368522373249341,9.0
2016-08-02 15:33:03.630,-0.746,-0.02,0.465,-7.975708759977767,-3.417387086552925,-12.682621723014766,9.0
2016-08-02 15:33:03.640,-0.758,-0.02,0.469,-7.477951040290131,-2.2556679487214897,-11.842671059821654,9.0
2016-08-02 15:33:03.650,-0.766,-0.016,0.469,-7.897666833120841,-1.5611837603095873,-11.130305082871033,9.0
2016-08-02 15:33:03.660,-0.773,-0.008,0.469,-7.99612426034214,-1.1606725163001905,-10.698658016309066,9.0
2016-08-02 15:33:03.670,-0.773,-0.02,0.469,-8.00217668760689,-0.6994194293009257,-10.52545213210573,9.0
2016-08-02 15:33:03.680,-0.781,-0.031,0.469,-7.600834925431941,-0.3087912154293286,-10.614070658572663,9.0
2016-08-02 15:33:03.690,-0.785,-0.043,0.469,-6.227378863029282,-0.0933610343614615,-10.875169979129167,9.0
2016-08-02 15:33:03.700,-0.785,-0.051,0.477,-4.296674513814238,0.37940692290999606,-11.15809434398178,9.0
2016-08-02 15:33:03.710,-0.793,-0.059,0.488,-2.39935269902555,1.104556911828982,-11.410022469318145,9.0
2016-08-02 15:33:03.720,-0.789,-0.07,0.488,-0.4688755324424405,1.6660279117785934,-11.781004936256027,9.0
2016-08-02 15:33:03.730,-0.793,-0.074,0.492,1.6964588036211454,1.8663837805872774,-12.283427256620712,9.0
2016-08-02 15:33:03.740,-0.801,-0.074,0.488,3.575679277263194,1.6249292242564422,-12.407301167937764,9.0
2016-08-02 15:33:03.750,-0.797,-0.078,0.492,5.406199948895362,1.286820669220821,-12.280706054288675,9.0
2016-08-02 15:33:03.760,-0.805,-0.082,0.488,8.015744585183365,1.2631276591331044,-12.486910070643688,9.0
2016-08-02 15:33:03.770,-0.805,-0.082,0.488,9.97135965465845,1.4971279024208315,-12.276715570482805,9.0
2016-08-02 15:33:03.780,-0.809,-0.074,0.492,10.07242517830247,1.77911360642005,-11.437488488666247,9.0
2016-08-02 15:33:03.790,-0.809,-0.066,0.492,9.680107754492466,1.764235263684967,-11.033778862141471,9.0
2016-08-02 15:33:03.800,-0.816,-0.078,0.496,9.441383241848747,1.4508294591033002,-10.723163265142365,9.0
2016-08-02 15:33:03.810,-0.816,-0.074,0.5,8.958869975141997,1.2528291251420822,-9.895945841028752,9.0
2016-08-02 15:33:03.820,-0.809,-0.074,0.5,8.572907682133282,1.1423989623712878,-9.39649293301138,9.0
2016-08-02 15:33:03.830,-0.816,-0.082,0.5,7.956487666878445,0.8640341419798522,-9.584989048249296,9.0
2016-08-02 15:33:03.840,-0.824,-0.074,0.5,5.16372113543869,0.301094697037605,-9.44272437215898,9.0
2016-08-02 15:33:03.850,-0.828,-0.074,0.5,-0.23243240740651516,-0.4588171580726036,-8.419484970685357,9.0
2016-08-02 15:33:03.860,-0.828,-0.074,0.504,-5.921650016101638,-1.2617860822330202,-7.078391740431927,9.0
2016-08-02 15:33:03.870,-0.82,-0.086,0.512,-9.49794794333702,-2.3852975914735266,-5.904720690680504,9.0
2016-08-02 15:33:03.880,-0.816,-0.098,0.523,-8.876251437172703,-3.488993242087323,-5.2919189579746115,9.0
2016-08-02 15:33:03.890,-0.816,-0.113,0.531,-4.678646295895237,-3.5402776171503483,-5.201081093149968,9.0
2016-08-02 15:33:03.900,-0.82,-0.102,0.531,-1.5095953368808823,-2.9929454372895696,-4.930250160115811,9.0
2016-08-02 15:33:03.910,-0.824,-0.074,0.523,-2.4054684745670105,-3.116384379464713,-4.075861475004278,9.0
2016-08-02 15:33:03.920,-0.836,-0.066,0.523,-5.84422752603413,-3.7639279469273568,-2.424545496765512,9.0
2016-08-02 15:33:03.930,-0.84,-0.074,0.531,-7.560730350049434,-3.8930011796884063,-0.496769017205456,9.0
2016-08-02 15:33:03.940,-0.844,-0.09,0.539,-5.446755322530796,-3.0815389035277896,0.7092943902472695,9.0
2016-08-02 15:33:03.950,-0.84,-0.094,0.539,-2.4391211759630056,-1.9181851087113728,1.4082742259513057,9.0
2016-08-02 15:33:03.960,-0.836,-0.09,0.531,-1.2682052359196663,-1.1719042639581625,1.5787553334938063,9.0
2016-08-02 15:33:03.970,-0.832,-0.086,0.527,-1.3650033971327022,-1.0340225216849577,0.8817944006449423,9.0
2016-08-02 15:33:03.980,-0.832,-0.086,0.52,-1.5509819286165956,-0.9451730425198916,0.2861329643049594,9.0
2016-08-02 15:33:03.990,-0.824,-0.082,0.523,-1.192177610668653,-0.1137911102419363,-0.10965704984948374,9.0
2016-08-02 15:33:04.000,-0.844,-0.074,0.512,-0.5353342687590005,0.9491488737081073,-0.7234205227764201,9.0
2016-08-02 15:33:04.010,-0.855,-0.086,0.516,-0.1956524125619749,1.426961556799299,-0.745323727186564,9.0
2016-08-02 15:33:04.020,-0.852,-0.094,0.52,0.3073956550235962,1.9874210028304815,-0.4809574492788109,9.0
2016-08-02 15:33:04.030,-0.852,-0.09,0.527,1.024735479634714,2.9285023791825906,-0.6415701626565867,9.0
2016-08-02 15:33:04.040,-0.852,-0.09,0.523,0.6220685002399459,3.4322237929500248,-0.5010973868870303,9.0
2016-08-02 15:33:04.050,-0.859,-0.086,0.512,-1.106885502199582,3.2004449264125094,-0.2229595584287284,9.0
2016-08-02 15:33:04.060,-0.855,-0.09,0.512,-3.206012236349186,2.7090762911235826,-0.47870033055002714,9.0
2016-08-02 15:33:04.070,-0.852,-0.086,0.508,-5.296226493024966,2.3344063496601755,-0.7566472099545443,9.0
2016-08-02 15:33:04.080,-0.852,-0.094,0.504,-6.7887867862100455,1.8920572525548285,-0.7781439029926345,9.0
2016-08-02 15:33:04.090,-0.852,-0.105,0.504,-6.194076324146684,1.3703895123589427,-0.5056729958425128,9.0
2016-08-02 15:33:04.100,-0.852,-0.121,0.508,-2.8917423377133273,1.1573460017007482,0.03805059594715003,9.0
2016-08-02 15:33:04.110,-0.855,-0.121,0.52,1.056028233824642,1.3411564209635587,0.49877170641891866,9.0
2016-08-02 15:33:04.120,-0.859,-0.117,0.52,2.858493538168344,1.5770454157477527,1.1366131373001214,9.0
2016-08-02 15:33:04.130,-0.852,-0.098,0.52,2.357201687811868,1.3336117571670552,1.9694956263239807,9.0
2016-08-02 15:33:04.140,-0.852,-0.09,0.516,1.4716819753756787,0.7034154782303417,2.4745956791170083,9.0
2016-08-02 15:33:04.150,-0.844,-0.086,0.516,1.4873321796674608,0.4464899731073533,2.6618779632545566,9.0
2016-08-02 15:33:04.160,-0.844,-0.086,0.516,1.9749953109607739,0.5434859222058505,2.565766839221217,9.0
2016-08-02 15:33:04.170,-0.844,-0.082,0.512,1.7067814618900083,0.3367037714049299,2.421812904518331,9.0
2016-08-02 15:33:04.180,-0.848,-0.078,0.516,0.7085029861040476,-0.14712501392366328,2.691701000368939,9.0
2016-08-02 15:33:04.190,-0.852,-0.082,0.512,0.3469201687504738,-0.49574650121154396,3.0217014049852255,9.0
2016-08-02 15:33:04.200,-0.848,-0.074,0.516,0.919330506461782,-0.5831096364715399,3.1607956290572465,9.0
2016-08-02 15:33:04.210,-0.848,-0.078,0.516,1.4059117462045403,-0.5243390968975943,3.4774766927396388,9.0
2016-08-02 15:33:04.220,-0.844,-0.074,0.523,1.3899509653847495,-0.5347894667037469,3.8998646316053103,9.0
2016-08-02 15:33:04.230,-0.844,-0.066,0.527,1.3850950026254956,-0.7093726054475092,4.168902738455637,9.0
2016-08-02 15:33:04.240,-0.84,-0.066,0.531,1.9910676056063403,-0.8471261051348207,4.270724244945193,9.0
2016-08-02 15:33:04.250,-0.84,-0.066,0.531,3.100725518643233,-0.7269015254803741,4.19448483607194,9.0
2016-08-02 15:33:04.260,-0.84,-0.063,0.527,3.715341991188506,-0.5873773431423256,3.98819877130607,9.0
2016-08-02 15:33:04.270,-0.84,-0.059,0.527,3.2099657473089014,-0.7117161116829215,3.700803605884606,9.0
2016-08-02 15:33:04.280,-0.848,-0.059,0.527,1.9971237179673675,-0.9270831726417184,3.301369224450741,9.0
2016-08-02 15:33:04.290,-0.852,-0.059,0.527,0.6004616046346446,-1.1289756230917822,2.7872306712257275,9.0
2016-08-02 15:33:04.300,-0.848,-0.059,0.531,-0.47047882041373956,-1.3785244600835842,2.191473688866342,9.0
2016-08-02 15:33:04.310,-0.855,-0.066,0.531,-0.39862614347711167,-1.506222161332913,1.61127282499229,9.0
2016-08-02 15:33:04.320,-0.852,-0.074,0.531,0.5982016663495026,-1.4278768005822726,1.2925256115241102,9.0
2016-08-02 15:33:04.330,-0.852,-0.07,0.531,0.9615380992930251,-1.4030405133978683,1.1967808444494794,9.0
2016-08-02 15:33:04.340,-0.848,-0.07,0.531,0.22520831158895493,-1.5787789495933464,0.9875395792313997,9.0
2016-08-02 15:33:04.350,-0.844,-0.074,0.531,-0.6124921767896645,-1.7661390351227537,0.8636218205467734,9.0
2016-08-02 15:33:04.360,-0.844,-0.07,0.531,-0.7781292868656013,-1.8708913362880841,0.9251227274600424,9.0
2016-08-02 15:33:04.370,-0.84,-0.078,0.531,-0.04497976977256568,-1.8380207235574366,0.7254478918134408,9.0
2016-08-02 15:33:04.380,-0.84,-0.074,0.527,0.8888941862977431,-1.567819184856286,0.4986187867852086,9.0
2016-08-02 15:33:04.390,-0.844,-0.074,0.531,0.9677650770203825,-1.3975185070727458,0.769801768922257,9.0
2016-08-02 15:33:04.400,-0.84,-0.07,0.531,0.5036277054950723,-1.5637048560775826,1.3977152924235101,9.0
2016-08-02 15:33:04.410,-0.84,-0.07,0.527,0.1361772815399403,-1.7542143626040123,2.07351554863187,9.0
2016-08-02 15:33:04.420,-0.84,-0.07,0.527,-0.09844480381011367,-1.7831889637534486,2.601860727521424,9.0
2016-08-02 15:33:04.430,-0.844,-0.066,0.531,0.3355840007629637,-1.7969636729813834,2.8714070778432346,9.0
2016-08-02 15:33:04.440,-0.84,-0.066,0.531,1.3937551204829768,-1.8351438686495687,3.0126923941080874,9.0
2016-08-02 15:33:04.450,-0.836,-0.063,0.531,1.9423453343593935,-1.796302447410285,3.1481486453043828,9.0
2016-08-02 15:33:04.460,-0.836,-0.059,0.527,1.6398919736740394,-1.782905615159216,3.1727216536198894,9.0
2016-08-02 15:33:04.470,-0.84,-0.063,0.531,1.2224297975692415,-1.766706835448863,3.0572735419107406,9.0
2016-08-02 15:33:04.480,-0.836,-0.059,0.531,1.2114414237499633,-1.5729918432201893,2.9123178531010314,9.0
2016-08-02 15:33:04.490,-0.836,-0.059,0.531,1.1935305667247802,-1.3021579091946323,2.8783710689779802,9.0
2016-08-02 15:33:04.500,-0.844,-0.055,0.531,0.8389747330267084,-1.025284212626734,2.968920801861289,9.0
2016-08-02 15:33:04.510,-0.84,-0.055,0.535,0.5984437336037043,-0.740753524269518,2.9994680889662586,9.0
2016-08-02 15:33:04.520,-0.84,-0.055,0.531,0.7151373998378108,-0.4595950816970868,2.981148611785766,9.0
2016-08-02 15:33:04.530,-0.844,-0.051,0.531,1.0958686136939402,-0.15809035909051683,2.9632948091181737,9.0
2016-08-02 15:33:04.540,-0.844,-0.059,0.531,1.6189058018024884,0.11159498559113618,2.9089546664174035,9.0
2016-08-02 15:33:04.550,-0.844,-0.059,0.531,2.021892930000567,0.3559158635159554,2.8387024804528793,9.0
2016-08-02 15:33:04.560,-0.844,-0.055,0.531,2.1422798362517734,0.5533901833420469,2.5913305287173927,9.0
2016-08-02 15:33:04.570,-0.844,-0.055,0.531,1.8291928137326472,0.6521219997387221,2.2229862445555653,9.0
2016-08-02 15:33:04.580,-0.848,-0.051,0.531,1.0749303528153276,0.7282397887051184,1.8776036466412394,9.0
2016-08-02 15:33:04.590,-0.848,-0.051,0.531,0.33406305875694725,0.8223542609685048,1.4180978365062855,9.0
2016-08-02 15:33:04.600,-0.848,-0.055,0.531,0.09748051093070512,0.9180246063608084,1.0629469076608686,9.0
2016-08-02 15:33:04.610,-0.848,-0.055,0.531,0.2904027846502043,0.9395334249448506,1.0237871837221235,9.0
2016-08-02 15:33:04.620,-0.848,-0.047,0.531,0.2517097756752951,0.8836173609750136,1.0812065766866374,9.0
2016-08-02 15:33:04.630,-0.848,-0.051,0.531,-0.2500546232008364,0.7055678288614086,1.1807976173123509,9.0
2016-08-02 15:33:04.640,-0.844,-0.055,0.531,-0.5471757014199427,0.34958948420533176,1.2661438847428028,9.0
2016-08-02 15:33:04.650,-0.844,-0.059,0.531,-0.20973196383071308,0.20302288075979252,1.0979155132753111,9.0
2016-08-02 15:33:04.660,-0.844,-0.059,0.527,0.32242028996292876,0.2549646131502495,0.8139873296425618,9.0
2016-08-02 15:33:04.670,-0.844,-0.055,0.527,0.5664223328872411,0.09249450892022176,0.7699457411838551,9.0
2016-08-02 15:33:04.680,-0.844,-0.055,0.535,0.5571046508786544,-0.0911753653867019,0.8728409718971044,9.0
2016-08-02 15:33:04.690,-0.84,-0.055,0.531,0.3468139743733728,-0.19783047446576618,0.8841689452928538,9.0
2016-08-02 15:33:04.700,-0.84,-0.055,0.531,0.02589929646692868,-0.34327049800473575,0.9461923104276988,9.0
2016-08-02 15:33:04.710,-0.84,-0.051,0.531,-0.006030818366621352,-0.4153875340905655,1.0904319124228243,9.0
2016-08-02 15:33:04.720,-0.844,-0.055,0.531,0.16942316442767677,-0.45438805041115804,1.1076706350459724,9.0
2016-08-02 15:33:04.730,-0.844,-0.047,0.523,-0.07881224052025215,-0.49152809421310095,1.1010360385945315,9.0
2016-08-02 15:33:04.740,-0.84,-0.051,0.527,-0.8310392360245096,-0.5559666189859245,1.1661579564135027,9.0
2016-08-02 15:33:04.750,-0.844,-0.051,0.531,-1.5505045056633442,-0.7192068929492602,1.271541244801701,9.0
2016-08-02 15:33:04.760,-0.844,-0.043,0.523,-1.909333208728607,-0.7967506727380576,1.5291741673714045,9.0
2016-08-02 15:33:04.770,-0.844,-0.043,0.527,-1.9442914742089723,-0.6512289638871611,1.79961436010206,9.0
2016-08-02 15:33:04.780,-0.84,-0.051,0.527,-1.5133244190575244,-0.3606581625996415,1.8811896714176761,9.0
2016-08-02 15:33:04.790,-0.84,-0.055,0.527,-0.4039919153505578,-0.06167436107009731,1.7795754529642573,9.0
2016-08-02 15:33:04.800,-0.844,-0.055,0.527,0.7272305858988931,0.15982614145061974,1.5835993734685003,9.0
2016-08-02 15:33:04.810,-0.844,-0.055,0.523,1.0613790594369632,0.2873461294341949,1.4397516132295545,9.0
2016-08-02 15:33:04.820,-0.844,-0.051,0.527,0.9104323201404373,0.29315636140785867,1.2022009051093365,9.0
2016-08-02 15:33:04.830,-0.844,-0.047,0.527,0.6938949778446781,0.19300723552771934,0.8696348104572201,9.0
2016-08-02 15:33:04.840,-0.848,-0.047,0.527,0.3228502935453902,0.04569227536488035,0.7709385678634951,9.0
2016-08-02 15:33:04.850,-0.848,-0.051,0.531,0.019101959868459733,-0.044801312188044645,0.7701723638077228,9.0
2016-08-02 15:33:04.860,-0.848,-0.051,0.523,0.09402690230684027,-0.15419043761486323,0.6226035144394743,9.0
2016-08-02 15:33:04.870,-0.848,-0.055,0.523,0.3415364621333134,-0.4939956743414776,0.4914149521063039,9.0
2016-08-02 15:33:04.880,-0.848,-0.055,0.527,0.3520696983474377,-0.791170868686655,0.5237479559644322,9.0
2016-08-02 15:33:04.890,-0.844,-0.055,0.531,0.07389223702591968,-0.82292714216436,0.5605703053703933,9.0
2016-08-02 15:33:04.900,-0.844,-0.055,0.531,-0.21664435229059853,-0.9438640036713881,0.45224314375252594,9.0
2016-08-02 15:33:04.910,-0.844,-0.055,0.531,-0.11870664480917008,-1.0478881658898287,0.35119425847898766,9.0
2016-08-02 15:33:04.920,-0.844,-0.055,0.531,0.5346300279187517,-0.8267124984740268,0.3588060270325035,9.0
2016-08-02 15:33:04.930,-0.844,-0.059,0.531,1.092143688309801,-0.6777718534228696,0.40775084732526645,9.0
2016-08-02 15:33:04.940,-0.844,-0.055,0.531,0.8203773773553096,-0.7811902353800957,0.5128600692707579,9.0
2016-08-02 15:33:04.950,-0.844,-0.055,0.527,0.07756682230023168,-0.8911748070010195,0.6591921351632954,9.0
2016-08-02 15:33:04.960,-0.844,-0.051,0.527,-0.3932789550609838,-0.9949215706064098,0.7753214955672907,9.0
2016-08-02 15:33:04.970,-0.844,-0.051,0.531,-0.3485797251682442,-1.022770284635764,0.8895608465805209,9.0
2016-08-02 15:33:04.980,-0.844,-0.055,0.527,0.007643028034878579,-0.8695883384310699,0.9874274045460871,9.0
2016-08-02 15:33:04.990,-0.844,-0.055,0.531,0.18018837963699763,-0.7134070230834202,0.9904267788616212,9.0
2016-08-02 15:33:05.000,-0.848,-0.051,0.523,0.14144123951775717,-0.6620026685742928,0.9311691894404062,9.0
2016-08-02 15:34:57.000,0.996,0.168,-0.02,1.3612865293372245,1.0492362733064042,3.2348935883136463,10.0
2016-08-02 15:34:57.010,0.996,0.16,-0.02,1.8050928150226375,0.862755333354384,3.2752858500230686,10.0
2016-08-02 15:34:57.020,1.004,0.156,-0.02,2.1594810631380406,0.7847498041963111,3.1489167078476425,10.0
2016-08-02 15:34:57.030,1.004,0.164,-0.02,1.9408057506531362,0.8075724307994012,2.8580775011707606,10.0
2016-08-02 15:34:57.040,1.004,0.164,-0.023,1.4730369836814385,0.7125296397841588,2.655877506716835,10.0
2016-08-02 15:34:57.050,1.004,0.16,-0.023,1.4237774641770167,0.6157090187600236,2.4275725219231767,10.0
2016-08-02 15:34:57.060,0.996,0.164,-0.023,1.3698754262324664,0.46363494417825174,2.00104138318527,10.0
2016-08-02 15:34:57.070,1.0,0.164,-0.023,1.0209750671388866,0.14743215530149853,1.838269563284186,10.0
2016-08-02 15:34:57.080,0.996,0.164,-0.023,1.0751839506463985,0.0012021971346907294,2.0075285616902625,10.0
2016-08-02 15:34:57.090,0.996,0.164,-0.027,1.4145504066514383,0.09327060584057728,2.1397478292189254,10.0
2016-08-02 15:34:57.100,0.996,0.172,-0.023,1.069625296571309,0.13187771885094712,2.2982264829192065,10.0
2016-08-02 15:34:57.110,0.992,0.172,-0.023,0.3886561147579608,0.09916315488694182,2.500309891623192,10.0
2016-08-02 15:34:57.120,0.992,0.168,-0.023,0.4015379563028154,0.08464426113211673,2.609871911035764,10.0
2016-08-02 15:34:57.130,0.992,0.164,-0.031,0.735599976958769,0.08983930265502384,2.6815395323674225,10.0
2016-08-02 15:34:57.140,0.996,0.168,-0.023,0.6011328433484746,0.07948701785271974,2.7058960824336906,10.0
2016-08-02 15:34:57.150,1.004,0.176,-0.023,0.14604555624220644,0.08183323050997005,2.6758549786226227,10.0
2016-08-02 15:34:57.160,1.008,0.18,-0.02,-0.22320326631592974,0.1571836311465538,2.682517400469987,10.0
2016-08-02 15:34:57.170,1.008,0.172,-0.02,-0.3511197786589152,0.07409921132570091,2.642686633616451,10.0
2016-08-02 15:34:57.180,1.008,0.164,-0.023,-0.38988337012598584,-0.24489856196067533,2.457285852844918,10.0
2016-08-02 15:34:57.190,1.008,0.168,-0.023,-0.5070218793614742,-0.3806555466827963,2.2603928161738924,10.0
2016-08-02 15:34:57.200,1.008,0.168,-0.023,-0.5701490436162282,-0.24714694711444302,2.1861036461517007,10.0
2016-08-02 15:34:57.210,1.004,0.164,-0.023,-0.461165638076802,-0.19002047144531914,2.142473581895914,10.0
2016-08-02 15:34:57.220,1.008,0.168,-0.023,-0.3071824056631599,-0.19187039623587085,2.0286295210741727,10.0
2016-08-02 15:34:57.230,1.008,0.168,-0.023,-0.429984936448493,-0.09763567838065222,1.9442361202385527,10.0
2016-08-02 15:34:57.240,1.008,0.176,-0.02,-0.7673090700345085,-0.045768685600440354,1.9125857057543996,10.0
2016-08-02 15:34:57.250,1.008,0.168,-0.023,-0.8025972812686122,-0.06597553814416011,1.809025768460364,10.0
2016-08-02 15:34:57.260,1.0,0.164,-0.023,-0.5549008656463951,-0.045052238563316555,1.5740979675577702,10.0
2016-08-02 15:34:57.270,1.0,0.16,-0.023,-0.4403425811796351,-0.0340093064308901,1.2732080382210729,10.0
2016-08-02 15:34:57.280,0.996,0.16,-0.027,-0.47316543821705714,-0.10582478747180132,1.1230048643499058,10.0
2016-08-02 15:34:57.290,1.0,0.168,-0.031,-0.6514288671314008,-0.16701701073588923,1.1751880825996173,10.0
2016-08-02 15:34:57.300,1.0,0.172,-0.023,-1.0427570436775921,-0.20478417985184358,1.280394749776525,10.0
2016-08-02 15:34:57.310,1.004,0.172,-0.023,-1.3031030323814607,-0.3192390232211823,1.4132568702536243,10.0
2016-08-02 15:34:57.320,1.004,0.168,-0.02,-1.1635247425173731,-0.3587872103339806,1.476821989030464,10.0
2016-08-02 15:34:57.330,1.008,0.168,-0.02,-0.6961846325543554,-0.19496302407838548,1.337488871319612,10.0
2016-08-02 15:34:57.340,1.004,0.16,-0.02,-0.05699118855376814,0.009543691591196689,1.0666397469590492,10.0
2016-08-02 15:34:57.350,1.004,0.156,-0.023,0.37972716407776874,0.11244485092252268,0.737876833920945,10.0
2016-08-02 15:34:57.360,0.996,0.152,-0.023,0.35613410886570646,0.10112089390116819,0.4015723857931219,10.0
2016-08-02 15:34:57.370,1.0,0.152,-0.023,0.1800691219100849,0.12824368042945755,0.162914226502847,10.0
2016-08-02 15:34:57.380,1.0,0.156,-0.023,0.3272638501736722,0.20276553944663972,0.037135921269674854,10.0
2016-08-02 15:34:57.390,0.996,0.152,-0.023,0.8367687714053892,0.13283237687055427,0.054655567936811984,10.0
2016-08-02 15:34:57.400,1.004,0.156,-0.023,1.28075499369231,0.2193682122938822,0.29519965689603567,10.0
2016-08-02 15:34:57.410,1.008,0.164,-0.02,1.2204938143437944,0.5547621459756175,0.5961797686709088,10.0
2016-08-02 15:34:57.420,1.0,0.16,-0.02,0.8773790178871457,0.5174075449538034,0.7927509211828045,10.0
2016-08-02 15:34:57.430,1.0,0.16,-0.02,1.0038463451103037,0.26293569498135616,0.9908599011933843,10.0
2016-08-02 15:34:57.440,1.004,0.16,-0.02,1.4063832184388962,0.3730493538552693,1.2398503292968162,10.0
2016-08-02 15:34:57.450,1.004,0.164,-0.023,1.2039614077316823,0.534083228533078,1.5033756028240732,10.0
2016-08-02 15:34:57.460,1.0,0.16,-0.027,0.7042878227888716,0.45175553349361763,1.7536206223951218,10.0
2016-08-02 15:34:57.470,1.004,0.156,-0.031,0.6684454561202045,0.3752962638244143,1.930986089950152,10.0
2016-08-02 15:34:57.480,1.004,0.156,-0.027,0.9756370888292198,0.5308003230933093,2.0943450933310235,10.0
2016-08-02 15:34:57.490,1.004,0.16,-0.02,1.183039781867646,0.8824159292065343,2.2771320822431966,10.0
2016-08-02 15:34:57.500,0.992,0.164,-0.023,1.12606910203615,0.9652514142166316,2.399541763695777,10.0
2016-08-02 15:34:57.510,0.996,0.156,-0.02,1.2083340331637564,0.7037679573238752,2.4362243475918683,10.0
2016-08-02 15:34:57.520,1.004,0.156,-0.023,1.868438879196841,0.7593229159841328,2.3736289410135276,10.0
2016-08-02 15:34:57.530,1.004,0.152,-0.02,2.7390434552968896,1.0900024364568794,2.234243150089421,10.0
2016-08-02 15:34:57.540,1.008,0.156,-0.023,3.0998336654736436,1.2085349917137715,2.0520184045291994,10.0
2016-08-02 15:34:57.550,1.012,0.16,-0.023,2.7776583883494084,1.2659814271202923,1.871116864539534,10.0
2016-08-02 15:34:57.560,1.016,0.16,-0.031,2.519450374028999,1.3644473285942564,1.6866861531106263,10.0
2016-08-02 15:34:57.570,1.016,0.156,-0.035,2.943516466497118,1.4909800202636299,1.4654727092100792,10.0
2016-08-02 15:34:57.580,1.012,0.152,-0.035,3.407904544075162,1.6677263421635016,1.3427677097945723,10.0
2016-08-02 15:34:57.590,1.008,0.152,-0.031,3.497623699542023,1.6473599043740297,1.248373576920363,10.0
2016-08-02 15:34:57.600,1.004,0.152,-0.031,3.940206292145529,1.536376743690616,1.0523776816443817,10.0
2016-08-02 15:34:57.610,1.008,0.148,-0.035,4.739362651233657,1.641386337808628,0.9012884844560523,10.0
2016-08-02 15:34:57.620,1.008,0.148,-0.039,5.009435239464474,1.732118269288749,0.8721119592018001,10.0
2016-08-02 15:34:57.630,1.004,0.156,-0.035,4.773515220080315,1.6959026255192309,0.9102176680887054,10.0
2016-08-02 15:34:57.640,1.004,0.16,-0.027,4.714855910606541,1.8467747715130538,0.8412377461767734,10.0
2016-08-02 15:34:57.650,1.004,0.156,-0.02,5.319637161337093,2.0915771372826386,0.7248826175587995,10.0
2016-08-02 15:34:57.660,1.008,0.145,-0.008,7.1775710635368,2.14728081806688,0.5086858825536404,10.0
2016-08-02 15:34:57.670,1.008,0.148,0.0,9.535930148348303,2.215123823129918,-0.0318876253994661,10.0
2016-08-02 15:34:57.680,1.008,0.152,-0.012,9.998689103733286,2.4117446061491026,-0.15674102927419842,10.0
2016-08-02 15:34:57.690,1.0,0.156,-0.023,8.477806791914723,2.37423129914455,0.27094732924146847,10.0
2016-08-02 15:34:57.700,1.0,0.168,-0.027,7.1092228046462775,2.1452222254480917,0.2890482841200674,10.0
2016-08-02 15:34:57.710,1.004,0.176,-0.023,6.541738025979681,2.2505783493999427,0.08568542575595187,10.0
2016-08-02 15:34:57.720,1.004,0.168,-0.023,6.669469309177792,2.548542826056469,0.10024671661047511,10.0
2016-08-02 15:34:57.730,1.004,0.164,-0.02,7.316018985454781,2.6483635425706074,0.009667093470069991,10.0
2016-08-02 15:34:57.740,0.996,0.164,-0.016,7.676798703150437,2.699898786683206,-0.24020796780189718,10.0
2016-08-02 15:34:57.750,0.996,0.168,-0.02,7.662071687170264,2.82675936772333,-0.3962135337316466,10.0
2016-08-02 15:34:57.760,0.996,0.16,-0.023,7.591265629017489,3.011847820108262,-0.34443757273400716,10.0
2016-08-02 15:34:57.770,1.0,0.164,-0.023,7.446787578995886,3.1823760578714118,-0.23328063376901403,10.0
2016-08-02 15:34:57.780,0.996,0.164,-0.023,7.323393002313338,3.2182550734186033,-0.14393958362904583,10.0
2016-08-02 15:34:57.790,0.992,0.164,-0.02,7.131734490529149,3.214876412708202,0.09868938873425312,10.0
2016-08-02 15:34:57.800,0.992,0.164,-0.02,6.875434408828638,3.29623548101209,0.3359755458901062,10.0
2016-08-02 15:34:57.810,1.0,0.168,-0.02,6.971225384488648,3.4617934789385867,0.2072501365132856,10.0
2016-08-02 15:34:57.820,1.008,0.164,-0.02,7.451696208137779,3.7356974121882187,-0.0344327237147084,10.0
2016-08-02 15:34:57.830,1.012,0.164,-0.023,7.705513324263313,4.047001590862983,-0.06117746597237696,10.0
2016-08-02 15:34:57.840,1.008,0.168,-0.02,7.356357732353727,4.1981714074325325,-0.08685651570348404,10.0
2016-08-02 15:34:57.850,1.004,0.164,-0.02,6.886990960212078,4.225250638026788,-0.12087224336481603,10.0
2016-08-02 15:34:57.860,1.004,0.164,-0.02,6.5483097712930896,4.2216612029558735,-0.03694646615461843,10.0
2016-08-02 15:34:57.870,1.008,0.164,-0.02,6.046848081487473,4.045378105048193,-0.12768549986777392,10.0
2016-08-02 15:34:57.880,1.004,0.168,-0.02,5.654438412458832,3.831478609196129,-0.2755305931767415,10.0
2016-08-02 15:34:57.890,1.004,0.168,-0.02,5.445992482779248,3.786774389491149,-0.15057777362134306,10.0
2016-08-02 15:34:57.900,1.004,0.168,-0.02,4.97929482701999,3.7111996997956216,-0.08703118295535303,10.0
2016-08-02 15:34:57.910,1.008,0.168,-0.02,4.222819665731433,3.6845653070514897,-0.03234693099519464,10.0
2016-08-02 15:34:57.920,1.008,0.176,-0.02,3.3129233055190914,3.7766999258524963,0.23894082899469066,10.0
2016-08-02 15:34:57.930,1.004,0.168,-0.023,2.654006941531718,3.7228118712797262,0.3584375310332083,10.0
2016-08-02 15:34:57.940,1.008,0.168,-0.023,2.4778119456786776,3.6917599278165443,0.4321664420382004,10.0
2016-08-02 15:34:57.950,1.008,0.168,-0.023,2.261150450621067,3.7498534333904696,0.566288186372854,10.0
2016-08-02 15:34:57.960,1.008,0.164,-0.02,2.021162355111041,3.6668872171776243,0.5528757060120926,10.0
2016-08-02 15:34:57.970,1.008,0.16,-0.02,2.1543867471735205,3.5068816782314656,0.5429401698239739,10.0
2016-08-02 15:34:57.980,1.008,0.164,-0.02,2.302440850483178,3.4515848166444254,0.4546354295007736,10.0
2016-08-02 15:34:57.990,1.004,0.16,-0.016,2.1168035292453027,3.509332396552928,0.23244269193060493,10.0
2016-08-02 15:34:58.000,0.992,0.172,-0.02,1.635303811323872,3.337673563673235,0.010645756036507907,10.0
2016-08-02 15:34:58.010,0.992,0.164,-0.016,0.9998723849440498,2.933784777935136,-0.2722443650434661,10.0
2016-08-02 15:34:58.020,0.992,0.164,-0.016,0.5221263402530985,2.737858354063174,-0.5065406667024026,10.0
2016-08-02 15:34:58.030,0.992,0.164,-0.012,0.4308100458518233,2.714954647385035,-0.6619676443692011,10.0
2016-08-02 15:34:58.040,0.992,0.156,-0.008,0.5867721892229275,2.7388969117620308,-0.7719555264734622,10.0
2016-08-02 15:34:58.050,0.988,0.152,-0.008,0.6373141384917018,2.839386946193624,-0.7702134673530823,10.0
2016-08-02 15:34:58.060,0.988,0.152,-0.008,0.8094501681004609,2.91239860848909,-0.909322815178111,10.0
2016-08-02 15:34:58.070,0.988,0.152,-0.012,1.5155184173824723,3.0295199027827517,-1.132263091863055,10.0
2016-08-02 15:34:58.080,0.992,0.156,-0.012,2.100711803989846,3.1894429948455296,-1.0846582341034892,10.0
2016-08-02 15:34:58.090,0.988,0.152,-0.012,1.9420492801239204,3.1997414709690326,-1.0767372691142496,10.0
2016-08-02 15:34:58.100,0.977,0.156,-0.012,1.5434612859049193,3.2030397045244623,-1.266647506753532,10.0
2016-08-02 15:34:58.110,0.969,0.156,-0.008,1.143601081017624,3.3504801171216654,-1.3039773228358356,10.0
2016-08-02 15:34:58.120,0.961,0.156,0.0,0.6480723711443763,3.2824671402456156,-1.346764767340218,10.0
2016-08-02 15:34:58.130,0.953,0.152,0.004,0.7630727629858034,2.896237203213321,-1.5776206448342218,10.0
2016-08-02 15:34:58.140,0.945,0.152,0.008,1.5226936407163658,2.710983647360446,-1.6322481372738484,10.0
2016-08-02 15:34:58.150,0.945,0.156,0.012,1.79838533252948,2.776661521028185,-1.3796965946421613,10.0
2016-08-02 15:34:58.160,0.945,0.156,0.012,1.2526226518333794,2.8331481341103544,-0.9191362835964412,10.0
2016-08-02 15:34:58.170,0.949,0.168,0.0,0.3222628107607855,3.0487873904759097,-0.23951608877406477,10.0
2016-08-02 15:34:58.180,0.953,0.176,0.0,-0.18300031328315075,3.3095995255731996,0.3745428666665249,10.0
2016-08-02 15:34:58.190,0.961,0.172,0.004,0.7294343702206108,3.5339354420160634,0.6207175451700623,10.0
2016-08-02 15:34:58.200,0.965,0.16,0.008,2.769898599557984,3.967304914529553,0.4985507757554661,10.0
2016-08-02 15:34:58.210,0.969,0.148,0.008,4.735226012142919,4.202598281101663,0.12799970424358734,10.0
2016-08-02 15:34:58.220,0.973,0.148,0.008,6.122950746952998,3.9586146987304667,-0.2416411625871282,10.0
2016-08-02 15:34:58.230,0.98,0.152,0.012,7.220365889351394,3.6465045710182817,-0.5096589006640411,10.0
2016-08-02 15:34:58.240,0.992,0.156,0.02,8.11613301367875,3.241848956673066,-0.6723725642530307,10.0
2016-08-02 15:34:58.250,1.004,0.16,0.027,8.303419216260929,2.476191278679744,-0.5064460066253749,10.0
2016-08-02 15:34:58.260,1.0,0.172,0.023,7.691781342704475,1.5404791320028817,0.018784431849744446,10.0
2016-08-02 15:34:58.270,1.004,0.176,0.035,6.920885698712926,0.7435637828762066,0.5103872366106934,10.0
2016-08-02 15:34:58.280,1.008,0.176,0.035,6.802788145975027,0.32924688774144073,0.7486357169429131,10.0
2016-08-02 15:34:58.290,1.016,0.176,0.035,7.799754809433972,0.4572414055256774,0.90916997681771,10.0
2016-08-02 15:34:58.300,1.023,0.176,0.027,9.208610631343882,0.8554465480985993,1.1676422674866882,10.0
2016-08-02 15:34:58.310,1.023,0.18,0.02,9.925152209655268,1.1183182696965885,1.681642932440412,10.0
2016-08-02 15:34:58.320,1.031,0.184,0.012,9.823544798743807,1.2597609061133765,2.499636089295839,10.0
2016-08-02 15:34:58.330,1.035,0.188,0.012,9.453731334598631,1.4578361261644193,3.4477383280256424,10.0
2016-08-02 15:34:58.340,1.039,0.195,0.012,9.30621445063822,1.8340784459522155,4.580233426239882,10.0
2016-08-02 15:34:58.350,1.035,0.191,0.023,9.567177139005802,2.347666098392607,5.86371894058732,10.0
2016-08-02 15:34:58.360,1.027,0.188,0.035,10.339292126608607,2.8035514556186905,6.874454876891013,10.0
2016-08-02 15:34:58.370,1.02,0.184,0.035,11.717574738618652,3.3195714319888285,7.635049033887405,10.0
2016-08-02 15:34:58.380,1.008,0.184,0.043,13.14299074273916,3.969994053776886,8.343182537033083,10.0
2016-08-02 15:34:58.390,0.996,0.188,0.039,13.627333018386071,4.282888692714832,8.800145036909305,10.0
2016-08-02 15:34:58.400,0.977,0.191,0.031,13.17964717769442,4.1395933936692835,9.154402386483255,10.0
2016-08-02 15:34:58.410,0.965,0.195,0.027,12.570221008627321,3.997733043843282,9.648189487250306,10.0
2016-08-02 15:34:58.420,0.953,0.191,0.023,11.973258868856007,3.7819249031225413,10.045057560369816,10.0
2016-08-02 15:34:58.430,0.945,0.195,0.027,11.296160941938549,3.221096879939254,10.400980896747738,10.0
2016-08-02 15:34:58.440,0.941,0.203,0.035,10.693465412640013,2.674895841412467,11.069980988357571,10.0
2016-08-02 15:34:58.450,0.941,0.203,0.039,10.418635123897433,2.346209265154131,12.00826726483453,10.0
2016-08-02 15:34:58.460,0.938,0.203,0.043,10.81581743415118,2.115811448145616,12.975205469776908,10.0
2016-08-02 15:34:58.470,0.941,0.203,0.051,11.65945571624058,2.0947669532980964,13.959834612685354,10.0
2016-08-02 15:34:58.480,0.945,0.211,0.047,12.141864977857045,2.1854922832262007,15.179701621069624,10.0
2016-08-02 15:34:58.490,0.945,0.215,0.047,12.036196638771614,2.139272821891273,16.611962627738308,10.0
2016-08-02 15:34:58.500,0.934,0.215,0.043,11.837050701181605,1.98939587986945,17.769672715097457,10.0
2016-08-02 15:34:58.510,0.938,0.207,0.039,11.784899033072996,1.8547489272948776,18.46800980154177,10.0
2016-08-02 15:34:58.520,0.941,0.211,0.035,11.530102906584544,1.8189920896031166,18.940465142171096,10.0
2016-08-02 15:34:58.530,0.941,0.215,0.031,10.87415612483084,1.6523476814322637,19.058405724796735,10.0
2016-08-02 15:34:58.540,0.93,0.211,0.031,10.118045866643829,1.0277077417954268,18.71814518716283,10.0
2016-08-02 15:34:58.550,0.922,0.207,0.039,9.395081018166447,0.28203823886562873,18.28205656024545,10.0
2016-08-02 15:34:58.560,0.922,0.207,0.043,8.402867657886105,-0.3058698945157826,17.946198567317346,10.0
2016-08-02 15:34:58.570,0.922,0.207,0.047,7.433229906197393,-1.0242698565107522,17.454327569331944,10.0
2016-08-02 15:34:58.580,0.914,0.207,0.047,7.267469671779999,-1.578223486303012,16.80792893653883,10.0
2016-08-02 15:34:58.590,0.918,0.211,0.047,7.46810302649393,-1.551529032982795,16.511532672157927,10.0
2016-08-02 15:34:58.600,0.91,0.215,0.043,6.9684200695901115,-1.5026207506076346,16.434843368498452,10.0
2016-08-02 15:34:58.610,0.898,0.211,0.035,5.802281046033288,-1.8115078059317637,16.05683771934453,10.0
2016-08-02 15:34:58.620,0.891,0.203,0.031,4.757211241810727,-2.099176568634877,15.629940541828859,10.0
2016-08-02 15:34:58.630,0.879,0.207,0.027,4.33046440199576,-2.287720451980592,15.329371035573683,10.0
2016-08-02 15:34:58.640,0.875,0.207,0.023,4.129435848152281,-2.504181524706492,14.870711964888912,10.0
2016-08-02 15:34:58.650,0.875,0.207,0.023,3.3656804964884777,-2.7022122797138075,14.444954581287938,10.0
2016-08-02 15:34:58.660,0.867,0.215,0.027,2.1829430105273073,-3.010447219172265,14.279820363455386,10.0
2016-08-02 15:34:58.670,0.875,0.223,0.039,1.2109496498793677,-3.2303970134875475,14.201064349528144,10.0
2016-08-02 15:34:58.680,0.883,0.23,0.047,0.5801815771950806,-3.018155025743658,14.221850392362763,10.0
2016-08-02 15:34:58.690,0.887,0.227,0.047,0.48320329346141844,-2.6543408944245668,14.183574646315314,10.0
2016-08-02 15:34:58.700,0.887,0.219,0.047,1.042908056334596,-2.492267384133356,13.74679358481195,10.0
2016-08-02 15:34:58.710,0.887,0.215,0.035,1.9952459842531898,-2.45643009247315,12.981390687018644,10.0
2016-08-02 15:34:58.720,0.883,0.199,0.031,3.410845785906493,-2.2898909890116546,11.883007434900884,10.0
2016-08-02 15:34:58.730,0.871,0.184,0.023,5.441415008007418,-2.2495017151044783,10.461807407574643,10.0
2016-08-02 15:34:58.740,0.867,0.184,0.023,7.238383942409037,-2.7399865495489477,9.11964967580112,10.0
2016-08-02 15:34:58.750,0.867,0.188,0.027,7.606966972019925,-3.44944515182436,8.10020117152224,10.0
2016-08-02 15:34:58.760,0.859,0.195,0.031,7.0568364697141,-4.179332322487382,7.3104745902749695,10.0
2016-08-02 15:34:58.770,0.867,0.207,0.043,6.9801366409914145,-4.717670748021483,6.726433862492897,10.0
2016-08-02 15:34:58.780,0.891,0.223,0.063,7.402823673591882,-4.493311082235183,6.490266637449422,10.0
2016-08-02 15:34:58.790,0.902,0.234,0.066,7.882150806776001,-3.9362239428213917,6.553488241901309,10.0
2016-08-02 15:34:58.800,0.898,0.223,0.055,8.434341681356129,-4.007625790868972,6.880020685946773,10.0
2016-08-02 15:34:58.810,0.883,0.211,0.031,8.925315306091662,-4.757834429449372,7.655802953205283,10.0
2016-08-02 15:34:58.820,0.883,0.211,0.02,9.068221802136424,-5.624665281830932,8.815609040560936,10.0
2016-08-02 15:34:58.830,0.902,0.23,0.023,8.602708324808843,-6.205581864858955,10.296283915139659,10.0
2016-08-02 15:34:58.840,0.926,0.242,0.027,7.812528794821472,-6.508308997186637,12.27693836416777,10.0
2016-08-02 15:34:58.850,0.941,0.254,0.039,7.540228481048181,-6.71434027449377,14.860054305126202,10.0
2016-08-02 15:34:58.860,0.965,0.254,0.043,8.433974125121615,-6.7666313238464895,17.74221036861273,10.0
2016-08-02 15:34:58.870,0.996,0.262,0.051,10.435176660648855,-6.449319719579588,19.94329002138478,10.0
2016-08-02 15:34:58.880,1.023,0.246,0.035,12.36247128160619,-5.799889211980398,20.972840007408507,10.0
2016-08-02 15:34:58.890,1.035,0.211,0.012,13.061242337277617,-5.267164179615641,21.208638004194572,10.0
2016-08-02 15:34:58.900,1.051,0.207,-0.004,11.846709044460754,-5.720298131216628,20.794315093164187,10.0
2016-08-02 15:34:58.910,1.094,0.227,-0.016,7.406002832316251,-7.10284600439522,20.276028231203384,10.0
2016-08-02 15:34:58.920,1.203,0.297,0.023,0.19704242683409112,-7.115453742479247,20.232288638421263,10.0
2016-08-02 15:34:58.930,1.32,0.344,0.066,-6.774326401638836,-4.19498658335134,19.85048132499121,10.0
2016-08-02 15:34:58.940,1.379,0.309,0.051,-10.694498192187353,-0.19393349544914373,17.880384311344656,10.0
2016-08-02 15:34:58.950,1.395,0.211,0.016,-8.809883395826457,3.491278258886756,13.453191272080812,10.0
2016-08-02 15:34:58.960,1.391,0.129,-0.004,-1.1784212549990436,7.45848334980721,6.179450358989609,10.0
2016-08-02 15:34:58.970,1.375,0.059,-0.031,7.50579183088262,10.621996787358562,-3.0495327270439163,10.0
2016-08-02 15:34:58.980,1.355,0.023,-0.047,14.264406911957757,12.00174671452832,-12.603370220739542,10.0
2016-08-02 15:34:58.990,1.34,0.02,-0.051,18.62067124579182,12.220514963814267,-21.65481724505386,10.0
2016-08-02 15:34:59.000,1.328,0.063,-0.031,18.878132998596435,11.358438836366416,-29.647846281967723,10.0
2016-08-02 15:34:59.010,1.336,0.102,-0.004,15.150530203751499,10.397509648244933,-35.55272113850556,10.0
2016-08-02 15:34:59.020,1.324,0.105,0.016,10.620782770591799,10.155969192319684,-39.262224065956374,10.0
2016-08-02 15:34:59.030,1.301,0.102,0.023,8.06360084169549,9.993504866545429,-41.58205649085569,10.0
2016-08-02 15:34:59.040,1.262,0.109,0.023,7.305185842526663,10.365090440884389,-42.47961605775402,10.0
2016-08-02 15:34:59.050,1.188,0.105,0.004,5.781055803515022,10.98589245112128,-42.33585977546597,10.0
2016-08-02 15:34:59.060,1.086,0.078,-0.02,3.3631195279396633,10.020716681998984,-42.397292619444414,10.0
2016-08-02 15:34:59.070,0.984,0.035,-0.023,1.7828326696606767,8.189901323773128,-42.20884856435382,10.0
2016-08-02 15:34:59.080,0.887,0.031,0.0,-0.8315356577302218,6.588004305360742,-41.92336413776303,10.0
2016-08-02 15:34:59.090,0.816,0.102,0.023,-6.719335185205954,4.076284145287502,-42.794984560354024,10.0
2016-08-02 15:34:59.100,0.77,0.141,0.063,-13.746983052865879,1.7790427147277108,-43.490712354585455,10.0
2016-08-02 15:34:59.110,0.734,0.109,0.094,-17.330437180321063,1.4373296242056883,-43.876374746099266,10.0
2016-08-02 15:34:59.120,0.711,0.051,0.102,-15.40439753683184,2.275957798154435,-45.3951970329599,10.0
2016-08-02 15:34:59.130,0.695,0.016,0.086,-11.80375547472305,4.295987978128419,-46.53565851573045,10.0
2016-08-02 15:34:59.140,0.672,0.027,0.039,-10.91980043945358,6.58058068404608,-46.78670400703914,10.0
2016-08-02 15:34:59.150,0.656,0.074,-0.012,-12.820530674173071,7.415428239402054,-47.080677296756825,10.0
2016-08-02 15:34:59.160,0.656,0.098,-0.035,-16.316970812905886,8.400997875234623,-46.45429663351192,10.0
2016-08-02 15:34:59.170,0.664,0.078,-0.055,-19.089194666938923,10.343956370715008,-45.274330717966166,10.0
2016-08-02 15:34:59.180,0.684,0.043,-0.051,-18.04570220285026,11.895238034459517,-44.789485520377454,10.0
2016-08-02 15:34:59.190,0.715,0.023,-0.02,-13.654012567017656,13.21400448163424,-44.748363417066656,10.0
2016-08-02 15:34:59.200,0.75,0.047,0.0,-8.942648148708777,14.249898011056018,-44.80679218417901,10.0
2016-08-02 15:34:59.210,0.797,0.074,0.004,-6.100204848972818,14.865841758516398,-43.881949829328974,10.0
2016-08-02 15:34:59.220,0.828,0.082,0.016,-5.467277962715864,15.585563075155472,-41.58485566377252,10.0
2016-08-02 15:34:59.230,0.855,0.082,0.027,-6.248919485894268,15.521575585665534,-39.5219642225405,10.0
2016-08-02 15:34:59.240,0.875,0.07,0.043,-8.337936881803946,14.259438515321424,-37.79756767769073,10.0
2016-08-02 15:34:59.250,0.875,0.051,0.043,-10.73587301155289,12.63281263636827,-36.234641204492,10.0
2016-08-02 15:34:59.260,0.887,0.043,0.035,-11.169610499356256,11.074863917895572,-35.89379461438353,10.0
2016-08-02 15:34:59.270,0.898,0.043,0.008,-10.123560792161989,9.9425790505474,-35.952401126274935,10.0
2016-08-02 15:34:59.280,0.906,0.031,-0.031,-9.354332788791613,8.658279628925142,-35.586694843265626,10.0
2016-08-02 15:34:59.290,0.906,0.027,-0.059,-8.125074198974197,6.526310126583594,-35.765281780799214,10.0
2016-08-02 15:34:59.300,0.914,0.031,-0.066,-5.912703711325102,4.632173312753853,-36.57087726635313,10.0
2016-08-02 15:34:59.310,0.93,0.047,-0.082,-3.876556418243972,3.7560038999647665,-37.15016490817668,10.0
2016-08-02 15:34:59.320,0.949,0.07,-0.082,-2.229421401487295,3.501271170664218,-36.98646001275301,10.0
2016-08-02 15:34:59.330,0.973,0.051,-0.082,-0.3755342514709117,3.795977113384841,-36.420141978262315,10.0
2016-08-02 15:34:59.340,0.973,0.031,-0.082,1.3409637096367615,4.176429100972356,-36.10048519663086,10.0
2016-08-02 15:34:59.350,0.969,0.063,-0.09,1.8665567383955335,3.527670991460035,-35.023460575693896,10.0
2016-08-02 15:34:59.360,0.969,0.082,-0.082,0.7529639178944392,2.240024387612582,-32.231930067359286,10.0
2016-08-02 15:34:59.370,0.969,0.078,-0.055,-0.8056223356932128,1.1679730768357892,-29.547322356453776,10.0
2016-08-02 15:34:59.380,0.977,0.082,-0.031,-1.8111392964817505,-0.5157849622186351,-27.73384585741309,10.0
2016-08-02 15:34:59.390,0.984,0.105,-0.023,-3.913774889454073,-2.924691827988225,-24.547730157560302,10.0
2016-08-02 15:34:59.400,0.984,0.121,-0.023,-8.05414034193547,-5.453845717444991,-20.03058091466555,10.0
2016-08-02 15:34:59.410,0.984,0.121,-0.023,-11.796094459460003,-8.471977380793973,-16.537511015319637,10.0
2016-08-02 15:34:59.420,1.008,0.125,-0.023,-13.36082041360123,-10.994640223483241,-13.900744566917904,10.0
2016-08-02 15:34:59.430,1.031,0.117,-0.047,-13.848686136417244,-11.709049543001145,-10.976008949161299,10.0
2016-08-02 15:34:59.440,1.043,0.109,-0.07,-14.186335280235417,-12.001392777827856,-8.714340361093582,10.0
2016-08-02 15:34:59.450,1.055,0.109,-0.07,-13.35228041531115,-12.809965223607042,-7.2358489802982096,10.0
2016-08-02 15:34:59.460,1.082,0.129,-0.055,-11.488813184225785,-12.679792353259352,-4.747669052412549,10.0
2016-08-02 15:34:59.470,1.121,0.156,-0.035,-10.369910087834903,-11.57269248204256,-1.6390877991178583,10.0
2016-08-02 15:34:59.480,1.148,0.168,-0.023,-9.318314021958031,-10.945333527133684,0.5953051627292408,10.0
2016-08-02 15:34:59.490,1.148,0.16,-0.02,-7.076348918631015,-11.007638707553676,2.5446522402605245,10.0
2016-08-02 15:34:59.500,1.137,0.152,-0.016,-5.05809711369425,-11.600677993763314,4.452179215909548,10.0
2016-08-02 15:34:59.510,1.145,0.156,-0.016,-4.739605535590537,-12.709564104909353,5.7867644368986575,10.0
2016-08-02 15:34:59.520,1.148,0.172,-0.012,-6.089115435984278,-14.16281910431049,7.186487662364279,10.0
2016-08-02 15:34:59.530,1.152,0.18,0.0,-8.163751245100782,-15.889465516706284,9.172698364508113,10.0
2016-08-02 15:34:59.540,1.164,0.188,0.012,-10.21631363773431,-17.482582045043465,11.561783289852457,10.0
2016-08-02 15:34:59.550,1.176,0.195,0.012,-12.30695579714622,-18.831391921870537,14.128677425736331,10.0
2016-08-02 15:34:59.560,1.191,0.195,0.02,-13.753125276893849,-19.819076328851814,16.28576438419187,10.0
2016-08-02 15:34:59.570,1.207,0.195,0.016,-14.201910899060108,-19.863465036581715,17.678399940728067,10.0
2016-08-02 15:34:59.580,1.223,0.199,0.012,-15.374951263934415,-19.456894123689683,18.609838409230044,10.0
2016-08-02 15:34:59.590,1.215,0.199,-0.004,-17.46285915680802,-19.13814879641418,19.30760143057303,10.0
2016-08-02 15:34:59.600,1.195,0.188,-0.012,-17.604764902074574,-18.497252523120203,19.815655937722276,10.0
2016-08-02 15:34:59.610,1.184,0.18,0.0,-14.872577536608068,-17.531959314834868,20.17595882761498,10.0
2016-08-02 15:34:59.620,1.184,0.172,0.004,-12.014759688780819,-16.318974817169398,20.267696046967714,10.0
2016-08-02 15:34:59.630,1.18,0.18,0.008,-11.271059571270197,-15.251253523559383,19.83543108183409,10.0
2016-08-02 15:34:59.640,1.16,0.188,0.0,-12.186036700032197,-15.091831270504905,18.923252014250103,10.0
2016-08-02 15:34:59.650,1.156,0.191,0.0,-13.290352696602113,-15.264076826324484,17.91032651006406,10.0
2016-08-02 15:34:59.660,1.168,0.18,0.004,-13.690190123524719,-14.898843121611193,17.051165869915522,10.0
2016-08-02 15:34:59.670,1.156,0.176,0.008,-13.284242741791111,-14.570774185671628,16.38506578513677,10.0
2016-08-02 15:34:59.680,1.156,0.184,0.012,-12.454043358240012,-14.556037251231865,16.12869388636083,10.0
2016-08-02 15:34:59.690,1.152,0.184,0.012,-11.392257587105703,-13.93434278432387,16.69765583694185,10.0
2016-08-02 15:34:59.700,1.141,0.18,0.008,-9.79663225537255,-12.981340574427637,17.51110044882192,10.0
2016-08-02 15:34:59.710,1.121,0.184,0.004,-7.8534411879917,-12.579909563028943,17.8176913520238,10.0
2016-08-02 15:34:59.720,1.102,0.188,-0.004,-6.525102558544167,-12.122718899844001,18.31184396767771,10.0
2016-08-02 15:34:59.730,1.086,0.191,-0.012,-6.00982306293256,-11.42433546923295,18.758154365633764,10.0
2016-08-02 15:34:59.740,1.078,0.199,-0.012,-5.457910057850248,-11.068389522171426,18.023300527075737,10.0
2016-08-02 15:34:59.750,1.074,0.203,-0.016,-4.579568281013026,-10.51776059152838,17.10133197873776,10.0
2016-08-02 15:34:59.760,1.078,0.215,-0.008,-4.0047903662094715,-9.08301259538066,17.299594616287127,10.0
2016-08-02 15:34:59.770,1.086,0.234,0.0,-4.182790277068483,-7.372485802296563,18.15007881397942,10.0
2016-08-02 15:34:59.780,1.094,0.254,-0.004,-4.902260925561443,-6.147975339306026,19.316697129334177,10.0
2016-08-02 15:34:59.790,1.102,0.27,-0.008,-5.353158197056005,-5.190455540551945,21.063924752428886,10.0
2016-08-02 15:34:59.800,1.109,0.273,-0.016,-4.374081585223842,-4.45366378637361,22.775792053662137,10.0
2016-08-02 15:34:59.810,1.113,0.266,-0.02,-1.965403684406115,-4.193661018997403,23.868680699912495,10.0
2016-08-02 15:34:59.820,1.125,0.273,-0.02,0.16838242320565724,-4.18263243716058,24.73202714705835,10.0
2016-08-02 15:34:59.830,1.137,0.277,-0.016,1.0880155518935628,-4.423562698364215,25.356710332400677,10.0
2016-08-02 15:34:59.840,1.156,0.277,-0.008,1.7489360682260984,-4.947377436147791,25.623545182215757,10.0
2016-08-02 15:34:59.850,1.164,0.281,-0.004,2.741785759568204,-5.506778767531938,26.041027561950376,10.0
2016-08-02 15:34:59.860,1.176,0.289,0.004,3.194313288322082,-5.811001024840521,26.8451288567657,10.0
2016-08-02 15:34:59.870,1.203,0.297,0.008,2.7768945270290724,-5.490647945655977,27.881939338836965,10.0
2016-08-02 15:34:59.880,1.227,0.301,-0.004,2.4751474334939734,-4.874523701002776,28.922154443850182,10.0
2016-08-02 15:34:59.890,1.242,0.309,-0.02,2.799990001047319,-4.295701257808396,30.03295398779063,10.0
2016-08-02 15:34:59.900,1.262,0.309,-0.031,3.4140244033417346,-3.5170853366021317,31.239388262965697,10.0
2016-08-02 15:34:59.910,1.281,0.313,-0.043,4.280962342396816,-2.842497768806965,32.16940855334578,10.0
2016-08-02 15:34:59.920,1.301,0.305,-0.035,5.616018172949294,-2.465589922611802,33.024057572141466,10.0
2016-08-02 15:34:59.930,1.32,0.297,-0.027,7.033486924942197,-2.1539809750309766,33.84409565785785,10.0
2016-08-02 15:34:59.940,1.332,0.297,-0.02,7.899242193573738,-2.1318094010346247,34.2016047507108,10.0
2016-08-02 15:34:59.950,1.34,0.301,-0.004,8.28846851968084,-2.344230023210033,34.41221718451689,10.0
2016-08-02 15:34:59.960,1.348,0.293,0.008,8.474088069589733,-2.269020655004818,34.39019960944653,10.0
2016-08-02 15:34:59.970,1.348,0.289,0.004,8.133681184888319,-1.8312584686853266,33.75235391231685,10.0
2016-08-02 15:34:59.980,1.352,0.289,-0.004,7.017083748100614,-1.3367573326324758,33.17357877817827,10.0
2016-08-02 15:34:59.990,1.359,0.305,-0.012,5.756882968265242,-0.8933238017212638,32.95761057165738,10.0
2016-08-02 15:35:00.000,1.359,0.313,-0.02,5.3102431759188935,-0.13531226703649807,32.79920209020675,10.0
2016-08-02 15:35:00.010,1.379,0.309,-0.023,5.647702255867501,0.8783541908809513,33.13131438679212,10.0
2016-08-02 15:35:00.020,1.395,0.309,-0.023,5.912346489819069,1.5635416768214174,34.20448244363152,10.0
2016-08-02 15:35:00.030,1.398,0.309,-0.02,6.370443361618506,2.00419569366456,35.36579341875246,10.0
2016-08-02 15:35:00.040,1.398,0.293,-0.016,8.125762642239863,2.3268117882183077,36.394890935589196,10.0
2016-08-02 15:35:00.050,1.391,0.285,-0.02,10.195023783003506,2.1600979131844724,37.61032081336921,10.0
2016-08-02 15:35:00.060,1.391,0.285,-0.02,10.482223105839308,1.4589400371431414,38.88839301419815,10.0
2016-08-02 15:35:00.070,1.395,0.289,-0.02,9.380932216736625,0.7169488904413053,40.08945088243256,10.0
2016-08-02 15:35:00.080,1.391,0.285,-0.023,8.71701125039679,0.07592899577470444,41.20092915997448,10.0
2016-08-02 15:35:00.090,1.379,0.277,-0.031,8.984953223018444,-0.9469329906466346,41.83438573760208,10.0
2016-08-02 15:35:00.100,1.375,0.273,-0.023,9.418372336351961,-1.9427448543431183,41.98691748821457,10.0
2016-08-02 15:35:00.110,1.359,0.27,-0.023,9.20489925183275,-2.388463731767249,41.88954529069812,10.0
2016-08-02 15:35:00.120,1.332,0.258,-0.031,9.00891814155214,-2.95012543000412,40.952050239327086,10.0
2016-08-02 15:35:00.130,1.301,0.23,-0.031,10.081455139100978,-3.477507911824741,39.013937736465884,10.0
2016-08-02 15:35:00.140,1.262,0.207,-0.023,10.95323811785374,-3.6918653351507773,36.64906534470599,10.0
2016-08-02 15:35:00.150,1.215,0.195,-0.031,9.302222433868126,-4.511325824337688,33.698236073019686,10.0
2016-08-02 15:35:00.160,1.156,0.191,-0.027,6.327985121462735,-5.409568636560858,30.205586869863385,10.0
2016-08-02 15:35:00.170,1.102,0.18,-0.023,4.397534484883156,-5.532836825572932,26.694715475874155,10.0
2016-08-02 15:35:00.180,1.055,0.164,-0.023,3.8372401000645726,-5.948639613687517,22.90879851137196,10.0
2016-08-02 15:35:00.190,1.004,0.152,-0.012,5.047990733379971,-6.7084854946887775,18.775711847959652,10.0
2016-08-02 15:35:00.200,0.965,0.133,-0.008,8.200163240606976,-6.739373966248179,14.86595840840129,10.0
2016-08-02 15:35:00.210,0.93,0.121,-0.008,10.37770667597907,-6.31766318661492,11.31743765565065,10.0
2016-08-02 15:35:00.220,0.898,0.125,-0.016,8.966011408009802,-6.137323250184784,8.013612788122588,10.0
2016-08-02 15:35:00.230,0.871,0.129,-0.008,5.609361402137754,-6.213212499747303,5.043736558172942,10.0
2016-08-02 15:35:00.240,0.859,0.121,-0.012,2.8469961418039658,-6.139377082378393,2.2892229364766306,10.0
2016-08-02 15:35:00.250,0.852,0.113,-0.012,0.8901762692333562,-5.60561743133168,-0.652716145005864,10.0
2016-08-02 15:35:00.260,0.848,0.102,-0.016,-0.9159526519374165,-4.867629160610598,-3.805882547900856,10.0
2016-08-02 15:35:00.270,0.836,0.094,-0.027,-2.663503804824442,-4.182315700492538,-6.871031448755819,10.0
2016-08-02 15:35:00.280,0.832,0.086,-0.039,-4.138976703911787,-3.3878892380055605,-9.965917539807048,10.0
2016-08-02 15:35:00.290,0.82,0.074,-0.047,-5.393514361436987,-2.7475454561426296,-13.211498913285524,10.0
2016-08-02 15:35:00.300,0.816,0.063,-0.043,-6.911255556207669,-2.5491886802252095,-16.27627608128357,10.0
2016-08-02 15:35:00.310,0.813,0.055,-0.039,-8.870806479647024,-2.181422901162363,-19.189722418427493,10.0
2016-08-02 15:35:00.320,0.82,0.051,-0.027,-10.500083712202741,-1.3655187622841196,-22.126373913091395,10.0
2016-08-02 15:35:00.330,0.828,0.047,-0.012,-11.217336695035963,-0.4199455174806238,-24.774616590332727,10.0
2016-08-02 15:35:00.340,0.836,0.051,-0.012,-12.007553318337857,0.5760745628547437,-26.823804238533505,10.0
2016-08-02 15:35:00.350,0.848,0.059,-0.023,-14.275477387758519,1.1983365161137436,-28.19836815191558,10.0
2016-08-02 15:35:00.360,0.848,0.07,-0.039,-17.40394380782195,1.304884098504979,-29.382794574248614,10.0
2016-08-02 15:35:00.370,0.852,0.07,-0.055,-19.549087958559376,1.6047394332933103,-30.99631846476338,10.0
2016-08-02 15:35:00.380,0.855,0.07,-0.066,-20.259472210020178,2.049454849833309,-32.853544439342244,10.0
2016-08-02 15:35:00.390,0.859,0.051,-0.078,-19.644561276820507,2.3656288425132512,-34.66384142261613,10.0
2016-08-02 15:35:00.400,0.855,0.02,-0.074,-17.451572215165687,2.8966840953209236,-36.51427470863611,10.0
2016-08-02 15:35:00.410,0.848,0.031,-0.078,-15.37284862333896,3.1525491282280607,-37.8241675954429,10.0
2016-08-02 15:35:00.420,0.84,0.055,-0.07,-16.131150513166713,2.928489495338437,-37.61612389427331,10.0
2016-08-02 15:35:00.430,0.832,0.055,-0.055,-18.5161984704176,2.823920203552186,-36.78413348696477,10.0
2016-08-02 15:35:00.440,0.824,0.051,-0.035,-19.43208387779724,2.6052455944582813,-36.65601529772162,10.0
2016-08-02 15:35:00.450,0.816,0.047,-0.035,-20.155234076558298,2.6331643966963885,-36.23848767174896,10.0
2016-08-02 15:35:00.460,0.805,0.055,-0.035,-22.841029484845237,3.272189272355502,-35.35842646416769,10.0
2016-08-02 15:35:00.470,0.781,0.066,-0.047,-25.85017252042941,3.473209240345171,-35.1964373593558,10.0
2016-08-02 15:35:00.480,0.762,0.055,-0.059,-27.53253257057969,3.5894496317916955,-34.91955844024669,10.0
2016-08-02 15:35:00.490,0.738,0.039,-0.059,-27.647022970441604,4.250840075977629,-34.35494371454676,10.0
2016-08-02 15:35:00.500,0.719,0.043,-0.059,-26.63424898727221,4.615648224427476,-34.46277866713672,10.0
2016-08-02 15:35:00.510,0.715,0.043,-0.059,-26.73185577225672,5.144638386538474,-33.91619686121055,10.0
2016-08-02 15:35:00.520,0.711,0.039,-0.059,-28.056649414727868,6.007186099186023,-32.460536802514106,10.0
2016-08-02 15:35:00.530,0.715,0.051,-0.063,-27.88006403826251,6.221799388459125,-31.450572190832986,10.0
2016-08-02 15:35:00.540,0.727,0.059,-0.066,-27.052064941825282,6.803407134702287,-29.63638292157387,10.0
2016-08-02 15:35:00.550,0.742,0.066,-0.066,-28.029295942221736,8.28479921371194,-26.636642215709543,10.0
2016-08-02 15:35:00.560,0.758,0.063,-0.066,-29.636690108793587,9.316546300182651,-24.59609375776267,10.0
2016-08-02 15:35:00.570,0.762,0.055,-0.063,-30.19711743363584,9.979954561075186,-23.62316010588824,10.0
2016-08-02 15:35:00.580,0.773,0.051,-0.078,-29.579529545226084,10.608726926433496,-22.78946649960443,10.0
2016-08-02 15:35:00.590,0.793,0.039,-0.082,-27.88876789396481,10.767925201784578,-22.421571146687683,10.0
2016-08-02 15:35:00.600,0.82,0.035,-0.082,-25.440954417926633,11.013676013634617,-22.806852261391377,10.0
2016-08-02 15:35:00.610,0.848,0.039,-0.074,-22.654491692659825,11.481575669983247,-23.401226546669772,10.0
2016-08-02 15:35:00.620,0.875,0.039,-0.066,-20.10926079684313,11.48496937435731,-23.243490421725138,10.0
2016-08-02 15:35:00.630,0.902,0.039,-0.055,-18.149725822946294,11.020566211758466,-22.692077627742215,10.0
2016-08-02 15:35:00.640,0.922,0.051,-0.051,-17.10075200089399,10.35708489163978,-22.29887895436194,10.0
2016-08-02 15:35:00.650,0.938,0.063,-0.051,-17.80122772674966,9.684781851695233,-20.94447259173984,10.0
2016-08-02 15:35:00.660,0.945,0.066,-0.063,-19.552248571393953,8.684970950031756,-19.094925469881197,10.0
2016-08-02 15:35:00.670,0.953,0.082,-0.066,-20.499863763123273,7.031638260149343,-18.109790601352408,10.0
2016-08-02 15:35:00.680,0.965,0.086,-0.059,-20.60352462345123,5.732358259823455,-16.818728876006208,10.0
2016-08-02 15:35:00.690,0.973,0.082,-0.066,-20.397987546544858,5.22304130032424,-14.983189085159424,10.0
2016-08-02 15:35:00.700,0.969,0.07,-0.078,-19.323685158224713,4.539748840424019,-14.045565251393507,10.0
2016-08-02 15:35:00.710,0.965,0.074,-0.074,-17.01530111508071,3.6726678157770216,-13.567368145524503,10.0
2016-08-02 15:35:00.720,0.957,0.078,-0.07,-13.815165615600016,3.3435523216282874,-12.484325869378415,10.0
2016-08-02 15:35:00.730,0.953,0.09,-0.07,-10.18457365191421,3.621643452969437,-11.119466602639454,10.0
2016-08-02 15:35:00.740,0.941,0.086,-0.066,-6.3082878986745445,3.9927859477582794,-10.560085299570877,10.0
2016-08-02 15:35:00.750,0.918,0.082,-0.07,-2.7666732961371197,3.8186177414938527,-10.866144374519083,10.0
2016-08-02 15:35:00.760,0.883,0.082,-0.066,-0.8022556480488836,3.139248664428036,-10.817327327250538,10.0
2016-08-02 15:35:00.770,0.859,0.086,-0.059,-0.35562625405439924,2.428669296442028,-10.525533209054139,10.0
2016-08-02 15:35:00.780,0.84,0.09,-0.039,0.15839237917021926,1.7272495262560872,-10.688256788072083,10.0
2016-08-02 15:35:00.790,0.824,0.094,-0.02,1.5607753345322628,0.9845220993713899,-10.250532165663435,10.0
2016-08-02 15:35:00.800,0.82,0.102,-0.012,3.598250945620022,0.38221304574383214,-8.53885253412638,10.0
2016-08-02 15:35:00.810,0.816,0.113,-0.012,5.706222504362348,0.030272282317853855,-6.097335105241228,10.0
2016-08-02 15:35:00.820,0.816,0.133,-0.016,6.810900897514306,0.01626991628473609,-2.800168780544416,10.0
2016-08-02 15:35:00.830,0.82,0.152,-0.02,6.3699291125825415,0.49935584540241496,1.1735634246279965,10.0
2016-08-02 15:35:00.840,0.836,0.164,-0.023,5.653622621525262,1.4037963333264476,4.694399140194049,10.0
2016-08-02 15:35:00.850,0.859,0.172,-0.039,6.40994930002609,2.6451423888378187,7.643765507646961,10.0
2016-08-02 15:35:00.860,0.891,0.168,-0.055,9.425639914985904,4.352044348209459,10.36418701471651,10.0
2016-08-02 15:35:00.870,0.922,0.164,-0.074,14.141111256871518,6.1857947460192495,12.27333245985592,10.0
2016-08-02 15:35:00.880,0.961,0.176,-0.09,18.52988810533399,7.669944990724439,13.336678231793536,10.0
2016-08-02 15:35:00.890,0.992,0.18,-0.09,21.183051744757257,8.58409374058385,14.312053757102024,10.0
2016-08-02 15:35:00.900,1.023,0.188,-0.078,22.604231099983238,8.590740548338008,15.233931363747885,10.0
2016-08-02 15:35:00.910,1.051,0.188,-0.063,23.697770489522803,7.530522165162605,15.630060643476401,10.0
2016-08-02 15:35:00.920,1.07,0.188,-0.039,24.767649664757393,5.353175165055288,15.446997640762248,10.0
2016-08-02 15:35:00.930,1.086,0.188,-0.012,25.273423702143134,2.588438923313061,15.313446600001296,10.0
2016-08-02 15:35:00.940,1.094,0.184,0.008,25.13236401124367,0.11795092429912163,15.645850928484514,10.0
2016-08-02 15:35:00.950,1.113,0.18,0.027,25.485545634491793,-2.148925324766984,15.97466156844412,10.0
2016-08-02 15:35:00.960,1.125,0.18,0.023,26.11230857407903,-4.3546173985239705,16.541760762148655,10.0
2016-08-02 15:35:00.970,1.133,0.184,0.004,25.530993692151284,-6.257455161807732,17.871354447080186,10.0
2016-08-02 15:35:00.980,1.137,0.195,-0.016,24.15606709038693,-7.675110712840385,19.12826075444557,10.0
2016-08-02 15:35:00.990,1.133,0.199,-0.039,23.63324525985561,-8.000027687704847,19.915809976155423,10.0
2016-08-02 15:35:01.000,1.113,0.207,-0.055,24.357565278664694,-7.180313540024325,20.54049003767778,10.0
2016-08-02 15:35:01.010,1.105,0.199,-0.059,25.740398810131943,-6.17920206317341,20.719216011054158,10.0
2016-08-02 15:35:01.020,1.09,0.195,-0.059,27.491110104037865,-5.404932295151806,20.35793315148638,10.0
2016-08-02 15:35:01.030,1.078,0.191,-0.047,29.626104808300482,-4.370294933079163,19.595064700837074,10.0
2016-08-02 15:35:01.040,1.063,0.18,-0.035,31.635938220804793,-3.0251070565280553,18.53103172769724,10.0
2016-08-02 15:35:01.050,1.035,0.18,-0.023,32.82117162560926,-2.2187659446377666,17.318936597659487,10.0
2016-08-02 15:35:01.060,1.0,0.172,-0.012,33.162407094757086,-2.3991827677531914,15.866560971261556,10.0
2016-08-02 15:35:01.070,0.969,0.168,0.0,32.600724856495226,-3.101630602717131,14.265951985801454,10.0
2016-08-02 15:35:01.080,0.949,0.172,0.004,30.975439499130765,-3.9760681420691864,12.895865701796243,10.0
2016-08-02 15:35:01.090,0.941,0.168,0.008,29.096989005639486,-4.824297121497708,11.749488169337603,10.0
2016-08-02 15:35:01.100,0.938,0.164,0.008,28.29784901956973,-5.250279466485965,10.602580752883505,10.0
2016-08-02 15:35:01.110,0.941,0.168,0.004,28.811951248047357,-5.106627007954938,9.82721380939101,10.0
2016-08-02 15:35:01.120,0.949,0.176,-0.008,29.250894116825933,-4.563463771347413,9.788776527434038,10.0
2016-08-02 15:35:01.130,0.953,0.188,-0.027,28.721789801180748,-3.8494411627809493,10.102711898402884,10.0
2016-08-02 15:35:01.140,0.953,0.188,-0.035,28.098616956271425,-3.0615814666006083,10.64282731615227,10.0
2016-08-02 15:35:01.150,0.949,0.188,-0.043,27.886631073220013,-2.1721590421981576,11.371388409076168,10.0
2016-08-02 15:35:01.160,0.945,0.188,-0.043,27.842093589705648,-1.2461871278961376,11.809760688649991,10.0
2016-08-02 15:35:01.170,0.941,0.188,-0.039,28.40696118195809,-0.25337508279715903,12.041280995101543,10.0
2016-08-02 15:35:01.180,0.93,0.188,-0.027,29.57596533938704,0.9028424544913655,12.304565638953356,10.0
2016-08-02 15:35:01.190,0.914,0.184,-0.016,30.570604601244188,1.8598414962583432,12.319693875020267,10.0
2016-08-02 15:35:01.200,0.891,0.172,-0.008,31.516909928609305,2.1128331345285316,11.932204472003361,10.0
2016-08-02 15:35:01.210,0.871,0.176,-0.008,32.94356704734002,1.842617097031563,11.350838929886097,10.0
2016-08-02 15:35:01.220,0.867,0.18,0.004,34.136212537876226,1.6615289108447047,11.150581624522108,10.0
2016-08-02 15:35:01.230,0.875,0.195,-0.004,33.439316278962664,1.7757422610631552,11.552716839020489,10.0
2016-08-02 15:35:01.240,0.879,0.215,-0.008,30.75310310711736,2.0902856357880575,12.008902746195677,10.0
2016-08-02 15:35:01.250,0.887,0.227,-0.016,28.601402170986013,2.668397416641225,12.551403271980032,10.0
2016-08-02 15:35:01.260,0.891,0.215,-0.031,28.99698491238469,3.721583532536424,13.509921410854215,10.0
2016-08-02 15:35:01.270,0.895,0.207,-0.035,31.483029021297725,5.606957624347704,14.490243609990022,10.0
2016-08-02 15:35:01.280,0.902,0.199,-0.047,34.75949977130027,8.243767853269256,15.263154989464299,10.0
2016-08-02 15:35:01.290,0.906,0.199,-0.051,37.94682191086599,10.758957885407927,15.638386349612862,10.0
2016-08-02 15:35:01.300,0.902,0.191,-0.055,41.093139289013315,12.655630550453623,15.297128528391433,10.0
2016-08-02 15:35:01.310,0.895,0.188,-0.051,44.21159518744873,13.940182305424914,14.451423605650762,10.0
2016-08-02 15:35:01.320,0.887,0.191,-0.043,46.2323740522305,14.404739237863915,13.368640170718614,10.0
2016-08-02 15:35:01.330,0.879,0.203,-0.031,46.71078082026489,14.20413285347493,12.519133133707882,10.0
2016-08-02 15:35:01.340,0.871,0.207,-0.027,46.62396679156358,13.613674929937893,12.240857748105915,10.0
2016-08-02 15:35:01.350,0.879,0.207,-0.008,47.186073929074595,12.84335380844566,12.232401109557635,10.0
2016-08-02 15:35:01.360,0.891,0.215,0.004,48.18002983466605,12.464222885686599,12.876133561152137,10.0
2016-08-02 15:35:01.370,0.906,0.246,0.0,47.38696176470384,12.3263596713804,14.613825744801854,10.0
2016-08-02 15:35:01.380,0.922,0.273,-0.008,44.2243280459233,11.998970775912081,17.09023462712838,10.0
2016-08-02 15:35:01.390,0.93,0.289,-0.02,41.42460809835879,11.905907038838285,20.20468981503702,10.0
2016-08-02 15:35:01.400,0.941,0.277,-0.031,41.03623862897318,12.262767837194943,23.552050912016554,10.0
2016-08-02 15:35:01.410,0.957,0.262,-0.043,42.859588441286675,13.049183776558863,26.303966630026718,10.0
2016-08-02 15:35:01.420,0.973,0.262,-0.051,45.43395736487731,14.303499050330588,28.605685936302798,10.0
2016-08-02 15:35:01.430,0.988,0.273,-0.07,46.173887713433245,15.434500845516364,31.28796939235147,10.0
2016-08-02 15:35:01.440,0.984,0.277,-0.078,44.37081643666801,15.667786062555312,34.2680105693675,10.0
2016-08-02 15:35:01.450,0.977,0.281,-0.074,42.973007571884644,15.174764638902403,36.49120893485356,10.0
2016-08-02 15:35:01.460,0.973,0.277,-0.063,44.24078948414445,15.2601353751752,37.60804687453332,10.0
2016-08-02 15:35:01.470,0.961,0.273,-0.055,47.15291860972195,15.673460063416847,37.99339856237421,10.0
2016-08-02 15:35:01.480,0.949,0.27,-0.023,49.963425361946314,14.71627363616783,37.517276186400956,10.0
2016-08-02 15:35:01.490,0.969,0.266,0.008,51.732773619923215,13.772080608093079,36.592340186786146,10.0
2016-08-02 15:35:01.500,0.988,0.273,0.027,51.67842562236258,14.386411006260232,36.32963415711091,10.0
2016-08-02 15:35:01.510,1.004,0.273,0.031,49.40272549276543,14.100098700663121,36.47595108390629,10.0
2016-08-02 15:35:01.520,1.035,0.281,0.016,46.41050382534488,11.035260799038253,36.57812077450342,10.0
2016-08-02 15:35:01.530,1.188,0.316,0.027,45.26362034724952,7.885494579434614,37.84079398618063,10.0
2016-08-02 15:35:01.540,1.375,0.313,0.055,45.028804483906455,10.159784414314636,41.08949132165769,10.0
2016-08-02 15:35:01.550,1.43,0.273,-0.031,43.3227453294027,15.760307009772802,43.645908945261674,10.0
2016-08-02 15:35:01.560,1.332,0.23,-0.164,41.90757825574004,13.555978643729649,41.541331804998826,10.0
2016-08-02 15:35:01.570,1.219,0.18,-0.172,40.87604702040072,4.540449581661086,36.46943672935232,10.0
2016-08-02 15:35:01.580,1.191,0.152,-0.07,36.75734438984634,0.25087623332579195,31.697680858497485,10.0
2016-08-02 15:35:01.590,1.176,0.16,0.043,30.58079674411917,-0.807947400291932,24.985835924843652,10.0
2016-08-02 15:35:01.600,1.16,0.184,0.133,24.675586048960234,-4.485652375248187,17.065441669073,10.0
2016-08-02 15:35:01.610,1.137,0.215,0.18,17.577427544169133,-7.924944561251369,12.136007028816431,10.0
2016-08-02 15:35:01.620,1.105,0.238,0.168,8.66632114028669,-10.507958813569712,8.31329933925467,10.0
2016-08-02 15:35:01.630,1.063,0.238,0.145,-0.5910187620811684,-13.347554511321679,3.435951709448568,10.0
2016-08-02 15:35:01.640,1.012,0.199,0.113,-8.418388123933324,-14.086038481678974,-0.8390800188149945,10.0
2016-08-02 15:35:01.650,0.957,0.156,0.074,-13.752265294245593,-13.354888166216003,-4.7390444516563655,10.0
2016-08-02 15:35:01.660,0.902,0.129,0.047,-16.9052692065582,-12.577084257634164,-8.443531625265468,10.0
2016-08-02 15:35:01.670,0.867,0.129,0.043,-16.95844175563499,-10.727900331820756,-10.959554053275902,10.0
2016-08-02 15:35:01.680,0.852,0.145,0.035,-13.606270423453136,-8.315646659357473,-12.72585160021431,10.0
2016-08-02 15:35:01.690,0.848,0.148,0.023,-10.598846823526486,-5.952309393120681,-13.745109026106915,10.0
2016-08-02 15:35:01.700,0.828,0.137,0.004,-9.918228510051273,-4.399940310391104,-14.677215253377346,10.0
2016-08-02 15:35:01.710,0.801,0.117,-0.023,-10.441999645418374,-4.740510089141564,-16.530878656691627,10.0
2016-08-02 15:35:01.720,0.789,0.125,-0.035,-13.88089699310748,-5.261991759291801,-17.98860326277656,10.0
2016-08-02 15:35:01.730,0.789,0.141,-0.016,-20.776879606689832,-5.108773311603671,-19.764952814681926,10.0
2016-08-02 15:35:01.740,0.785,0.125,0.02,-27.07726094075063,-5.091358378591842,-23.510049044489506,10.0
2016-08-02 15:35:01.750,0.77,0.086,0.035,-30.433199097879665,-5.170075520685019,-27.375017633884145,10.0
2016-08-02 15:35:01.760,0.742,0.066,0.039,-31.426253412644677,-6.565617877833974,-30.76959086231779,10.0
2016-08-02 15:35:01.770,0.73,0.051,0.035,-31.657382265274634,-9.135007276018984,-34.646130331318034,10.0
2016-08-02 15:35:01.780,0.734,0.047,0.043,-32.94812448840111,-10.881136940153725,-38.32585280865029,10.0
2016-08-02 15:35:01.790,0.746,0.059,0.051,-34.73081134805221,-12.668462653377274,-42.03625033898926,10.0
2016-08-02 15:35:01.800,0.762,0.055,0.047,-36.36725705221239,-14.688252078049103,-45.36528728961049,10.0
2016-08-02 15:35:01.810,0.77,0.047,0.039,-38.42815671467589,-15.372654348448688,-46.841642918869695,10.0
2016-08-02 15:35:01.820,0.773,0.059,0.035,-39.85810140877335,-15.832770760261463,-47.07452281130861,10.0
2016-08-02 15:35:01.830,0.781,0.051,0.031,-41.014367672014316,-15.879412678337582,-45.93920251343881,10.0
2016-08-02 15:35:01.840,0.789,0.047,0.012,-43.4965772131046,-14.498468330095779,-43.48087777264749,10.0
2016-08-02 15:35:01.850,0.789,0.066,-0.008,-46.11586931248428,-13.777469409542904,-41.25205211991923,10.0
2016-08-02 15:35:01.860,0.813,0.059,-0.031,-48.219456251615185,-12.932256468410388,-38.53605964433122,10.0
2016-08-02 15:35:01.870,0.84,0.051,-0.043,-49.96678607693352,-10.549557206593956,-35.7767398824271,10.0
2016-08-02 15:35:01.880,0.867,0.035,-0.051,-50.528269885237414,-8.999171488431237,-34.46979178409323,10.0
2016-08-02 15:35:01.890,0.883,0.0,-0.051,-50.367885917156386,-8.230512619345006,-33.02170609533202,10.0
2016-08-02 15:35:01.900,0.875,-0.023,-0.047,-49.737311590701154,-7.574118475393893,-31.27825858623234,10.0
2016-08-02 15:35:01.910,0.867,-0.02,-0.027,-49.434383547482014,-8.164612160922903,-30.218086957880768,10.0
2016-08-02 15:35:01.920,0.879,0.02,0.012,-51.472202974286226,-8.716371504870809,-29.02452439924525,10.0
2016-08-02 15:35:01.930,0.926,0.047,0.055,-54.153553232981416,-7.422747052907284,-28.09592664536962,10.0
2016-08-02 15:35:01.940,0.977,0.035,0.066,-54.39651832093794,-4.3623561697001065,-28.260277901644294,10.0
2016-08-02 15:35:01.950,0.988,-0.004,0.043,-53.00934445372197,-1.46256409113386,-28.5344884962197,10.0
2016-08-02 15:35:01.960,0.98,-0.02,-0.008,-52.34786701982599,-1.2089917943648116,-27.25828909744778,10.0
2016-08-02 15:35:01.970,0.969,-0.016,-0.066,-53.43892255528463,-2.9369237784583353,-23.45738291247713,10.0
2016-08-02 15:35:01.980,0.973,0.004,-0.086,-55.94596093555231,-4.302750084630709,-17.780379668839927,10.0
2016-08-02 15:35:01.990,0.996,0.035,-0.066,-57.615934829564296,-4.819333389947263,-12.759518969040567,10.0
2016-08-02 15:35:02.000,1.055,0.043,-0.039,-54.99865665026718,-3.482127901994272,-10.442540340882008,10.0
2016-08-02 15:35:02.010,1.117,-0.008,-0.047,-47.64590390145118,0.8122697563621224,-10.195129097059073,10.0
2016-08-02 15:35:02.020,1.113,-0.07,-0.094,-40.01465890360132,4.65192692544545,-11.108808419296263,10.0
2016-08-02 15:35:02.030,1.07,-0.09,-0.133,-36.86669952884648,4.6052620927141605,-12.351800238555285,10.0
2016-08-02 15:35:02.040,1.035,-0.063,-0.125,-39.18520779389187,2.540623685000151,-11.816845202566485,10.0
2016-08-02 15:35:02.050,1.047,-0.016,-0.078,-44.119241054401606,1.201047851188952,-9.605410284308634,10.0
2016-08-02 15:35:02.060,1.063,-0.012,-0.035,-47.18574794906028,1.2978579974833866,-7.625696223804691,10.0
2016-08-02 15:35:02.070,1.051,-0.016,-0.008,-46.11939368508531,0.9165502938134121,-6.458120202798373,10.0
2016-08-02 15:35:02.080,1.055,-0.004,0.008,-42.44185518980117,-1.4832892139998222,-5.5916883323438,10.0
2016-08-02 15:35:02.090,1.098,-0.008,0.0,-39.78165799278982,-2.148734887329333,-3.6857295514113813,10.0
2016-08-02 15:35:02.100,1.141,-0.043,-0.059,-39.13306423762536,-0.4202263280480223,-1.6924961189492618,10.0
2016-08-02 15:35:02.110,1.164,-0.078,-0.113,-37.574252567172174,-1.1278977353421853,-1.5933712778041074,10.0
2016-08-02 15:35:02.120,1.188,-0.059,-0.152,-35.442283531143914,-2.909777550084986,-0.742232953182704,10.0
2016-08-02 15:35:02.130,1.207,-0.027,-0.16,-35.88286051235185,-2.600924405484807,2.634640488727979,10.0
2016-08-02 15:35:02.140,1.227,-0.031,-0.137,-37.28622060380126,-2.4677645035081692,4.988847642449306,10.0
2016-08-02 15:35:02.150,1.234,-0.035,-0.102,-36.411524856486764,-3.0783289544674877,5.372755886848322,10.0
2016-08-02 15:35:02.160,1.234,-0.027,-0.07,-34.094945678868925,-3.05964051394511,6.537994921466204,10.0
2016-08-02 15:35:02.170,1.23,-0.023,-0.043,-32.63847411111346,-3.104197030192931,8.065379647320315,10.0
2016-08-02 15:35:02.180,1.25,-0.008,-0.027,-31.65849949835845,-3.1422693391700935,8.420942850316631,10.0
2016-08-02 15:35:02.190,1.305,0.016,-0.031,-28.881419434370876,-1.6433817399225408,9.136362061506183,10.0
2016-08-02 15:35:02.200,1.352,0.027,-0.059,-24.51545613083641,1.3834182975780527,11.386989959354594,10.0
2016-08-02 15:35:02.210,1.367,0.02,-0.098,-21.12746263005618,3.5819757269176287,13.442587184573592,10.0
2016-08-02 15:35:02.220,1.367,0.023,-0.117,-19.03106358307344,3.647540956648026,14.080489582355968,10.0
2016-08-02 15:35:02.230,1.352,0.035,-0.125,-17.22139259837328,3.1772299630453205,14.472494087671507,10.0
2016-08-02 15:35:02.240,1.332,0.02,-0.105,-15.617168737885565,2.7718865415044918,14.162090002181912,10.0
2016-08-02 15:35:02.250,1.301,-0.004,-0.07,-13.229541867947667,1.5565629057778034,11.532203061887511,10.0
2016-08-02 15:35:02.260,1.281,-0.004,-0.039,-10.16076024552956,0.1874268791869349,8.20475346051261,10.0
2016-08-02 15:35:02.270,1.27,0.012,-0.008,-8.871516524962882,-0.7716935998590668,5.726806933826285,10.0
2016-08-02 15:35:02.280,1.262,0.035,0.02,-9.617724531713225,-1.7742801885740893,3.359742678876541,10.0
2016-08-02 15:35:02.290,1.254,0.043,0.02,-10.111545496211502,-2.6247265548455907,1.3590040880751015,10.0
2016-08-02 15:35:02.300,1.254,0.047,0.012,-9.66277024905717,-2.8201371226993044,0.3676221361590352,10.0
2016-08-02 15:35:02.310,1.254,0.066,-0.02,-9.423943012013439,-2.500245116083293,0.21438743633003912,10.0
2016-08-02 15:35:02.320,1.238,0.07,-0.047,-9.621526177027118,-2.2313618039117573,0.5325996419781516,10.0
2016-08-02 15:35:02.330,1.219,0.059,-0.063,-8.854299471597123,-2.2298195367878093,0.28949054992801915,10.0
2016-08-02 15:35:02.340,1.188,0.035,-0.066,-6.342868534114236,-2.4631512895709604,-0.9969102456360984,10.0
2016-08-02 15:35:02.350,1.152,0.027,-0.055,-3.2200995838687985,-3.127432016574991,-2.608137812637268,10.0
2016-08-02 15:35:02.360,1.125,0.039,-0.023,-0.6065788580097775,-3.9426969817982034,-4.041955968012288,10.0
2016-08-02 15:35:02.370,1.109,0.055,0.016,1.3269483174199137,-4.122756049250373,-4.959978192087721,10.0
2016-08-02 15:35:02.380,1.094,0.066,0.043,2.9015333474132143,-3.872500731348582,-5.584825499749451,10.0
2016-08-02 15:35:02.390,1.094,0.078,0.055,4.6952778331093965,-3.825620830010002,-6.212524805592819,10.0
2016-08-02 15:35:02.400,1.113,0.105,0.051,5.441219968271035,-3.5648311524740763,-5.691245755329156,10.0
2016-08-02 15:35:02.410,1.145,0.141,0.039,2.8198345272590157,-2.796888608104011,-3.3025342534534454,10.0
2016-08-02 15:35:02.420,1.168,0.148,0.0,-1.2740436410082694,-1.990304026270218,-0.39093731556216826,10.0
2016-08-02 15:35:02.430,1.172,0.137,-0.039,-1.1773649942078839,-1.357489735187343,1.4842503872350061,10.0
2016-08-02 15:35:02.440,1.152,0.098,-0.055,4.248681249543173,-0.3259876845006587,2.3024714449641475,10.0
2016-08-02 15:35:02.450,1.117,0.086,-0.047,9.50362632710444,1.0505922886523897,1.941612522999869,10.0
2016-08-02 15:35:02.460,1.086,0.098,-0.02,11.556022904354068,1.4074916921622764,-0.40526644426423797,10.0
2016-08-02 15:35:02.470,1.055,0.098,0.0,13.08059326100256,1.08144587162491,-3.6738934813544923,10.0
2016-08-02 15:35:02.480,1.023,0.094,0.02,15.245749550393995,0.7289826966051961,-6.445160653370661,10.0
2016-08-02 15:35:02.490,1.012,0.117,0.023,15.616814337163374,-0.8655213685503298,-8.593494643824513,10.0
2016-08-02 15:35:02.500,1.012,0.145,0.039,13.142337678408833,-2.891372092370551,-9.050301341119821,10.0
2016-08-02 15:35:02.510,1.039,0.176,0.043,9.893105639093001,-3.666470754651579,-7.094038739316925,10.0
2016-08-02 15:35:02.520,1.09,0.223,0.031,7.771940937222022,-3.5372465585322885,-3.4567506387580975,10.0
2016-08-02 15:35:02.530,1.133,0.254,0.012,6.802890591077453,-2.8085111549299895,1.613985883491478,10.0
2016-08-02 15:35:02.540,1.172,0.25,-0.02,7.380173002652635,-1.621174611454369,6.942212324489354,10.0
2016-08-02 15:35:02.550,1.211,0.234,-0.035,10.733053156884555,-0.014695286228008142,10.619517819450461,10.0
2016-08-02 15:35:02.560,1.242,0.219,-0.063,15.750857205316525,2.224968890508192,12.897641545428565,10.0
2016-08-02 15:35:02.570,1.254,0.199,-0.086,19.542434364387006,3.8949095243257212,14.504631790076822,10.0
2016-08-02 15:35:02.580,1.262,0.199,-0.074,21.539063651821493,4.018644875682618,15.124564900027417,10.0
2016-08-02 15:35:02.590,1.277,0.203,-0.043,22.49648897814309,3.6638926018347107,14.734958485530402,10.0
2016-08-02 15:35:02.600,1.301,0.211,-0.016,21.95920162202465,3.453393668402554,13.805701916670174,10.0
2016-08-02 15:35:02.610,1.301,0.219,0.0,19.905324210585334,2.5027950269809796,12.851382546305262,10.0
2016-08-02 15:35:02.620,1.293,0.219,0.008,17.316721571180956,0.5602685693766523,12.045969102159978,10.0
2016-08-02 15:35:02.630,1.301,0.234,0.012,14.741963899510905,-0.9982988553683977,11.528305753837556,10.0
2016-08-02 15:35:02.640,1.305,0.242,0.004,12.482598301557429,-1.3620948190711264,11.884534651509949,10.0
2016-08-02 15:35:02.650,1.301,0.242,-0.008,11.009407115344569,-1.5042480908546683,13.154328336841598,10.0
2016-08-02 15:35:02.660,1.285,0.23,-0.023,10.488432050697018,-1.8302855799887143,14.279082928099438,10.0
2016-08-02 15:35:02.670,1.27,0.223,-0.035,10.61015064146518,-1.7665059962758303,14.844694080279321,10.0
2016-08-02 15:35:02.680,1.254,0.23,-0.035,10.725410276882661,-1.2533285428829555,15.476788434830457,10.0
2016-08-02 15:35:02.690,1.238,0.23,-0.039,10.66970627119704,-0.5429735948094803,16.11321874928995,10.0
2016-08-02 15:35:02.700,1.219,0.234,-0.031,10.94390070230061,0.1854920880114224,16.83907617237116,10.0
2016-08-02 15:35:02.710,1.203,0.242,-0.023,10.620115464216466,0.8068490481274926,18.387530723674395,10.0
2016-08-02 15:35:02.720,1.188,0.254,-0.012,8.410017160545955,1.1241628998323208,20.321597768329507,10.0
2016-08-02 15:35:02.730,1.176,0.254,0.004,6.11363966272647,1.3593820025251162,21.952355568534045,10.0
2016-08-02 15:35:02.740,1.176,0.254,0.012,5.446794480506041,2.161867886447588,23.66655134302831,10.0
2016-08-02 15:35:02.750,1.164,0.254,0.016,4.6350847374933135,3.1069358290891635,25.82420730169894,10.0
2016-08-02 15:35:02.760,1.148,0.262,0.004,2.4267007554092888,3.33551311184369,28.422823688835066,10.0
2016-08-02 15:35:02.770,1.137,0.262,-0.008,0.1326774271299721,3.2134528292116507,31.141187453975846,10.0
2016-08-02 15:35:02.780,1.125,0.25,-0.016,-0.9884400561496202,3.502353046928187,33.12317225761956,10.0
2016-08-02 15:35:02.790,1.125,0.242,-0.02,-0.7508380238502161,4.248753460172848,34.130002212323554,10.0
2016-08-02 15:35:02.800,1.129,0.246,-0.02,-0.17938945781992396,5.119986703062563,34.97764910496301,10.0
2016-08-02 15:35:02.810,1.141,0.246,-0.008,-0.5443397602539137,5.879730875527729,36.204316678831894,10.0
2016-08-02 15:35:02.820,1.148,0.242,0.0,-1.4358545454530778,6.150241904244165,37.5504949600723,10.0
2016-08-02 15:35:02.830,1.18,0.246,0.008,-2.5547845252941155,6.227337782784311,38.93164918599706,10.0
2016-08-02 15:35:02.840,1.207,0.246,0.012,-4.637357383892104,6.990970494575174,40.70721329362981,10.0
2016-08-02 15:35:02.850,1.23,0.234,0.012,-6.338341251997283,7.9419259460107785,42.57250384732359,10.0
2016-08-02 15:35:02.860,1.246,0.215,0.0,-5.880641665597469,8.778467704733856,44.03668306762859,10.0
2016-08-02 15:35:02.870,1.238,0.195,-0.023,-4.3441440408831316,9.910305888348656,45.30148555838094,10.0
2016-08-02 15:35:02.880,1.219,0.184,-0.039,-3.164377704649538,10.463637420358406,46.12403284904297,10.0
2016-08-02 15:35:02.890,1.211,0.168,-0.039,-2.4632485087907114,10.715805521268361,45.813551896878735,10.0
2016-08-02 15:35:02.900,1.191,0.145,-0.031,-1.763582375677963,11.792398114997093,44.19143991570231,10.0
2016-08-02 15:35:02.910,1.148,0.117,-0.023,-0.32684235431829106,12.417932097024263,41.075962485875266,10.0
2016-08-02 15:35:02.920,1.09,0.09,-0.016,1.3563721006303628,11.51171490943714,36.476158041395216,10.0
2016-08-02 15:35:02.930,1.035,0.066,0.0,1.7158617843074517,10.301816463824302,31.65654043381319,10.0
2016-08-02 15:35:02.940,0.977,0.055,0.02,0.22167220850392194,9.577179741850687,27.41101384499106,10.0
2016-08-02 15:35:02.950,0.938,0.059,0.043,-2.143613183841996,8.850785735682031,22.92326790823996,10.0
2016-08-02 15:35:02.960,0.914,0.063,0.066,-3.9193329110162103,8.42755008271768,18.286354507890934,10.0
2016-08-02 15:35:02.970,0.891,0.043,0.066,-4.410072666971923,8.680155144101771,13.847279772892472,10.0
2016-08-02 15:35:02.980,0.871,0.031,0.059,-4.199482967300021,8.62527619138356,8.789850847590829,10.0
2016-08-02 15:35:02.990,0.855,0.016,0.051,-4.275837301156772,8.027631438762986,3.8862467500164573,10.0
2016-08-02 15:35:03.000,0.844,-0.004,0.047,-4.303689359897528,7.718940697803324,-0.0671234998148047,10.0
2016-08-02 15:35:03.010,0.848,-0.016,0.039,-3.1009064396386092,7.477327103588078,-4.617627848814239,10.0
2016-08-02 15:35:03.020,0.855,-0.008,0.023,-1.1846805354876404,7.182608161353201,-9.68844956623468,10.0
2016-08-02 15:35:03.030,0.855,-0.02,0.02,0.8133431025384632,7.5603632870877915,-14.22400714849335,10.0
2016-08-02 15:35:03.040,0.844,-0.051,0.02,3.5936395863174755,8.122420224314276,-19.476015640598874,10.0
2016-08-02 15:35:03.050,0.832,-0.066,0.016,5.59353220668767,8.095762865558058,-25.551477309719473,10.0
2016-08-02 15:35:03.060,0.824,-0.055,0.016,5.037524077393178,7.882095177153996,-30.883443985364472,10.0
2016-08-02 15:35:03.070,0.824,-0.051,0.023,4.146706009045116,7.765688211230561,-35.52202399856675,10.0
2016-08-02 15:35:03.080,0.816,-0.055,0.035,4.9566226476554025,7.720459718139384,-39.99620581571315,10.0
2016-08-02 15:35:03.090,0.813,-0.043,0.035,6.333237360391296,7.6925015530070535,-44.044560156568195,10.0
2016-08-02 15:35:03.100,0.805,-0.035,0.027,7.1254120670574785,7.6986709279506425,-47.36349557988503,10.0
2016-08-02 15:35:03.110,0.797,-0.02,0.02,8.255527056555147,7.75542506011296,-49.66269780214345,10.0
2016-08-02 15:35:03.120,0.781,-0.039,0.016,9.767895424511437,7.793087265728511,-50.358780715346896,10.0
2016-08-02 15:35:03.130,0.754,-0.039,0.027,9.698751353440755,7.711117800463233,-49.913419070589825,10.0
2016-08-02 15:35:03.140,0.746,0.016,0.035,8.026790220302601,6.839293986847852,-49.770278512820795,10.0
2016-08-02 15:35:03.150,0.762,0.066,0.043,5.954794378160876,6.3236406374953535,-48.85729567984236,10.0
2016-08-02 15:35:03.160,0.773,0.047,0.047,5.157694202230778,7.408254181162143,-46.8541039091314,10.0
2016-08-02 15:35:03.170,0.777,0.031,0.047,7.7832702202344555,7.6318075310592235,-46.72912864408333,10.0
2016-08-02 15:35:03.180,0.785,0.035,0.039,10.615570270798393,6.818562940693741,-46.85763600210111,10.0
2016-08-02 15:35:03.190,0.789,0.008,0.031,9.514929021348172,7.307604602784139,-44.37551968310991,10.0
2016-08-02 15:35:03.200,0.793,0.047,0.031,7.831385021046791,7.503734669096385,-42.48964912135571,10.0
2016-08-02 15:35:03.210,0.813,0.094,0.039,7.836121926593496,6.965618381538027,-41.11792900214053,10.0
2016-08-02 15:35:03.220,0.844,0.094,0.043,7.536753002280753,8.259677370586703,-37.742499446817064,10.0
2016-08-02 15:35:03.230,0.859,0.07,0.047,9.320466526584148,9.740188684725513,-36.061918588367305,10.0
2016-08-02 15:35:03.240,0.855,0.059,0.031,13.583049081757585,9.557084989368867,-36.85571124730647,10.0
2016-08-02 15:35:03.250,0.844,0.066,0.012,15.01245537036409,9.38741450213775,-36.51715074193696,10.0
2016-08-02 15:35:03.260,0.84,0.07,0.012,14.389734690030892,9.307004707553668,-35.645069343708116,10.0
2016-08-02 15:35:03.270,0.848,0.059,0.027,15.764563887772802,9.457500580521884,-35.39133808377187,10.0
2016-08-02 15:35:03.280,0.855,0.086,0.039,17.58515251749933,10.193129888009363,-34.93813421970491,10.0
2016-08-02 15:35:03.290,0.867,0.121,0.047,17.82142387717746,10.326644094338858,-33.68173176903322,10.0
2016-08-02 15:35:03.300,0.875,0.125,0.059,17.165457350907115,10.187654495940112,-31.715485594689493,10.0
2016-08-02 15:35:03.310,0.883,0.117,0.059,16.52091075746155,9.90142223097423,-30.290687122636992,10.0
2016-08-02 15:35:03.320,0.902,0.125,0.059,15.645637044876,9.146748452413101,-29.05639893562728,10.0
2016-08-02 15:35:03.330,0.914,0.137,0.055,13.653865587734455,8.787405008242732,-26.850680213124935,10.0
2016-08-02 15:35:03.340,0.93,0.129,0.043,11.805455938242176,8.44644464917965,-25.06370047699419,10.0
2016-08-02 15:35:03.350,0.926,0.113,0.035,11.973040851361425,7.726411507610379,-24.17862984435329,10.0
2016-08-02 15:35:03.360,0.914,0.113,0.027,13.351006779589817,6.934931713789593,-22.89174417626483,10.0
2016-08-02 15:35:03.370,0.906,0.113,0.035,14.609143810222614,5.557101315130368,-21.427239722450608,10.0
2016-08-02 15:35:03.380,0.91,0.121,0.063,15.020084121825535,4.1799344490565575,-20.150954577055717,10.0
2016-08-02 15:35:03.390,0.906,0.133,0.074,13.787386055871591,3.41145671996256,-18.645812466520656,10.0
2016-08-02 15:35:03.400,0.891,0.145,0.078,11.458789033547209,1.9589121974829167,-16.922761136987013,10.0
2016-08-02 15:35:03.410,0.875,0.156,0.082,9.03040036684935,-0.16006346071161381,-14.898902553059221,10.0
2016-08-02 15:35:03.420,0.863,0.164,0.086,6.596780815028919,-1.7810362440792948,-12.62927344894781,10.0
2016-08-02 15:35:03.430,0.852,0.164,0.078,4.685810650403124,-3.0321699056007945,-10.630343936406701,10.0
2016-08-02 15:35:03.440,0.84,0.172,0.074,3.8576276477121936,-3.628331659044389,-9.0351401127904,10.0
2016-08-02 15:35:03.450,0.84,0.18,0.07,3.6814471392706434,-3.208893480560601,-7.560754586131811,10.0
2016-08-02 15:35:03.460,0.832,0.18,0.066,3.570573229137173,-2.5288291567617773,-6.109732179375801,10.0
2016-08-02 15:35:03.470,0.828,0.18,0.066,3.524428895904065,-1.9154483886608944,-4.940915986564546,10.0
2016-08-02 15:35:03.480,0.828,0.172,0.059,4.071682521517529,-1.3992772259307604,-4.0503283749380925,10.0
2016-08-02 15:35:03.490,0.828,0.172,0.055,5.204168760728588,-0.96668895336831,-3.0651271847471486,10.0
2016-08-02 15:35:03.500,0.82,0.172,0.059,6.002739952288696,-0.30001733461160346,-2.0713110042735705,10.0
2016-08-02 15:35:03.510,0.828,0.176,0.063,5.916966587056146,0.3259382070747261,-1.34120418881984,10.0
2016-08-02 15:35:03.520,0.832,0.18,0.055,5.31683215267971,0.5297907966150188,-0.753695537851087,10.0
2016-08-02 15:35:03.530,0.836,0.176,0.059,4.702071043565888,0.4841247583347594,-0.2896378843882112,10.0
2016-08-02 15:35:03.540,0.852,0.18,0.07,3.909056570297439,0.27798606154740263,0.021686590406257283,10.0
2016-08-02 15:35:03.550,0.879,0.188,0.078,2.7057681103799918,0.14369771510531407,0.4160702633231519,10.0
2016-08-02 15:35:03.560,0.914,0.191,0.086,1.89932711145137,0.4224063331714658,1.0127515617571334,10.0
2016-08-02 15:35:03.570,0.941,0.184,0.094,2.2571819064070864,0.8813226223639415,1.7902912684233974,10.0
2016-08-02 15:35:03.580,0.969,0.18,0.09,3.299976813280372,1.331524365281808,2.484648185193682,10.0
2016-08-02 15:35:03.590,0.996,0.18,0.078,4.512280537639765,1.9147307137927196,2.6888391462438825,10.0
2016-08-02 15:35:03.600,1.016,0.184,0.063,5.822720116799696,2.4839989082820626,2.573229212594274,10.0
2016-08-02 15:35:03.610,1.031,0.18,0.043,7.233240724007441,2.6102149770194925,2.317247759513746,10.0
2016-08-02 15:35:03.620,1.039,0.172,0.035,9.286133055681486,2.209522847182721,1.6894920231592825,10.0
2016-08-02 15:35:03.630,1.047,0.172,0.035,12.176124649013023,1.8028458605559172,1.0587278488771734,10.0
2016-08-02 15:35:03.640,1.055,0.176,0.043,14.725249691639881,1.688220406300607,1.0161025720543184,10.0
2016-08-02 15:35:03.650,1.059,0.188,0.055,15.96919615318242,1.4452070900171672,1.3707497671070514,10.0
2016-08-02 15:35:03.660,1.055,0.188,0.07,16.57039377006324,0.637259794820885,1.7594796366491852,10.0
2016-08-02 15:35:03.670,1.043,0.188,0.078,17.139946708363418,-0.6391685947291103,2.362276153813111,10.0
2016-08-02 15:35:03.680,1.043,0.199,0.09,17.035203209283193,-1.9154000319251978,3.339955510354887,10.0
2016-08-02 15:35:03.690,1.043,0.207,0.102,15.986296378398377,-2.8320080529220304,4.098277917889096,10.0
2016-08-02 15:35:03.700,1.031,0.211,0.098,14.907113799763698,-3.32081393147892,4.2803831940931225,10.0
2016-08-02 15:35:03.710,1.004,0.215,0.082,14.702890692701626,-3.39168827621142,4.507934008750803,10.0
2016-08-02 15:35:03.720,0.977,0.215,0.066,15.319357312742266,-3.2418697970395622,4.905303326577762,10.0
2016-08-02 15:35:03.730,0.941,0.219,0.047,16.10537624228127,-3.19778351012807,5.055326179364275,10.0
2016-08-02 15:35:03.740,0.91,0.227,0.047,16.635991956632424,-3.3025001978978015,5.298191608736122,10.0
2016-08-02 15:35:03.750,0.883,0.227,0.055,17.088913919045126,-3.3791317043557196,5.961250019552046,10.0
2016-08-02 15:35:03.760,0.859,0.227,0.066,17.929025417279767,-3.3092719934650545,6.742947439099623,10.0
2016-08-02 15:35:03.770,0.84,0.23,0.074,19.177875804578697,-3.10576262085116,7.58307926383169,10.0
2016-08-02 15:35:03.780,0.824,0.227,0.07,20.255769350505098,-2.864211632351921,8.658696695989367,10.0
2016-08-02 15:35:03.790,0.801,0.223,0.074,20.462047424386128,-2.8083180319240215,9.83925746335176,10.0
2016-08-02 15:35:03.800,0.785,0.234,0.07,19.657491990771245,-3.106403938744072,11.088817391370739,10.0
2016-08-02 15:35:03.810,0.777,0.238,0.066,18.527649393058613,-3.531309381830616,12.734076682781508,10.0
2016-08-02 15:35:03.820,0.777,0.246,0.066,17.817841393249218,-3.8908779538324687,14.794638163516378,10.0
2016-08-02 15:35:03.830,0.797,0.246,0.074,17.301748622003718,-4.2241919924306455,17.102481274992797,10.0
2016-08-02 15:35:03.840,0.813,0.258,0.074,16.331525739234095,-4.492817328990267,19.673704268987393,10.0
2016-08-02 15:35:03.850,0.836,0.27,0.078,15.31248440618359,-4.666358074148559,22.427627944080506,10.0
2016-08-02 15:35:03.860,0.863,0.273,0.07,14.907609690784138,-4.5347070797166795,25.533501833660374,10.0
2016-08-02 15:35:03.870,0.891,0.281,0.059,14.511759066210075,-4.095601888450862,28.900696331663667,10.0
2016-08-02 15:35:03.880,0.922,0.281,0.043,13.39335899583393,-3.5710238041459172,31.83790787491804,10.0
2016-08-02 15:35:03.890,0.945,0.281,0.023,12.213429551768138,-2.7865919271625694,34.041688594043364,10.0
2016-08-02 15:35:03.900,0.965,0.281,0.016,11.950220790756703,-2.019055308356907,35.23723416454543,10.0
2016-08-02 15:35:03.910,0.957,0.266,0.012,12.406619479211322,-1.6885293969834434,35.10568393151348,10.0
2016-08-02 15:35:03.920,0.953,0.254,0.012,12.98500279922719,-1.6566718852592763,33.7230129739041,10.0
2016-08-02 15:35:03.930,0.941,0.238,0.027,13.426537617776503,-1.9043070019812784,31.347982157481074,10.0
2016-08-02 15:35:03.940,0.926,0.227,0.039,13.340843305873648,-2.497476313901707,28.6781188908651,10.0
2016-08-02 15:35:03.950,0.902,0.23,0.055,12.46276363532582,-3.6608893111147145,26.158149925116582,10.0
2016-08-02 15:35:03.960,0.891,0.23,0.063,11.053906309632435,-5.313446933826394,23.783377109187885,10.0
2016-08-02 15:35:03.970,0.891,0.234,0.074,9.553081819947252,-6.643368931068767,21.964259233457117,10.0
2016-08-02 15:35:03.980,0.906,0.25,0.07,7.700817018119775,-7.234053500619746,20.953511324572734,10.0
2016-08-02 15:35:03.990,0.926,0.27,0.066,5.187886519475397,-7.368570795170044,20.605947136490112,10.0
2016-08-02 15:35:04.000,0.938,0.277,0.051,3.2203559806541797,-7.197021298523194,20.864069209847965,10.0
2016-08-02 15:35:04.010,0.957,0.27,0.027,2.8956011171125766,-6.705645900990715,21.698392186855592,10.0
2016-08-02 15:35:04.020,0.961,0.27,0.004,3.760545226862442,-6.342030860560288,22.96024894039644,10.0
2016-08-02 15:35:04.030,0.969,0.27,0.004,5.036889191891189,-6.116625263414335,24.219997459895357,10.0
2016-08-02 15:35:04.040,0.98,0.262,0.012,5.985024648636914,-5.2860115777917525,25.16715029691826,10.0
2016-08-02 15:35:04.050,0.984,0.262,0.012,6.188702570033303,-4.233832455570193,25.818972096024762,10.0
2016-08-02 15:35:04.060,0.988,0.27,0.016,6.143697594197885,-3.905538870617063,26.041034995322363,10.0
2016-08-02 15:35:04.070,1.0,0.277,0.031,6.5410982121407315,-3.8462164803610017,25.71807304112749,10.0
2016-08-02 15:35:04.080,1.012,0.273,0.043,7.501321579053432,-3.2501319912281748,25.049773965792745,10.0
2016-08-02 15:35:04.090,1.016,0.273,0.047,8.821098316446115,-2.5511465833590314,24.13510369328651,10.0
2016-08-02 15:35:04.100,1.008,0.266,0.031,10.175825271396787,-2.2608606285346142,22.983007918803274,10.0
2016-08-02 15:35:04.110,0.992,0.25,0.031,11.65202620084917,-2.1365871049512695,21.583778221964746,10.0
2016-08-02 15:35:04.120,0.98,0.25,0.023,14.087858376070116,-2.447273534295782,19.67637567186255,10.0
2016-08-02 15:35:04.130,0.977,0.25,0.031,16.632874572765836,-2.98416877964147,17.90658397568835,10.0
2016-08-02 15:35:04.140,0.973,0.262,0.043,16.7458305393781,-2.936483815420982,17.278260445631723,10.0
2016-08-02 15:35:04.150,0.969,0.273,0.051,14.668733931591973,-3.177252975917935,17.401074439258963,10.0
2016-08-02 15:35:04.160,0.98,0.277,0.059,13.375937093187405,-3.8874014189559754,18.104602605091124,10.0
2016-08-02 15:35:04.170,0.992,0.277,0.063,14.37785846323439,-3.4894591200238265,19.450810919969136,10.0
2016-08-02 15:35:04.180,1.0,0.266,0.043,16.64459932921347,-2.6080295656226316,20.529296081981112,10.0
2016-08-02 15:35:04.190,1.012,0.258,0.023,17.802418804564326,-2.994429024697707,21.52545350817236,10.0
2016-08-02 15:35:04.200,1.066,0.277,0.016,14.941584730259214,-4.205370911082763,23.897586450324628,10.0
2016-08-02 15:35:04.210,1.16,0.336,0.055,6.881917322405303,-4.520628154175103,27.740651325758066,10.0
2016-08-02 15:35:04.220,1.238,0.344,0.059,-2.7939037606882087,-2.394463869129339,30.974431838393294,10.0
2016-08-02 15:35:04.230,1.238,0.293,0.004,-6.614418346447401,1.1514363931580527,31.065117246324963,10.0
2016-08-02 15:35:04.240,1.188,0.203,-0.02,-0.10255262517460517,3.1849036531780452,26.95740446313206,10.0
2016-08-02 15:35:04.250,1.168,0.133,-0.004,11.310191336973112,4.985445620213383,19.229204834615487,10.0
2016-08-02 15:35:04.260,1.152,0.109,0.004,18.06123647027869,8.610736305491155,9.469680042415334,10.0
2016-08-02 15:35:04.270,1.117,0.121,0.0,18.71557631197791,10.140725187138449,-0.26061660717620105,10.0
2016-08-02 15:35:04.280,1.117,0.125,0.02,17.424181429120484,7.953083509862276,-8.532206101259563,10.0
2016-08-02 15:35:04.290,1.148,0.141,0.066,14.847472927212287,6.316457981444515,-14.795769603544265,10.0
2016-08-02 15:35:04.300,1.188,0.148,0.094,10.615726567005938,6.0707283401920105,-18.83908298853312,10.0
2016-08-02 15:35:04.310,1.184,0.156,0.109,6.667328222046616,5.268160135799695,-20.881414252987142,10.0
2016-08-02 15:35:04.320,1.148,0.152,0.109,3.7271773475700822,3.9856011596543732,-21.42587383750468,10.0
2016-08-02 15:35:04.330,1.129,0.16,0.098,0.2797929490920986,2.64451444858655,-20.942556279847285,10.0
2016-08-02 15:35:04.340,1.113,0.168,0.082,-4.693715660499196,1.902416235797343,-19.860926008123357,10.0
2016-08-02 15:35:04.350,1.07,0.16,0.059,-10.47872440314031,1.4938087178655108,-18.8990035606041,10.0
2016-08-02 15:35:04.360,1.023,0.152,0.043,-16.033989850086552,0.09767352305894852,-18.922581159620666,10.0
2016-08-02 15:35:04.370,0.992,0.156,0.027,-20.977468812604158,-1.09752289678519,-20.18588181414322,10.0
2016-08-02 15:35:04.380,0.977,0.137,0.023,-24.345615208447754,-0.36225257491404456,-22.78828991483201,10.0
2016-08-02 15:35:04.390,0.961,0.086,0.023,-25.066817036826,1.3034618132508982,-27.10331997853106,10.0
2016-08-02 15:35:04.400,0.922,0.055,0.016,-24.754127323775126,2.099600719902251,-32.56470975822867,10.0
2016-08-02 15:35:04.410,0.879,0.051,0.004,-26.83884169460332,1.9054689544398808,-37.39969690453073,10.0
2016-08-02 15:35:04.420,0.848,0.055,0.016,-31.661972026437816,1.7943255439366157,-40.942107652286836,10.0
2016-08-02 15:35:04.430,0.824,0.051,0.035,-36.18318640414183,2.0569349560700507,-43.80356695502149,10.0
2016-08-02 15:35:04.440,0.816,0.063,0.043,-39.30923119685134,2.2735512263519215,-45.58173691336977,10.0
2016-08-02 15:35:04.450,0.828,0.078,0.035,-41.90526370873087,2.4570847546026418,-46.11535062999178,10.0
2016-08-02 15:35:04.460,0.852,0.082,0.031,-43.23506769804041,3.4547946394147067,-46.34562369098712,10.0
2016-08-02 15:35:04.470,0.863,0.066,0.02,-43.15426626475632,5.428830081385518,-46.409218289133705,10.0
2016-08-02 15:35:04.480,0.863,0.066,-0.02,-43.720055849189166,6.834168218152519,-45.99145207747361,10.0
2016-08-02 15:35:04.490,0.844,0.074,-0.047,-46.19425449167127,7.226346792220629,-45.01896348429293,10.0
2016-08-02 15:35:04.500,0.809,0.074,-0.07,-49.30784134554922,7.416487099713513,-43.97131430570079,10.0
2016-08-02 15:35:04.510,0.77,0.047,-0.074,-50.59268335085955,7.064008482543523,-43.793462963726576,10.0
2016-08-02 15:35:04.520,0.738,0.016,-0.051,-50.57305896807487,6.287874702551131,-44.09659650574234,10.0
2016-08-02 15:35:04.530,0.719,0.008,-0.02,-52.05897667793353,5.901215437197813,-44.647539671650016,10.0
2016-08-02 15:35:04.540,0.734,0.039,0.0,-54.53902278023048,5.687967381854282,-46.13355134944978,10.0
2016-08-02 15:35:04.550,0.777,0.063,0.012,-56.22496207106205,6.397792530377332,-47.250365710056286,10.0
2016-08-02 15:35:04.560,0.813,0.055,-0.008,-56.41945450620111,8.373457956614825,-47.463012654342194,10.0
2016-08-02 15:35:04.570,0.84,0.051,-0.051,-54.91818763473574,9.507521641150163,-47.817131433830504,10.0
2016-08-02 15:35:04.580,0.844,0.035,-0.094,-54.55957057239665,9.333433308952161,-46.78941720838181,10.0
2016-08-02 15:35:04.590,0.855,0.02,-0.117,-56.831911899049125,8.527500414537295,-44.35110643995084,10.0
2016-08-02 15:35:04.600,0.891,0.023,-0.125,-58.68618857651698,7.14684538905346,-42.89888377647546,10.0
2016-08-02 15:35:04.610,0.922,0.027,-0.125,-59.31613441834995,6.424294520277772,-41.46514566854108,10.0
2016-08-02 15:35:04.620,0.945,0.012,-0.121,-59.409985440890665,5.99203466137966,-39.71801048013606,10.0
2016-08-02 15:35:04.630,0.973,-0.004,-0.109,-57.538960032643196,4.590957739601595,-39.918361828584516,10.0
2016-08-02 15:35:04.640,1.004,-0.016,-0.102,-54.38060508415474,3.813866797774871,-41.02381206763277,10.0
2016-08-02 15:35:04.650,1.023,-0.008,-0.102,-52.085705386732705,4.228204301286321,-41.08045135411987,10.0
2016-08-02 15:35:04.660,1.027,0.012,-0.113,-50.86789415398217,3.868388930339563,-40.357089073705026,10.0
2016-08-02 15:35:04.670,1.016,0.031,-0.129,-50.20240778846393,2.438143838234989,-38.71839009097332,10.0
2016-08-02 15:35:04.680,1.012,0.031,-0.148,-49.32881796190181,1.2362736582518992,-36.23621029042067,10.0
2016-08-02 15:35:04.690,1.02,0.035,-0.156,-48.04466908049799,0.2832236701543078,-34.13208539694644,10.0
2016-08-02 15:35:04.700,1.031,0.035,-0.145,-46.24526898742934,-1.0433417088975159,-33.02985478792448,10.0
2016-08-02 15:35:04.710,1.039,0.027,-0.117,-41.83669909515746,-2.41556747306964,-32.216227832373555,10.0
2016-08-02 15:35:04.720,1.055,0.035,-0.082,-34.36243145318252,-4.049953611980624,-30.645131139741146,10.0
2016-08-02 15:35:04.730,1.078,0.047,-0.047,-27.411046390356443,-6.044209410327078,-27.75073001837886,10.0
2016-08-02 15:35:04.740,1.102,0.059,-0.027,-23.675630708181284,-7.189191585456333,-23.835075408061186,10.0
2016-08-02 15:35:04.750,1.109,0.094,-0.023,-22.899625759980278,-8.405951230275992,-19.790734729046587,10.0
2016-08-02 15:35:04.760,1.102,0.117,-0.02,-23.927566673959753,-11.374012300893286,-15.142684842118191,10.0
2016-08-02 15:35:04.770,1.102,0.113,-0.02,-25.1379979481305,-14.573824375036523,-9.832188341121274,10.0
2016-08-02 15:35:04.780,1.105,0.117,-0.016,-24.85574576241869,-16.76897456471718,-6.220100823651336,10.0
2016-08-02 15:35:04.790,1.109,0.125,-0.016,-22.879086019786218,-18.51829992029836,-3.8449264239076557,10.0
2016-08-02 15:35:04.800,1.113,0.117,-0.02,-21.0390810206797,-19.66702789604783,-0.030639686341006556,10.0
2016-08-02 15:35:04.810,1.117,0.129,-0.027,-20.577486141586583,-20.44325108724985,4.058636923981304,10.0
2016-08-02 15:35:04.820,1.121,0.145,-0.027,-20.140274805908653,-21.04762816023682,7.163624044565809,10.0
2016-08-02 15:35:04.830,1.129,0.137,-0.023,-18.389613481730073,-20.166842281422248,10.272349494694195,10.0
2016-08-02 15:35:04.840,1.129,0.133,-0.008,-15.588554486500062,-17.59233829420427,12.505206769901232,10.0
2016-08-02 15:35:04.850,1.125,0.137,0.0,-11.961276235480739,-14.724848780891321,12.984090038375633,10.0
2016-08-02 15:35:04.860,1.141,0.148,0.008,-7.470540716660312,-11.882145864011932,13.00367804402209,10.0
2016-08-02 15:35:04.870,1.168,0.168,0.02,-2.569392599156793,-9.164789361214092,13.615481641791071,10.0
2016-08-02 15:35:04.880,1.191,0.172,0.02,2.3580716477622383,-7.532163838899375,14.799523212124537,10.0
2016-08-02 15:35:04.890,1.219,0.16,0.031,7.281677638707726,-6.920994291716004,16.030408197974406,10.0
2016-08-02 15:35:04.900,1.238,0.16,0.043,11.223969612655884,-6.839934713421366,17.080016171291582,10.0
2016-08-02 15:35:04.910,1.258,0.172,0.063,12.650653088154119,-7.534438116548884,18.43566563901157,10.0
2016-08-02 15:35:04.920,1.273,0.172,0.094,11.950372409997872,-8.951212811405322,19.778231399907273,10.0
2016-08-02 15:35:04.930,1.262,0.145,0.129,8.760463260619014,-11.423063890772413,19.8434113037135,10.0
2016-08-02 15:35:04.940,1.238,0.137,0.141,1.1147080409592076,-15.086270829963462,19.19131790132454,10.0
2016-08-02 15:35:04.950,1.215,0.125,0.145,-5.5411222388113925,-17.695651928168537,19.109622085094202,10.0
2016-08-02 15:35:04.960,1.176,0.098,0.137,-3.135842494733785,-17.924185284843972,18.389352942388555,10.0
2016-08-02 15:35:04.970,1.145,0.109,0.125,3.4730589676007075,-17.300076223516744,16.573605952329316,10.0
2016-08-02 15:35:04.980,1.121,0.145,0.113,6.0537245308510865,-16.41191778422715,15.322891381892207,10.0
2016-08-02 15:35:04.990,1.098,0.168,0.094,7.503664722141407,-14.830434920040885,14.848121136629544,10.0
2016-08-02 15:35:05.000,1.066,0.172,0.066,11.930775247230798,-12.764335089252407,15.316311994452306,10.0
2016-08-02 15:35:05.010,1.043,0.176,0.039,16.319216804885393,-10.771527438376644,17.292495223639538,10.0
2016-08-02 15:35:05.020,1.027,0.195,0.023,17.539564646300494,-9.436055437592803,20.13681075457778,10.0
2016-08-02 15:35:05.030,1.031,0.215,0.047,16.275995247394793,-8.220555146212158,24.036358332802834,10.0
2016-08-02 15:35:05.040,1.043,0.23,0.074,14.324551983756884,-6.332576493487245,28.672375020802495,10.0
2016-08-02 15:35:05.050,1.051,0.238,0.09,13.351814994462144,-4.704231335918479,32.30433978681168,10.0
2016-08-02 15:35:05.060,1.102,0.258,0.102,14.155980935186133,-4.594471233946226,35.79459090749163,10.0
2016-08-02 15:35:05.070,1.219,0.309,0.109,14.603985500782253,-4.875786670485695,41.695808810475626,10.0
2016-08-02 15:35:05.080,1.328,0.328,0.07,11.006661852372748,-3.4894676996440714,49.700175157548045,10.0
2016-08-02 15:35:05.090,1.367,0.328,-0.023,5.783916103130878,-2.1229561644369213,56.043741821104526,10.0
2016-08-02 15:35:05.100,1.352,0.277,-0.078,7.100824534960689,-3.0853623056914694,57.4405533581788,10.0
2016-08-02 15:35:05.110,1.324,0.203,-0.07,15.202034844984823,-3.563805840349085,54.830330844404656,10.0
2016-08-02 15:35:05.120,1.301,0.168,-0.016,21.97727292031037,-2.167467956965067,50.01884730365879,10.0
2016-08-02 15:35:05.130,1.258,0.16,0.039,24.34775944302399,-1.7405281866174618,43.16989319662147,10.0
2016-08-02 15:35:05.140,1.184,0.156,0.063,24.599763199296408,-2.6095369877078616,35.770863352201665,10.0
2016-08-02 15:35:05.150,1.09,0.156,0.078,23.029939785609965,-4.446578697529097,29.30642347553575,10.0
2016-08-02 15:35:05.160,1.027,0.18,0.098,18.97053300593621,-7.490336850045134,23.852641842968524,10.0
2016-08-02 15:35:05.170,1.008,0.219,0.105,14.067974587931998,-8.753413145761249,20.10925043645967,10.0
2016-08-02 15:35:05.180,1.0,0.238,0.09,10.237735805613582,-6.755575618591673,18.78785779793972,10.0
2016-08-02 15:35:05.190,0.988,0.254,0.055,7.900288649270695,-4.515730091189866,19.27490260949508,10.0
2016-08-02 15:35:05.200,0.969,0.258,0.027,7.575840160194479,-3.551844228817296,20.77713799041188,10.0
2016-08-02 15:35:05.210,0.961,0.238,0.004,9.749085907585334,-2.60818177426742,23.109453263586026,10.0
2016-08-02 15:35:05.220,0.977,0.23,0.008,13.435711178492358,-1.1440860326334839,25.396786251821396,10.0
2016-08-02 15:35:05.230,1.0,0.23,0.027,16.539157028523594,0.6492646986891281,26.890023851502143,10.0
2016-08-02 15:35:05.240,1.031,0.23,0.039,17.53362230002701,2.3436766621943663,27.897068162437158,10.0
2016-08-02 15:35:05.250,1.055,0.23,0.047,16.58394856432692,3.354802286944981,28.31936304823874,10.0
2016-08-02 15:35:05.260,1.082,0.242,0.051,14.65271463905708,3.466501855933421,28.02907902303494,10.0
2016-08-02 15:35:05.270,1.117,0.246,0.055,12.68190748758324,2.792085723003229,27.142941032041264,10.0
2016-08-02 15:35:05.280,1.156,0.238,0.055,11.446793545491479,2.064397168605514,25.597745462741877,10.0
2016-08-02 15:35:05.290,1.199,0.25,0.039,11.125657924818261,1.5829150186612193,23.783099692101175,10.0
2016-08-02 15:35:05.300,1.23,0.262,0.023,11.449634719252696,0.7445894150623618,22.331298763150073,10.0
2016-08-02 15:35:05.310,1.254,0.258,0.02,11.779581896148581,-0.417294629513299,21.27020142432586,10.0
2016-08-02 15:35:05.320,1.273,0.254,0.023,11.904710262459604,-1.5547574258852728,20.036260185602345,10.0
2016-08-02 15:35:05.330,1.289,0.254,0.031,12.516459367352311,-2.4999377799863454,18.70590235358707,10.0
2016-08-02 15:35:05.340,1.297,0.258,0.039,13.228827551408079,-3.0059608144175463,17.765871681201716,10.0
2016-08-02 15:35:05.350,1.297,0.258,0.043,13.009055335461873,-3.3582563539482435,16.961354076781504,10.0
2016-08-02 15:35:05.360,1.297,0.27,0.047,12.105991493647977,-3.749858794805164,16.31287001718475,10.0
2016-08-02 15:35:05.370,1.301,0.281,0.035,10.840905449805588,-3.696336289792603,16.308691816513857,10.0
2016-08-02 15:35:05.380,1.293,0.289,0.023,9.543491702963529,-3.4246518387122404,16.74650218191646,10.0
2016-08-02 15:35:05.390,1.281,0.285,0.023,9.026181663258143,-3.686231487682207,17.1457403502133,10.0
2016-08-02 15:35:05.400,1.281,0.285,0.027,9.014925683400401,-3.9711067146793515,17.659106591184326,10.0
2016-08-02 15:35:05.410,1.281,0.281,0.023,8.954896286726282,-3.7628048672064383,18.61974918604462,10.0
2016-08-02 15:35:05.420,1.273,0.266,0.02,9.564259551868147,-3.839051331553625,19.69238634680903,10.0
2016-08-02 15:35:05.430,1.273,0.262,0.023,11.048525805033249,-4.196918132991628,20.722695992689413,10.0
2016-08-02 15:35:05.440,1.281,0.27,0.027,12.004634583183615,-3.9866766438153762,22.106842431973753,10.0
2016-08-02 15:35:05.450,1.293,0.273,0.031,11.916526428327376,-3.318171204590496,23.691050851728843,10.0
2016-08-02 15:35:05.460,1.293,0.262,0.02,12.087038302948574,-3.112225054899434,24.941940524672013,10.0
2016-08-02 15:35:05.470,1.297,0.25,0.0,12.918739694078543,-3.909103243003922,25.63731147463532,10.0
2016-08-02 15:35:05.480,1.301,0.242,-0.012,12.9282769211991,-4.806750632363036,26.296069826707008,10.0
2016-08-02 15:35:05.490,1.293,0.238,-0.016,11.036852009853387,-5.489818289961109,27.262012046306616,10.0
2016-08-02 15:35:05.500,1.273,0.23,0.0,8.351229180067877,-7.053804509671744,27.532023136433814,10.0
2016-08-02 15:35:05.510,1.27,0.211,0.016,6.760663300380173,-8.643634842410002,26.730861543396514,10.0
2016-08-02 15:35:05.520,1.27,0.199,0.023,6.791781178286193,-9.014143934314212,25.647203246264777,10.0
2016-08-02 15:35:05.530,1.262,0.191,0.02,8.082049949669052,-9.057478365761664,24.333899297411875,10.0
2016-08-02 15:35:05.540,1.242,0.188,0.008,9.731243757352104,-9.426168030803918,22.985513107599992,10.0
2016-08-02 15:35:05.550,1.23,0.188,0.012,10.257931169774123,-9.953744755899432,22.136382074816176,10.0
2016-08-02 15:35:05.560,1.234,0.188,0.012,9.355669903217652,-10.202650312787938,21.13460637844859,10.0
2016-08-02 15:35:05.570,1.223,0.184,0.012,7.909178904467662,-9.780573750357261,19.837419012185638,10.0
2016-08-02 15:35:05.580,1.191,0.164,0.008,6.412218911556617,-9.421994688759181,18.993313432072426,10.0
2016-08-02 15:35:05.590,1.141,0.141,0.004,5.155289573385752,-9.858446011499453,17.732750351014893,10.0
2016-08-02 15:35:05.600,1.098,0.125,-0.012,4.395360948958486,-10.505146678391604,15.358172442797057,10.0
2016-08-02 15:35:05.610,1.059,0.102,-0.02,4.396521506114836,-10.718813516472688,12.797980332582302,10.0
2016-08-02 15:35:05.620,1.031,0.09,-0.023,5.49865251692495,-10.51730835109955,9.949062285313607,10.0
2016-08-02 15:35:05.630,1.004,0.082,-0.031,6.634087988675185,-9.828047710342865,6.512608090396673,10.0
2016-08-02 15:35:05.640,0.98,0.086,-0.035,6.360132574085627,-8.947109900312073,3.314797174728565,10.0
2016-08-02 15:35:05.650,0.969,0.094,-0.035,5.177828490119835,-8.567889834217103,0.5616436696169418,10.0
2016-08-02 15:35:05.660,0.949,0.09,-0.039,3.6233504257937756,-8.41748085670134,-1.9966869241992506,10.0
2016-08-02 15:35:05.670,0.926,0.078,-0.027,1.3655713075439666,-8.154209205245223,-4.725754062107094,10.0
2016-08-02 15:35:05.680,0.906,0.063,-0.008,-1.438369112894015,-8.102600471526378,-7.870511622929455,10.0
2016-08-02 15:35:05.690,0.898,0.055,0.016,-4.608177491638885,-7.780738960733123,-10.96213573230676,10.0
2016-08-02 15:35:05.700,0.891,0.035,0.02,-7.65058711870714,-6.793213789506714,-14.194665756936882,10.0
2016-08-02 15:35:05.710,0.879,0.016,0.004,-9.872867188619603,-5.958780885050142,-18.16877657865218,10.0
2016-08-02 15:35:05.720,0.867,0.016,-0.016,-11.69618603138153,-5.629316135171714,-22.524051030276947,10.0
2016-08-02 15:35:05.730,0.859,0.004,-0.031,-13.208848346624023,-5.209332132796253,-27.102847978666993,10.0
2016-08-02 15:35:05.740,0.844,-0.012,-0.047,-13.233964719532695,-4.5664966548801385,-32.323535547122034,10.0
2016-08-02 15:35:05.750,0.828,-0.016,-0.07,-12.229584075412092,-4.368159503833693,-37.35471884952642,10.0
2016-08-02 15:35:05.760,0.805,-0.008,-0.074,-12.651004829400959,-4.870878752688019,-40.81964232420783,10.0
2016-08-02 15:35:05.770,0.789,0.008,-0.063,-15.0929283258736,-5.535108352400641,-42.82533100932201,10.0
2016-08-02 15:35:05.780,0.77,0.027,-0.043,-17.979563437242458,-5.962542549300722,-43.464874463193254,10.0
2016-08-02 15:35:05.790,0.75,0.031,-0.016,-20.272964611850043,-5.862963682000223,-42.496611608922265,10.0
2016-08-02 15:35:05.800,0.738,0.035,-0.004,-21.439881943754454,-5.16447035945223,-41.20933574416466,10.0
2016-08-02 15:35:05.810,0.734,0.063,-0.004,-21.41802021525818,-4.231226657402038,-40.15391094063806,10.0
2016-08-02 15:35:05.820,0.73,0.07,-0.008,-21.25527565393537,-2.938909079183719,-38.326448487886424,10.0
2016-08-02 15:35:05.830,0.723,0.055,-0.031,-21.57198264308873,-1.6467019628398183,-36.600038751136836,10.0
2016-08-02 15:35:05.840,0.703,0.051,-0.051,-22.59912091176103,-1.2574783960258786,-35.77985481893173,10.0
2016-08-02 15:35:05.850,0.695,0.031,-0.066,-25.285329188951714,-1.1043542650672533,-34.33547840002385,10.0
2016-08-02 15:35:05.860,0.676,0.039,-0.078,-28.9787772716315,-0.9015597628089225,-32.405828172248015,10.0
2016-08-02 15:35:05.870,0.684,0.066,-0.07,-31.48475899002696,-1.2148718651445551,-30.98264468983295,10.0
2016-08-02 15:35:05.880,0.707,0.063,-0.059,-32.3512947050525,-0.6146887722422112,-29.297049358203793,10.0
2016-08-02 15:35:05.890,0.734,0.051,-0.051,-31.3809093039459,1.1363623873257895,-28.063556925228543,10.0
2016-08-02 15:35:05.900,0.77,0.051,-0.055,-28.6735413034731,2.3631401816098645,-27.9610701113018,10.0
2016-08-02 15:35:05.910,0.805,0.059,-0.066,-27.61843156306313,3.8027413413547997,-27.05672758145614,10.0
2016-08-02 15:35:05.920,0.828,0.051,-0.082,-28.896866550976217,5.672630448903577,-25.299210319427317,10.0
2016-08-02 15:35:05.930,0.855,0.059,-0.086,-28.208493352498518,6.526244034957032,-24.078131504239543,10.0
2016-08-02 15:35:05.940,0.898,0.07,-0.074,-25.837823324952232,7.4896757360638055,-22.278930822283883,10.0
2016-08-02 15:35:05.950,0.934,0.078,-0.07,-24.974637917743497,9.436423816005856,-19.933771627624356,10.0
2016-08-02 15:35:05.960,0.965,0.066,-0.074,-23.89172476971772,10.64587506936116,-19.240750241936553,10.0
2016-08-02 15:35:05.970,0.984,0.035,-0.082,-20.71640892501921,10.60639329664615,-20.04907472744018,10.0
2016-08-02 15:35:05.980,1.008,0.02,-0.082,-16.638967315643256,10.05912901289424,-21.323434586079127,10.0
2016-08-02 15:35:05.990,1.031,0.012,-0.086,-13.209672290890245,9.478271706239266,-23.125610766516125,10.0
2016-08-02 15:35:06.000,1.031,-0.008,-0.094,-11.296609559529664,9.015138036854271,-25.64343997047338,10.0
2016-08-02 15:35:06.010,1.023,-0.008,-0.09,-9.461683714574178,7.910624894748411,-28.999322957463583,10.0
2016-08-02 15:35:06.020,1.012,-0.008,-0.074,-7.409127490164693,6.591864705199388,-31.7513721089025,10.0
2016-08-02 15:35:06.030,1.008,-0.004,-0.051,-8.12635954996021,6.289194527433912,-33.441039354612656,10.0
2016-08-02 15:35:06.040,1.004,0.023,-0.031,-11.123578276524853,6.209802495511932,-35.495091843036846,10.0
2016-08-02 15:35:06.050,0.992,0.043,-0.02,-12.939630057137352,6.065130984228607,-36.509937505858915,10.0
2016-08-02 15:35:06.060,0.98,0.051,-0.016,-12.679669795249993,6.472597661175198,-36.008259881451316,10.0
2016-08-02 15:35:06.070,0.965,0.051,-0.02,-10.9458068269696,6.902462524839659,-36.10922465976133,10.0
2016-08-02 15:35:06.080,0.965,0.047,-0.027,-9.2780639151999,7.918618671606946,-35.89207924055388,10.0
2016-08-02 15:35:06.090,0.961,0.035,-0.055,-8.112049687183227,9.908294974599102,-34.92518668365719,10.0
2016-08-02 15:35:06.100,0.941,0.043,-0.074,-4.962359641324027,11.417442653917156,-34.39014053277259,10.0
2016-08-02 15:35:06.110,0.93,0.066,-0.082,-0.21605446623921487,12.725204899265693,-32.610925062875516,10.0
2016-08-02 15:35:06.120,0.926,0.09,-0.07,2.88405225309162,14.748519290314768,-29.058404186078945,10.0
2016-08-02 15:35:06.130,0.914,0.09,-0.063,4.685470432282247,16.38299965027621,-25.6072756687186,10.0
2016-08-02 15:35:06.140,0.887,0.098,-0.051,7.012121212258952,16.924959152009013,-22.391312449252357,10.0
2016-08-02 15:35:06.150,0.883,0.121,-0.031,9.299828159988474,17.04438764377276,-18.790010928711354,10.0
2016-08-02 15:35:06.160,0.891,0.137,-0.023,10.943158323669406,17.65702275030476,-14.907474348301468,10.0
2016-08-02 15:35:06.170,0.887,0.133,-0.023,12.88746994625506,18.69382110219439,-11.53391289799111,10.0
2016-08-02 15:35:06.180,0.871,0.125,-0.031,16.13491344229209,18.824154742531405,-9.552724459065931,10.0
2016-08-02 15:35:06.190,0.859,0.129,-0.047,19.90624324528224,18.03327597481345,-8.313700943911755,10.0
2016-08-02 15:35:06.200,0.859,0.129,-0.047,22.760052914206298,17.517892710053957,-7.152242497669305,10.0
2016-08-02 15:35:06.210,0.859,0.133,-0.039,25.02626786909927,17.193593048607585,-6.646442546685877,10.0
2016-08-02 15:35:06.220,0.852,0.145,-0.02,26.662379613928945,16.46414021954099,-6.580449472962097,10.0
2016-08-02 15:35:06.230,0.852,0.152,0.004,26.525374283024846,15.559636577782356,-6.053176594622693,10.0
2016-08-02 15:35:06.240,0.852,0.16,0.031,25.792511815307137,15.2828681384497,-5.21447101747505,10.0
2016-08-02 15:35:06.250,0.848,0.156,0.031,26.304236097778627,15.786901178832075,-4.90448227295122,10.0
2016-08-02 15:35:06.260,0.84,0.156,0.02,27.25128742611431,16.1783424374042,-5.292752489764963,10.0
2016-08-02 15:35:06.270,0.832,0.168,0.0,27.35942538538652,16.165873792771045,-5.7266063417755895,10.0
2016-08-02 15:35:06.280,0.848,0.176,-0.012,27.251956153641117,16.269935409384097,-5.9743789587302985,10.0
2016-08-02 15:35:06.290,0.887,0.188,-0.027,28.09620848783763,16.734895737975826,-6.077700577495533,10.0
2016-08-02 15:35:06.300,0.926,0.215,-0.043,29.691051531886856,17.293844258232077,-4.90576991563627,10.0
2016-08-02 15:35:06.310,0.953,0.234,-0.051,31.045070165426573,17.11829635764983,-1.5191809023929201,10.0
2016-08-02 15:35:06.320,0.973,0.234,-0.047,31.963573461674905,15.84266067211931,3.0327709527170255,10.0
2016-08-02 15:35:06.330,0.98,0.227,-0.035,32.69746597232039,13.947817610303922,7.343815623175211,10.0
2016-08-02 15:35:06.340,0.984,0.227,-0.004,33.445359175766846,11.717893928360894,11.108088936566457,10.0
2016-08-02 15:35:06.350,0.996,0.219,0.012,34.19901564836856,9.762342619789024,14.296465978574295,10.0
2016-08-02 15:35:06.360,0.992,0.223,0.016,33.88849040340489,8.254359730429133,16.929311483742445,10.0
2016-08-02 15:35:06.370,0.984,0.238,0.012,31.51729152998785,5.617250620078984,19.43521104953824,10.0
2016-08-02 15:35:06.380,0.977,0.254,0.012,27.26398874862145,1.7552556631371794,21.740897271395685,10.0
2016-08-02 15:35:06.390,0.98,0.273,0.016,21.797712653290606,-1.2498972367058732,23.3734543970285,10.0
2016-08-02 15:35:06.400,0.98,0.273,0.012,16.841540762439806,-3.021007243333723,24.52279237156208,10.0
2016-08-02 15:35:06.410,0.965,0.262,0.016,14.608035772412372,-4.319618795480553,25.177380495805743,10.0
2016-08-02 15:35:06.420,0.961,0.254,0.016,15.188867079123927,-4.826909012784438,25.129211031220777,10.0
2016-08-02 15:35:06.430,0.977,0.25,0.02,16.513901144041988,-4.211740928665252,25.15117650882967,10.0
2016-08-02 15:35:06.440,0.992,0.262,0.004,16.782275833788287,-2.9934336983725123,25.698010862072213,10.0
2016-08-02 15:35:06.450,1.0,0.27,-0.012,15.551203054384837,-1.967906386686393,26.31439948611027,10.0
2016-08-02 15:35:06.460,1.0,0.27,-0.031,13.682394871825128,-1.4751123777641304,27.02890949366796,10.0
2016-08-02 15:35:06.470,1.008,0.266,-0.031,12.59422040948588,-1.0843675475509424,28.11512760365056,10.0
2016-08-02 15:35:06.480,1.016,0.262,-0.035,11.967734751528138,-0.07533560077493723,29.629077376596022,10.0
2016-08-02 15:35:06.490,1.02,0.266,-0.035,10.850476339829372,1.2397758238175896,31.45722233769812,10.0
2016-08-02 15:35:06.500,1.012,0.27,-0.031,10.409127278906688,2.014326758981717,33.18506501369968,10.0
2016-08-02 15:35:06.510,1.012,0.262,-0.023,10.84618154341733,2.619411809422895,34.68626140121326,10.0
2016-08-02 15:35:06.520,1.0,0.254,-0.02,10.118260396797936,3.177919543781602,35.76371524042456,10.0
2016-08-02 15:35:06.530,0.988,0.25,-0.012,8.178735260523581,3.020339983448859,35.836805426637696,10.0
2016-08-02 15:35:06.540,0.961,0.238,-0.016,6.595862054678026,2.3377182444791553,35.00165954986965,10.0
2016-08-02 15:35:06.550,0.926,0.215,-0.012,5.7057624964922615,1.1087822610524387,33.39834160023764,10.0
2016-08-02 15:35:06.560,0.902,0.195,-0.004,5.528584848473347,-0.5618128942487447,30.82925754225233,10.0
2016-08-02 15:35:06.570,0.887,0.188,0.0,5.6210666001738065,-1.5752587478388227,28.18016365990293,10.0
2016-08-02 15:35:06.580,0.875,0.195,0.004,4.50539206225185,-2.0970757824083597,26.2877578579808,10.0
2016-08-02 15:35:06.590,0.867,0.207,0.004,2.275558854062359,-2.9650521772612173,24.877677808886542,10.0
2016-08-02 15:35:06.600,0.867,0.207,0.012,0.7645879633256625,-3.7977833273409756,24.00892456875533,10.0
2016-08-02 15:35:06.610,0.879,0.211,0.016,0.5813169171847048,-4.095460333966678,23.802229757546712,10.0
2016-08-02 15:35:06.620,0.879,0.207,0.016,1.2384871574321497,-4.072291747281529,23.893783214929705,10.0
2016-08-02 15:35:06.630,0.871,0.207,0.008,2.5019595822712084,-4.167174166776503,24.28979297093806,10.0
2016-08-02 15:35:06.640,0.871,0.203,-0.004,3.850552488006217,-4.344374491069811,25.011794849831578,10.0
2016-08-02 15:35:06.650,0.879,0.203,-0.016,4.910048626325025,-4.252994841910341,25.663974727150528,10.0
2016-08-02 15:35:06.660,0.883,0.211,-0.02,5.87317772649886,-4.05902268142628,26.276815047101145,10.0
2016-08-02 15:35:06.670,0.887,0.234,-0.027,6.428491402163812,-4.185416512552656,27.061108408864442,10.0
2016-08-02 15:35:06.680,0.895,0.242,-0.016,6.3342082901593715,-4.601321605165982,27.702556120587452,10.0
2016-08-02 15:35:06.690,0.922,0.25,0.0,6.386514073426243,-4.761993192292687,28.256327879277066,10.0
2016-08-02 15:35:06.700,0.941,0.254,0.008,7.443859922058357,-4.319322714315277,29.150806160907962,10.0
2016-08-02 15:35:06.710,0.957,0.258,0.012,9.451837536407801,-3.926044676359738,30.28336680728815,10.0
2016-08-02 15:35:06.720,0.973,0.254,0.012,11.470643146350453,-4.158309105608852,31.501283052033237,10.0
2016-08-02 15:35:06.730,0.98,0.258,0.012,12.83762472264832,-4.446990703373222,32.694633588465685,10.0
2016-08-02 15:35:06.740,1.0,0.262,0.012,13.752803169642139,-4.560377225971868,33.558723351330556,10.0
2016-08-02 15:35:06.750,1.004,0.266,0.012,14.248579548284154,-4.9401196743565645,34.104857566291074,10.0
2016-08-02 15:35:06.760,0.996,0.266,0.008,14.377903314220632,-5.201481697174877,34.146873106158836,10.0
2016-08-02 15:35:06.770,0.977,0.254,0.008,15.264254663177878,-4.801249445029454,32.97559743376182,10.0
2016-08-02 15:35:06.780,0.957,0.234,0.008,18.4404409739587,-4.012864206654584,30.32936730525126,10.0
2016-08-02 15:35:06.790,0.918,0.219,0.012,23.50093741525613,-3.118080842837126,26.688500761839585,10.0
2016-08-02 15:35:06.800,0.875,0.207,0.012,27.200646699166256,-2.525811172583631,22.847503272399216,10.0
2016-08-02 15:35:06.810,0.836,0.207,0.016,27.483228909397425,-2.9757041663017505,19.160768875757086,10.0
2016-08-02 15:35:06.820,0.82,0.215,0.027,26.552402442690884,-3.8544064073959587,15.812303720980992,10.0
2016-08-02 15:35:06.830,0.824,0.227,0.043,26.602221915127494,-3.5164232660861345,13.824901287217264,10.0
2016-08-02 15:35:06.840,0.828,0.238,0.055,26.754652744111063,-2.2996397036707883,13.680542426186227,10.0
2016-08-02 15:35:06.850,0.844,0.262,0.063,26.191883045407746,-1.3744318459280744,14.81524882074455,10.0
2016-08-02 15:35:06.860,0.875,0.285,0.055,25.76812396865528,0.07919313087135477,17.15850378153976,10.0
2016-08-02 15:35:06.870,0.91,0.285,0.023,26.51911065279493,2.523286195612547,20.523042331947014,10.0
2016-08-02 15:35:06.880,0.93,0.273,-0.008,28.1080651168738,4.745309456788938,24.28543251193343,10.0
2016-08-02 15:35:06.890,0.945,0.27,-0.047,28.752421702061575,6.03739539513606,27.841202836015327,10.0
2016-08-02 15:35:06.900,0.965,0.254,-0.059,28.054915253502603,6.569511622658745,30.005176758791308,10.0
2016-08-02 15:35:06.910,0.992,0.227,-0.055,28.308285774160915,6.622122666737566,30.027710928709485,10.0
2016-08-02 15:35:06.920,1.063,0.223,-0.043,31.090142197075316,5.72111123235098,28.534368250774644,10.0
2016-08-02 15:35:06.930,1.219,0.273,-0.004,35.243327741981155,4.10720157129666,27.11096672103171,10.0
2016-08-02 15:35:06.940,1.367,0.258,0.031,38.53411660570119,4.850503088580908,27.209122936029313,10.0
2016-08-02 15:35:06.950,1.398,0.223,-0.012,40.65377212120917,5.972673346120341,26.768289464302086,10.0
2016-08-02 15:35:06.960,1.387,0.191,-0.004,43.124300057905344,0.5153735086356035,23.381453260723024,10.0
2016-08-02 15:35:06.970,1.387,0.148,0.063,41.74078044981709,-6.4679995330986255,20.296468681926804,10.0
2016-08-02 15:35:06.980,1.332,0.145,0.082,30.67611846739704,-8.975809620112171,18.068653387668125,10.0
2016-08-02 15:35:06.990,1.242,0.148,0.105,15.52806086324381,-13.945027136666283,12.770565243171935,10.0
2016-08-02 15:35:07.000,1.156,0.156,0.133,2.911499276123388,-19.029882758104378,6.62253164642474,10.0
2016-08-02 15:35:07.010,1.094,0.16,0.16,-8.497790237384272,-17.93654271278814,1.2027122086510664,10.0
2016-08-02 15:35:07.020,1.066,0.156,0.164,-15.0041993233573,-15.66241751872742,-7.460466418942481,10.0
2016-08-02 15:35:07.030,1.051,0.113,0.117,-9.577020138765816,-11.80229696441302,-18.474549851881015,10.0
2016-08-02 15:35:07.040,1.0,0.043,0.027,4.386780757609833,-5.3413348434509,-27.64604302067334,10.0
2016-08-02 15:35:07.050,0.918,0.004,-0.055,15.983183141251533,-2.7526554747282166,-33.381217430696076,10.0
2016-08-02 15:35:07.060,0.863,0.016,-0.086,18.540184567184873,-4.310411610637767,-34.53405385226243,10.0
2016-08-02 15:35:07.070,0.863,0.051,-0.051,13.852635571587282,-5.345799169838873,-31.035454219896252,10.0
2016-08-02 15:35:07.080,0.867,0.102,0.008,7.303740017267629,-4.891035710309865,-25.631396392563325,10.0
2016-08-02 15:35:07.090,0.848,0.133,0.066,1.8282396966655003,-4.937421382501284,-20.674588144192576,10.0
2016-08-02 15:35:07.100,0.816,0.098,0.113,-2.3073880025143634,-5.648122849468711,-16.68640071103572,10.0
2016-08-02 15:35:07.110,0.789,0.074,0.117,-5.4873801159093025,-5.353898699747401,-15.245989700632625,10.0
2016-08-02 15:35:07.120,0.766,0.066,0.098,-9.1119375517464,-4.6357817703348205,-16.717547236008215,10.0
2016-08-02 15:35:07.130,0.742,0.047,0.066,-14.038629662203249,-3.8578895595739526,-19.041095044603626,10.0
2016-08-02 15:35:07.140,0.727,0.02,0.035,-17.758859688560083,-2.7219211019975065,-22.383718392664463,10.0
2016-08-02 15:35:07.150,0.719,-0.004,0.0,-18.77972131073713,-1.9348963896119566,-26.24210579388922,10.0
2016-08-02 15:35:07.160,0.723,-0.012,-0.016,-18.845642320485638,-0.42870672761422646,-28.028396931524135,10.0
2016-08-02 15:35:07.170,0.742,0.008,-0.02,-17.767078141912684,1.9634453597194437,-28.591107925788705,10.0
2016-08-02 15:35:07.180,0.762,0.012,-0.023,-15.337665499635888,3.751971997107589,-29.02046050155711,10.0
2016-08-02 15:35:07.190,0.773,-0.008,-0.02,-12.753612433967294,5.271846954941649,-28.63759716788878,10.0
2016-08-02 15:35:07.200,0.77,-0.008,-0.02,-10.039520119973348,5.751414441726724,-28.65228586837458,10.0
2016-08-02 15:35:07.210,0.766,-0.02,-0.012,-10.115834256080028,4.246602083083629,-28.564169466445346,10.0
2016-08-02 15:35:07.220,0.785,-0.008,0.012,-14.810911595922132,2.671257439134762,-27.306854780417424,10.0
2016-08-02 15:35:07.230,0.82,0.02,0.02,-19.761654192208923,1.9594214088624518,-26.77664720841939,10.0
2016-08-02 15:35:07.240,0.855,0.027,0.027,-23.381081087707674,1.896127516426525,-26.060816705237468,10.0
2016-08-02 15:35:07.250,0.887,0.027,0.027,-26.096580765232304,2.217996083147958,-23.484519082342587,10.0
2016-08-02 15:35:07.260,0.918,0.02,0.008,-25.48655704113021,2.073216161623231,-20.895444634703804,10.0
2016-08-02 15:35:07.270,0.945,0.02,-0.02,-22.27895638917245,2.159806977210012,-18.66656751801554,10.0
2016-08-02 15:35:07.280,0.973,0.004,-0.043,-18.48481677953153,2.8306717763563665,-15.912771289296495,10.0
2016-08-02 15:35:07.290,0.977,-0.02,-0.059,-15.377175290825669,3.057088037688314,-12.94896074022017,10.0
2016-08-02 15:35:07.300,0.984,0.008,-0.066,-15.905569524670064,2.504052704206873,-10.17226703290308,10.0
2016-08-02 15:35:07.310,1.0,0.043,-0.059,-19.727011270038762,1.1720219771724218,-7.680498394883239,10.0
2016-08-02 15:35:07.320,1.012,0.016,-0.043,-23.721875206341267,0.19437878238808223,-5.367149404513295,10.0
2016-08-02 15:35:07.330,1.016,-0.023,-0.031,-26.15370499585932,-0.1195714649459862,-4.739333491581418,10.0
2016-08-02 15:35:07.340,1.012,-0.023,-0.027,-26.996735885538232,-1.3902465322042847,-6.194895278212185,10.0
2016-08-02 15:35:07.350,1.02,-0.02,-0.023,-28.446827425538594,-2.8738521951179137,-6.94493673906778,10.0
2016-08-02 15:35:07.360,1.043,-0.031,-0.031,-29.999600210764612,-2.831771367723151,-7.366076280744063,10.0
2016-08-02 15:35:07.370,1.066,-0.055,-0.043,-28.025817906341878,-1.7947475263986428,-9.158709415377793,10.0
2016-08-02 15:35:07.380,1.07,-0.07,-0.059,-23.519980614757156,-0.9973026334823967,-10.576804001712075,10.0
2016-08-02 15:35:07.390,1.07,-0.059,-0.07,-20.63542742233548,-1.1600229201734824,-10.760889567434262,10.0
2016-08-02 15:35:07.400,1.074,-0.043,-0.066,-21.261448683342756,-1.906156060530117,-9.93089066909804,10.0
2016-08-02 15:35:07.410,1.078,-0.039,-0.051,-24.122482943589997,-2.4210054311618188,-8.494985398291817,10.0
2016-08-02 15:35:07.420,1.09,-0.055,-0.039,-25.698593523019106,-2.626217403398848,-8.0477631790368,10.0
2016-08-02 15:35:07.430,1.105,-0.059,-0.043,-25.18899963138351,-2.5004980948563054,-8.397854020763525,10.0
2016-08-02 15:35:07.440,1.109,-0.07,-0.047,-25.150695606581927,-2.298007442882341,-8.353670405928455,10.0
2016-08-02 15:35:07.450,1.105,-0.074,-0.055,-26.543596791288323,-2.738591738559217,-8.117614642277747,10.0
2016-08-02 15:35:07.460,1.102,-0.063,-0.055,-28.56617607656124,-4.048060050995226,-7.921682458742609,10.0
2016-08-02 15:35:07.470,1.109,-0.039,-0.043,-30.495317739481383,-5.504458922078638,-7.113185705469189,10.0
2016-08-02 15:35:07.480,1.125,-0.035,-0.031,-32.080989866977696,-6.341503803196249,-5.623854348916207,10.0
2016-08-02 15:35:07.490,1.156,-0.051,-0.023,-32.23017519608127,-6.88870794497049,-5.139789791122528,10.0
2016-08-02 15:35:07.500,1.184,-0.063,-0.035,-29.22079078969079,-6.946813845049268,-6.138726174249994,10.0
2016-08-02 15:35:07.510,1.199,-0.063,-0.055,-25.024721204109113,-6.313498596715899,-6.760584053388346,10.0
2016-08-02 15:35:07.520,1.188,-0.074,-0.074,-23.86283727465525,-6.350361077237795,-6.454667712319964,10.0
2016-08-02 15:35:07.530,1.172,-0.063,-0.078,-25.980980182098172,-7.164974759572326,-6.165501370388106,10.0
2016-08-02 15:35:07.540,1.176,-0.023,-0.074,-28.836096759121233,-7.6371172123983015,-5.5566595289655165,10.0
2016-08-02 15:35:07.550,1.184,-0.012,-0.047,-30.803510219484984,-7.315774630359865,-4.158389449002534,10.0
2016-08-02 15:35:07.560,1.195,-0.016,-0.027,-29.858315855995052,-6.2491926242122275,-3.545654635666315,10.0
2016-08-02 15:35:07.570,1.207,-0.023,-0.027,-25.20413794593896,-4.782162640289793,-4.473646743475632,10.0
2016-08-02 15:35:07.580,1.211,-0.031,-0.043,-19.722233708803007,-2.968519886894826,-5.6479232981870116,10.0
2016-08-02 15:35:07.590,1.199,-0.027,-0.07,-15.547085269512527,-1.6901178532145897,-6.469464820391913,10.0
2016-08-02 15:35:07.600,1.191,-0.043,-0.082,-12.864921083017887,-1.7097325736644182,-6.657348942088957,10.0
2016-08-02 15:35:07.610,1.188,-0.035,-0.074,-11.813746871193635,-1.9634190657652257,-6.338972342989122,10.0
2016-08-02 15:35:07.620,1.195,-0.004,-0.047,-11.795242445231992,-2.3142756905848314,-5.842890886641953,10.0
2016-08-02 15:35:07.630,1.207,0.023,-0.027,-12.395572065991116,-3.040484494746986,-4.319347411409804,10.0
2016-08-02 15:35:07.640,1.219,0.02,0.0,-12.223604766442708,-3.2444363888010157,-2.4752844882963996,10.0
2016-08-02 15:35:07.650,1.23,0.012,0.004,-10.035084773817584,-2.968385337148826,-1.7629906757611893,10.0
2016-08-02 15:35:07.660,1.238,0.02,-0.004,-8.207648851509358,-2.6959800256845146,-1.1348275514471404,10.0
2016-08-02 15:35:07.670,1.242,0.02,-0.016,-8.02325263953961,-2.313175804301443,0.48259600121915963,10.0
2016-08-02 15:35:07.680,1.242,0.027,-0.023,-7.464256505074149,-2.0688227429594557,2.3711169497069124,10.0
2016-08-02 15:35:07.690,1.254,0.055,-0.031,-6.015169342191464,-2.0684494657796226,3.9933455931929616,10.0
2016-08-02 15:35:07.700,1.273,0.074,-0.027,-4.97954126858604,-1.5279004921517367,5.837119425480248,10.0
2016-08-02 15:35:07.710,1.27,0.078,-0.023,-4.856109823845729,-0.524410743160076,7.583634986598941,10.0
2016-08-02 15:35:07.720,1.25,0.07,-0.023,-4.425960905085269,-0.43842610083687955,7.711674954634564,10.0
2016-08-02 15:35:07.730,1.242,0.059,-0.008,-2.290487541348081,-1.0395601436671045,6.283170589915648,10.0
2016-08-02 15:35:07.740,1.234,0.055,0.004,0.44294874310121696,-0.8837941953049516,4.95602978946562,10.0
2016-08-02 15:35:07.750,1.23,0.066,0.012,2.0337489660908084,-0.6141876429187172,3.8092276355119123,10.0
2016-08-02 15:35:07.760,1.23,0.094,0.02,2.6132357205526144,-1.1701636278163954,2.9927604193302226,10.0
2016-08-02 15:35:07.770,1.223,0.09,0.027,2.204726569163563,-1.393447637269841,3.9512410111389356,10.0
2016-08-02 15:35:07.780,1.215,0.102,0.023,1.1786087203300004,-1.333364139690398,5.4385415561740755,10.0
2016-08-02 15:35:07.790,1.211,0.125,0.012,0.7575366407201257,-1.4824680190345945,6.397492884879791,10.0
2016-08-02 15:35:07.800,1.199,0.137,0.0,0.6121096679871352,-0.3003210109707677,8.39167106786334,10.0
2016-08-02 15:35:07.810,1.172,0.125,-0.008,0.9308214573042195,1.4673728082139201,10.10171483743089,10.0
2016-08-02 15:35:07.820,1.141,0.109,-0.016,2.99921807751998,2.226802877563799,9.656972831011503,10.0
2016-08-02 15:35:07.830,1.113,0.113,-0.012,5.498549042714048,3.008846081772677,8.530205853006839,10.0
2016-08-02 15:35:07.840,1.082,0.113,-0.008,6.3226568755734185,3.5638109455650997,7.533311591049371,10.0
2016-08-02 15:35:07.850,1.055,0.102,0.016,6.0251429761422575,2.973995239494557,6.133044652621347,10.0
2016-08-02 15:35:07.860,1.035,0.109,0.039,6.039583049507521,2.100043997453559,4.703346127604772,10.0
2016-08-02 15:35:07.870,1.031,0.121,0.047,6.193404340446001,1.3749724375222556,3.7730423308239067,10.0
2016-08-02 15:35:07.880,1.023,0.129,0.051,5.678547867151728,0.4258415633175855,3.0715971365311945,10.0
2016-08-02 15:35:07.890,1.016,0.137,0.055,4.491067696157575,-0.6575813147305618,2.5785933522836872,10.0
2016-08-02 15:35:07.900,1.016,0.148,0.051,2.6336982388913093,-1.3788161335222908,3.0253111146596696,10.0
2016-08-02 15:35:07.910,1.02,0.164,0.027,0.3604658472067688,-1.6102700806231736,4.674508823134389,10.0
2016-08-02 15:35:07.920,1.043,0.191,0.02,-1.1714765011574748,-1.4610627366596691,7.3038676342437405,10.0
2016-08-02 15:35:07.930,1.086,0.223,0.012,-1.196272123268864,-0.5647723622271632,10.927667633557988,10.0
2016-08-02 15:35:07.940,1.133,0.238,-0.004,0.10638267283735109,1.2991756779042825,15.287875934704298,10.0
2016-08-02 15:35:07.950,1.184,0.246,-0.004,2.0502072040414188,3.5282134122134505,19.68246920968602,10.0
2016-08-02 15:35:07.960,1.223,0.25,-0.004,3.6171054098851565,5.542230391851879,23.619939175061116,10.0
2016-08-02 15:35:07.970,1.246,0.25,-0.016,3.914413816399791,6.969779848693773,26.89118668733429,10.0
2016-08-02 15:35:07.980,1.266,0.254,-0.016,3.4841218037675197,7.240780456044136,29.3656282378616,10.0
2016-08-02 15:35:07.990,1.293,0.242,-0.008,3.8988803688797145,6.8913483948012,30.966147352396558,10.0
2016-08-02 15:35:08.000,1.309,0.227,0.004,4.894621404101484,7.039497191812016,31.34590640655754,10.0
2016-08-02 15:35:08.010,1.32,0.227,0.012,4.66860955606816,7.197444834519413,30.302593266418917,10.0
2016-08-02 15:35:08.020,1.309,0.227,0.008,2.7615495013799114,6.6568916635407085,28.525985671200402,10.0
2016-08-02 15:35:08.030,1.313,0.227,0.004,0.639075266633607,6.116084747063433,26.541507454733374,10.0
2016-08-02 15:35:08.040,1.32,0.211,0.004,0.3028745950822328,6.373602780718385,24.130174066380498,10.0
2016-08-02 15:35:08.050,1.32,0.199,0.004,2.0754930568959202,7.295495459674234,21.705949207759083,10.0
2016-08-02 15:35:08.060,1.332,0.199,0.0,4.188822406991042,8.427953662393595,20.25518776986867,10.0
2016-08-02 15:35:08.070,1.332,0.195,-0.008,5.3716491765484236,9.743791884020418,19.901759201561013,10.0
2016-08-02 15:35:08.080,1.313,0.191,-0.016,5.9023861700691995,10.708741106284975,19.96725615257567,10.0
2016-08-02 15:35:08.090,1.309,0.199,-0.02,6.1667319153801,10.795968533660393,20.311786165322296,10.0
2016-08-02 15:35:08.100,1.297,0.191,-0.02,6.408210689165635,11.108212994324713,21.128816290282643,10.0
2016-08-02 15:35:08.110,1.266,0.176,-0.012,7.210469274697665,11.468608882613758,21.62037534205657,10.0
2016-08-02 15:35:08.120,1.246,0.168,-0.004,8.651149185926556,10.640709252567433,21.19765503445626,10.0
2016-08-02 15:35:08.130,1.23,0.164,0.008,9.649222012782293,10.028855495289765,20.74519134685291,10.0
2016-08-02 15:35:08.140,1.207,0.156,0.016,9.417589808032425,10.031952076653383,20.770055126243808,10.0
2016-08-02 15:35:08.150,1.191,0.168,0.023,8.539254830620465,9.06310761901571,20.80309380479393,10.0
2016-08-02 15:35:08.160,1.199,0.184,0.031,7.620441380043712,7.981555983375417,21.239836620115952,10.0
2016-08-02 15:35:08.170,1.195,0.176,0.02,6.9083648317576625,7.952044752030516,22.568261118119853,10.0
2016-08-02 15:35:08.180,1.184,0.172,0.012,7.254772859810636,8.014827945622619,23.706127329395894,10.0
2016-08-02 15:35:08.190,1.191,0.176,0.008,8.71945759464463,7.980072170246152,24.0281550954449,10.0
2016-08-02 15:35:08.200,1.199,0.18,-0.004,9.939266493972678,8.841336943917542,24.218256146761618,10.0
2016-08-02 15:35:08.210,1.191,0.16,-0.016,11.25283273225855,10.127322420784678,24.150892337463382,10.0
2016-08-02 15:35:08.220,1.152,0.133,-0.02,13.638879373550964,10.534491269419462,23.552962928998102,10.0
2016-08-02 15:35:08.230,1.117,0.133,-0.012,14.87648126975383,9.874099483622452,23.133275964203865,10.0
2016-08-02 15:35:08.240,1.102,0.148,0.008,13.244842281669335,8.963591092071667,23.37972224559435,10.0
2016-08-02 15:35:08.250,1.078,0.148,0.031,10.988998379356042,8.704918790763951,23.974122563910598,10.0
2016-08-02 15:35:08.260,1.047,0.129,0.051,10.586918251387425,8.71237669609804,23.64756083545728,10.0
2016-08-02 15:35:08.270,1.02,0.113,0.055,12.119225592018873,8.53022014010408,21.516108869851188,10.0
2016-08-02 15:35:08.280,0.984,0.09,0.035,14.048388744631186,8.631627313617836,18.635867006274907,10.0
2016-08-02 15:35:08.290,0.938,0.066,0.02,14.473827365206077,8.283779123958425,15.955293314958409,10.0
2016-08-02 15:35:08.300,0.906,0.066,0.023,12.179745565917928,6.754354972697043,13.381526161175632,10.0
2016-08-02 15:35:08.310,0.883,0.074,0.035,7.3467964667420915,5.076396783272955,11.591590001269704,10.0
2016-08-02 15:35:08.320,0.875,0.078,0.059,2.532119381434701,4.191871606609159,10.882682689920912,10.0
2016-08-02 15:35:08.330,0.879,0.07,0.074,0.7959650005975393,4.353484026768465,9.998035772074763,10.0
2016-08-02 15:35:08.340,0.867,0.051,0.066,1.169504579630198,5.249612117966401,8.362201948455706,10.0
2016-08-02 15:35:08.350,0.844,0.031,0.043,0.8417217837725955,5.873490509565358,6.1347962219705625,10.0
2016-08-02 15:35:08.360,0.832,0.02,0.027,0.40685332670993146,5.99227809638718,2.7715950536136273,10.0
2016-08-02 15:35:08.370,0.82,0.0,0.02,1.0558029331294767,6.278113957027591,-1.7440633174884317,10.0
2016-08-02 15:35:08.380,0.805,-0.027,0.016,1.7975669083010362,6.904159436056715,-6.7420750271744145,10.0
2016-08-02 15:35:08.390,0.801,-0.031,0.02,2.5115751131073423,7.552560255197005,-12.279229482843588,10.0
2016-08-02 15:35:08.400,0.801,-0.051,0.027,4.415778968974973,7.99202413531984,-18.500062434055838,10.0
2016-08-02 15:35:08.410,0.797,-0.051,0.035,7.266874903088658,8.335029678265213,-24.856948373317096,10.0
2016-08-02 15:35:08.420,0.793,-0.059,0.035,8.968204330309332,8.672656486047076,-30.805124844463183,10.0
2016-08-02 15:35:08.430,0.777,-0.066,0.031,8.171353618157513,8.61931385771279,-36.04245501296804,10.0
2016-08-02 15:35:08.440,0.754,-0.078,0.031,6.045701343243756,7.820614495612156,-40.66459727163909,10.0
2016-08-02 15:35:08.450,0.742,-0.07,0.035,4.450432697757286,6.499007507242422,-45.09468252859842,10.0
2016-08-02 15:35:08.460,0.734,-0.035,0.031,3.081885075524486,5.424548593648991,-48.78449845400296,10.0
2016-08-02 15:35:08.470,0.742,-0.016,0.039,0.8087449880470459,5.070270281270343,-50.85519774169367,10.0
2016-08-02 15:35:08.480,0.734,-0.012,0.047,-0.7744695272148963,4.857399964689824,-52.09813999646128,10.0
2016-08-02 15:35:08.490,0.73,-0.012,0.055,0.10082373943124684,4.213980411484538,-53.146065621391415,10.0
2016-08-02 15:35:08.500,0.723,-0.004,0.063,1.312453781963713,3.564143941538092,-52.86677718162464,10.0
2016-08-02 15:35:08.510,0.734,0.016,0.063,0.6621376451881433,2.862737847486721,-51.27599648996242,10.0
2016-08-02 15:35:08.520,0.75,0.039,0.055,-1.2245601039210863,1.6414118460041516,-49.24157046752326,10.0
2016-08-02 15:35:08.530,0.762,0.051,0.055,-3.2800099238684286,0.8339685107351673,-45.99847490080667,10.0
2016-08-02 15:35:08.540,0.781,0.035,0.055,-4.029032804432046,0.8721254402312176,-42.17358740186338,10.0
2016-08-02 15:35:08.550,0.797,0.043,0.047,-2.679742530355462,0.8398792125544163,-39.757373991710686,10.0
2016-08-02 15:35:08.560,0.816,0.047,0.031,-1.5775123085725538,1.0738864798859478,-37.751152079528794,10.0
2016-08-02 15:35:08.570,0.824,0.047,0.02,-2.0559330483581237,1.7655507782231055,-35.40949468667077,10.0
2016-08-02 15:35:08.580,0.832,0.059,0.016,-1.6597990136124732,1.7047436451599491,-34.31628667218257,10.0
2016-08-02 15:35:08.590,0.836,0.055,0.008,-0.15667712200269188,1.3113388839825812,-33.6537987668141,10.0
2016-08-02 15:35:08.600,0.848,0.066,0.016,0.10062129850134442,1.23358512303247,-32.41693591330926,10.0
2016-08-02 15:35:08.610,0.855,0.094,0.035,-0.19099033162932186,0.3045739234123842,-31.575410704498218,10.0
2016-08-02 15:35:08.620,0.875,0.094,0.055,-0.029493591763046598,-0.6653271495942882,-30.00404098928045,10.0
2016-08-02 15:35:08.630,0.883,0.094,0.055,-0.1671037969598284,-0.4950296667413057,-27.218693070539338,10.0
2016-08-02 15:35:08.640,0.895,0.121,0.059,-0.2875044220588191,-0.8511539171362564,-24.769652130326,10.0
2016-08-02 15:35:08.650,0.91,0.133,0.055,-1.290071361409162,-1.4814097373557362,-21.848988876779043,10.0
2016-08-02 15:35:08.660,0.918,0.145,0.047,-4.012755098414912,-1.0377526934491843,-18.555648605443828,10.0
2016-08-02 15:35:08.670,0.918,0.125,0.031,-5.80252327319135,-0.6701175004050062,-16.899867661387425,10.0
2016-08-02 15:35:08.680,0.918,0.117,0.023,-5.68067881864368,-0.3378797588354187,-16.17474924161386,10.0
2016-08-02 15:35:08.690,0.918,0.113,0.016,-5.185862395980298,0.504906197010336,-15.561717492943217,10.0
2016-08-02 15:35:08.700,0.914,0.105,0.016,-4.354712048503893,1.083994128260807,-15.342141203039668,10.0
2016-08-02 15:35:08.710,0.906,0.09,0.02,-3.171199972970281,1.4992999981269208,-14.811513925962814,10.0
2016-08-02 15:35:08.720,0.891,0.086,0.031,-2.069274266138836,1.406267051255028,-13.99096577543334,10.0
2016-08-02 15:35:08.730,0.895,0.102,0.043,-1.4968532844594962,0.4761474930520831,-12.949243497637497,10.0
2016-08-02 15:35:08.740,0.91,0.125,0.055,-2.353615235859813,-0.08933815025391073,-11.232483270773592,10.0
2016-08-02 15:35:08.750,0.926,0.129,0.059,-4.06010105724384,-0.2707425617871437,-9.643663031423223,10.0
2016-08-02 15:35:08.760,0.938,0.121,0.066,-5.321737436984904,-1.0257883969876593,-8.760192526634757,10.0
2016-08-02 15:35:08.770,0.941,0.113,0.059,-6.625280737919454,-2.272838913097014,-8.109565824333897,10.0
2016-08-02 15:35:08.780,0.938,0.113,0.051,-8.414257507162107,-3.792655627077105,-7.527780838978695,10.0
2016-08-02 15:35:08.790,0.938,0.109,0.039,-10.008870226365104,-5.319076654489173,-7.013130615295507,10.0
2016-08-02 15:35:08.800,0.938,0.113,0.039,-10.96688511183155,-6.490911761420204,-6.626187654843868,10.0
2016-08-02 15:35:08.810,0.938,0.113,0.047,-10.883400004876401,-7.453199169455328,-6.557552054304539,10.0
2016-08-02 15:35:08.820,0.941,0.113,0.051,-9.892291462464664,-8.130677998854038,-6.780159765017865,10.0
2016-08-02 15:35:08.830,0.938,0.117,0.055,-8.851604791752917,-8.4500489516782,-7.417176432069913,10.0
2016-08-02 15:35:08.840,0.922,0.113,0.051,-8.002625156625758,-8.781408303931352,-8.43129197661148,10.0
2016-08-02 15:35:08.850,0.906,0.121,0.051,-6.980979485046697,-9.116331127618547,-9.386375232068367,10.0
2016-08-02 15:35:08.860,0.895,0.121,0.051,-5.742920481634416,-9.188478310593304,-10.150444746224132,10.0
2016-08-02 15:35:08.870,0.887,0.137,0.055,-5.278464090610856,-9.085065806688338,-10.403143918503552,10.0
2016-08-02 15:35:08.880,0.895,0.156,0.063,-6.264000657213408,-9.068805786742349,-9.718852270592924,10.0
2016-08-02 15:35:08.890,0.918,0.172,0.066,-7.700957477012379,-8.812778620819621,-8.279995284112792,10.0
2016-08-02 15:35:08.900,0.934,0.176,0.063,-8.456844376201339,-7.935389320087311,-6.306539032281373,10.0
2016-08-02 15:35:08.910,0.938,0.168,0.055,-7.91971374529685,-7.0164348989187815,-4.2914216019965625,10.0
2016-08-02 15:35:08.920,0.949,0.168,0.047,-6.204157142395158,-5.955422353223936,-2.5864662335671036,10.0
2016-08-02 15:35:08.930,0.961,0.164,0.031,-4.518689110729159,-4.212226256989034,-1.2179007631903884,10.0
2016-08-02 15:35:08.940,0.957,0.156,0.023,-3.000665860056771,-2.814048058878755,-0.9362855495045579,10.0
2016-08-02 15:35:08.950,0.953,0.145,0.023,-0.4386326815893571,-2.387773550532706,-1.716721302303178,10.0
2016-08-02 15:35:08.960,0.957,0.141,0.027,3.0260805606048793,-2.2695274190019363,-2.920760281107868,10.0
2016-08-02 15:35:08.970,0.965,0.145,0.039,5.606725343377959,-2.3130105307211046,-4.39352468976875,10.0
2016-08-02 15:35:08.980,0.957,0.152,0.047,6.031758344003277,-2.7758265016015033,-5.1975699751736615,10.0
2016-08-02 15:35:08.990,0.953,0.156,0.063,5.19138251041945,-3.7474924021250198,-4.960400482397209,10.0
2016-08-02 15:35:09.000,0.949,0.16,0.074,4.891913237417897,-4.628132854366591,-4.174439789139082,10.0
2016-08-02 15:35:09.010,0.957,0.176,0.082,5.140744689494248,-4.652695119550003,-2.5031526052736637,10.0
2016-08-02 15:35:09.020,0.953,0.188,0.066,4.985574958511954,-4.363233733516694,0.052528887190894546,10.0
2016-08-02 15:35:09.030,0.961,0.195,0.055,4.667071565477789,-4.134559271227461,2.93873036766162,10.0
2016-08-02 15:35:09.040,0.973,0.207,0.043,4.712742885301356,-3.439118396032094,6.0772621290346915,10.0
2016-08-02 15:35:09.050,0.98,0.211,0.027,5.170751959830905,-2.624707357148738,9.31408724857918,10.0
2016-08-02 15:35:09.060,0.984,0.211,0.02,6.341192459892508,-2.2844445786950653,12.284240723503672,10.0
2016-08-02 15:35:09.070,0.992,0.215,0.016,8.442898759233405,-2.1107278914060927,14.980129082050226,10.0
2016-08-02 15:35:09.080,1.008,0.223,0.02,10.853984135004922,-2.0043280582384577,17.455508331736098,10.0
2016-08-02 15:35:09.090,1.031,0.219,0.035,12.626793897254142,-2.098787004643495,19.504785884057732,10.0
2016-08-02 15:35:09.100,1.043,0.227,0.051,13.459695970029506,-2.061770649284041,21.111161695787676,10.0
2016-08-02 15:35:09.110,1.047,0.227,0.051,13.504314892785235,-2.2827137629995584,22.184806414039294,10.0
2016-08-02 15:35:09.120,1.047,0.219,0.051,12.77496264922462,-3.172436899394601,22.42898549759661,10.0
2016-08-02 15:35:09.130,1.047,0.215,0.051,11.576647626629052,-3.975166513178888,21.910164986800808,10.0
2016-08-02 15:35:09.140,1.035,0.215,0.051,10.67283622757546,-4.349905001195674,20.644700884362575,10.0
2016-08-02 15:35:09.150,1.008,0.203,0.051,10.491019995229678,-4.458099756023797,18.58865724948442,10.0
2016-08-02 15:35:09.160,0.977,0.191,0.051,10.951750361548644,-4.563842583516465,16.015919542664484,10.0
2016-08-02 15:35:09.170,0.941,0.18,0.047,11.543991010670247,-5.025672917466866,13.228641860888892,10.0
2016-08-02 15:35:09.180,0.906,0.172,0.047,11.477525197528355,-5.5806448299558875,10.666918415908341,10.0
2016-08-02 15:35:09.190,0.883,0.172,0.047,10.936495480219621,-5.9768622707485335,8.587331507382729,10.0
2016-08-02 15:35:09.200,0.855,0.176,0.055,10.994196431676535,-6.095933237586703,6.799674884879326,10.0
2016-08-02 15:35:09.210,0.84,0.176,0.055,11.648036481551122,-5.7887093594168375,5.459389403786284,10.0
2016-08-02 15:35:09.220,0.82,0.18,0.051,11.722518114318476,-5.4816311209378,5.062763203393139,10.0
2016-08-02 15:35:09.230,0.805,0.191,0.051,10.566250881580704,-5.545070877122834,5.713322909633307,10.0
2016-08-02 15:35:09.240,0.801,0.207,0.051,8.587134173262877,-5.791996837904027,7.09253235968517,10.0
2016-08-02 15:35:09.250,0.805,0.219,0.051,6.7972864292484125,-6.0501857903827645,8.896065298529159,10.0
2016-08-02 15:35:09.260,0.816,0.227,0.059,6.248883936519028,-6.213336526080123,11.16375472114495,10.0
2016-08-02 15:35:09.270,0.832,0.227,0.059,6.9267753157110645,-6.108486027171228,13.964223670899358,10.0
2016-08-02 15:35:09.280,0.84,0.23,0.055,7.344237642097307,-6.005192716620931,16.923955719508104,10.0
2016-08-02 15:35:09.290,0.848,0.23,0.059,6.410866002060411,-6.303308464757041,19.60452362929979,10.0
2016-08-02 15:35:09.300,0.855,0.234,0.047,5.124387218717928,-6.761713721721213,21.73939796300038,10.0
2016-08-02 15:35:09.310,0.859,0.223,0.043,5.1228784720881215,-6.997131091232628,23.053262612423808,10.0
2016-08-02 15:35:09.320,0.867,0.219,0.043,6.598269953500111,-6.948359879076275,23.466655549101077,10.0
2016-08-02 15:35:09.330,0.867,0.223,0.043,8.003317215814455,-6.866507569907022,23.164208232558664,10.0
2016-08-02 15:35:09.340,0.867,0.238,0.047,7.560447979250107,-7.395782377368093,22.39677946376146,10.0
2016-08-02 15:35:09.350,0.871,0.242,0.055,5.883541821185683,-8.691895842553095,21.317197919562467,10.0
2016-08-02 15:35:09.360,0.883,0.246,0.055,4.79239512610713,-9.65563363117309,20.324294898621417,10.0
2016-08-02 15:35:09.370,0.887,0.25,0.063,3.9616615378580713,-9.970492203832737,19.87324177177377,10.0
2016-08-02 15:35:09.380,0.891,0.254,0.07,2.5452514428953084,-10.705151285101671,19.689551426048347,10.0
2016-08-02 15:35:09.390,0.906,0.254,0.07,1.341777931264693,-11.307410688298223,19.63734374476925,10.0
2016-08-02 15:35:09.400,0.914,0.258,0.063,1.3552015297396252,-10.74504001320483,19.89478865370178,10.0
2016-08-02 15:35:09.410,0.918,0.262,0.059,2.526058139364343,-9.925347017778357,20.251979824106492,10.0
2016-08-02 15:35:09.420,0.914,0.262,0.043,3.495972408124815,-9.36333811310351,20.8139644100891,10.0
2016-08-02 15:35:09.430,0.91,0.266,0.027,3.1531822653069637,-8.710799095189014,21.523533874824388,10.0
2016-08-02 15:35:09.440,0.906,0.266,0.016,2.5080403037203896,-8.202781654026076,22.00438484420502,10.0
2016-08-02 15:35:09.450,0.918,0.266,0.016,3.348962915119123,-7.898320629877551,22.482111269006197,10.0
2016-08-02 15:35:09.460,0.934,0.262,0.016,6.002875500142372,-7.534306866134914,23.051736307190723,10.0
2016-08-02 15:35:09.470,0.969,0.27,0.031,8.278935458228354,-6.9746665568147055,23.916773936133406,10.0
2016-08-02 15:35:09.480,0.992,0.289,0.035,7.298389510685203,-6.5372996372641,25.530781833570245,10.0
2016-08-02 15:35:09.490,1.016,0.297,0.043,4.064118582281643,-7.044910194370937,27.211677043462434,10.0
2016-08-02 15:35:09.500,1.047,0.285,0.055,2.869599134489878,-7.894563682820706,28.18633160451654,10.0
2016-08-02 15:35:09.510,1.09,0.258,0.055,5.323235119892974,-7.495240621554277,28.387398924917782,10.0
2016-08-02 15:35:09.520,1.105,0.242,0.031,8.888102572877877,-6.405698246093014,27.370417405590747,10.0
2016-08-02 15:35:09.530,1.086,0.219,0.004,10.85242709207174,-6.209085103339662,25.18587305604497,10.0
2016-08-02 15:35:09.540,1.078,0.215,0.0,10.544487980911615,-7.380787393528006,22.78279451043715,10.0
2016-08-02 15:35:09.550,1.145,0.254,0.051,8.323172212321651,-9.224246940069955,20.793615583072118,10.0
2016-08-02 15:35:09.560,1.27,0.297,0.121,4.055500959879333,-8.67745804411001,19.79761296906239,10.0
2016-08-02 15:35:09.570,1.352,0.305,0.117,-1.2022288392697207,-4.261802877190977,19.228540491696442,10.0
2016-08-02 15:35:09.580,1.363,0.254,0.066,-1.5646452648905915,0.09910504187725444,16.25249757419828,10.0
2016-08-02 15:35:09.590,1.344,0.172,-0.02,5.897048255484617,2.975583972376224,10.048422101918685,10.0
2016-08-02 15:35:09.600,1.281,0.113,-0.098,12.239029820055997,6.381731866885109,2.6578022716304694,10.0
2016-08-02 15:35:09.610,1.211,0.102,-0.113,10.752583173830157,7.790926704569904,-5.989661816286946,10.0
2016-08-02 15:35:09.620,1.191,0.102,-0.074,7.932365591518449,6.449822905850322,-15.992211893268896,10.0
2016-08-02 15:35:09.630,1.195,0.098,-0.008,9.204695712592352,7.007220950422411,-24.300438514867043,10.0
2016-08-02 15:35:09.640,1.168,0.105,0.051,10.856027627607888,8.46377653118049,-29.39560392143475,10.0
2016-08-02 15:35:09.650,1.137,0.129,0.09,8.892417524956956,7.083470856919453,-32.28858702508196,10.0
2016-08-02 15:35:09.660,1.125,0.16,0.102,4.122632561921444,6.199878737329391,-33.000226673267846,10.0
2016-08-02 15:35:09.670,1.109,0.188,0.078,-0.46220775662924396,7.843729338866263,-31.848740452374606,10.0
2016-08-02 15:35:09.680,1.094,0.191,0.043,-2.960601195612388,9.283564861926969,-30.220013325170513,10.0
2016-08-02 15:35:09.690,1.063,0.168,-0.004,-3.4199924207582466,11.09003584099279,-28.655299903567457,10.0
2016-08-02 15:35:09.700,1.012,0.133,-0.051,-2.373630987484613,13.453693941819761,-27.69257684875497,10.0
2016-08-02 15:35:09.710,0.953,0.105,-0.078,-0.12301965477151966,14.246423675732313,-27.67291384158285,10.0
2016-08-02 15:35:09.720,0.906,0.109,-0.094,2.0942991663138533,13.994174722457812,-27.7799144547784,10.0
2016-08-02 15:35:09.730,0.875,0.125,-0.074,2.4809022591309122,13.525318843901823,-27.802288716480597,10.0
2016-08-02 15:35:09.740,0.832,0.109,-0.039,1.0020466942681563,12.472766683768816,-28.43636773751095,10.0
2016-08-02 15:35:09.750,0.781,0.07,0.004,-0.6163790916368093,10.280507139007765,-30.337087926051133,10.0
2016-08-02 15:35:09.760,0.746,0.047,0.043,-1.7724593223393996,7.226655506459414,-33.50047422695096,10.0
2016-08-02 15:35:09.770,0.734,0.035,0.078,-3.425222977882003,5.66517244868006,-36.961026828102504,10.0
2016-08-02 15:35:09.780,0.742,0.035,0.082,-5.837901638215623,6.162080832253453,-40.390453689288655,10.0
2016-08-02 15:35:09.790,0.754,0.059,0.063,-8.839057682777101,6.5656802940051024,-43.857370249830645,10.0
2016-08-02 15:35:09.800,0.754,0.066,0.02,-12.262830177882659,6.18622802589314,-46.258082713431776,10.0
2016-08-02 15:35:09.810,0.746,0.039,-0.023,-15.026188177468908,5.237824629922319,-46.983033476521,10.0
2016-08-02 15:35:09.820,0.734,0.004,-0.063,-16.41490108384447,3.531834414068414,-46.54004660198408,10.0
2016-08-02 15:35:09.830,0.738,0.023,-0.078,-17.34454174202454,1.6903074272588425,-44.951113334965214,10.0
2016-08-02 15:35:09.840,0.773,0.063,-0.074,-18.78380359359028,0.6908873942657687,-42.21585958560175,10.0
2016-08-02 15:35:09.850,0.824,0.074,-0.063,-19.1780496879242,1.2720114780117948,-39.25034811094828,10.0
2016-08-02 15:35:09.860,0.871,0.035,-0.059,-16.18365745916449,3.295097693488665,-36.90370014699189,10.0
2016-08-02 15:35:09.870,0.902,0.0,-0.063,-11.697662706370643,5.514842444987064,-35.02580553638158,10.0
2016-08-02 15:35:09.880,0.922,0.016,-0.086,-10.057525561375853,7.059537267419991,-33.048356800216524,10.0
2016-08-02 15:35:09.890,0.941,0.063,-0.105,-12.598218239466984,7.737240739216007,-30.431114588932505,10.0
2016-08-02 15:35:09.900,0.949,0.078,-0.109,-17.43864571711255,7.5579418870889326,-27.192103918404882,10.0
2016-08-02 15:35:09.910,0.953,0.051,-0.086,-21.298194657620172,6.7300273740732965,-24.7831796706864,10.0
2016-08-02 15:35:09.920,0.949,0.023,-0.074,-22.53108137286118,5.678059773201788,-24.28256539845907,10.0
2016-08-02 15:35:09.930,0.945,-0.004,-0.07,-22.496463748040195,4.672774838981836,-24.782981498961064,10.0
2016-08-02 15:35:09.940,0.945,-0.008,-0.07,-21.81594625156018,3.7551804524846775,-25.662785426694562,10.0
2016-08-02 15:35:09.950,0.953,0.008,-0.063,-19.902631521853703,3.554727813173484,-26.75844015517788,10.0
2016-08-02 15:35:09.960,0.957,0.027,-0.059,-17.96602862017194,4.396821910572715,-26.703438857261833,10.0
2016-08-02 15:35:09.970,0.953,0.043,-0.059,-17.879927257277842,5.212785359635431,-25.348118189500802,10.0
2016-08-02 15:35:09.980,0.934,0.059,-0.063,-19.88403669554465,4.923746810418907,-24.007163813033657,10.0
2016-08-02 15:35:09.990,0.934,0.09,-0.059,-23.410528992104652,3.7592506181541507,-22.254564110792984,10.0
2016-08-02 15:35:10.000,0.934,0.098,-0.059,-27.776554773846208,2.387424576138369,-19.662355384321707,10.0
2016-08-02 15:35:10.010,0.957,0.074,-0.051,-31.208346415241355,0.9611951098962818,-17.795577031881066,10.0
2016-08-02 15:35:10.020,0.977,0.059,-0.055,-31.71899811508811,-0.38010915109749416,-17.370079565191123,10.0
2016-08-02 15:35:10.030,1.0,0.039,-0.063,-29.51816238654255,-1.4837643910444727,-17.16925445980246,10.0
2016-08-02 15:35:10.040,1.031,0.012,-0.063,-26.192674446728574,-1.9845905421767531,-16.540468939621242,10.0
2016-08-02 15:35:10.050,1.063,0.016,-0.059,-22.350090006291023,-1.8391019129015285,-16.165686006097204,10.0
2016-08-02 15:35:10.060,1.094,0.063,-0.059,-19.684677010440033,-2.0526408714106754,-15.130929995204697,10.0
2016-08-02 15:35:10.070,1.125,0.102,-0.051,-21.204364095548428,-2.6520228284240224,-11.519123876701936,10.0
2016-08-02 15:35:10.080,1.152,0.113,-0.047,-25.44209185281958,-3.1348541658696263,-6.973580470189711,10.0
2016-08-02 15:35:10.090,1.172,0.121,-0.055,-27.74524597312185,-4.360555695161206,-3.8342883957061265,10.0
2016-08-02 15:35:10.100,1.184,0.113,-0.059,-27.72083844988085,-6.354445153015492,-0.7073700296483164,10.0
2016-08-02 15:35:10.110,1.191,0.109,-0.059,-27.796496209896443,-8.255412649404109,2.777268873665427,10.0
2016-08-02 15:35:10.120,1.203,0.109,-0.039,-27.749530563486097,-10.114498720073389,4.359215155728721,10.0
2016-08-02 15:35:10.130,1.227,0.105,-0.012,-26.117453924674265,-11.174443972499143,4.198598390876968,10.0
2016-08-02 15:35:10.140,1.254,0.109,0.0,-23.208750745933187,-10.503480661055157,3.767765648895945,10.0
2016-08-02 15:35:10.150,1.258,0.105,-0.016,-20.71406671957967,-8.941156065755901,3.298022426379465,10.0
2016-08-02 15:35:10.160,1.242,0.121,-0.043,-20.71450130507755,-8.031723055618912,3.2481844232877926,10.0
2016-08-02 15:35:10.170,1.23,0.148,-0.066,-23.496278263382507,-8.772148280084481,3.9448773083048625,10.0
2016-08-02 15:35:10.180,1.238,0.16,-0.063,-26.003698237343343,-9.896778943102216,4.838918527950618,10.0
2016-08-02 15:35:10.190,1.246,0.156,-0.051,-25.616320594593336,-9.578019377429685,5.211674832370676,10.0
2016-08-02 15:35:10.200,1.227,0.148,-0.031,-23.52771277759618,-8.858933649754821,5.202972076412491,10.0
2016-08-02 15:35:10.210,1.199,0.148,-0.012,-21.437426215567555,-9.238879384706475,5.532535385839828,10.0
2016-08-02 15:35:10.220,1.191,0.16,0.012,-19.244866043687562,-10.132499849949205,6.357533213866164,10.0
2016-08-02 15:35:10.230,1.191,0.172,0.016,-18.108425321642144,-10.44939000400396,8.04659332737494,10.0
2016-08-02 15:35:10.240,1.184,0.18,0.008,-19.272536044888348,-10.548475369772685,10.301540041484797,10.0
2016-08-02 15:35:10.250,1.18,0.18,0.008,-20.821449615318087,-11.291857889201887,11.627826325918203,10.0
2016-08-02 15:35:10.260,1.184,0.188,0.004,-21.639209425223974,-11.726410022668581,12.393827351736748,10.0
2016-08-02 15:35:10.270,1.172,0.188,-0.012,-22.894418407901366,-11.317939665110895,13.606802985945176,10.0
2016-08-02 15:35:10.280,1.145,0.176,-0.027,-23.47890562409177,-11.390441319172965,14.16345167040135,10.0
2016-08-02 15:35:10.290,1.133,0.164,-0.027,-21.252592910124555,-11.446443482367346,13.60646601461311,10.0
2016-08-02 15:35:10.300,1.125,0.164,-0.02,-17.1972624557769,-10.388553059688892,12.990671504037484,10.0
2016-08-02 15:35:10.310,1.105,0.176,-0.02,-13.991007916608641,-9.671474564114977,12.137668801396696,10.0
2016-08-02 15:35:10.320,1.082,0.176,-0.008,-12.541567050782458,-9.92909464705538,10.640663932693156,10.0
2016-08-02 15:35:10.330,1.055,0.168,0.004,-11.6618416543349,-10.2918358626174,9.259756391927873,10.0
2016-08-02 15:35:10.340,1.039,0.18,0.008,-10.921379012100108,-10.74607142265252,8.267595324296462,10.0
2016-08-02 15:35:10.350,1.039,0.188,0.012,-11.412798616983949,-10.609323143815384,7.872286869622041,10.0
2016-08-02 15:35:10.360,1.059,0.211,0.008,-12.206252402125788,-9.5954334493757,8.507679146217928,10.0
2016-08-02 15:35:10.370,1.09,0.234,-0.008,-10.658207819604966,-8.979552986016087,10.381796615692183,10.0
2016-08-02 15:35:10.380,1.168,0.281,0.004,-7.894736005438885,-8.699778276214289,14.762288785204674,10.0
2016-08-02 15:35:10.390,1.242,0.309,0.008,-7.887126019431755,-7.75353972389944,21.907079720743816,10.0
2016-08-02 15:35:10.400,1.262,0.297,-0.023,-9.676182718817369,-6.626817071491175,28.75253517840651,10.0
2016-08-02 15:35:10.410,1.238,0.246,-0.027,-7.542884018478649,-6.289249659556111,32.0739015207559,10.0
2016-08-02 15:35:10.420,1.211,0.199,-0.012,-1.5968695635279555,-6.097153344872649,31.662136808572992,10.0
2016-08-02 15:35:10.430,1.199,0.188,0.0,1.8685248038608542,-5.329268857436187,28.615810951452513,10.0
2016-08-02 15:35:10.440,1.184,0.191,0.004,2.8381681635653755,-4.373602875901136,23.406388321745997,10.0
2016-08-02 15:35:10.450,1.137,0.18,-0.004,6.123340275645253,-3.526648777611671,17.214460031494085,10.0
2016-08-02 15:35:10.460,1.078,0.176,0.0,9.766065548950362,-3.9408836738735196,11.287681754841422,10.0
2016-08-02 15:35:10.470,1.039,0.207,0.016,8.770052466913972,-6.1697459177916905,6.1183850687003805,10.0
2016-08-02 15:35:10.480,1.031,0.23,0.043,4.543355671491656,-8.22192075186863,2.751645003932534,10.0
2016-08-02 15:35:10.490,1.051,0.242,0.074,1.9980473222268236,-8.67661807147715,1.2497069619120798,10.0
2016-08-02 15:35:10.500,1.082,0.254,0.094,2.598441159879722,-8.015774669683454,0.8063183901624653,10.0
2016-08-02 15:35:10.510,1.109,0.262,0.082,4.739586454090213,-6.939813596398547,1.929985068618345,10.0
2016-08-02 15:35:10.520,1.125,0.262,0.039,7.276489596277363,-5.952405471187364,4.808072648517342,10.0
2016-08-02 15:35:10.530,1.148,0.262,0.0,9.524911493727508,-5.193873500840359,8.715395171990673,10.0
2016-08-02 15:35:10.540,1.18,0.277,-0.02,10.802731130449923,-4.316280262428892,13.03890824440619,10.0
2016-08-02 15:35:10.550,1.23,0.293,-0.02,11.730528968190598,-2.952620961278632,17.065831317224433,10.0
2016-08-02 15:35:10.560,1.266,0.293,-0.02,13.765634491789731,-0.7391699101654476,20.613902801735257,10.0
2016-08-02 15:35:10.570,1.277,0.281,-0.016,17.21936821761004,1.530309898253587,23.297658442829327,10.0
2016-08-02 15:35:10.580,1.262,0.27,-0.004,20.36932270080768,1.9798349153673365,24.312914471339695,10.0
2016-08-02 15:35:10.590,1.25,0.273,0.02,21.508898839547253,0.6320310755634986,24.027163044853992,10.0
2016-08-02 15:35:10.600,1.25,0.277,0.059,20.983701754287758,-1.2948976874740123,23.005680944060476,10.0
2016-08-02 15:35:10.610,1.238,0.27,0.09,19.18776529420421,-3.6642112048442623,21.554833003355338,10.0
2016-08-02 15:35:10.620,1.227,0.266,0.094,16.170654449925333,-6.3475800100625035,20.137540422904387,10.0
2016-08-02 15:35:10.630,1.227,0.281,0.09,13.31490054368767,-8.631796840284164,18.72942662644904,10.0
2016-08-02 15:35:10.640,1.238,0.297,0.078,11.564545400850012,-9.992883692122453,17.79709989586276,10.0
2016-08-02 15:35:10.650,1.25,0.301,0.059,10.71247828924335,-10.386965782781129,18.07229892677732,10.0
2016-08-02 15:35:10.660,1.25,0.301,0.02,10.971272677025679,-10.419108744164104,19.333735486224555,10.0
2016-08-02 15:35:10.670,1.246,0.293,-0.008,12.212951598067068,-10.763988527500086,21.494160976780794,10.0
2016-08-02 15:35:10.680,1.246,0.301,-0.016,13.403936553048664,-11.013045111674034,24.566047949844027,10.0
2016-08-02 15:35:10.690,1.242,0.293,0.004,14.226229787469705,-10.523023197796572,27.650327989238015,10.0
2016-08-02 15:35:10.700,1.234,0.277,0.02,15.198664587268542,-9.595030647984773,30.084065322202633,10.0
2016-08-02 15:35:10.710,1.223,0.273,0.027,15.733322646880804,-8.840921834129661,32.257144849211485,10.0
2016-08-02 15:35:10.720,1.219,0.277,0.023,14.324056978567771,-8.43516284690536,34.43406541482171,10.0
2016-08-02 15:35:10.730,1.23,0.281,0.016,11.404736872232498,-7.781165756329067,36.29346938780883,10.0
2016-08-02 15:35:10.740,1.246,0.277,0.0,9.502745128484039,-6.601536674509187,37.813840691088004,10.0
2016-08-02 15:35:10.750,1.262,0.273,-0.02,9.896171911261142,-5.507909547634781,38.99529580804921,10.0
2016-08-02 15:35:10.760,1.27,0.258,-0.027,11.528252052039816,-4.572755326033683,39.311405033429295,10.0
2016-08-02 15:35:10.770,1.273,0.246,-0.023,13.002748264867249,-3.8047115296526717,38.66546938874577,10.0
2016-08-02 15:35:10.780,1.277,0.219,-0.012,14.056482229759288,-3.747172128778365,37.34453201129453,10.0
2016-08-02 15:35:10.790,1.281,0.211,0.0,14.944936479705902,-4.294558542249232,35.47788536936814,10.0
2016-08-02 15:35:10.800,1.277,0.203,0.008,14.678490348662443,-4.9770441223689295,33.64230970576335,10.0
2016-08-02 15:35:10.810,1.27,0.199,0.0,12.31540486187242,-5.898944695808975,32.316415719836044,10.0
2016-08-02 15:35:10.820,1.254,0.191,-0.016,9.568711772331593,-7.118869971082346,31.088226296894,10.0
2016-08-02 15:35:10.830,1.246,0.188,-0.027,8.099054388296704,-7.73960877818059,29.67132185185064,10.0
2016-08-02 15:35:10.840,1.219,0.184,-0.039,6.889291517920642,-7.567755187548107,28.260932449964763,10.0
2016-08-02 15:35:10.850,1.188,0.168,-0.051,5.6689548284586735,-7.763040461108547,26.305668903499786,10.0
2016-08-02 15:35:10.860,1.156,0.152,-0.051,6.6709680256969985,-7.702188080390339,23.16368714714548,10.0
2016-08-02 15:35:10.870,1.117,0.117,-0.059,10.81492036576904,-6.290228229755591,19.364098978890286,10.0
2016-08-02 15:35:10.880,1.059,0.09,-0.07,15.697851058673084,-5.343430269522822,15.651248326084211,10.0
2016-08-02 15:35:10.890,1.0,0.094,-0.066,17.90038103008591,-6.4270864112333665,12.51776944854784,10.0
2016-08-02 15:35:10.900,0.965,0.121,-0.051,15.223256806640329,-8.319456329469544,10.420143096775554,10.0
2016-08-02 15:35:10.910,0.938,0.129,-0.02,8.826560146905628,-9.103865081075686,9.209162066144586,10.0
2016-08-02 15:35:10.920,0.918,0.117,-0.004,3.7354504520079326,-8.350483660613646,7.501862394061727,10.0
2016-08-02 15:35:10.930,0.898,0.113,0.008,3.251158375803791,-7.31522031922811,4.359130867905901,10.0
2016-08-02 15:35:10.940,0.879,0.102,0.0,4.764824853227928,-6.503364895083605,1.2419024734104522,10.0
2016-08-02 15:35:10.950,0.871,0.102,-0.02,4.715162211810425,-5.520982750683436,-1.2058232041755683,10.0
2016-08-02 15:35:10.960,0.863,0.086,-0.039,3.1822414722477315,-4.775133104803366,-4.12199052382433,10.0
2016-08-02 15:35:10.970,0.852,0.059,-0.055,1.8971645366273777,-4.39377446639514,-7.025902534669726,10.0
2016-08-02 15:35:10.980,0.836,0.047,-0.063,2.148444685087278,-4.464618309105843,-9.425614091288194,10.0
2016-08-02 15:35:10.990,0.828,0.051,-0.059,3.2148878331223347,-5.007019791563091,-11.532309754393474,10.0
2016-08-02 15:35:11.000,0.801,0.059,-0.051,2.648115747657276,-4.928392821080437,-12.728997189311837,10.0
2016-08-02 15:35:11.010,0.781,0.055,-0.043,1.010930231008818,-4.4387648499485,-13.973328297959881,10.0
2016-08-02 15:35:11.020,0.758,0.059,-0.047,0.339992651545173,-4.569157431930721,-16.34953578544048,10.0
2016-08-02 15:35:11.030,0.734,0.063,-0.047,-0.9305765966163984,-4.716764498228817,-18.745830214761213,10.0
2016-08-02 15:35:11.040,0.727,0.059,-0.043,-3.866272918376991,-4.5954203868166275,-21.242705105153526,10.0
2016-08-02 15:35:11.050,0.719,0.055,-0.047,-6.952099040083413,-4.655884578067429,-24.315262085374194,10.0
2016-08-02 15:35:11.060,0.703,0.063,-0.051,-10.184467713651923,-4.7351423194943925,-26.24268106272739,10.0
2016-08-02 15:35:11.070,0.695,0.063,-0.051,-13.672615585482758,-4.782798125652491,-26.292521834753124,10.0
2016-08-02 15:35:11.080,0.699,0.063,-0.039,-15.985927726142656,-4.754913219495098,-25.556647203355162,10.0
2016-08-02 15:35:11.090,0.711,0.07,-0.039,-17.331685184221037,-4.123376952650311,-24.119316836821422,10.0
2016-08-02 15:35:11.100,0.719,0.078,-0.055,-19.173454138445706,-2.8354417010378,-21.899496614185594,10.0
2016-08-02 15:35:11.110,0.727,0.082,-0.07,-20.792995346933463,-1.4542027094509402,-19.973567807534877,10.0
2016-08-02 15:35:11.120,0.742,0.082,-0.082,-20.737061944383406,-0.02698419471604785,-18.83263442726981,10.0
2016-08-02 15:35:11.130,0.754,0.07,-0.094,-19.52932837664779,1.6855449996201664,-18.584159888723967,10.0
2016-08-02 15:35:11.140,0.766,0.059,-0.109,-17.96691898805656,3.367694615580661,-19.514636735825164,10.0
2016-08-02 15:35:11.150,0.773,0.055,-0.113,-16.519269648790136,4.721033968969955,-20.818025476561417,10.0
2016-08-02 15:35:11.160,0.785,0.066,-0.105,-15.96219301349769,5.714525088586182,-21.80911899770252,10.0
2016-08-02 15:35:11.170,0.805,0.059,-0.086,-15.44772416639749,6.424790290008356,-22.680155248943414,10.0
2016-08-02 15:35:11.180,0.809,0.035,-0.066,-13.970711097154464,7.158238549399644,-23.32970821898966,10.0
2016-08-02 15:35:11.190,0.82,0.043,-0.043,-13.140966839679487,7.558628390830507,-23.880261551106628,10.0
2016-08-02 15:35:11.200,0.832,0.074,-0.027,-14.68661404640971,7.087394776640689,-24.328796869028288,10.0
2016-08-02 15:35:11.210,0.855,0.086,-0.027,-17.93871104378593,6.503834496991912,-23.953139406482656,10.0
2016-08-02 15:35:11.220,0.875,0.074,-0.039,-20.300502221248617,6.258641506256621,-23.268102343474393,10.0
2016-08-02 15:35:11.230,0.887,0.07,-0.066,-20.566021675658657,5.787189516897826,-23.20225343664473,10.0
2016-08-02 15:35:11.240,0.902,0.066,-0.09,-21.00729235896297,5.309825458156441,-22.730357616365716,10.0
2016-08-02 15:35:11.250,0.918,0.066,-0.113,-22.416417238111894,5.227165819076918,-21.327154579209942,10.0
2016-08-02 15:35:11.260,0.938,0.066,-0.117,-22.307409565228028,5.439707164886244,-20.081560910954853,10.0
2016-08-02 15:35:11.270,0.953,0.063,-0.117,-19.606617103888265,5.982831055211631,-19.16951050461443,10.0
2016-08-02 15:35:11.280,0.977,0.063,-0.109,-15.42056121079505,6.683432682636505,-18.18278240849335,10.0
2016-08-02 15:35:11.290,0.988,0.063,-0.105,-11.298246679513714,7.416078777286135,-17.437198713454066,10.0
2016-08-02 15:35:11.300,0.984,0.055,-0.109,-8.122695116424895,7.731702725087312,-17.579394661061855,10.0
2016-08-02 15:35:11.310,0.977,0.055,-0.102,-5.590353592864387,6.77802048379753,-18.804207099412935,10.0
2016-08-02 15:35:11.320,0.973,0.051,-0.09,-4.418966459749122,5.3635510808381515,-20.195125771095142,10.0
2016-08-02 15:35:11.330,0.961,0.055,-0.078,-6.415857228598701,4.491033036256901,-21.19357274236452,10.0
2016-08-02 15:35:11.340,0.953,0.07,-0.066,-9.95780836169447,3.2454082670190183,-22.39102778320684,10.0
2016-08-02 15:35:11.350,0.953,0.066,-0.055,-11.164888856763763,2.046214813258122,-23.176591046794552,10.0
2016-08-02 15:35:11.360,0.949,0.055,-0.055,-9.638880293795303,2.249755419348644,-22.98607888824276,10.0
2016-08-02 15:35:11.370,0.945,0.055,-0.055,-7.013914316629713,2.431891478154805,-23.039085117066364,10.0
2016-08-02 15:35:11.380,0.941,0.066,-0.074,-4.579652777596155,1.8728267526737832,-22.844761252874306,10.0
2016-08-02 15:35:11.390,0.93,0.074,-0.086,-3.5224594946032766,2.1582176616184983,-21.06393181092212,10.0
2016-08-02 15:35:11.400,0.934,0.07,-0.098,-2.9349032687770236,3.1095190248686304,-18.91981912097344,10.0
2016-08-02 15:35:11.410,0.941,0.082,-0.105,-1.5423816917493232,3.996346939997923,-17.43722863963628,10.0
2016-08-02 15:35:11.420,0.957,0.102,-0.105,0.15245433019391347,5.412959532948381,-15.830349984611939,10.0
2016-08-02 15:35:11.430,0.969,0.098,-0.102,2.09016500238692,7.357107273953339,-13.854859593595599,10.0
2016-08-02 15:35:11.440,0.969,0.09,-0.094,4.789394445082531,8.971007244470666,-12.290398042669455,10.0
2016-08-02 15:35:11.450,0.969,0.094,-0.09,7.8091405986593685,9.859492287350845,-11.216048744903924,10.0
2016-08-02 15:35:11.460,0.965,0.09,-0.086,9.600086979061548,10.482828353067895,-9.876235727794436,10.0
2016-08-02 15:35:11.470,0.961,0.102,-0.078,9.851721970074191,11.155648414278449,-8.560533745680685,10.0
2016-08-02 15:35:11.480,0.961,0.102,-0.074,10.781857779934354,11.59142928624572,-8.083740578871183,10.0
2016-08-02 15:35:11.490,0.957,0.102,-0.063,13.21447490772393,11.746792201977229,-8.115054899669037,10.0
2016-08-02 15:35:11.500,0.945,0.098,-0.059,15.530706675027883,11.85106183948538,-8.135950982637924,10.0
2016-08-02 15:35:11.510,0.934,0.102,-0.055,16.742242321214608,11.596590949227002,-8.428023466210238,10.0
2016-08-02 15:35:11.520,0.914,0.109,-0.051,16.536063307108982,10.662097344718354,-8.905213398344971,10.0
2016-08-02 15:35:11.530,0.898,0.121,-0.039,15.133309730141185,9.668681880716836,-8.762538884608944,10.0
2016-08-02 15:35:11.540,0.895,0.129,-0.027,13.675574933995026,9.123705892625072,-7.982663414623892,10.0
2016-08-02 15:35:11.550,0.887,0.133,-0.02,13.18943829237555,8.760269984934911,-7.101971805568844,10.0
2016-08-02 15:35:11.560,0.887,0.133,-0.02,14.238245736387054,8.662279488514798,-6.03293190295427,10.0
2016-08-02 15:35:11.570,0.887,0.141,-0.031,16.226435585975917,8.94705512086745,-4.517048226225036,10.0
2016-08-02 15:35:11.580,0.906,0.156,-0.027,17.811427217173488,9.19542470238612,-2.5444550372110006,10.0
2016-08-02 15:35:11.590,0.941,0.18,-0.039,18.88786163393356,9.559494915502771,-0.2601969519851553,10.0
2016-08-02 15:35:11.600,0.969,0.199,-0.063,19.67985696103143,10.271875327979618,2.3517937097410524,10.0
2016-08-02 15:35:11.610,0.977,0.199,-0.078,20.413437908918073,10.41262924711632,5.258730591678161,10.0
2016-08-02 15:35:11.620,0.98,0.191,-0.074,22.164424571740454,9.406973624830698,7.686999070262974,10.0
2016-08-02 15:35:11.630,0.988,0.188,-0.047,24.11523670603919,8.04688096936595,9.434113323699327,10.0
2016-08-02 15:35:11.640,0.996,0.199,-0.02,23.714331385790736,6.619553415146044,11.382490240976836,10.0
2016-08-02 15:35:11.650,1.008,0.219,0.0,20.968160028942453,4.852736400670552,13.689651000509024,10.0
2016-08-02 15:35:11.660,1.016,0.23,0.016,18.14107593700193,3.3418964303906953,16.097797723977433,10.0
2016-08-02 15:35:11.670,1.02,0.238,0.016,16.24511432313932,2.274711332135838,18.701400994877453,10.0
2016-08-02 15:35:11.680,1.016,0.242,0.004,14.540719654350532,1.295210413453511,21.268455054488292,10.0
2016-08-02 15:35:11.690,1.016,0.25,-0.012,12.55741677570802,0.640213155850082,23.61775244275771,10.0
2016-08-02 15:35:11.700,1.016,0.262,-0.031,10.743119482265895,0.37328416321777835,25.748965851624877,10.0
2016-08-02 15:35:11.710,1.02,0.254,-0.043,9.59508590809274,0.48598298863521927,27.427409526472925,10.0
2016-08-02 15:35:11.720,1.02,0.246,-0.051,9.457340459897008,0.9573675646270281,28.707259534659222,10.0
2016-08-02 15:35:11.730,1.027,0.246,-0.047,10.117269176128037,1.4124385087650957,29.833582037780175,10.0
2016-08-02 15:35:11.740,1.031,0.238,-0.043,10.572949347404732,2.11304576940626,30.66784394288551,10.0
2016-08-02 15:35:11.750,1.027,0.223,-0.035,10.396859282513297,3.355650866105546,31.140246883056804,10.0
2016-08-02 15:35:11.760,1.016,0.211,-0.039,9.732513643242433,4.355819432922327,31.380658073198212,10.0
2016-08-02 15:35:11.770,1.004,0.199,-0.031,8.409641078905405,4.541007253845476,31.18812333704276,10.0
2016-08-02 15:35:11.780,1.0,0.191,-0.023,7.115390812630605,4.437100506686925,30.28624987670242,10.0
2016-08-02 15:35:11.790,0.996,0.191,-0.02,6.682340901917423,4.574944630108385,28.820347834955754,10.0
2016-08-02 15:35:11.800,0.988,0.188,-0.016,5.989803387995339,4.711731259359837,27.30481813946948,10.0
2016-08-02 15:35:11.810,0.973,0.188,-0.016,3.6171158001861565,4.357307903273343,25.921087870520367,10.0
2016-08-02 15:35:11.820,0.957,0.184,-0.012,0.24770286005356057,3.5038597322264753,24.31751504488696,10.0
2016-08-02 15:35:11.830,0.934,0.168,-0.004,-2.093168917458568,2.6475438969868588,22.42015812680115,10.0
2016-08-02 15:35:11.840,0.91,0.156,0.0,-2.3808617146480335,2.233261244653976,20.364036195255107,10.0
2016-08-02 15:35:11.850,0.898,0.152,-0.008,-1.4334081268071777,2.2817407736094317,18.288807966744653,10.0
2016-08-02 15:35:11.860,0.879,0.152,-0.016,-0.7433904853619393,2.5078900169683287,16.48749911451463,10.0
2016-08-02 15:35:11.870,0.867,0.164,-0.016,-1.0200515964096097,2.6426012367701874,15.035277497987332,10.0
2016-08-02 15:35:11.880,0.855,0.176,-0.012,-1.8019480013969358,2.7726214601698467,13.900289544647842,10.0
2016-08-02 15:35:11.890,0.848,0.18,-0.012,-2.4094350117052903,3.1406615696105185,13.220286619655193,10.0
2016-08-02 15:35:11.900,0.832,0.184,-0.02,-2.5618886129371132,3.3901830201168317,13.130655388635345,10.0
2016-08-02 15:35:11.910,0.828,0.184,-0.016,-2.5261344267135852,3.245676142018901,13.53853791771071,10.0
2016-08-02 15:35:11.920,0.828,0.184,-0.004,-2.9080784426443493,3.41999680279892,14.218277935545256,10.0
2016-08-02 15:35:11.930,0.828,0.188,-0.004,-3.3263878665308573,4.1566399871379405,15.079131673866502,10.0
2016-08-02 15:35:11.940,0.828,0.188,-0.008,-2.6586423177290626,5.0137236679741335,16.065011101145608,10.0
2016-08-02 15:35:11.950,0.828,0.191,-0.016,-0.9405704017985995,5.999826988422381,17.008647988731425,10.0
2016-08-02 15:35:11.960,0.832,0.199,-0.02,0.6161891102193364,6.954963947338597,17.801120920723893,10.0
2016-08-02 15:35:11.970,0.832,0.203,-0.023,1.3700202935591173,7.777011635995176,18.423875938493094,10.0
2016-08-02 15:35:11.980,0.832,0.203,-0.027,2.0576515533553725,8.540550387516646,18.676423662977697,10.0
2016-08-02 15:35:11.990,0.84,0.207,-0.027,3.636239140500207,8.932135269593916,18.609779534337097,10.0
2016-08-02 15:35:12.000,0.859,0.207,-0.023,6.049577143942731,9.360093639480445,18.685821285168426,10.0
2016-08-02 15:35:12.010,0.879,0.211,-0.02,8.462141710664817,10.193453693698693,18.86825803703903,10.0
2016-08-02 15:35:12.020,0.891,0.211,-0.02,10.426777555306298,10.49478703112441,19.203814498043823,10.0
2016-08-02 15:35:12.030,0.902,0.219,-0.02,12.085665975410167,10.015748065539093,20.177420352411485,10.0
2016-08-02 15:35:12.040,0.91,0.219,-0.016,13.438490924796389,9.577536227315967,21.454622440075276,10.0
2016-08-02 15:35:12.050,0.914,0.211,-0.012,15.038515496336958,9.305704186965462,22.501947152514298,10.0
2016-08-02 15:35:12.060,0.898,0.195,-0.016,18.083734700104394,8.987774674860704,23.21906897674004,10.0
2016-08-02 15:35:12.070,0.891,0.188,-0.02,22.262533668500335,8.636925149435216,23.375602564586927,10.0
2016-08-02 15:35:12.080,0.883,0.188,-0.008,25.49486008108997,8.077531365199512,23.039206573223844,10.0
2016-08-02 15:35:12.090,0.887,0.195,-0.004,26.83831104704326,7.2416947016855495,22.40271021411196,10.0
2016-08-02 15:35:12.100,0.883,0.191,-0.004,27.40963040870851,6.385829170719459,21.6669094134268,10.0
2016-08-02 15:35:12.110,0.875,0.191,0.0,27.957513398072138,5.530092191584668,21.263873219423765,10.0
2016-08-02 15:35:12.120,0.891,0.191,0.004,28.345761923359504,4.580544441696233,20.95044544797279,10.0
2016-08-02 15:35:12.130,0.91,0.188,0.0,29.112298538388842,4.094687422440209,20.29407696629015,10.0
2016-08-02 15:35:12.140,0.922,0.18,-0.004,30.768903015751008,4.279333102999281,19.656182483315487,10.0
2016-08-02 15:35:12.150,0.934,0.184,-0.016,32.18763002251236,4.092086766491796,19.139445262433565,10.0
2016-08-02 15:35:12.160,0.977,0.191,-0.023,32.33725888127208,2.390688261715675,18.38326203877331,10.0
2016-08-02 15:35:12.170,1.102,0.227,0.004,32.339773868960805,-0.7185180742919495,17.79849735673035,10.0
2016-08-02 15:35:12.180,1.281,0.238,0.039,32.45775413441568,-2.430868409858215,18.31614395976778,10.0
2016-08-02 15:35:12.190,1.398,0.215,0.004,31.44991037700895,-0.6525835827729863,19.411282743791492,10.0
2016-08-02 15:35:12.200,1.438,0.195,-0.035,32.01220570989493,0.021840690477942792,18.968982013771175,10.0
2016-08-02 15:35:12.210,1.465,0.168,-0.012,36.543118648972886,-4.071576024684285,17.085430683011545,10.0
2016-08-02 15:35:12.220,1.484,0.141,0.02,38.93945849231051,-7.790750893469228,15.952825900971309,10.0
2016-08-02 15:35:12.230,1.457,0.141,0.043,34.075842506480996,-8.991285174920458,14.600021617518895,10.0
2016-08-02 15:35:12.240,1.406,0.148,0.074,26.249235756388064,-11.945040259321843,10.727193134143855,10.0
2016-08-02 15:35:12.250,1.359,0.164,0.109,19.620284801099935,-15.428487837430975,5.1906307885260246,10.0
2016-08-02 15:35:12.260,1.324,0.172,0.145,13.072726954226392,-16.318974099860935,-1.2603811199894028,10.0
2016-08-02 15:35:12.270,1.285,0.152,0.148,6.790834226355161,-15.86360372224864,-9.925300473528207,10.0
2016-08-02 15:35:12.280,1.23,0.113,0.117,4.4579774705163135,-14.152305572382229,-20.53034357521789,10.0
2016-08-02 15:35:12.290,1.172,0.09,0.07,7.54030209871268,-11.294223924102294,-30.6623070537525,10.0
2016-08-02 15:35:12.300,1.105,0.07,0.027,11.671765429839544,-9.343472571211837,-37.80257466911538,10.0
2016-08-02 15:35:12.310,1.035,0.051,0.0,11.719385438548471,-8.410587350376503,-40.546113091609115,10.0
2016-08-02 15:35:12.320,0.98,0.074,0.016,8.622819307986592,-7.928151411804577,-40.173254411300334,10.0
2016-08-02 15:35:12.330,0.938,0.117,0.039,6.145791412888501,-7.810997365458327,-38.67642594222143,10.0
2016-08-02 15:35:12.340,0.895,0.121,0.066,4.503279131984741,-7.2777741059343235,-36.267641646287785,10.0
2016-08-02 15:35:12.350,0.832,0.102,0.07,2.8631427963050364,-6.468130509728366,-33.94663280807811,10.0
2016-08-02 15:35:12.360,0.766,0.086,0.07,0.8674825163853317,-5.941376798387679,-32.74379390143616,10.0
2016-08-02 15:35:12.370,0.703,0.09,0.059,-2.8566217832558753,-5.227732216430277,-31.578823664158122,10.0
2016-08-02 15:35:12.380,0.676,0.109,0.051,-7.091734286148666,-4.343366625692182,-30.41746246381485,10.0
2016-08-02 15:35:12.390,0.668,0.102,0.051,-9.038422301711837,-3.1771354371847553,-29.67919788323496,10.0
2016-08-02 15:35:12.400,0.664,0.074,0.051,-8.4903554496415,-0.941636173314313,-28.739890543192274,10.0
2016-08-02 15:35:12.410,0.656,0.07,0.047,-5.457093430001445,1.0409039923829126,-28.093065841639476,10.0
2016-08-02 15:35:12.420,0.648,0.047,0.039,-1.5347817789884026,1.5037356873096033,-26.903675984920547,10.0
2016-08-02 15:35:12.430,0.66,0.051,0.012,-0.8047969763957848,1.8165940413575794,-23.955426651734108,10.0
2016-08-02 15:35:12.440,0.664,0.074,-0.016,-2.8847158631229686,1.7558661927137718,-21.342869705100895,10.0
2016-08-02 15:35:12.450,0.652,0.055,-0.031,-5.101323361423699,0.6398286315955335,-19.29207926537928,10.0
2016-08-02 15:35:12.460,0.652,0.047,-0.023,-6.679824497840107,-0.28881186545645626,-16.79059720598132,10.0
2016-08-02 15:35:12.470,0.668,0.055,-0.008,-6.50669871307907,-1.233921479393821,-15.596484840778686,10.0
2016-08-02 15:35:12.480,0.684,0.059,0.012,-6.978830601068721,-1.684453510727784,-15.013493444313,10.0
2016-08-02 15:35:12.490,0.695,0.078,0.031,-10.012948256165615,-1.0855570889242177,-13.777270426174125,10.0
2016-08-02 15:35:12.500,0.707,0.074,0.035,-11.148550012506723,-1.0236440834179228,-12.978439662885831,10.0
2016-08-02 15:35:12.510,0.723,0.043,0.031,-9.935671473071334,-0.5187454180443886,-11.594154895239996,10.0
2016-08-02 15:35:12.520,0.734,0.051,0.004,-10.197245669340683,0.6061328263209419,-9.345104434237768,10.0
2016-08-02 15:35:12.530,0.762,0.078,-0.016,-11.409658302576272,0.6246190609485152,-7.391424382848324,10.0
2016-08-02 15:35:12.540,0.797,0.07,-0.035,-11.791058951578465,0.9958132863789338,-5.184196708179808,10.0
2016-08-02 15:35:12.550,0.836,0.043,-0.035,-9.241430792755882,1.9576088515883865,-3.6803954140699933,10.0
2016-08-02 15:35:12.560,0.879,0.043,-0.023,-3.7970988590040426,2.282853542009515,-3.6211325441298556,10.0
2016-08-02 15:35:12.570,0.926,0.051,-0.023,-1.8405420181638517,2.750999046741332,-3.1355344658975346,10.0
2016-08-02 15:35:12.580,0.957,0.051,-0.02,-5.180125520543237,3.2584229454984657,-2.197571157201051,10.0
2016-08-02 15:35:12.590,0.984,0.031,-0.016,-7.212932025913231,3.3985956517057767,-1.9790308789013742,10.0
2016-08-02 15:35:12.600,0.992,0.012,-0.023,-5.762733416460417,3.6916690623138617,-1.9093574266419882,10.0
2016-08-02 15:35:12.610,0.988,0.004,-0.039,-4.701252418224577,3.3931176657117414,-1.6122065745479013,10.0
2016-08-02 15:35:12.620,0.988,0.02,-0.043,-6.592301286041083,1.3475525598499392,-1.420515837852942,10.0
2016-08-02 15:35:12.630,1.02,0.039,-0.02,-11.256400711529247,-1.2298467907730757,-1.0247356151881517,10.0
2016-08-02 15:35:12.640,1.063,0.047,-0.004,-15.625878111503514,-2.3513139622112904,-0.4599114213046668,10.0
2016-08-02 15:35:12.650,1.113,0.039,0.004,-16.78883644015857,-2.373952544598691,-0.0845627346877734,10.0
2016-08-02 15:35:12.660,1.164,0.047,-0.004,-16.365287483495596,-1.9745299221153836,1.0887523621101773,10.0
2016-08-02 15:35:12.670,1.188,0.035,-0.02,-16.705900007272632,-0.9255376508697211,3.2040099978758416,10.0
2016-08-02 15:35:12.680,1.18,0.031,-0.043,-17.495994310409618,-0.22914138415990665,4.7333259429003425,10.0
2016-08-02 15:35:12.690,1.164,0.031,-0.063,-18.74454809493782,-0.9194886494677227,6.046206698952125,10.0
2016-08-02 15:35:12.700,1.176,0.035,-0.063,-21.056031077519073,-2.2708643210933595,7.845279748253107,10.0
2016-08-02 15:35:12.710,1.199,0.035,-0.051,-22.921943763493267,-3.0809147850168017,8.528488757109766,10.0
2016-08-02 15:35:12.720,1.238,0.043,-0.039,-21.94222655250261,-2.863037189563673,7.265845310277814,10.0
2016-08-02 15:35:12.730,1.289,0.031,-0.035,-18.440113081360018,-1.666386116243986,4.716090853000288,10.0
2016-08-02 15:35:12.740,1.316,-0.004,-0.051,-14.696045079877933,-0.05024176959320201,1.4410773560573986,10.0
2016-08-02 15:35:12.750,1.316,-0.02,-0.055,-12.41504067660432,0.817214429597231,-1.5051792523308158,10.0
2016-08-02 15:35:12.760,1.297,0.008,-0.051,-13.786242716384505,0.17591221681753183,-3.2708160516076363,10.0
2016-08-02 15:35:12.770,1.273,0.027,-0.039,-19.598429392236277,-1.5372086161127299,-3.868310358784768,10.0
2016-08-02 15:35:12.780,1.25,0.008,-0.016,-25.106493262072398,-3.17812712260032,-4.07760113406885,10.0
2016-08-02 15:35:12.790,1.219,-0.016,-0.016,-25.832695402063436,-3.8531436920490685,-5.235341954348371,10.0
2016-08-02 15:35:12.800,1.172,-0.008,-0.02,-24.714451554256925,-3.956448034577403,-6.962381714579573,10.0
2016-08-02 15:35:12.810,1.125,0.023,-0.012,-25.49259175224082,-4.815009966840554,-8.039288272198199,10.0
2016-08-02 15:35:12.820,1.133,0.039,0.004,-26.018218087096372,-6.076815303861023,-9.031535206042388,10.0
2016-08-02 15:35:12.830,1.148,0.035,0.0,-23.946880364267138,-5.285614320120104,-9.965614894741083,10.0
2016-08-02 15:35:12.840,1.125,0.02,-0.023,-21.160895936543188,-3.015507274544787,-9.706401592087465,10.0
2016-08-02 15:35:12.850,1.102,0.027,-0.023,-20.249439489273932,-2.962779521469251,-8.14071186851445,10.0
2016-08-02 15:35:12.860,1.113,0.063,-0.02,-21.64245899207424,-4.379388128915213,-5.241410015722724,10.0
2016-08-02 15:35:12.870,1.148,0.078,-0.004,-23.16711228363406,-4.289676796625424,-1.1886017980413972,10.0
2016-08-02 15:35:12.880,1.18,0.066,0.008,-22.440083094975332,-3.2422789006903288,2.494056587104545,10.0
2016-08-02 15:35:12.890,1.184,0.059,0.004,-20.88031876257883,-2.0332104458983355,4.507394090643789,10.0
2016-08-02 15:35:12.900,1.172,0.059,-0.004,-20.87419380341386,-1.4381036472377433,4.902835072156028,10.0
2016-08-02 15:35:12.910,1.191,0.063,-0.004,-21.3444310008224,-1.7563881595294237,4.193181840382717,10.0
2016-08-02 15:35:12.920,1.199,0.047,-0.004,-21.05491904208681,-1.0001767567392879,2.673200954813575,10.0
2016-08-02 15:35:12.930,1.199,0.055,-0.004,-20.947494398563727,-0.11131443509859834,0.796017352920189,10.0
2016-08-02 15:35:12.940,1.199,0.063,0.016,-21.29180125741281,-1.1190512839869207,-0.9460070919513084,10.0
2016-08-02 15:35:12.950,1.211,0.055,0.031,-21.12702349516205,-1.9033305079813583,-2.354529961182248,10.0
2016-08-02 15:35:12.960,1.223,0.047,0.043,-19.759942650006543,-1.236007176608054,-3.7033126388135793,10.0
2016-08-02 15:35:12.970,1.227,0.051,0.047,-17.571017229030268,-0.5269136347781759,-5.391055427704508,10.0
2016-08-02 15:35:12.980,1.223,0.039,0.027,-15.359170384168257,0.049401103754856096,-7.1139370371477915,10.0
2016-08-02 15:35:12.990,1.215,0.027,0.004,-12.919727804778319,1.0189248665396737,-8.5885136748091,10.0
2016-08-02 15:35:13.000,1.168,0.012,-0.012,-10.869169496828901,1.8297339081869648,-9.895555438770963,10.0
2016-08-02 15:35:13.010,1.121,0.016,-0.012,-10.841292989672395,1.5079873574563478,-11.16804937877125,10.0
2016-08-02 15:35:13.020,1.082,0.023,0.004,-12.211846791825513,0.43180509763274,-12.338622260041603,10.0
2016-08-02 15:35:13.030,1.063,0.023,0.027,-12.955255444215236,0.0316339881921187,-12.855232123045125,10.0
2016-08-02 15:35:13.040,1.039,0.031,0.043,-12.176018265045643,0.29465005693234025,-12.961397427986967,10.0
2016-08-02 15:35:13.050,1.02,0.039,0.055,-10.37762157878878,0.13102106187207196,-12.900532378698585,10.0
2016-08-02 15:35:13.060,1.008,0.047,0.043,-8.705126831181257,0.04255500863445505,-11.613512848099038,10.0
2016-08-02 15:35:13.070,0.992,0.063,0.02,-8.113455743713537,0.9488811874969607,-9.116444503988937,10.0
2016-08-02 15:35:13.080,0.98,0.078,-0.008,-9.215295139251927,1.9333733725492168,-6.61541171548585,10.0
2016-08-02 15:35:13.090,0.961,0.078,-0.023,-10.733416236110088,2.1442095253005498,-4.4553710973811,10.0
2016-08-02 15:35:13.100,0.965,0.063,-0.012,-9.644031849864911,2.243041379549579,-3.0160113573396217,10.0
2016-08-02 15:35:13.110,0.984,0.059,0.012,-5.349105781375141,2.5504917697444918,-2.675957392665161,10.0
2016-08-02 15:35:13.120,1.059,0.094,0.039,-1.0653191572922196,2.369611830252829,-1.7947047962662677,10.0
2016-08-02 15:35:13.130,1.152,0.141,0.051,-0.8405036782816562,2.348827132757724,1.7286312310185716,10.0
2016-08-02 15:35:13.140,1.207,0.164,0.02,-4.938407957750289,3.4979529910772316,6.8833664092327975,10.0
2016-08-02 15:35:13.150,1.211,0.148,-0.004,-7.932950367412342,4.423225708243825,10.735112549512511,10.0
2016-08-02 15:35:13.160,1.188,0.102,-0.023,-5.582501436533419,4.486730298129279,12.373660223446043,10.0
2016-08-02 15:35:13.170,1.148,0.094,-0.047,-1.7544380889820834,4.433504626653549,12.409364378757337,10.0
2016-08-02 15:35:13.180,1.117,0.105,-0.055,-1.5883103446201234,3.6985988916818044,10.576480670848259,10.0
2016-08-02 15:35:13.190,1.082,0.105,-0.039,-2.2803595994061836,2.4995591017903647,7.178257088341587,10.0
2016-08-02 15:35:13.200,1.043,0.09,-0.016,0.07436276837630501,1.5418931238755893,3.918774633251454,10.0
2016-08-02 15:35:13.210,1.008,0.102,0.012,1.9469148119715673,-0.09079007296596797,1.414656819524059,10.0
2016-08-02 15:35:13.220,0.988,0.121,0.047,0.006485355668753523,-2.3755459457825974,-0.3585254912515321,10.0
2016-08-02 15:35:13.230,0.98,0.133,0.074,-2.809827080213698,-3.4451296066418244,-0.49287694251433395,10.0
2016-08-02 15:35:13.240,0.988,0.141,0.086,-3.8904056249456476,-2.811582648054521,0.7013567665831224,10.0
2016-08-02 15:35:13.250,1.0,0.164,0.074,-4.241862492591059,-1.816135973874314,2.282771848912792,10.0
2016-08-02 15:35:13.260,1.012,0.18,0.039,-4.985112012260841,-0.9234298141336599,4.83027053906657,10.0
2016-08-02 15:35:13.270,1.043,0.18,0.004,-5.136234349836823,0.34832100681508976,8.061131878680097,10.0
2016-08-02 15:35:13.280,1.078,0.164,-0.031,-3.3116016455062547,2.010681394070847,10.765322898674963,10.0
2016-08-02 15:35:13.290,1.125,0.156,-0.059,-0.5208285110548003,3.5228508770907934,12.944223538389625,10.0
2016-08-02 15:35:13.300,1.184,0.16,-0.059,1.9257695047332433,4.44554218404731,14.735960680639625,10.0
2016-08-02 15:35:13.310,1.242,0.16,-0.051,4.460106148830521,5.2420366401834615,16.042059382661567,10.0
2016-08-02 15:35:13.320,1.281,0.152,-0.035,6.778003470680664,6.023052733784857,16.831641237668933,10.0
2016-08-02 15:35:13.330,1.301,0.152,-0.012,7.937708133642783,5.77345326597295,16.841981664622658,10.0
2016-08-02 15:35:13.340,1.324,0.152,0.0,7.814075528437553,4.645778904536219,16.04112196488265,10.0
2016-08-02 15:35:13.350,1.344,0.152,0.004,6.322440035722488,3.690518882338972,14.517458136447154,10.0
2016-08-02 15:35:13.360,1.34,0.148,0.004,3.8649448632294154,2.6897754596676107,12.252127981107257,10.0
2016-08-02 15:35:13.370,1.34,0.152,-0.012,1.6641945151053332,1.1534730178113,9.331972456259646,10.0
2016-08-02 15:35:13.380,1.332,0.156,-0.016,0.6157103601464413,-0.29044530366663485,6.159019838585099,10.0
2016-08-02 15:35:13.390,1.32,0.152,-0.016,0.8263672749412516,-0.8175648044950775,3.4392021909151667,10.0
2016-08-02 15:35:13.400,1.305,0.156,-0.02,1.8423848938133336,-0.8743393604448365,1.325931740299115,10.0
2016-08-02 15:35:13.410,1.289,0.156,-0.02,3.276038676675144,-1.1117479313951553,-0.2796349585339178,10.0
2016-08-02 15:35:13.420,1.27,0.152,-0.02,4.86707079348951,-0.9735343687359824,-0.6979150810504008,10.0
2016-08-02 15:35:13.430,1.254,0.16,-0.012,6.2007452542599175,-0.6183577782290861,0.14493074971739223,10.0
2016-08-02 15:35:13.440,1.242,0.176,-0.004,7.1211417203715275,-0.7792390436038523,1.5880190906955909,10.0
2016-08-02 15:35:13.450,1.23,0.191,0.0,7.414700510412175,-0.7763721484776512,3.8499119613099904,10.0
2016-08-02 15:35:13.460,1.219,0.191,0.008,6.79420652352551,-0.43884424815802014,6.754514990881598,10.0
2016-08-02 15:35:13.470,1.211,0.199,0.012,5.41785583781067,-0.5518690413372164,9.55505044654266,10.0
2016-08-02 15:35:13.480,1.203,0.207,0.012,3.7542611422282706,-0.743630494362655,12.483917737426248,10.0
2016-08-02 15:35:13.490,1.199,0.203,0.012,3.0046846697385305,-0.5124603796943011,15.55862767155786,10.0
2016-08-02 15:35:13.500,1.18,0.188,0.008,4.177038888318654,-0.3160770425715941,18.225232848975427,10.0
2016-08-02 15:35:13.510,1.176,0.188,0.008,6.287296530845104,-0.41442137864398254,20.6704856372641,10.0
2016-08-02 15:35:13.520,1.188,0.207,0.008,7.4981932488601535,-0.5238091997832541,23.214302994065264,10.0
2016-08-02 15:35:13.530,1.207,0.223,0.012,7.436921089565605,-0.28889089745726154,25.702451590137755,10.0
2016-08-02 15:35:13.540,1.219,0.223,0.012,6.978197731323231,0.25404006675649105,28.256992506346634,10.0
2016-08-02 15:35:13.550,1.227,0.211,0.012,6.457841662849116,0.6078892585999834,30.915503146532078,10.0
2016-08-02 15:35:13.560,1.234,0.215,0.012,5.595479401471318,0.6998256279945174,33.12697610453384,10.0
2016-08-02 15:35:13.570,1.254,0.234,0.02,4.041345073430268,0.8317700878709195,35.073057575798565,10.0
2016-08-02 15:35:13.580,1.266,0.223,0.023,2.1200284529748163,1.0173393617970592,37.076620079683494,10.0
2016-08-02 15:35:13.590,1.258,0.195,0.016,1.5255552385001239,1.1585106831562748,38.22590398448877,10.0
2016-08-02 15:35:13.600,1.254,0.18,0.012,2.4842001897728245,1.0326185997871986,38.60394581134629,10.0
2016-08-02 15:35:13.610,1.258,0.188,0.016,2.954274870649872,0.7990061555025842,39.358924595074406,10.0
2016-08-02 15:35:13.620,1.266,0.184,0.016,2.8059846881187167,1.3111763675487418,40.17556889083995,10.0
2016-08-02 15:35:13.630,1.262,0.168,0.012,3.7179514680267545,2.6033186967341444,40.28169731515602,10.0
2016-08-02 15:35:13.640,1.25,0.16,0.004,5.8051462521372805,3.7921703659088593,39.62014514013298,10.0
2016-08-02 15:35:13.650,1.234,0.152,-0.008,7.569346071097229,5.140026615441842,38.52404441192909,10.0
2016-08-02 15:35:13.660,1.195,0.133,-0.016,7.707066912803394,6.7421685435438,37.37829230486084,10.0
2016-08-02 15:35:13.670,1.148,0.125,-0.008,6.6981140973726525,7.026739378455512,35.69389494360429,10.0
2016-08-02 15:35:13.680,1.121,0.117,0.008,5.597190873704224,6.482226014952594,33.28819518938168,10.0
2016-08-02 15:35:13.690,1.078,0.102,0.023,4.528888271519149,6.868796318759846,30.77592606406606,10.0
2016-08-02 15:35:13.700,1.035,0.086,0.047,4.4245910899563725,6.998967770628781,27.81716249693161,10.0
2016-08-02 15:35:13.710,0.988,0.074,0.051,5.838465013056949,6.240934992919383,24.421779578502324,10.0
2016-08-02 15:35:13.720,0.941,0.07,0.055,6.672303785262794,6.026891604075656,21.598136112094505,10.0
2016-08-02 15:35:13.730,0.891,0.074,0.051,5.1536721340095,5.926299056335527,19.397630154561966,10.0
2016-08-02 15:35:13.740,0.848,0.082,0.051,1.965279680120535,5.151260873981046,17.43255205957442,10.0
2016-08-02 15:35:13.750,0.82,0.086,0.059,-1.4191112080611608,4.691382741238227,15.790611498604239,10.0
2016-08-02 15:35:13.760,0.813,0.094,0.066,-3.871578733399152,4.954370243555317,14.172179017465636,10.0
2016-08-02 15:35:13.770,0.801,0.09,0.066,-4.8684409150777075,5.393428350326952,11.875868055541286,10.0
2016-08-02 15:35:13.780,0.785,0.051,0.059,-4.595923230222327,6.0959346848772125,8.792272017782562,10.0
2016-08-02 15:35:13.790,0.777,0.02,0.055,-3.399052942450875,6.945834089526345,5.0505260132180565,10.0
2016-08-02 15:35:13.800,0.773,0.0,0.047,-1.5440811308243216,7.524897329570905,0.3616355294203619,10.0
2016-08-02 15:35:13.810,0.766,-0.016,0.035,0.5663674474168431,8.267473111398992,-5.046947669815635,10.0
2016-08-02 15:35:13.820,0.77,-0.031,0.02,2.8752175011664116,9.208998253808884,-10.814547884232324,10.0
2016-08-02 15:35:13.830,0.762,-0.031,0.02,5.535800304048115,9.816717379310804,-17.19688308615301,10.0
2016-08-02 15:35:13.840,0.762,-0.027,0.027,7.267469307576144,10.316905541831755,-23.500119956988907,10.0
2016-08-02 15:35:13.850,0.762,-0.012,0.027,6.498056962605737,10.512871669561816,-28.914661090919928,10.0
2016-08-02 15:35:13.860,0.758,-0.016,0.039,4.587404806930596,9.621204711501374,-33.73553325284569,10.0
2016-08-02 15:35:13.870,0.762,0.0,0.059,3.3253349748641297,8.516143620815253,-37.26864018145012,10.0
2016-08-02 15:35:13.880,0.77,0.035,0.07,1.5807295242089214,8.11246282312175,-38.9412704562212,10.0
2016-08-02 15:35:13.890,0.766,0.047,0.078,-1.1710367438723783,7.681725985851779,-39.801398991169606,10.0
2016-08-02 15:35:13.900,0.773,0.031,0.074,-2.3562837533448895,7.391906076213617,-40.32342112025181,10.0
2016-08-02 15:35:13.910,0.781,0.027,0.066,-0.3972872902685537,7.919794093658849,-40.722605239610886,10.0
2016-08-02 15:35:13.920,0.777,0.031,0.039,1.9079373124529813,8.876599749505974,-41.33997443483622,10.0
2016-08-02 15:35:13.930,0.77,0.039,0.02,1.6829152138713857,9.580255830208728,-41.694511875263174,10.0
2016-08-02 15:35:13.940,0.781,0.043,0.016,1.0947642928216408,9.811536198092405,-42.01659766127451,10.0
2016-08-02 15:35:13.950,0.805,0.047,0.016,2.838167336916758,10.24913342808222,-42.67901716913403,10.0
2016-08-02 15:35:13.960,0.816,0.047,0.023,5.591562177430951,10.786285584839735,-42.95906427896622,10.0
2016-08-02 15:35:13.970,0.82,0.047,0.039,8.204588428696905,10.07619267924233,-42.86966463248853,10.0
2016-08-02 15:35:13.980,0.824,0.059,0.055,10.043168323842677,8.393818717595325,-42.60998377113014,10.0
2016-08-02 15:35:13.990,0.824,0.074,0.066,9.214494325974353,6.991738223392042,-41.130226929998386,10.0
2016-08-02 15:35:14.000,0.805,0.09,0.082,7.115214037173824,5.658342143142593,-38.10870036374066,10.0
2016-08-02 15:35:14.010,0.816,0.105,0.098,6.815572212077587,4.257451746297646,-34.70391610263061,10.0
2016-08-02 15:35:14.020,0.82,0.121,0.098,7.653403587202251,3.7714134192540643,-31.361854725716064,10.0
2016-08-02 15:35:14.030,0.813,0.125,0.09,8.018470855388111,4.468884292349874,-27.888385260437637,10.0
2016-08-02 15:35:14.040,0.801,0.129,0.07,7.3371131455573035,5.076348788825026,-25.062927028251845,10.0
2016-08-02 15:35:14.050,0.797,0.145,0.051,4.801592693960073,4.4826007219580095,-23.302606470559834,10.0
2016-08-02 15:35:14.060,0.801,0.141,0.039,1.561619423141039,4.003111769556296,-21.909110703909384,10.0
2016-08-02 15:35:14.070,0.809,0.133,0.027,0.6382284679420508,5.048421275267831,-21.302744920276137,10.0
2016-08-02 15:35:14.080,0.801,0.117,0.031,3.029973914989878,5.974446675107892,-22.37733680584827,10.0
2016-08-02 15:35:14.090,0.797,0.109,0.039,6.669144536163863,6.019418542925516,-23.549984470376554,10.0
2016-08-02 15:35:14.100,0.816,0.113,0.043,8.63292972846539,6.449395083617101,-23.696143472991224,10.0
2016-08-02 15:35:14.110,0.824,0.105,0.059,8.509334559735557,7.088092398371527,-24.30369023480992,10.0
2016-08-02 15:35:14.120,0.816,0.102,0.063,7.766595089052718,7.2597226852445536,-24.866627074332392,10.0
2016-08-02 15:35:14.130,0.816,0.117,0.066,6.097054783757705,6.5521013590260715,-24.19051753885099,10.0
2016-08-02 15:35:14.140,0.824,0.117,0.066,3.8275987948199024,5.589374646339325,-23.741267929437292,10.0
2016-08-02 15:35:14.150,0.828,0.105,0.063,3.3682019136793286,5.367411392702236,-24.099317164363775,10.0
2016-08-02 15:35:14.160,0.824,0.094,0.059,4.571982714046109,4.953980298757058,-24.32748187039453,10.0
2016-08-02 15:35:14.170,0.816,0.102,0.055,5.048852212094944,3.969203384033818,-24.4035415706448,10.0
2016-08-02 15:35:14.180,0.813,0.109,0.059,3.899512692372735,2.8955917980980623,-24.660713728176827,10.0
2016-08-02 15:35:14.190,0.82,0.117,0.055,2.1442074313813437,1.6003431810780495,-25.06423548146578,10.0
2016-08-02 15:35:14.200,0.82,0.109,0.066,1.572696018798693,0.5367162038481633,-25.44348530688522,10.0
2016-08-02 15:35:14.210,0.824,0.113,0.07,2.590542170476917,-0.05068225717516958,-25.581214821996056,10.0
2016-08-02 15:35:14.220,0.828,0.129,0.074,3.4658723115959376,-0.6595441362271653,-25.55700974602121,10.0
2016-08-02 15:35:14.230,0.832,0.141,0.07,2.9685067915185908,-1.2314779885234954,-25.22168459292324,10.0
2016-08-02 15:35:14.240,0.848,0.145,0.074,2.301154887505607,-1.5444435248798674,-24.221079994669342,10.0
2016-08-02 15:35:14.250,0.863,0.148,0.078,2.6583550672404685,-1.8832216125033399,-22.75856579142245,10.0
2016-08-02 15:35:14.260,0.891,0.16,0.074,2.669052101825276,-2.1750519688942136,-20.797403865244647,10.0
2016-08-02 15:35:14.270,0.922,0.176,0.078,1.2634076394278746,-2.299743203970139,-18.436459181929134,10.0
2016-08-02 15:35:14.280,0.949,0.18,0.082,-0.1446419835682212,-2.4850673078659598,-16.084157107588087,10.0
2016-08-02 15:35:14.290,0.973,0.176,0.074,-0.5601653107463854,-2.4561455369707073,-13.513209943049462,10.0
2016-08-02 15:35:14.300,0.988,0.18,0.063,-0.3731487310667475,-2.132095203305748,-10.934713357443435,10.0
2016-08-02 15:35:14.310,1.012,0.191,0.055,-0.020018061756267507,-1.6876793579820295,-8.67325472818458,10.0
2016-08-02 15:35:14.320,1.047,0.211,0.047,-0.017077823994529756,-0.8320834557285439,-6.331382169061744,10.0
2016-08-02 15:35:14.330,1.066,0.211,0.039,-0.12764570223030858,0.10718316427512388,-4.454516236599667,10.0
2016-08-02 15:35:14.340,1.063,0.195,0.035,0.5797570063479269,0.46104228308220324,-3.679690640888166,10.0
2016-08-02 15:35:14.350,1.059,0.18,0.043,1.7836588094154409,0.2088323085874041,-3.3022418835929557,10.0
2016-08-02 15:35:14.360,1.07,0.184,0.063,2.658143125670387,-0.4002824432472885,-3.3990550303566796,10.0
2016-08-02 15:35:14.370,1.09,0.184,0.078,3.3988423719442347,-0.7265882627796011,-4.414937184323065,10.0
2016-08-02 15:35:14.380,1.105,0.188,0.086,4.164435988947101,-0.6026968069795248,-5.341792617935931,10.0
2016-08-02 15:35:14.390,1.113,0.195,0.098,4.443697359065682,-0.9576652453478124,-5.749320954776527,10.0
2016-08-02 15:35:14.400,1.117,0.191,0.09,4.183243902203844,-1.6985759429378118,-6.100329327890899,10.0
2016-08-02 15:35:14.410,1.102,0.188,0.074,3.9768338925726905,-1.8488171495044112,-5.998959047690908,10.0
2016-08-02 15:35:14.420,1.078,0.18,0.059,3.9689296653482415,-1.866856652742575,-5.425558204826423,10.0
2016-08-02 15:35:14.430,1.051,0.176,0.047,4.11418893117769,-2.2863341018472916,-5.04394103370067,10.0
2016-08-02 15:35:14.440,1.02,0.172,0.047,5.024581823172807,-2.4335071636504897,-4.833708103049373,10.0
2016-08-02 15:35:14.450,0.992,0.16,0.055,7.463538470715069,-2.2018359029943526,-4.692202858680407,10.0
2016-08-02 15:35:14.460,0.965,0.16,0.066,10.672800546115626,-2.02205637252455,-4.40255291793963,10.0
2016-08-02 15:35:14.470,0.934,0.172,0.07,11.937155592730322,-2.0932133522761127,-3.5046609598118756,10.0
2016-08-02 15:35:14.480,0.906,0.18,0.074,10.305582430752658,-2.6648136373861506,-2.2084954423807224,10.0
2016-08-02 15:35:14.490,0.887,0.184,0.082,8.136144892658146,-3.546181775050295,-0.5983360548567643,10.0
2016-08-02 15:35:14.500,0.863,0.188,0.086,6.900636343546404,-4.236233523994145,1.503420655917615,10.0
2016-08-02 15:35:14.510,0.852,0.188,0.086,5.981720192834146,-4.721336308248504,3.6894479950127486,10.0
2016-08-02 15:35:14.520,0.84,0.199,0.074,4.780044160073382,-5.264763556060122,5.790906374633497,10.0
2016-08-02 15:35:14.530,0.836,0.199,0.063,3.4929179774835917,-5.7613364659950745,8.176724921219218,10.0
2016-08-02 15:35:14.540,0.84,0.207,0.055,3.3838880948733214,-5.9170784868712,10.76754871222344,10.0
2016-08-02 15:35:14.550,0.852,0.211,0.055,5.143082885878404,-5.713838835596341,13.094870763363902,10.0
2016-08-02 15:35:14.560,0.855,0.211,0.051,7.504290923294919,-5.300241990631809,15.123799118542816,10.0
2016-08-02 15:35:14.570,0.859,0.223,0.047,9.435641180994459,-4.969466946074579,16.928743999434506,10.0
2016-08-02 15:35:14.580,0.863,0.227,0.047,11.388814689011152,-4.92639564272258,18.36777520322765,10.0
2016-08-02 15:35:14.590,0.859,0.234,0.055,13.253979879980154,-4.892174451849947,19.75594087787684,10.0
2016-08-02 15:35:14.600,0.871,0.238,0.07,13.694068812429034,-4.772353758006952,21.284068545389925,10.0
2016-08-02 15:35:14.610,0.883,0.246,0.078,12.55621797840727,-4.915761864134673,22.364114579013016,10.0
2016-08-02 15:35:14.620,0.895,0.25,0.07,11.51908355065174,-5.2162653557343575,22.979597660407695,10.0
2016-08-02 15:35:14.630,0.906,0.25,0.07,11.40308317411773,-5.3785160629914035,23.790073080401392,10.0
2016-08-02 15:35:14.640,0.914,0.25,0.059,11.425500422334714,-5.621408165532582,24.656265761232035,10.0
2016-08-02 15:35:14.650,0.922,0.25,0.055,11.286865626394166,-6.137251399569909,25.19325524688335,10.0
2016-08-02 15:35:14.660,0.938,0.25,0.059,11.44310044129878,-6.613642405592222,25.646417724668563,10.0
2016-08-02 15:35:14.670,0.945,0.246,0.059,11.860060686906907,-6.674421173019306,25.936914785187298,10.0
2016-08-02 15:35:14.680,0.941,0.238,0.047,12.113632052091194,-6.509774602604345,25.669180701034886,10.0
2016-08-02 15:35:14.690,0.93,0.23,0.047,12.345548989195336,-6.55521318661663,24.903911119585956,10.0
2016-08-02 15:35:14.700,0.918,0.215,0.043,13.1586155014783,-6.6617605978794545,23.800912919033117,10.0
2016-08-02 15:35:14.710,0.898,0.215,0.035,14.38987984021379,-6.612460156602667,22.39752095198046,10.0
2016-08-02 15:35:14.720,0.883,0.219,0.043,14.952039433841481,-6.931130761842015,20.785000372831526,10.0
2016-08-02 15:35:14.730,0.875,0.238,0.059,13.936172260312379,-7.732866743103968,19.49724274888867,10.0
2016-08-02 15:35:14.740,0.879,0.258,0.078,11.735384009719763,-8.402849094013249,19.095654642642373,10.0
2016-08-02 15:35:14.750,0.902,0.266,0.098,10.372238543037177,-8.749309710140354,19.24806263291561,10.0
2016-08-02 15:35:14.760,0.934,0.273,0.094,11.365337752291317,-8.333165777755033,19.96507781120446,10.0
2016-08-02 15:35:14.770,0.945,0.277,0.078,13.394113306416308,-7.066453200441803,21.643711267490094,10.0
2016-08-02 15:35:14.780,0.949,0.273,0.047,14.425662447396942,-6.207398453823986,23.52975146705561,10.0
2016-08-02 15:35:14.790,0.945,0.266,0.016,14.715462100393871,-5.817396963876157,25.11103691725961,10.0
2016-08-02 15:35:14.800,0.949,0.27,0.0,15.449783820529728,-4.893055973730732,26.31345605656508,10.0
2016-08-02 15:35:14.810,0.953,0.27,0.0,16.937217828491782,-3.6902229799757498,26.49357616274025,10.0
2016-08-02 15:35:14.820,0.953,0.273,0.008,18.7407782959788,-2.709294812079591,26.002919068160875,10.0
2016-08-02 15:35:14.830,0.953,0.277,0.027,20.088287904744597,-2.3616685020279524,25.386870466840126,10.0
2016-08-02 15:35:14.840,0.953,0.277,0.051,21.030654740530483,-2.8956259986403072,24.178986136412536,10.0
2016-08-02 15:35:14.850,0.961,0.273,0.074,22.308088442501656,-3.638890163828157,22.731874860883718,10.0
2016-08-02 15:35:14.860,0.969,0.27,0.094,23.772963706299866,-4.454305627444043,21.56908620578733,10.0
2016-08-02 15:35:14.870,0.98,0.258,0.109,24.61258830532732,-5.422716137262265,20.140953046052672,10.0
2016-08-02 15:35:14.880,0.98,0.258,0.098,24.11361833233928,-5.974312761526391,18.339463058268404,10.0
2016-08-02 15:35:14.890,0.965,0.25,0.074,22.346840904042217,-6.497354780994218,16.60363540588037,10.0
2016-08-02 15:35:14.900,0.969,0.246,0.051,20.902590038120294,-7.534133126712069,14.978002194857526,10.0
2016-08-02 15:35:14.910,1.016,0.262,0.043,20.290164039864578,-8.394250905254724,14.170748280218465,10.0
2016-08-02 15:35:14.920,1.125,0.32,0.078,17.633935789216494,-8.131994251016739,15.699804876522098,10.0
2016-08-02 15:35:14.930,1.234,0.355,0.082,10.947774164768836,-5.526179594822333,19.215182186108855,10.0
2016-08-02 15:35:14.940,1.277,0.355,0.031,4.8355323090742335,-1.0186757678483005,22.126465557597324,10.0
2016-08-02 15:35:14.950,1.285,0.301,-0.02,7.150405755111805,2.7047845634606285,22.998200745115188,10.0
2016-08-02 15:35:14.960,1.277,0.234,-0.039,17.106569492663965,5.8956449650873095,22.282227740222574,10.0
2016-08-02 15:35:14.970,1.254,0.203,-0.043,23.808036953091708,9.335792205735327,19.7423825072122,10.0
2016-08-02 15:35:14.980,1.234,0.199,-0.027,21.713870164889205,10.710017734643158,14.586613846296439,10.0
2016-08-02 15:35:14.990,1.215,0.188,0.008,17.153434381020652,10.705584868982342,7.32597245329867,10.0
2016-08-02 15:35:15.000,1.152,0.16,0.039,15.383568562915872,11.03395763373775,-0.7095608255552073,10.0
2016-08-02 15:35:15.010,1.109,0.137,0.098,13.32233608083901,9.612937341173126,-8.446413683656464,10.0
2016-08-02 15:35:15.020,1.094,0.145,0.141,8.023470362855612,6.465005251567844,-15.167743834746522,10.0
2016-08-02 15:35:15.030,1.113,0.168,0.16,1.5367868497138946,4.7247520351098125,-20.26970431415941,10.0
2016-08-02 15:35:15.040,1.117,0.18,0.152,-3.7160355648550887,5.059548367384425,-23.44592953165893,10.0
2016-08-02 15:35:15.050,1.098,0.176,0.109,-7.63269515364675,5.697238210593667,-24.86396430031244,10.0
2016-08-02 15:35:15.060,1.066,0.168,0.063,-11.155202317121743,5.7045956314348985,-24.79690851985416,10.0
2016-08-02 15:35:15.070,1.035,0.16,0.008,-14.17993231318583,5.673706411450231,-24.023702184491615,10.0
2016-08-02 15:35:15.080,0.996,0.145,-0.035,-15.061561718216973,6.218914682042336,-23.436397952391843,10.0
2016-08-02 15:35:15.090,0.945,0.121,-0.043,-13.512467825995433,7.030958296894449,-23.05053808640683,10.0
2016-08-02 15:35:15.100,0.902,0.121,-0.035,-11.97749776331692,7.343988933529626,-23.171568454579873,10.0
2016-08-02 15:35:15.110,0.848,0.137,-0.008,-12.899265682457731,7.017266057380354,-24.35503530252131,10.0
2016-08-02 15:35:15.120,0.793,0.125,0.016,-16.54720393119987,6.410377103799707,-25.885344188058315,10.0
2016-08-02 15:35:15.130,0.758,0.098,0.059,-20.422085048994024,5.398222100664255,-27.490541714350393,10.0
2016-08-02 15:35:15.140,0.75,0.074,0.082,-21.15461593830185,4.147672053310286,-29.999613814662702,10.0
2016-08-02 15:35:15.150,0.754,0.074,0.082,-19.863998868041243,3.5862932496336004,-32.71150499118468,10.0
2016-08-02 15:35:15.160,0.758,0.102,0.063,-21.070724320469512,3.8091922115267094,-34.41029693470721,10.0
2016-08-02 15:35:15.170,0.754,0.113,0.023,-24.912307526725066,3.7318852110558915,-35.35042422944456,10.0
2016-08-02 15:35:15.180,0.742,0.094,-0.016,-27.323077852789048,2.776294483360804,-35.951198397954634,10.0
2016-08-02 15:35:15.190,0.742,0.09,-0.035,-26.454719217535583,1.5367367873534472,-36.191374244448156,10.0
2016-08-02 15:35:15.200,0.75,0.086,-0.047,-24.925209637570248,0.8901087054222003,-35.35392743578129,10.0
2016-08-02 15:35:15.210,0.742,0.07,-0.043,-25.78083446000943,1.0978689538680877,-33.10872767624414,10.0
2016-08-02 15:35:15.220,0.742,0.086,-0.023,-27.062224494723026,1.4796440050582724,-31.169776027638413,10.0
2016-08-02 15:35:15.230,0.762,0.098,-0.004,-25.35389689640351,2.064976074723138,-30.002478581151887,10.0
2016-08-02 15:35:15.240,0.785,0.078,-0.004,-22.237895343543336,4.003003927630901,-28.265712350871944,10.0
2016-08-02 15:35:15.250,0.793,0.063,-0.016,-20.50534145282822,6.282196482466262,-27.00298207552564,10.0
2016-08-02 15:35:15.260,0.797,0.078,-0.039,-20.921110839203436,6.776590786384829,-26.95568087547862,10.0
2016-08-02 15:35:15.270,0.805,0.094,-0.059,-24.117827098039378,6.160622818232343,-26.0913101636529,10.0
2016-08-02 15:35:15.280,0.828,0.078,-0.051,-26.754616903166546,5.480900179122263,-24.403596516774705,10.0
2016-08-02 15:35:15.290,0.871,0.051,-0.02,-23.778573330436984,4.6347731330420014,-23.568941740661685,10.0
2016-08-02 15:35:15.300,0.906,0.063,0.004,-18.0620383101002,4.418525732388664,-22.71447082054882,10.0
2016-08-02 15:35:15.310,0.941,0.09,0.031,-15.49697597005574,4.515846919772012,-20.524398936820486,10.0
2016-08-02 15:35:15.320,0.965,0.105,0.039,-16.156520034118202,4.125547708066306,-17.669108089782977,10.0
2016-08-02 15:35:15.330,0.98,0.098,0.027,-17.253441149588497,4.144776329124796,-15.03573071736698,10.0
2016-08-02 15:35:15.340,0.988,0.078,-0.008,-17.140877447686606,4.3296368946144375,-12.928936308911537,10.0
2016-08-02 15:35:15.350,0.973,0.07,-0.051,-16.71890919447528,3.9443020422424135,-11.48091554072626,10.0
2016-08-02 15:35:15.360,0.957,0.094,-0.078,-18.338769017869733,3.207783192099087,-10.673648112690106,10.0
2016-08-02 15:35:15.370,0.957,0.094,-0.07,-21.229454376188784,2.1762138845522707,-10.50463685675026,10.0
2016-08-02 15:35:15.380,0.965,0.078,-0.047,-21.610977822764045,1.9833524945580039,-11.098450563136902,10.0
2016-08-02 15:35:15.390,0.965,0.063,-0.016,-18.30334335868213,3.046884881274702,-12.32854809657723,10.0
2016-08-02 15:35:15.400,0.965,0.07,0.012,-14.393510732269139,3.6578183040598145,-12.892539104685678,10.0
2016-08-02 15:35:15.410,0.977,0.094,0.023,-12.748870085401936,3.278817214971736,-11.642222951334716,10.0
2016-08-02 15:35:15.420,1.004,0.109,0.039,-12.93253121994378,2.5269625000555016,-9.589210039887394,10.0
2016-08-02 15:35:15.430,1.031,0.109,0.039,-13.189826938725764,2.0323080920006733,-7.586250804789673,10.0
2016-08-02 15:35:15.440,1.066,0.113,0.023,-13.124969968313902,2.358716512725068,-5.457852479034029,10.0
2016-08-02 15:35:15.450,1.094,0.113,-0.004,-13.657787596392179,2.6516639615828224,-3.5862308556854487,10.0
2016-08-02 15:35:15.460,1.121,0.109,-0.035,-15.471547418435101,2.341108382826228,-1.2393378311405403,10.0
2016-08-02 15:35:15.470,1.141,0.105,-0.051,-17.23367031415152,1.9984968311675053,1.942959878806458,10.0
2016-08-02 15:35:15.480,1.152,0.098,-0.047,-16.30381385605905,1.3874950422857744,4.34730544710395,10.0
2016-08-02 15:35:15.490,1.172,0.098,-0.027,-13.269099783591644,0.6932578221705348,6.19273855697244,10.0
2016-08-02 15:35:15.500,1.18,0.117,0.004,-11.320300650821205,0.4999889827860562,8.44196259848061,10.0
2016-08-02 15:35:15.510,1.188,0.121,0.027,-11.558245448412546,0.1620653632935274,10.309962128852389,10.0
2016-08-02 15:35:15.520,1.18,0.137,0.039,-13.530379994668534,-0.8463524138867762,11.532548519634982,10.0
2016-08-02 15:35:15.530,1.164,0.125,0.039,-15.726059930181,-2.6018608326430694,12.286507268472928,10.0
2016-08-02 15:35:15.540,1.164,0.121,0.055,-17.074201231845095,-5.020151585263157,12.400209508878982,10.0
2016-08-02 15:35:15.550,1.176,0.125,0.066,-19.503701363071134,-7.193225914750455,12.071841024881175,10.0
2016-08-02 15:35:15.560,1.191,0.129,0.055,-23.34507780057546,-8.442521264611937,11.479795947351063,10.0
2016-08-02 15:35:15.570,1.191,0.113,0.035,-25.748405523273735,-9.06015199921924,10.984467786961307,10.0
2016-08-02 15:35:15.580,1.184,0.098,0.02,-25.695556624686414,-9.327690797844605,10.919721187582933,10.0
2016-08-02 15:35:15.590,1.18,0.109,0.004,-24.18020500933509,-9.349322817755668,10.889222496657169,10.0
2016-08-02 15:35:15.600,1.176,0.117,-0.012,-22.32957244948745,-9.235286685114964,10.884512604693828,10.0
2016-08-02 15:35:15.610,1.164,0.117,-0.016,-20.89247862357672,-8.941158154213905,11.218448196088161,10.0
2016-08-02 15:35:15.620,1.164,0.117,-0.004,-19.23832318914065,-8.962932471952104,11.240858014357583,10.0
2016-08-02 15:35:15.630,1.164,0.129,0.008,-17.436036651471127,-9.407953254299592,10.633009322805481,10.0
2016-08-02 15:35:15.640,1.148,0.133,0.012,-17.296471210110425,-9.67297829357852,10.355373867605921,10.0
2016-08-02 15:35:15.650,1.141,0.141,0.035,-18.977217151009654,-10.533251470861192,10.908485773160265,10.0
2016-08-02 15:35:15.660,1.148,0.145,0.055,-21.179439564092753,-11.988960104274653,12.014752983121083,10.0
2016-08-02 15:35:15.670,1.168,0.156,0.055,-23.09432894408497,-12.292718459716793,13.534945317989738,10.0
2016-08-02 15:35:15.680,1.176,0.152,0.043,-23.282487197885775,-11.639908658597294,15.07057840439144,10.0
2016-08-02 15:35:15.690,1.18,0.145,0.012,-21.31627103083533,-10.93536535906528,16.15976139097376,10.0
2016-08-02 15:35:15.700,1.172,0.141,-0.031,-19.269579650050467,-10.195825183007255,16.74634306840496,10.0
2016-08-02 15:35:15.710,1.152,0.148,-0.051,-18.266160422640496,-10.128376068404279,16.904458543015256,10.0
2016-08-02 15:35:15.720,1.164,0.156,-0.031,-17.709076044972203,-10.526477287456165,16.860228077664814,10.0
2016-08-02 15:35:15.730,1.184,0.164,-0.004,-17.290153152445562,-9.962201216830113,16.814725797203064,10.0
2016-08-02 15:35:15.740,1.18,0.156,0.004,-16.174024663897555,-8.630881190724988,16.653217085709965,10.0
2016-08-02 15:35:15.750,1.156,0.148,0.012,-13.34427075121098,-8.261519408860742,16.100156454305882,10.0
2016-08-02 15:35:15.760,1.133,0.145,0.023,-9.858787742588142,-9.32035659045452,15.266978767418927,10.0
2016-08-02 15:35:15.770,1.129,0.148,0.039,-8.151146737361165,-10.4976042023978,14.723440691585049,10.0
2016-08-02 15:35:15.780,1.129,0.168,0.051,-9.405626995291078,-10.990960358130867,14.66750993444248,10.0
2016-08-02 15:35:15.790,1.125,0.176,0.055,-12.123037098758125,-10.919304719086774,14.801780501698257,10.0
2016-08-02 15:35:15.800,1.133,0.172,0.043,-12.996282706388554,-10.508003206739158,15.073095015489475,10.0
2016-08-02 15:35:15.810,1.176,0.176,0.016,-10.52188914181589,-10.294663239655439,15.92266605894031,10.0
2016-08-02 15:35:15.820,1.203,0.18,-0.016,-7.4608377520355305,-10.361406688109772,17.862995710885926,10.0
2016-08-02 15:35:15.830,1.207,0.18,-0.035,-6.775897469191908,-10.414039957594541,20.213621697618294,10.0
2016-08-02 15:35:15.840,1.203,0.168,-0.023,-6.2315926067339085,-10.448168042409382,21.19614478254314,10.0
2016-08-02 15:35:15.850,1.191,0.137,0.0,-2.6553063690587835,-9.72301247195111,20.440884606764374,10.0
2016-08-02 15:35:15.860,1.168,0.129,0.02,1.6645342540660262,-8.182146734129267,18.53239970523328,10.0
2016-08-02 15:35:15.870,1.125,0.125,0.027,3.7197231585275654,-7.337542631179403,15.483713885650644,10.0
2016-08-02 15:35:15.880,1.07,0.121,0.035,4.453790221578005,-7.347187027471681,11.851880777347127,10.0
2016-08-02 15:35:15.890,1.027,0.113,0.047,4.954246103362138,-7.4628560200110385,8.205106290851802,10.0
2016-08-02 15:35:15.900,0.992,0.129,0.047,4.428729546028907,-7.913114823819566,4.95726203783737,10.0
2016-08-02 15:35:15.910,0.988,0.148,0.059,2.5569177760242514,-8.731914416039897,2.782527839024314,10.0
2016-08-02 15:35:15.920,0.992,0.152,0.063,0.6573413121053352,-9.13471640827672,1.4575350370776534,10.0
2016-08-02 15:35:15.930,1.004,0.156,0.055,0.1257693146310519,-8.642795537315521,0.5991099970315531,10.0
2016-08-02 15:35:15.940,1.008,0.152,0.055,1.2205987554511886,-7.7981544758404,0.21470269578062678,10.0
2016-08-02 15:35:15.950,1.016,0.156,0.043,3.2089055916996605,-7.023515446841992,0.24987880595923823,10.0
2016-08-02 15:35:15.960,1.02,0.152,0.035,4.992402041496096,-6.331158999968947,0.6974810787358654,10.0
2016-08-02 15:35:15.970,1.02,0.152,0.047,6.326470613285959,-6.096381905944271,1.1762873862886878,10.0
2016-08-02 15:35:15.980,1.023,0.156,0.07,7.1631143098797,-6.375820514256688,1.4457844143154246,10.0
2016-08-02 15:35:15.990,1.043,0.172,0.105,6.8134263382854225,-6.832598978570656,1.6883750947613838,10.0
2016-08-02 15:35:16.000,1.059,0.191,0.129,5.513217575544717,-7.068374133320713,2.2441058583258027,10.0
2016-08-02 15:35:16.010,1.07,0.207,0.125,3.880078194360963,-6.636744703480726,3.534059471053353,10.0
2016-08-02 15:35:16.020,1.063,0.215,0.113,1.7539629298043127,-5.863525425541781,4.762987766813488,10.0
2016-08-02 15:35:16.030,1.051,0.211,0.09,-0.42112104532449,-4.974690665809543,4.900670409436254,10.0
2016-08-02 15:35:16.040,1.031,0.203,0.07,-1.6903781889602738,-3.4799675690556713,4.231462282470548,10.0
2016-08-02 15:35:16.050,1.027,0.207,0.066,-1.4835982974006825,-1.9557414853993431,3.0011373539273323,10.0
2016-08-02 15:35:16.060,1.047,0.223,0.074,-0.25117408152228515,-1.0133707793379099,1.7434688113282895,10.0
2016-08-02 15:35:16.070,1.07,0.242,0.082,0.5323207371534348,0.04893948782154542,1.483180522644819,10.0
2016-08-02 15:35:16.080,1.102,0.254,0.09,0.5000059407349061,1.2180334556681818,2.344542269595168,10.0
2016-08-02 15:35:16.090,1.117,0.254,0.094,0.2665518006519182,2.043464490345489,4.245760028209572,10.0
2016-08-02 15:35:16.100,1.133,0.246,0.074,-0.2192928903062767,2.8887875632720696,6.7037606774834355,10.0
2016-08-02 15:35:16.110,1.141,0.238,0.055,-1.0012310113352292,3.7105701221246568,8.560513448116112,10.0
2016-08-02 15:35:16.120,1.148,0.227,0.031,-1.5258423845711002,4.181174289041831,9.809900915901231,10.0
2016-08-02 15:35:16.130,1.16,0.219,0.023,-1.166018473095027,4.375733036017836,10.800552752402691,10.0
2016-08-02 15:35:16.140,1.168,0.215,0.023,-0.007314897541538884,4.402625090842063,11.304779349176483,10.0
2016-08-02 15:35:16.150,1.172,0.215,0.031,0.9190688528124664,4.342739163365779,11.662827279404752,10.0
2016-08-02 15:35:16.160,1.176,0.211,0.039,1.247491694309946,3.7680797002181805,11.983513073480957,10.0
2016-08-02 15:35:16.170,1.176,0.199,0.047,2.0207326701946804,2.5505878022191637,12.081855252141757,10.0
2016-08-02 15:35:16.180,1.18,0.199,0.035,2.859433200176327,1.524362096782626,12.298271277400527,10.0
2016-08-02 15:35:16.190,1.176,0.199,0.027,2.074534492036447,0.34920388870339014,12.457216642985326,10.0
2016-08-02 15:35:16.200,1.191,0.191,0.016,0.610573291120883,-1.6957505380630225,12.330150293850153,10.0
2016-08-02 15:35:16.210,1.188,0.195,0.008,0.26854549150249574,-3.6068770565989903,12.41633500850087,10.0
2016-08-02 15:35:16.220,1.188,0.188,0.008,0.5519803857728011,-4.863651732145291,12.719411893533785,10.0
2016-08-02 15:35:16.230,1.188,0.191,0.008,0.7405880872410664,-5.927888052072976,12.922597468517898,10.0
2016-08-02 15:35:16.240,1.18,0.191,0.004,0.9988503817175827,-6.715705981345051,13.24386340677262,10.0
2016-08-02 15:35:16.250,1.184,0.203,0.012,1.5526215103780205,-7.266450893184854,14.007772442940812,10.0
2016-08-02 15:35:16.260,1.184,0.207,0.004,2.240955426595488,-7.592580783008856,15.268963261721204,10.0
2016-08-02 15:35:16.270,1.172,0.203,-0.004,2.818798546448014,-7.781074133010459,16.479786333088782,10.0
2016-08-02 15:35:16.280,1.168,0.195,-0.008,4.1073578498908745,-8.255127124235674,17.16410081574413,10.0
2016-08-02 15:35:16.290,1.16,0.203,-0.004,6.383860313740208,-8.599987022494837,17.725245135524254,10.0
2016-08-02 15:35:16.300,1.16,0.203,-0.004,8.04422643221005,-8.715965484081831,18.29744929861096,10.0
2016-08-02 15:35:16.310,1.156,0.199,0.0,8.521358155816376,-9.27877065230831,18.64631692422958,10.0
2016-08-02 15:35:16.320,1.16,0.203,0.0,8.739678996786708,-10.077822834641674,19.078578582925303,10.0
2016-08-02 15:35:16.330,1.16,0.199,0.0,8.625911431199405,-10.94753433692423,19.88732581379366,10.0
2016-08-02 15:35:16.340,1.168,0.203,0.004,7.815431897148045,-12.029603227751608,21.013538519455658,10.0
2016-08-02 15:35:16.350,1.176,0.195,0.0,7.090842663944418,-12.690855663540347,22.17978846772591,10.0
2016-08-02 15:35:16.360,1.184,0.191,-0.012,7.267072055679948,-12.630819592728427,22.958433832061445,10.0
2016-08-02 15:35:16.370,1.191,0.18,-0.02,8.601653272812374,-12.333383906077248,23.103638862975487,10.0
2016-08-02 15:35:16.380,1.199,0.176,-0.027,11.11477967631206,-12.104478328082896,22.74449961020487,10.0
2016-08-02 15:35:16.390,1.191,0.168,-0.043,13.739692420906525,-12.200094408789987,22.186545713304668,10.0
2016-08-02 15:35:16.400,1.184,0.16,-0.035,15.266251194102335,-12.944454592398698,21.458072570051396,10.0
2016-08-02 15:35:16.410,1.18,0.156,-0.016,15.850015124333865,-13.837896507582572,20.43411261807698,10.0
2016-08-02 15:35:16.420,1.18,0.156,0.008,15.641388830161866,-14.129218924488438,19.301893295821124,10.0
2016-08-02 15:35:16.430,1.176,0.156,0.016,14.72193466364091,-13.929222758826766,18.49497247659555,10.0
2016-08-02 15:35:16.440,1.16,0.152,0.004,13.7299189084372,-13.499846675307534,18.093394310247177,10.0
2016-08-02 15:35:16.450,1.145,0.148,-0.02,13.323345600651395,-12.976128782952777,17.606192220609046,10.0
2016-08-02 15:35:16.460,1.125,0.137,-0.039,14.410987827220533,-12.336546648312883,16.75516564916649,10.0
2016-08-02 15:35:16.470,1.094,0.121,-0.059,16.697103107703605,-11.593084188533524,15.623940165787598,10.0
2016-08-02 15:35:16.480,1.055,0.109,-0.059,18.615211822936722,-11.324590174343346,14.045827263472871,10.0
2016-08-02 15:35:16.490,1.035,0.105,-0.055,20.091589345782936,-11.212046535983779,11.860605061629508,10.0
2016-08-02 15:35:16.500,1.004,0.098,-0.047,21.75092768258579,-10.56001943444,9.21062736259828,10.0
2016-08-02 15:35:16.510,0.973,0.09,-0.027,22.949681442710638,-10.098764709886346,6.369624159114897,10.0
2016-08-02 15:35:16.520,0.957,0.086,-0.004,22.896799034807405,-10.032028727903036,3.5224705235565508,10.0
2016-08-02 15:35:16.530,0.945,0.082,0.012,21.778346687751583,-9.452693190117163,0.5444534033901242,10.0
2016-08-02 15:35:16.540,0.934,0.082,0.016,20.15509066545081,-8.283291610385778,-2.4957013336525975,10.0
2016-08-02 15:35:16.550,0.926,0.078,0.008,18.41711325765681,-6.975874917215609,-5.253809151096127,10.0
2016-08-02 15:35:16.560,0.91,0.078,-0.012,16.954882453501497,-5.612204723523656,-7.756993692199289,10.0
2016-08-02 15:35:16.570,0.902,0.066,-0.035,16.22088718786403,-4.299900828813498,-10.022057214704505,10.0
2016-08-02 15:35:16.580,0.902,0.066,-0.047,16.472566572752932,-3.157744934573662,-11.924636532418134,10.0
2016-08-02 15:35:16.590,0.906,0.07,-0.047,17.366875072008913,-1.989589317618524,-13.702115015705743,10.0
2016-08-02 15:35:16.600,0.91,0.07,-0.035,18.125563220839755,-0.8767733335488767,-15.533577075970179,10.0
2016-08-02 15:35:16.610,0.91,0.059,-0.02,18.80355294779435,-0.1281802434687765,-17.70081594912113,10.0
2016-08-02 15:35:16.620,0.91,0.051,-0.012,20.084078945249367,0.38923596592368603,-20.688090262522667,10.0
2016-08-02 15:35:16.630,0.898,0.031,-0.016,20.84062925409316,0.8009612985177454,-23.858970902727823,10.0
2016-08-02 15:35:16.640,0.883,0.023,-0.02,19.39789605568393,0.9464690050823646,-26.285148668782938,10.0
2016-08-02 15:35:16.650,0.879,0.055,-0.023,16.51327715844132,0.6583379270991613,-28.215189513161157,10.0
2016-08-02 15:35:16.660,0.887,0.09,-0.027,12.938820942503556,0.23247319669660227,-29.40312691687665,10.0
2016-08-02 15:35:16.670,0.883,0.086,-0.027,9.038476247075394,0.44411239140555553,-29.5253981246179,10.0
2016-08-02 15:35:16.680,0.863,0.07,-0.031,7.47995482851748,0.9179567252548646,-30.29556620569805,10.0
2016-08-02 15:35:16.690,0.859,0.063,-0.035,8.583596967174836,0.7708833787638303,-32.22518471654844,10.0
2016-08-02 15:35:16.700,0.852,0.07,-0.039,8.008051339377674,0.7643931970197935,-33.17293923454496,10.0
2016-08-02 15:35:16.710,0.836,0.074,-0.035,4.589079748699227,1.204022943539922,-32.77426604254059,10.0
2016-08-02 15:35:16.720,0.824,0.078,-0.02,1.821172536163247,1.4311596270985723,-31.87037118389025,10.0
2016-08-02 15:35:16.730,0.828,0.102,-0.012,0.8564706764044072,1.9568582988583256,-29.91434337148462,10.0
2016-08-02 15:35:16.740,0.832,0.113,-0.012,-0.24798760968242284,2.8311956579403574,-27.082185272624802,10.0
2016-08-02 15:35:16.750,0.832,0.113,-0.02,-2.8258668539963723,3.5857562391832456,-24.50808858672646,10.0
2016-08-02 15:35:16.760,0.836,0.113,-0.035,-6.4738536728306,4.459549717406265,-22.707002248093257,10.0
2016-08-02 15:35:16.770,0.852,0.117,-0.051,-10.027128456991381,5.3762158489912935,-21.228966097446364,10.0
2016-08-02 15:35:16.780,0.875,0.117,-0.059,-12.799599018470023,6.407492866615998,-19.51047448129502,10.0
2016-08-02 15:35:16.790,0.906,0.105,-0.063,-13.918230434567022,7.575713326946435,-18.304748458801317,10.0
2016-08-02 15:35:16.800,0.934,0.094,-0.059,-12.744549842274806,8.705833710328408,-17.91481677717404,10.0
2016-08-02 15:35:16.810,0.945,0.082,-0.063,-10.908236193425042,10.048942425140424,-17.513812393880336,10.0
2016-08-02 15:35:16.820,0.941,0.078,-0.059,-10.501646113254148,10.829387867619605,-17.45643499601257,10.0
2016-08-02 15:35:16.830,0.941,0.086,-0.051,-11.511634731230266,10.33025139727632,-17.834527111151434,10.0
2016-08-02 15:35:16.840,0.945,0.082,-0.035,-13.020088961821676,9.667598089341258,-17.773261102030485,10.0
2016-08-02 15:35:16.850,0.945,0.086,-0.027,-14.72589288085887,9.334841509970078,-17.865770346347762,10.0
2016-08-02 15:35:16.860,0.949,0.09,-0.023,-16.9265093812171,8.61567148201728,-18.578032531643835,10.0
2016-08-02 15:35:16.870,0.945,0.078,-0.035,-19.513972199859854,7.771725590778598,-18.905678892206797,10.0
2016-08-02 15:35:16.880,0.941,0.078,-0.043,-21.754567552156427,7.435678344194683,-18.619121376807204,10.0
2016-08-02 15:35:16.890,0.934,0.098,-0.051,-23.60678167369422,7.127533039974553,-18.046961360371505,10.0
2016-08-02 15:35:16.900,0.938,0.102,-0.055,-25.428980471157097,6.654630944144366,-17.030415115578606,10.0
2016-08-02 15:35:16.910,0.93,0.07,-0.055,-26.453016106831477,6.924795609748125,-15.906799297861308,10.0
2016-08-02 15:35:16.920,0.926,0.07,-0.047,-25.419640112812377,7.598029968995459,-15.501619025563183,10.0
2016-08-02 15:35:16.930,0.926,0.09,-0.051,-23.31714536018908,7.5917857915935425,-15.518504616839174,10.0
2016-08-02 15:35:16.940,0.926,0.086,-0.055,-22.544996351993266,7.656563644455481,-14.882352998702958,10.0
2016-08-02 15:35:16.950,0.922,0.066,-0.051,-22.457898638994124,8.275122316954022,-14.174954590215854,10.0
2016-08-02 15:35:16.960,0.914,0.078,-0.051,-21.264427606967175,8.33271590724726,-14.523089889968267,10.0
2016-08-02 15:35:16.970,0.918,0.098,-0.055,-20.489252413873324,7.8930035268694265,-14.8494149232745,10.0
2016-08-02 15:35:16.980,0.918,0.094,-0.051,-21.111114090681546,7.936534100413868,-14.199958025873224,10.0
2016-08-02 15:35:16.990,0.914,0.086,-0.043,-20.76677094187353,8.017847943093969,-13.865178790369805,10.0
2016-08-02 15:35:17.000,0.902,0.098,-0.039,-18.9467112641648,7.5725572592248955,-14.19427705147213,10.0
2016-08-02 15:35:17.010,0.891,0.086,-0.043,-17.68187100069845,7.2055607949990845,-14.058046591138268,10.0
2016-08-02 15:35:17.020,0.875,0.078,-0.043,-16.78054759267244,6.979223115798712,-14.013405838666872,10.0
2016-08-02 15:35:17.030,0.859,0.086,-0.031,-14.917899443484629,6.297704360347808,-14.863015244642867,10.0
2016-08-02 15:35:17.040,0.859,0.102,-0.023,-13.03696845086601,5.514998983425409,-15.559785941720104,10.0
2016-08-02 15:35:17.050,0.855,0.094,-0.02,-12.074963326550902,5.380920733705077,-15.767194625770497,10.0
2016-08-02 15:35:17.060,0.844,0.078,-0.027,-10.719516231737204,5.676540661607539,-16.312994455718766,10.0
2016-08-02 15:35:17.070,0.836,0.094,-0.035,-8.589264173751443,5.898455788484559,-16.890278695355182,10.0
2016-08-02 15:35:17.080,0.848,0.109,-0.039,-7.179180567983496,6.188376004096106,-16.630001880359103,10.0
2016-08-02 15:35:17.090,0.855,0.105,-0.047,-6.217738984152851,6.981204333510648,-15.551480579573452,10.0
2016-08-02 15:35:17.100,0.859,0.105,-0.055,-4.00477147959372,8.178031206812985,-14.482342463697742,10.0
2016-08-02 15:35:17.110,0.871,0.105,-0.055,-0.49127608587009275,9.18103014551539,-13.92100677531216,10.0
2016-08-02 15:35:17.120,0.883,0.105,-0.059,3.286544217275041,10.2285749746674,-13.195338336341264,10.0
2016-08-02 15:35:17.130,0.891,0.109,-0.059,6.822054970800341,11.639643459678204,-12.03692153413724,10.0
2016-08-02 15:35:17.140,0.891,0.117,-0.059,9.944527600087937,12.671027718014814,-10.983104522233335,10.0
2016-08-02 15:35:17.150,0.906,0.129,-0.047,12.52003988004292,13.105317524503649,-10.021756099906568,10.0
2016-08-02 15:35:17.160,0.914,0.125,-0.031,14.763141216619307,13.555005412552921,-9.340110544377735,10.0
2016-08-02 15:35:17.170,0.902,0.125,-0.023,17.13333882214746,14.057899988030295,-9.310693696449366,10.0
2016-08-02 15:35:17.180,0.887,0.117,-0.023,19.368808280088146,14.019316997559303,-9.780600459341237,10.0
2016-08-02 15:35:17.190,0.871,0.117,-0.023,20.6629242448454,13.42282524117135,-10.761179224223662,10.0
2016-08-02 15:35:17.200,0.863,0.121,-0.027,21.40248821306818,12.819731724042228,-12.134077430574056,10.0
2016-08-02 15:35:17.210,0.855,0.121,-0.031,23.12622866631986,12.070657919262857,-13.225437625707182,10.0
2016-08-02 15:35:17.220,0.863,0.137,-0.027,25.940534892933236,11.030269866151933,-13.082134264601509,10.0
2016-08-02 15:35:17.230,0.891,0.168,-0.023,27.892183351577543,10.309467029372154,-11.074410987369356,10.0
2016-08-02 15:35:17.240,0.922,0.207,-0.035,28.179422694824424,9.983475791377666,-7.422727655942419,10.0
2016-08-02 15:35:17.250,0.941,0.223,-0.043,27.862614255965823,9.538487818681878,-2.273558334138119,10.0
2016-08-02 15:35:17.260,0.965,0.23,-0.047,27.57353191040761,8.593704698243128,4.120032182178667,10.0
2016-08-02 15:35:17.270,0.992,0.242,-0.043,27.992492923899313,7.109251543136129,10.602448070590583,10.0
2016-08-02 15:35:17.280,1.02,0.242,-0.039,30.087416410691155,5.758988559007229,16.32278881330887,10.0
2016-08-02 15:35:17.290,1.039,0.23,-0.035,33.621925730599564,4.7845656507387995,20.930408125601943,10.0
2016-08-02 15:35:17.300,1.047,0.227,-0.027,37.0186507963771,3.6003984661116575,24.253432910592686,10.0
2016-08-02 15:35:17.310,1.059,0.238,-0.023,38.08089357940351,2.0069674276248026,26.635179148778217,10.0
2016-08-02 15:35:17.320,1.074,0.242,-0.023,36.34369708308781,0.19015930359881408,28.293015888251933,10.0
2016-08-02 15:35:17.330,1.082,0.238,-0.023,34.289182649964786,-1.4372775874313124,29.3308778393135,10.0
2016-08-02 15:35:17.340,1.102,0.238,-0.02,33.747139122986944,-2.6780205358144076,29.8610755582964,10.0
2016-08-02 15:35:17.350,1.113,0.238,-0.012,33.39059260620575,-3.6027988188204296,29.88025945266842,10.0
2016-08-02 15:35:17.360,1.121,0.246,-0.012,31.499820677079946,-4.078860511490596,29.7550520686327,10.0
2016-08-02 15:35:17.370,1.117,0.234,-0.02,28.921638364568974,-4.586828388581156,29.52405519791384,10.0
2016-08-02 15:35:17.380,1.117,0.219,-0.031,27.69567100753139,-5.160823007921232,28.870573468402597,10.0
2016-08-02 15:35:17.390,1.102,0.211,-0.039,28.036533180441776,-4.823271115086314,28.08217589568348,10.0
2016-08-02 15:35:17.400,1.082,0.203,-0.047,28.592157134770773,-4.053062981055841,27.199090017655504,10.0
2016-08-02 15:35:17.410,1.059,0.195,-0.047,28.680266414377197,-3.6954426444708615,25.992212330940642,10.0
2016-08-02 15:35:17.420,1.031,0.191,-0.043,28.265735535201706,-3.2748846697758847,24.923802094182264,10.0
2016-08-02 15:35:17.430,1.004,0.195,-0.031,27.013121593903346,-3.04209658850701,24.00626403943571,10.0
2016-08-02 15:35:17.440,0.969,0.191,-0.023,25.22151533107051,-3.520470305163426,22.822416478722438,10.0
2016-08-02 15:35:17.450,0.941,0.191,-0.012,23.943526334452137,-4.003165219913654,21.754684804322714,10.0
2016-08-02 15:35:17.460,0.918,0.191,0.004,22.99076912330402,-4.275810981469078,21.046447223088204,10.0
2016-08-02 15:35:17.470,0.902,0.203,0.012,21.28108989692137,-4.850206710923481,20.583541468249887,10.0
2016-08-02 15:35:17.480,0.895,0.215,0.02,19.212937658112722,-5.330493432739274,20.50157857302098,10.0
2016-08-02 15:35:17.490,0.898,0.227,0.016,17.568857053202425,-5.053105725306784,20.838337531280157,10.0
2016-08-02 15:35:17.500,0.898,0.238,0.004,15.923482506478468,-4.324892475976638,21.44868857735615,10.0
2016-08-02 15:35:17.510,0.914,0.23,-0.008,14.743764436373702,-3.814478315666131,21.9678734000796,10.0
2016-08-02 15:35:17.520,0.941,0.23,-0.012,15.110567941286444,-3.121237637862532,22.267899461744506,10.0
2016-08-02 15:35:17.530,0.961,0.23,-0.016,16.423786706079007,-1.6039410610574885,22.443703381876617,10.0
2016-08-02 15:35:17.540,0.957,0.227,-0.023,17.901991282481987,-0.06353515334950557,22.192917582615387,10.0
2016-08-02 15:35:17.550,0.953,0.223,-0.02,19.499415564267032,0.7376844251423538,21.505203732361636,10.0
2016-08-02 15:35:17.560,0.941,0.219,-0.008,20.711218407238984,1.2989725347905532,20.578167342964633,10.0
2016-08-02 15:35:17.570,0.934,0.234,0.004,20.96374666510814,2.1646257309482193,19.287530428818638,10.0
2016-08-02 15:35:17.580,0.91,0.242,0.016,20.387477981900794,3.080188455382353,17.722107474940433,10.0
2016-08-02 15:35:17.590,0.883,0.246,0.023,19.942212841393264,3.58399933542073,16.14221982744371,10.0
2016-08-02 15:35:17.600,0.867,0.25,0.039,20.119677925373118,3.9028302044220116,14.978644199013974,10.0
2016-08-02 15:35:17.610,0.855,0.27,0.043,19.77795329983973,4.23357630542614,14.60129864316598,10.0
2016-08-02 15:35:17.620,0.855,0.285,0.047,18.465110210477917,4.35525864592598,14.974014087924715,10.0
2016-08-02 15:35:17.630,0.859,0.285,0.047,17.784028885890752,4.558026693320878,15.991129202198032,10.0
2016-08-02 15:35:17.640,0.859,0.277,0.047,18.73034087996846,5.244663395699355,17.198831556362283,10.0
2016-08-02 15:35:17.650,0.859,0.273,0.035,20.237494838981856,6.395484863114996,18.324451410528475,10.0
2016-08-02 15:35:17.660,0.855,0.277,0.023,20.657184229854217,7.740093811246581,19.638951852501652,10.0
2016-08-02 15:35:17.670,0.852,0.277,0.027,19.719865579715442,8.720947880044179,20.754596655665665,10.0
2016-08-02 15:35:17.680,0.848,0.27,0.035,19.24913549379199,9.4279243840435,21.092709889152804,10.0
2016-08-02 15:35:17.690,0.84,0.258,0.035,20.765026613070464,10.83252807096543,20.937572622832935,10.0
2016-08-02 15:35:17.700,0.828,0.254,0.031,23.64309703493808,12.728211976115807,20.647231697127488,10.0
2016-08-02 15:35:17.710,0.832,0.266,0.023,26.835432926479548,13.812391467204723,20.09412190559184,10.0
2016-08-02 15:35:17.720,0.844,0.281,0.027,28.815941225303362,14.37015919820736,19.73510379741458,10.0
2016-08-02 15:35:17.730,0.855,0.301,0.031,27.82284510303452,15.069890142789202,20.450907216944163,10.0
2016-08-02 15:35:17.740,0.859,0.297,0.031,25.3088891830358,14.909677160331938,21.671769943462213,10.0
2016-08-02 15:35:17.750,0.871,0.289,0.043,24.63103735023284,14.10080229980988,22.453093671183453,10.0
2016-08-02 15:35:17.760,0.875,0.281,0.047,26.694226939022343,14.319861483464045,22.96350079412501,10.0
2016-08-02 15:35:17.770,0.871,0.273,0.035,29.949265611073244,15.418580572014372,23.15851231318556,10.0
2016-08-02 15:35:17.780,0.848,0.277,0.016,32.3913233667281,16.423281614883575,22.99042437622588,10.0
2016-08-02 15:35:17.790,0.836,0.281,0.008,33.17250109074608,16.979987867769168,22.81652194163363,10.0
2016-08-02 15:35:17.800,0.828,0.285,0.004,32.66073333569373,17.015224813519986,22.76724011775285,10.0
2016-08-02 15:35:17.810,0.832,0.285,0.008,31.15463598055237,16.956899052753094,23.082597875406282,10.0
2016-08-02 15:35:17.820,0.844,0.285,0.016,29.741868908906085,16.64050949448161,23.587766403594827,10.0
2016-08-02 15:35:17.830,0.883,0.277,0.031,30.271017059176337,15.90834797025991,23.95899926879147,10.0
2016-08-02 15:35:17.840,0.918,0.262,0.051,32.582278145411955,15.789493262593751,24.24679018369403,10.0
2016-08-02 15:35:17.850,0.922,0.223,0.051,34.74173159560795,16.56350515190295,23.758574952020073,10.0
2016-08-02 15:35:17.860,0.934,0.219,0.02,35.498644852247125,16.601205329205772,21.939461458293824,10.0
2016-08-02 15:35:17.870,1.098,0.297,0.047,36.11082334963826,13.768505281142348,19.704010258959812,10.0
2016-08-02 15:35:17.880,1.309,0.262,0.055,36.088412771213584,11.398436096613846,19.109701778141464,10.0
2016-08-02 15:35:17.890,1.375,0.234,-0.043,30.642654188155753,13.294224204624378,19.47600706523251,10.0
2016-08-02 15:35:17.900,1.383,0.219,-0.039,24.547008778550286,10.540815636458701,16.358479167546548,10.0
2016-08-02 15:35:17.910,1.414,0.18,0.043,24.741707715823484,1.7240717860924148,11.865276434904475,10.0
2016-08-02 15:35:17.920,1.441,0.168,0.125,21.38656548677738,-0.8188522417972838,10.326680387039456,10.0
2016-08-02 15:35:17.930,1.477,0.191,0.191,10.981356817189566,-1.3169477907701665,7.181189244031955,10.0
2016-08-02 15:35:17.940,1.488,0.246,0.215,2.285433184402685,-4.862983336448331,2.612615030963023,10.0
2016-08-02 15:35:17.950,1.469,0.238,0.199,-5.988736866675247,-4.588715553482565,0.3634506099265121,10.0
2016-08-02 15:35:17.960,1.453,0.168,0.156,-13.151093314068055,-3.6247102122465646,-4.840544926807928,10.0
2016-08-02 15:35:17.970,1.406,0.094,0.066,-11.642404966580767,-3.7663975381701307,-14.460026662535844,10.0
2016-08-02 15:35:17.980,1.32,0.051,-0.012,-5.0458598938309365,-2.955259311570319,-23.88889732736545,10.0
2016-08-02 15:35:17.990,1.219,0.039,-0.016,-3.3622247643117227,-5.780129607411702,-31.571301939607615,10.0
2016-08-02 15:35:18.000,1.141,0.066,0.039,-9.125881935993764,-10.368175525537522,-36.530306086138374,10.0
2016-08-02 15:35:18.010,1.09,0.102,0.098,-18.44265368279356,-11.944057611553443,-39.159980237890565,10.0
2016-08-02 15:35:18.020,1.008,0.105,0.137,-27.396637443116724,-13.085293466709068,-40.83929184403739,10.0
2016-08-02 15:35:18.030,0.914,0.078,0.172,-34.40723214394529,-15.216497342217,-41.24004135180435,10.0
2016-08-02 15:35:18.040,0.844,0.078,0.18,-39.76940560951765,-15.77273256605082,-41.590877870983455,10.0
2016-08-02 15:35:18.050,0.801,0.086,0.156,-44.2544265452959,-14.07964706305955,-43.48202054930883,10.0
2016-08-02 15:35:18.060,0.77,0.078,0.121,-47.40609891583911,-11.362716716117163,-45.64283032260877,10.0
2016-08-02 15:35:18.070,0.758,0.063,0.078,-47.707423298713465,-8.246307143889421,-47.18429045868774,10.0
2016-08-02 15:35:18.080,0.758,0.051,0.023,-45.37315757110309,-5.196645318732712,-48.51119998078575,10.0
2016-08-02 15:35:18.090,0.762,0.035,-0.02,-43.491347005089345,-2.7820322123781027,-48.61585897150768,10.0
2016-08-02 15:35:18.100,0.777,0.023,-0.039,-44.06232124044634,-1.523275675327168,-47.00742599397432,10.0
2016-08-02 15:35:18.110,0.809,0.004,-0.02,-45.39634078647753,-1.1674707731001674,-45.243990103906334,10.0
2016-08-02 15:35:18.120,0.828,-0.008,0.012,-45.629232863567964,-0.6155109417467323,-44.13061899084413,10.0
2016-08-02 15:35:18.130,0.832,-0.027,0.047,-45.193651783148376,-0.6959126528240573,-43.55412734830562,10.0
2016-08-02 15:35:18.140,0.844,-0.031,0.055,-44.89089745241177,-2.4161183531669774,-43.42723394971674,10.0
2016-08-02 15:35:18.150,0.844,-0.035,0.063,-45.455365044304955,-3.75609604225792,-43.068819364551565,10.0
2016-08-02 15:35:18.160,0.82,-0.027,0.043,-48.37587416140563,-3.8479725241031035,-42.52707050415978,10.0
2016-08-02 15:35:18.170,0.789,-0.02,0.012,-53.16715035160394,-4.231207217041705,-42.36029522840752,10.0
2016-08-02 15:35:18.180,0.758,-0.027,-0.004,-57.63653376153517,-4.883679144416412,-41.5129796283537,10.0
2016-08-02 15:35:18.190,0.738,-0.016,-0.004,-61.5559816104341,-5.022229722830616,-39.429373624844224,10.0
2016-08-02 15:35:18.200,0.746,-0.004,0.004,-64.0333693050616,-4.6874415557975535,-37.264471179068266,10.0
2016-08-02 15:35:18.210,0.77,-0.012,0.008,-61.875368700501554,-3.5985514703857033,-34.97049267366172,10.0
2016-08-02 15:35:18.220,0.781,-0.035,-0.016,-54.01511083426943,-1.8029266840923592,-31.83497763142492,10.0
2016-08-02 15:35:18.230,0.781,-0.051,-0.039,-44.85232311224149,-0.2294992403568196,-27.44475182115559,10.0
2016-08-02 15:35:18.240,0.789,-0.016,-0.063,-40.92599114225212,0.2050810858399359,-21.8469742249084,10.0
2016-08-02 15:35:18.250,0.82,0.004,-0.078,-42.81550676873462,-0.7308523456603555,-16.11235421340246,10.0
2016-08-02 15:35:18.260,0.844,-0.012,-0.07,-46.43127060718832,-1.706198658023904,-10.58600323782951,10.0
2016-08-02 15:35:18.270,0.863,-0.043,-0.051,-48.0030493982556,-2.235951072276925,-6.680335362126634,10.0
2016-08-02 15:35:18.280,0.891,-0.086,-0.047,-45.2652192534236,-3.0511573124841522,-5.602202154665587,10.0
2016-08-02 15:35:18.290,0.898,-0.082,-0.055,-41.1760171473403,-2.9888573556703752,-5.372670647339873,10.0
2016-08-02 15:35:18.300,0.898,-0.066,-0.059,-38.48801538136899,-2.9093752947097973,-5.2357545151361835,10.0
2016-08-02 15:35:18.310,0.922,-0.074,-0.051,-35.24696765184079,-4.61154808054619,-4.647084758754332,10.0
2016-08-02 15:35:18.320,0.941,-0.09,-0.039,-31.901922582810286,-5.874183897774404,-2.0396241010676013,10.0
2016-08-02 15:35:18.330,0.957,-0.043,-0.027,-30.329162709407555,-6.638145513804961,1.3517930074333349,10.0
2016-08-02 15:35:18.340,1.004,0.008,-0.023,-30.334992938946733,-8.472519646802112,5.26378668075556,10.0
2016-08-02 15:35:18.350,1.047,0.0,-0.039,-31.22402877147455,-9.070232661765665,10.71648327236677,10.0
2016-08-02 15:35:18.360,1.074,-0.043,-0.078,-30.013498787648366,-7.8636520282372775,14.737316514694914,10.0
2016-08-02 15:35:18.370,1.09,-0.07,-0.125,-24.07264622882301,-6.872532954436943,15.602860619625353,10.0
2016-08-02 15:35:18.380,1.082,-0.066,-0.168,-17.33551447501106,-6.176828601718547,16.395611270801552,10.0
2016-08-02 15:35:18.390,1.059,-0.063,-0.164,-14.697426293672823,-6.198082470480996,18.54182911618514,10.0
2016-08-02 15:35:18.400,1.051,-0.074,-0.125,-14.418050516012984,-7.405665858970734,20.67958396878267,10.0
2016-08-02 15:35:18.410,1.059,-0.063,-0.09,-13.264221839680024,-8.214453856008783,21.766441036355275,10.0
2016-08-02 15:35:18.420,1.055,-0.039,-0.066,-11.155445227756827,-8.421991092218278,21.914397149119818,10.0
2016-08-02 15:35:18.430,1.051,-0.035,-0.035,-8.99656583030644,-9.55400778515524,22.20639693865944,10.0
2016-08-02 15:35:18.440,1.051,-0.039,-0.012,-7.487448682011683,-11.280662074041462,22.66839681495606,10.0
2016-08-02 15:35:18.450,1.074,0.004,0.0,-6.6100914936114705,-12.459786946809377,22.558980958517637,10.0
2016-08-02 15:35:18.460,1.113,0.02,-0.008,-6.194094227052696,-13.10287780765331,22.392192250663683,10.0
2016-08-02 15:35:18.470,1.137,0.004,-0.039,-6.054813765475582,-12.910517317133372,22.497215864944,10.0
2016-08-02 15:35:18.480,1.121,-0.023,-0.082,-4.520114164596316,-12.49640160738072,22.226645292969227,10.0
2016-08-02 15:35:18.490,1.113,-0.02,-0.105,-1.3582931003458014,-13.595901001392416,22.203272207204297,10.0
2016-08-02 15:35:18.500,1.129,0.02,-0.102,1.0162685766280728,-15.3834098341666,23.303400952991698,10.0
2016-08-02 15:35:18.510,1.16,0.047,-0.066,2.5859086058772336,-15.84365022387041,24.53589017353372,10.0
2016-08-02 15:35:18.520,1.18,0.047,-0.031,5.378036223935654,-14.777106994567216,25.095265957214394,10.0
2016-08-02 15:35:18.530,1.176,0.035,-0.008,9.871084015426447,-13.688140287891997,24.920770401128163,10.0
2016-08-02 15:35:18.540,1.164,0.043,0.0,14.500186198975172,-13.894929966586252,24.674516800659006,10.0
2016-08-02 15:35:18.550,1.156,0.074,0.0,15.29052366927449,-14.83570011277062,25.725821370538426,10.0
2016-08-02 15:35:18.560,1.16,0.109,0.0,10.377955649611568,-16.174353122624332,27.507092317906462,10.0
2016-08-02 15:35:18.570,1.176,0.109,0.0,4.312976250310056,-17.628891412643416,28.695567749088276,10.0
2016-08-02 15:35:18.580,1.199,0.098,0.02,2.2391019419089733,-18.22539166502366,28.874112379777788,10.0
2016-08-02 15:35:18.590,1.23,0.09,0.031,3.9699063788185738,-18.14230637461437,27.91657980562278,10.0
2016-08-02 15:35:18.600,1.25,0.09,0.02,5.747073707810678,-17.02468305983419,26.699256056302243,10.0
2016-08-02 15:35:18.610,1.246,0.082,-0.004,5.862847319909772,-15.191264610522968,25.41924191238687,10.0
2016-08-02 15:35:18.620,1.246,0.07,-0.012,6.700808889230245,-14.464754921102744,23.34725481340341,10.0
2016-08-02 15:35:18.630,1.25,0.074,-0.016,9.169743553721535,-13.768529019232117,20.979080847897354,10.0
2016-08-02 15:35:18.640,1.246,0.07,-0.023,10.974606649726331,-11.971080687027358,18.673991628678987,10.0
2016-08-02 15:35:18.650,1.227,0.074,-0.031,11.316880277304943,-10.727125678043866,16.296429960834512,10.0
2016-08-02 15:35:18.660,1.219,0.082,-0.02,10.865003290206786,-10.155025146381183,14.189646918511151,10.0
2016-08-02 15:35:18.670,1.238,0.082,0.0,9.941135101500686,-9.12618510422795,11.80932993749401,10.0
2016-08-02 15:35:18.680,1.246,0.074,0.004,9.261258325851887,-7.638898474720142,8.366767955698313,10.0
2016-08-02 15:35:18.690,1.234,0.043,0.012,9.044281826960987,-6.531829201420578,4.647157610966933,10.0
2016-08-02 15:35:18.700,1.215,0.035,0.02,8.162324111603233,-6.742403115333521,1.3166153306344486,10.0
2016-08-02 15:35:18.710,1.203,0.074,0.023,5.903715469188502,-7.849496515252023,-1.719304973983244,10.0
2016-08-02 15:35:18.720,1.199,0.078,0.023,2.882357118694179,-8.677188614291563,-3.683588024472713,10.0
2016-08-02 15:35:18.730,1.18,0.059,0.031,0.7987863075234922,-8.788383617976482,-4.8145475891086615,10.0
2016-08-02 15:35:18.740,1.16,0.07,0.031,1.404067108191739,-8.518513624016663,-6.692277119305761,10.0
2016-08-02 15:35:18.750,1.152,0.082,0.012,2.6794040611016174,-7.9285536518709945,-8.699254427539778,10.0
2016-08-02 15:35:18.760,1.125,0.078,-0.016,1.5642668295938225,-6.5440509234135815,-9.56531473669476,10.0
2016-08-02 15:35:18.770,1.086,0.086,-0.035,0.34388979205613324,-5.272943637706571,-9.927680062912657,10.0
2016-08-02 15:35:18.780,1.059,0.09,-0.031,0.5647097274043807,-4.903709045362121,-10.046711532432916,10.0
2016-08-02 15:35:18.790,1.047,0.102,-0.008,0.16685578427803852,-4.374578729546879,-9.783262263758257,10.0
2016-08-02 15:35:18.800,1.063,0.117,0.027,0.39602421631845847,-3.5064468456056916,-9.702762961527657,10.0
2016-08-02 15:35:18.810,1.109,0.125,0.059,2.445997319690303,-2.7610382389610564,-9.373952399839714,10.0
2016-08-02 15:35:18.820,1.191,0.121,0.074,4.523073465979104,-1.8102068906538524,-8.010311213219346,10.0
2016-08-02 15:35:18.830,1.262,0.137,0.051,5.6425332223873435,-0.3781360075640133,-5.570496971014668,10.0
2016-08-02 15:35:18.840,1.285,0.145,-0.023,3.3511533616316576,1.128796849023573,-2.1622856878241814,10.0
2016-08-02 15:35:18.850,1.246,0.121,-0.082,-2.3311465844568735,1.175358695168594,1.0596789421124677,10.0
2016-08-02 15:35:18.860,1.195,0.07,-0.09,-5.0870741939113975,-0.35905385432325215,2.8059116003701825,10.0
2016-08-02 15:35:18.870,1.164,0.055,-0.059,-4.303454088936331,-1.184467289317916,2.6898391056426174,10.0
2016-08-02 15:35:18.880,1.113,0.074,-0.016,-4.705935195542426,-0.7915033040898635,0.1521569895270043,10.0
2016-08-02 15:35:18.890,1.055,0.074,0.016,-4.4317832871698615,-0.4900928804105613,-4.034245999870446,10.0
2016-08-02 15:35:18.900,1.012,0.063,0.043,-1.5767640237829816,-0.4268400619459576,-7.882048758148114,10.0
2016-08-02 15:35:18.910,0.984,0.066,0.07,0.65093519722012,-0.5338175424717955,-10.658989134262201,10.0
2016-08-02 15:35:18.920,0.988,0.102,0.078,0.8216893519429618,-0.5047840359987503,-11.910404775267672,10.0
2016-08-02 15:35:18.930,0.996,0.145,0.074,-0.9520033675834639,0.5074510681876949,-11.162486969885887,10.0
2016-08-02 15:35:18.940,1.012,0.16,0.059,-3.631388839786748,1.8863446295190922,-8.66528597175865,10.0
2016-08-02 15:35:18.950,1.027,0.137,0.027,-5.1965779007924535,3.1641887548891416,-4.772076904299737,10.0
2016-08-02 15:35:18.960,1.039,0.109,-0.008,-5.601970321004027,4.587730650530933,-0.7895958834816332,10.0
2016-08-02 15:35:18.970,1.082,0.117,-0.035,-4.712782965416043,5.45712254560854,1.9364035743653867,10.0
2016-08-02 15:35:18.980,1.141,0.121,-0.047,-2.7637953881687345,6.241842314250032,3.8462842418263476,10.0
2016-08-02 15:35:18.990,1.18,0.109,-0.043,-1.8522863962817722,7.618626562394299,5.297086314141944,10.0
2016-08-02 15:35:19.000,1.199,0.105,-0.023,-1.6142279312445826,8.22925398007042,5.665690239392237,10.0
2016-08-02 15:35:19.010,1.234,0.102,0.012,-0.5317201758916795,7.606009051352402,5.1795174377253375,10.0
2016-08-02 15:35:19.020,1.258,0.102,0.035,-0.48625144655620456,7.045495642479592,4.775794903908582,10.0
2016-08-02 15:35:19.030,1.266,0.109,0.043,-3.4008393872276015,6.622248591663788,4.059879559384898,10.0
2016-08-02 15:35:19.040,1.258,0.113,0.035,-7.341744229186753,5.567704517721637,2.258816224337999,10.0
2016-08-02 15:35:19.050,1.246,0.109,0.023,-9.726746917828432,4.821543460365049,0.2487223668875123,10.0
2016-08-02 15:35:19.060,1.227,0.109,0.008,-10.724478648833323,5.047942165036805,-1.6857849555908682,10.0
2016-08-02 15:35:19.070,1.207,0.117,-0.02,-10.943526205597117,5.481278218934754,-4.183655705792757,10.0
2016-08-02 15:35:19.080,1.195,0.109,-0.039,-9.619454552598896,6.382607663929214,-6.045498068726885,10.0
2016-08-02 15:35:19.090,1.18,0.105,-0.051,-6.686325986613391,7.673127818623639,-6.644891494078906,10.0
2016-08-02 15:35:19.100,1.18,0.117,-0.047,-3.4194586514234837,8.52249144560713,-6.997391370739061,10.0
2016-08-02 15:35:19.110,1.188,0.113,-0.035,-0.9809504234367902,9.712351892318445,-6.637825678043126,10.0
2016-08-02 15:35:19.120,1.188,0.109,-0.02,0.7632808673514351,11.31121284375708,-5.597793125887062,10.0
2016-08-02 15:35:19.130,1.18,0.113,-0.004,2.1344842653865643,11.866191063523061,-5.17034620142869,10.0
2016-08-02 15:35:19.140,1.168,0.117,0.008,1.9069208873095655,11.524723919388212,-4.827738792979964,10.0
2016-08-02 15:35:19.150,1.152,0.109,0.012,-0.29702922912809626,10.99216523725352,-4.189693378979812,10.0
2016-08-02 15:35:19.160,1.129,0.109,0.012,-2.856431733552203,10.041134532212158,-3.965070181947421,10.0
2016-08-02 15:35:19.170,1.117,0.125,0.012,-5.046923181700575,9.008732102515078,-3.7501177630584106,10.0
2016-08-02 15:35:19.180,1.102,0.125,0.012,-6.738009738400101,8.445788338239407,-3.3309768485765283,10.0
2016-08-02 15:35:19.190,1.082,0.121,0.004,-6.806067917310651,8.25674097560224,-3.059215427995471,10.0
2016-08-02 15:35:19.200,1.07,0.125,-0.008,-5.000525689996126,8.129675068267678,-2.7634789743029944,10.0
2016-08-02 15:35:19.210,1.066,0.129,-0.016,-2.442911384226883,8.06442384930941,-2.4659960312415468,10.0
2016-08-02 15:35:19.220,1.059,0.137,-0.023,0.4597966850381585,8.648359929829528,-1.9610972504399964,10.0
2016-08-02 15:35:19.230,1.047,0.145,-0.023,3.3346426144877457,9.823676532916908,-0.5574133409717392,10.0
2016-08-02 15:35:19.240,1.035,0.156,-0.016,4.835290879260313,10.602733034920563,1.739477992835916,10.0
2016-08-02 15:35:19.250,1.031,0.176,-0.004,4.85902033878397,10.812855198701817,4.580448997712441,10.0
2016-08-02 15:35:19.260,1.027,0.184,0.004,4.487625692576954,10.993329858758605,7.934972959018595,10.0
2016-08-02 15:35:19.270,1.027,0.188,0.008,4.027380332009407,11.084397769488696,11.523537110619369,10.0
2016-08-02 15:35:19.280,1.035,0.195,0.016,4.055852020144153,10.83579144303422,15.069027752354318,10.0
2016-08-02 15:35:19.290,1.043,0.199,0.02,4.994860554208901,10.636784196650444,18.765787907289486,10.0
2016-08-02 15:35:19.300,1.043,0.199,0.016,5.937263477705818,10.536169484547754,22.51406621552815,10.0
2016-08-02 15:35:19.310,1.047,0.207,0.012,6.928527793775904,10.103353679033585,25.99151084606339,10.0
2016-08-02 15:35:19.320,1.051,0.207,0.004,8.04963004496135,9.900472538558226,29.422363861462898,10.0
2016-08-02 15:35:19.330,1.063,0.211,-0.004,8.261945820706751,10.179498460955337,32.81513413159927,10.0
2016-08-02 15:35:19.340,1.078,0.23,0.0,8.316647357683017,10.116578974335887,36.00054245931642,10.0
2016-08-02 15:35:19.350,1.098,0.234,0.008,8.61886610770815,9.839425034061168,39.38484784379469,10.0
2016-08-02 15:35:19.360,1.117,0.234,0.012,7.886212942794957,9.848598485495163,42.82736620054078,10.0
2016-08-02 15:35:19.370,1.148,0.242,0.023,7.095690450371549,9.843943446169913,45.91043059470255,10.0
2016-08-02 15:35:19.380,1.18,0.246,0.023,7.053527353156174,9.860931261419324,48.98293045032126,10.0
2016-08-02 15:35:19.390,1.199,0.238,0.016,6.510065021674501,10.176254299818082,51.83160530801446,10.0
2016-08-02 15:35:19.400,1.219,0.215,0.016,6.645746854997403,10.383782851876656,53.500326806217025,10.0
2016-08-02 15:35:19.410,1.234,0.195,0.008,8.55137101896587,10.353791280142097,53.97808786998857,10.0
2016-08-02 15:35:19.420,1.242,0.188,0.0,9.652925949669644,10.234274271502223,53.75485899970575,10.0
2016-08-02 15:35:19.430,1.242,0.172,-0.008,9.19968776275379,9.579221839184806,52.70592252268111,10.0
2016-08-02 15:35:19.440,1.25,0.16,0.004,9.22023464327297,8.691470893145548,51.28718298506729,10.0
2016-08-02 15:35:19.450,1.246,0.16,0.008,9.608431346947732,8.30859412010343,50.08368659842943,10.0
2016-08-02 15:35:19.460,1.223,0.141,0.008,9.511650125366211,8.015321577010983,48.69403211927985,10.0
2016-08-02 15:35:19.470,1.195,0.125,0.008,9.865424561788764,7.477464166984554,47.160765948967835,10.0
2016-08-02 15:35:19.480,1.164,0.129,0.012,10.924693015956734,7.13385944189128,45.678208675262375,10.0
2016-08-02 15:35:19.490,1.121,0.125,0.012,10.928478129766036,6.9170404472583735,44.10402760067376,10.0
2016-08-02 15:35:19.500,1.074,0.109,0.012,9.457751635167456,6.415405810222085,42.37341019282549,10.0
2016-08-02 15:35:19.510,1.039,0.094,0.016,8.684186701765649,6.0902359694599895,39.94950255929774,10.0
2016-08-02 15:35:19.520,0.984,0.07,0.016,8.885271515557546,6.128051500716801,36.85403098213788,10.0
2016-08-02 15:35:19.530,0.941,0.059,0.031,8.385686206245039,5.633518484038342,33.62864620758609,10.0
2016-08-02 15:35:19.540,0.918,0.055,0.051,7.786760601959812,4.89345150717269,30.02983621973683,10.0
2016-08-02 15:35:19.550,0.914,0.039,0.066,7.863666790091469,5.01195435016195,26.16608506998596,10.0
2016-08-02 15:35:19.560,0.902,0.027,0.07,7.5736869234699675,5.401412757802473,22.501970069459063,10.0
2016-08-02 15:35:19.570,0.898,0.023,0.051,6.84712582459484,5.0516267109850315,18.66646903719671,10.0
2016-08-02 15:35:19.580,0.898,0.004,0.035,5.878537151515947,4.346674503364063,14.766907679174944,10.0
2016-08-02 15:35:19.590,0.902,-0.02,0.039,4.628370054452516,3.9371989691596476,10.975573051864108,10.0
2016-08-02 15:35:19.600,0.902,-0.039,0.043,4.469423414067823,4.022307319825631,6.2560694973834305,10.0
2016-08-02 15:35:19.610,0.895,-0.063,0.047,5.543950436314601,4.8127393934852645,0.5636207707125565,10.0
2016-08-02 15:35:19.620,0.879,-0.066,0.043,7.293761556619032,5.782564017698224,-5.47344655135865,10.0
2016-08-02 15:35:19.630,0.867,-0.063,0.047,10.071390185576167,6.28383174981039,-11.875585496374196,10.0
2016-08-02 15:35:19.640,0.855,-0.074,0.055,12.231181402087167,6.845498555321409,-18.151635643674286,10.0
2016-08-02 15:35:19.650,0.84,-0.102,0.07,12.788534402771248,7.265073364489332,-24.355992539225042,10.0
2016-08-02 15:35:19.660,0.824,-0.113,0.086,12.0499587661362,7.136310488436116,-30.815584971308244,10.0
2016-08-02 15:35:19.670,0.816,-0.07,0.094,8.635459309772196,7.115002003008746,-36.830970188584764,10.0
2016-08-02 15:35:19.680,0.805,-0.074,0.102,3.797266295742336,6.965816287222572,-41.699371952187676,10.0
2016-08-02 15:35:19.690,0.809,-0.086,0.117,1.407812262811754,7.022343036537459,-45.28737995746807,10.0
2016-08-02 15:35:19.700,0.824,-0.043,0.109,0.8045410395908114,8.135793788316908,-48.426527445682964,10.0
2016-08-02 15:35:19.710,0.832,0.008,0.102,-6.279505087109349,9.213077647719144,-51.01365416979149,10.0
2016-08-02 15:35:19.720,0.828,-0.012,0.105,-23.60436699212428,8.75773862403365,-52.369081232527975,10.0
2016-08-02 15:35:19.730,0.863,-0.031,0.129,-37.148207478382176,8.109664896093701,-54.828836512561985,10.0
2016-08-02 15:35:19.740,0.875,-0.039,0.121,-38.86543198212019,11.47174911858938,-58.687873157801604,10.0
2016-08-02 15:35:19.750,0.871,-0.063,0.133,-40.873391459323074,17.444764477000795,-60.75617857878919,10.0
2016-08-02 15:35:19.760,0.875,-0.07,0.152,-42.5759801283477,20.71601865315799,-62.92312896400766,10.0
2016-08-02 15:35:19.770,0.883,-0.047,0.156,-35.7291751623014,23.25749693824406,-67.33159933979378,10.0
2016-08-02 15:35:19.780,0.867,-0.07,0.16,-30.16155740256373,27.593988639085367,-70.78810939192354,10.0
2016-08-02 15:35:19.790,0.84,-0.086,0.172,-27.665892951199975,31.28678126622632,-72.95211869030808,10.0
2016-08-02 15:35:19.800,0.809,-0.059,0.168,-19.04625588700203,32.47821854445002,-73.9553375338904,10.0
2016-08-02 15:35:19.810,0.801,0.004,0.188,-11.33243030700149,31.09955972527594,-71.50908253445976,10.0
2016-08-02 15:35:19.820,0.801,0.094,0.199,-12.406350540344658,29.74323081637503,-67.26249456795645,10.0
2016-08-02 15:35:19.830,0.789,0.102,0.215,-18.184502136384765,30.117364280713772,-61.60824635724226,10.0
2016-08-02 15:35:19.840,0.777,0.094,0.223,-24.791836939020214,30.59308753672485,-53.54659511902785,10.0
2016-08-02 15:35:19.850,0.777,0.137,0.203,-29.97401504502378,30.82002835468129,-47.03544664114823,10.0
2016-08-02 15:35:19.860,0.77,0.137,0.176,-33.55629343098449,30.686652882893345,-42.53408774647124,10.0
2016-08-02 15:35:19.870,0.75,0.043,0.16,-32.589714763705395,29.540792103194025,-37.28195973956538,10.0
2016-08-02 15:35:19.880,0.734,-0.016,0.145,-20.758509027564944,28.170326593639523,-33.28818236809744,10.0
2016-08-02 15:35:19.890,0.734,0.051,0.125,-5.577724116160001,26.30103948041898,-31.23547556241683,10.0
2016-08-02 15:35:19.900,0.754,0.102,0.129,0.4800854782604405,23.800610343193362,-28.555725912063103,10.0
2016-08-02 15:35:19.910,0.785,0.09,0.148,2.258030662306138,22.474801120283907,-24.790449225921336,10.0
2016-08-02 15:35:19.920,0.805,0.063,0.152,8.967197906699834,22.452635263212024,-21.417770190648206,10.0
2016-08-02 15:35:19.930,0.82,0.055,0.137,17.875191623157296,21.71646893814309,-19.053156264156524,10.0
2016-08-02 15:35:19.940,0.824,0.09,0.125,22.83392381870053,18.875511171875367,-16.926516016838278,10.0
2016-08-02 15:35:19.950,0.832,0.141,0.121,20.95752342070498,14.570793392379223,-14.377590768857296,10.0
2016-08-02 15:35:19.960,0.855,0.172,0.109,11.676681352944277,10.55408423428642,-10.964018529828934,10.0
2016-08-02 15:35:19.970,0.871,0.168,0.098,-0.8442667517758808,6.8913946987058505,-7.506643465984643,10.0
2016-08-02 15:35:19.980,0.879,0.137,0.09,-9.894905760102754,2.8049770595961245,-5.69320311165529,10.0
2016-08-02 15:35:19.990,0.883,0.105,0.09,-13.044807818472538,0.26601269154610646,-4.7299414102258925,10.0
2016-08-02 15:35:20.000,0.883,0.125,0.066,-14.608940747535536,-0.5233351557351524,-4.237482866586063,10.0
2016-08-02 15:35:20.010,0.902,0.117,0.074,-20.00396783272614,-3.4323001942377305,-5.236692718806279,10.0
2016-08-02 15:35:20.020,0.926,0.09,0.078,-24.95350971106977,-5.819884211089914,-5.940199389506949,10.0
2016-08-02 15:35:20.030,0.93,0.078,0.078,-22.39096637586757,-3.9655565159457176,-7.729616313038552,10.0
2016-08-02 15:35:20.040,0.918,0.07,0.082,-17.509795195464598,-2.738231193970852,-11.94055832643095,10.0
2016-08-02 15:35:20.050,0.91,0.063,0.078,-15.522334861494343,-2.5537461738721006,-12.482305914294324,10.0
2016-08-02 15:35:20.060,0.91,0.082,0.074,-13.561878932406163,-1.607058625771578,-11.382596482150715,10.0
2016-08-02 15:35:20.070,0.922,0.094,0.082,-12.362492748061946,-3.344578098833153,-14.217075116321219,10.0
2016-08-02 15:35:20.080,0.914,0.086,0.086,-12.178324026359107,-5.638584334801645,-14.997088059336804,10.0
2016-08-02 15:35:20.090,0.898,0.078,0.09,-10.088060339467244,-6.389092928901491,-13.137762805339106,10.0
2016-08-02 15:35:20.100,0.895,0.086,0.102,-7.589925202308438,-8.567968163745787,-14.168782486451187,10.0
2016-08-02 15:35:20.110,0.891,0.102,0.109,-6.114374366990194,-10.499990608583236,-15.11971279439219,10.0
2016-08-02 15:35:20.120,0.875,0.102,0.098,-4.094947723375697,-10.905438294332246,-14.170426393411168,10.0
2016-08-02 15:35:20.130,0.855,0.109,0.09,-1.0774258192976478,-12.104859280818715,-13.775561698785008,10.0
2016-08-02 15:35:20.140,0.84,0.117,0.086,1.9156131126709142,-13.487316717425891,-12.949169871319011,10.0
2016-08-02 15:35:20.150,0.832,0.141,0.09,3.389873131279752,-14.393713199095618,-11.371751973511197,10.0
2016-08-02 15:35:20.160,0.836,0.16,0.094,3.220073243521857,-15.413822929486543,-10.183397175250551,10.0
2016-08-02 15:35:20.170,0.848,0.176,0.105,2.8507938922989546,-15.789761613857095,-8.355369952315364,10.0
2016-08-02 15:35:20.180,0.863,0.188,0.102,2.880102458497837,-15.607592263872302,-5.530062539217442,10.0
2016-08-02 15:35:20.190,0.879,0.188,0.102,3.396586866871524,-15.459763430095116,-2.639048460251318,10.0
2016-08-02 15:35:20.200,0.902,0.184,0.105,5.147613493798712,-14.752351125355455,0.15604401009656066,10.0
2016-08-02 15:35:20.210,0.926,0.188,0.113,8.219844089316581,-13.233082882566318,2.653050569925092,10.0
2016-08-02 15:35:20.220,0.961,0.191,0.113,11.31835450144742,-11.273202804704324,4.243541781794018,10.0
2016-08-02 15:35:20.230,0.98,0.18,0.105,13.60985905927604,-9.156813831590615,4.53721870483753,10.0
2016-08-02 15:35:20.240,0.996,0.168,0.102,15.77610579103181,-7.346841249798928,3.4048291739103167,10.0
2016-08-02 15:35:20.250,1.004,0.16,0.09,18.546247299891903,-6.308574346543133,1.1136810507917096,10.0
2016-08-02 15:35:20.260,1.016,0.156,0.09,21.664767893035588,-6.192185248794334,-1.7908947390170882,10.0
2016-08-02 15:35:20.270,1.027,0.152,0.109,24.16561289911402,-6.7476219291758746,-4.752931271339193,10.0
2016-08-02 15:35:20.280,1.035,0.148,0.125,25.262712522168773,-7.612932997272792,-7.431999834822934,10.0
2016-08-02 15:35:20.290,1.047,0.148,0.145,25.529825108167525,-8.851029049373512,-9.725372290801143,10.0
2016-08-02 15:35:20.300,1.059,0.145,0.16,26.431363183984637,-10.433741997860851,-11.345822477336467,10.0
2016-08-02 15:35:20.310,1.066,0.148,0.156,28.47337737061197,-11.94992187143846,-11.996463917275918,10.0
2016-08-02 15:35:20.320,1.066,0.16,0.152,30.196888799969503,-13.173230531179113,-11.452967173400731,10.0
2016-08-02 15:35:20.330,1.063,0.188,0.133,29.235195866363295,-14.049225468374384,-9.508717818288924,10.0
2016-08-02 15:35:20.340,1.047,0.211,0.117,25.443454081639974,-14.806307525605188,-6.830438621167127,10.0
2016-08-02 15:35:20.350,1.043,0.23,0.121,21.98186982718373,-15.44464261429821,-4.394667480034792,10.0
2016-08-02 15:35:20.360,1.039,0.223,0.121,21.542969186064482,-15.228582437751992,-2.240361095669104,10.0
2016-08-02 15:35:20.370,1.035,0.215,0.121,23.469516977086748,-14.227846685807174,-0.2424582316950813,10.0
2016-08-02 15:35:20.380,1.027,0.215,0.121,25.846840185385844,-13.323963823974253,1.3491702917701713,10.0
2016-08-02 15:35:20.390,1.02,0.223,0.121,27.645009894391336,-12.654507464629855,2.50026749298351,10.0
2016-08-02 15:35:20.400,1.008,0.227,0.117,28.437488831151885,-12.15574689262256,3.4154844412096237,10.0
2016-08-02 15:35:20.410,0.988,0.223,0.117,28.171441126546917,-12.035207216831859,4.113049500804996,10.0
2016-08-02 15:35:20.420,0.973,0.223,0.125,26.95817520903542,-12.21217921591326,4.416072272672766,10.0
2016-08-02 15:35:20.430,0.965,0.234,0.129,25.147853754492075,-12.496792887232871,4.363047159019862,10.0
2016-08-02 15:35:20.440,0.957,0.234,0.125,23.644122859666368,-12.757782806035213,4.286543544795166,10.0
2016-08-02 15:35:20.450,0.949,0.238,0.117,22.847904822993954,-12.855059718299042,4.4989667980653785,10.0
2016-08-02 15:35:20.460,0.949,0.242,0.113,22.097351689301938,-12.709878882281435,5.107065991290002,10.0
2016-08-02 15:35:20.470,0.949,0.246,0.105,20.929846634597766,-12.217015779371023,6.05776569689996,10.0
2016-08-02 15:35:20.480,0.938,0.242,0.102,19.821664004719473,-11.508724092325444,7.3347233997769905,10.0
2016-08-02 15:35:20.490,0.926,0.234,0.094,19.424125105383332,-10.97337629376457,8.965710944761186,10.0
2016-08-02 15:35:20.500,0.902,0.223,0.086,19.55504462944593,-10.660745408357629,10.762142193990545,10.0
2016-08-02 15:35:20.510,0.895,0.227,0.082,19.31840546591331,-10.51711547600884,12.455932734443248,10.0
2016-08-02 15:35:20.520,0.895,0.242,0.074,18.216874266379417,-10.696299482643969,13.998994981142985,10.0
2016-08-02 15:35:20.530,0.898,0.246,0.086,16.64217191753591,-10.955934221622524,15.393756476207464,10.0
2016-08-02 15:35:20.540,0.902,0.242,0.086,15.289571390269996,-10.884212329635744,16.562932635235864,10.0
2016-08-02 15:35:20.550,0.91,0.234,0.094,14.196461035464768,-10.705617786946467,17.53470875218359,10.0
2016-08-02 15:35:20.560,0.906,0.234,0.094,12.634348363425442,-10.794089822894254,18.50777164889693,10.0
2016-08-02 15:35:20.570,0.914,0.234,0.09,10.671286082138288,-10.995091126660073,19.499867504128524,10.0
2016-08-02 15:35:20.580,0.922,0.227,0.086,9.508759185487477,-10.954749931855979,20.16812432773749,10.0
2016-08-02 15:35:20.590,0.934,0.223,0.078,9.50927239896658,-10.621004386240708,20.31992737789088,10.0
2016-08-02 15:35:20.600,0.945,0.234,0.074,9.712833326368985,-10.193309520053496,20.188446784514255,10.0
2016-08-02 15:35:20.610,0.953,0.238,0.07,9.032410904609275,-9.785388523152804,20.027065597469452,10.0
2016-08-02 15:35:20.620,0.957,0.238,0.066,7.199013800281113,-9.671823831788238,19.803161287741382,10.0
2016-08-02 15:35:20.630,0.945,0.242,0.07,5.047235752215802,-10.117820773962569,19.38298893423029,10.0
2016-08-02 15:35:20.640,0.945,0.234,0.078,3.5522131913856816,-10.646926637079703,18.68992214074646,10.0
2016-08-02 15:35:20.650,0.938,0.227,0.074,2.974626922367502,-10.8008651102936,17.718568778494237,10.0
2016-08-02 15:35:20.660,0.922,0.223,0.074,2.871001376199629,-10.78809879328901,16.792694976820087,10.0
2016-08-02 15:35:20.670,0.914,0.234,0.07,2.3962210446149252,-10.832517495612692,16.252145501419,10.0
2016-08-02 15:35:20.680,0.91,0.242,0.074,1.2912879958330832,-11.009437896762293,15.987742782542345,10.0
2016-08-02 15:35:20.690,0.91,0.246,0.074,0.2019542492632553,-11.285310120351596,15.94157832791154,10.0
2016-08-02 15:35:20.700,0.91,0.246,0.074,-0.43067767058699086,-11.533088621412602,16.210544899490117,10.0
2016-08-02 15:35:20.710,0.922,0.254,0.082,-0.9545177162220242,-11.57575555211573,16.71947181892474,10.0
2016-08-02 15:35:20.720,0.926,0.25,0.078,-1.7008071893387877,-11.290319704031887,17.34486458613472,10.0
2016-08-02 15:35:20.730,0.922,0.242,0.066,-1.9334779362405872,-10.975593907752609,17.812581903117398,10.0
2016-08-02 15:35:20.740,0.922,0.23,0.059,-0.8436723525929417,-10.629471047612398,17.85751292274538,10.0
2016-08-02 15:35:20.750,0.93,0.23,0.047,0.6432518732191235,-9.843607155643761,17.640183671956517,10.0
2016-08-02 15:35:20.760,0.922,0.238,0.039,1.2364387757463828,-9.055977067077267,17.481678693616992,10.0
2016-08-02 15:35:20.770,0.918,0.242,0.039,1.0311778828581029,-8.669971113972494,17.565304720100208,10.0
2016-08-02 15:35:20.780,0.91,0.254,0.047,0.503412973978748,-8.25216086306006,17.979915351991682,10.0
2016-08-02 15:35:20.790,0.914,0.254,0.059,-0.1407943787377624,-7.8158304936526095,18.78314886822737,10.0
2016-08-02 15:35:20.800,0.93,0.262,0.07,-0.6718541724639604,-7.662884806774127,19.940629665349924,10.0
2016-08-02 15:35:20.810,0.941,0.266,0.07,-0.925575183397549,-7.60201134806052,21.181822398679504,10.0
2016-08-02 15:35:20.820,0.945,0.262,0.07,-0.8067573528327567,-7.3772718086178495,22.3254927565928,10.0
2016-08-02 15:35:20.830,0.953,0.266,0.059,-0.08398453304726722,-7.010479517211989,23.36155338284253,10.0
2016-08-02 15:35:20.840,0.969,0.262,0.055,1.423861386910026,-6.408145271192283,23.98300513773581,10.0
2016-08-02 15:35:20.850,0.992,0.254,0.051,3.3439573214114056,-5.279979411912556,23.893061364879056,10.0
2016-08-02 15:35:20.860,1.004,0.242,0.047,5.122170285799606,-4.382009073018091,23.12038059447707,10.0
2016-08-02 15:35:20.870,1.023,0.242,0.035,5.963242549200903,-4.908658045027541,22.09860147282555,10.0
2016-08-02 15:35:20.880,1.086,0.262,0.055,4.330859898607689,-5.858286333217305,21.78787513778605,10.0
2016-08-02 15:35:20.890,1.211,0.301,0.098,-0.30213244157478036,-4.902985770558326,22.3461229693319,10.0
2016-08-02 15:35:20.900,1.34,0.313,0.094,-4.867786078842125,-2.0042400523357875,22.124969680662065,10.0
2016-08-02 15:35:20.910,1.41,0.27,0.035,-3.8057588808262204,0.9643126144980757,19.636661348559876,10.0
2016-08-02 15:35:20.920,1.418,0.195,-0.039,3.566450067164564,3.4501635448059282,15.220943441705629,10.0
2016-08-02 15:35:20.930,1.395,0.152,-0.098,10.456417453840789,5.249482382010308,8.684216359997027,10.0
2016-08-02 15:35:20.940,1.383,0.141,-0.09,12.416880056279375,6.483741144932852,-0.052717368453127245,10.0
2016-08-02 15:35:20.950,1.375,0.133,-0.055,11.477421172700167,8.64942232718871,-8.322405651085639,10.0
2016-08-02 15:35:20.960,1.359,0.133,-0.008,9.825576394740857,10.296962203181955,-15.528224833598582,10.0
2016-08-02 15:35:20.970,1.313,0.125,0.023,8.622367410862438,9.630446949194628,-22.842265127646357,10.0
2016-08-02 15:35:20.980,1.266,0.105,0.051,8.61295834270263,9.305198066321203,-28.63219234311414,10.0
2016-08-02 15:35:20.990,1.238,0.105,0.07,8.061477157746346,10.378681507023455,-32.607441314182644,10.0
2016-08-02 15:35:21.000,1.203,0.133,0.074,5.85272312955054,11.008783452272544,-35.66402766920294,10.0
2016-08-02 15:35:21.010,1.18,0.145,0.066,4.1133753918161515,11.172142382897432,-36.980082105334986,10.0
2016-08-02 15:35:21.020,1.156,0.152,0.047,4.364965799326194,11.597667303372772,-36.55860235741377,10.0
2016-08-02 15:35:21.030,1.141,0.148,0.027,5.231086739730376,12.176217130736585,-34.73568940729198,10.0
2016-08-02 15:35:21.040,1.105,0.141,-0.004,4.690113895501014,12.415032003726388,-31.744084968975397,10.0
2016-08-02 15:35:21.050,1.059,0.152,-0.023,2.6972545810424955,11.856673485248109,-28.684520093704986,10.0
2016-08-02 15:35:21.060,1.016,0.168,-0.035,1.0688399353763403,11.191664216741648,-25.89887606352383,10.0
2016-08-02 15:35:21.070,0.949,0.152,-0.027,1.4557824389904588,10.838529331657966,-23.577140634292817,10.0
2016-08-02 15:35:21.080,0.871,0.129,-0.004,3.2595283398664483,9.5183091333125,-22.350244796289054,10.0
2016-08-02 15:35:21.090,0.805,0.109,0.016,2.992045061159227,7.582283385052856,-21.45836886075793,10.0
2016-08-02 15:35:21.100,0.734,0.113,0.031,-1.255093138675543,6.241537562791135,-20.93648923934412,10.0
2016-08-02 15:35:21.110,0.684,0.133,0.043,-6.5445196247116915,4.691893241415276,-22.37059728046705,10.0
2016-08-02 15:35:21.120,0.641,0.129,0.047,-9.856597328472954,3.5368103627036964,-25.024692423405867,10.0
2016-08-02 15:35:21.130,0.605,0.105,0.051,-11.228204902427718,3.4849486345289593,-27.433654768492232,10.0
2016-08-02 15:35:21.140,0.578,0.098,0.047,-11.645967021201647,2.967723596616912,-29.443890915201923,10.0
2016-08-02 15:35:21.150,0.566,0.098,0.027,-11.906003163124396,2.405686442931233,-29.988794993799107,10.0
2016-08-02 15:35:21.160,0.559,0.098,0.008,-12.266863872323727,2.413854392869602,-28.49438974936944,10.0
2016-08-02 15:35:21.170,0.566,0.105,-0.004,-13.045152716524306,1.8763862234345632,-25.946203273404002,10.0
2016-08-02 15:35:21.180,0.582,0.109,-0.012,-15.171950457206297,1.9458369713184613,-22.931221753061966,10.0
2016-08-02 15:35:21.190,0.594,0.098,-0.02,-18.007351588757952,2.897440036096892,-19.882324549661753,10.0
2016-08-02 15:35:21.200,0.598,0.063,-0.035,-19.901137483503526,2.565964146462939,-17.391537802552392,10.0
2016-08-02 15:35:21.210,0.594,0.023,-0.035,-21.214024851937562,2.2161451557880065,-15.399374001568649,10.0
2016-08-02 15:35:21.220,0.617,0.023,-0.023,-22.715018572465155,3.2768103907839254,-13.645226856886412,10.0
2016-08-02 15:35:21.230,0.664,0.047,-0.008,-23.887047701632778,3.944094035655148,-12.126372713631083,10.0
2016-08-02 15:35:21.240,0.707,0.051,0.004,-24.579415987375775,4.427487901858658,-10.827029066533603,10.0
2016-08-02 15:35:21.250,0.738,0.031,0.008,-24.96897714055128,5.305387443603264,-10.410523235348792,10.0
2016-08-02 15:35:21.260,0.75,0.02,-0.004,-24.0526524258344,5.05772377655014,-11.473415854264587,10.0
2016-08-02 15:35:21.270,0.762,0.012,-0.02,-21.40976750806757,4.075411277505644,-12.408671194947305,10.0
2016-08-02 15:35:21.280,0.777,-0.027,-0.023,-19.36017070013851,3.353819426424575,-12.271875255752398,10.0
2016-08-02 15:35:21.290,0.785,-0.031,-0.031,-20.211920512797416,1.7251387284987798,-12.457912645115918,10.0
2016-08-02 15:35:21.300,0.805,0.012,-0.02,-24.402190345284836,-0.7401935053675145,-12.276905365287917,10.0
2016-08-02 15:35:21.310,0.832,0.059,-0.008,-30.16710657623773,-2.7380082050201473,-10.990866285227657,10.0
2016-08-02 15:35:21.320,0.871,0.066,0.012,-33.06183693536809,-4.2690055106306914,-10.875516591063025,10.0
2016-08-02 15:35:21.330,0.898,0.039,0.035,-31.6244609768817,-4.537022926083349,-11.5939626515304,10.0
2016-08-02 15:35:21.340,0.934,0.035,0.027,-29.54838124315909,-3.54586288048501,-10.711694664901874,10.0
2016-08-02 15:35:21.350,0.969,0.07,0.0,-29.018477395020255,-3.143819577335326,-8.32564506949963,10.0
2016-08-02 15:35:21.360,1.0,0.102,-0.023,-28.973857766072,-2.7590416549557837,-5.00867848627178,10.0
2016-08-02 15:35:21.370,1.031,0.109,-0.047,-27.74204412067219,-1.696694008081884,-1.6484912686814106,10.0
2016-08-02 15:35:21.380,1.051,0.109,-0.059,-24.449724539296383,-1.352473467605952,0.6985687283263936,10.0
2016-08-02 15:35:21.390,1.074,0.102,-0.051,-20.864773792212514,-1.7337849722915206,2.637575346692614,10.0
2016-08-02 15:35:21.400,1.098,0.105,-0.035,-19.40980249254419,-2.3028986933029683,3.9804430978227483,10.0
2016-08-02 15:35:21.410,1.121,0.105,-0.02,-19.31608440552032,-3.238063458714321,4.3761721364136985,10.0
2016-08-02 15:35:21.420,1.145,0.098,0.012,-18.919284904841412,-4.062102741256309,4.974823769716102,10.0
2016-08-02 15:35:21.430,1.172,0.102,0.035,-18.925312949690685,-4.598747373158198,5.454871267011036,10.0
2016-08-02 15:35:21.440,1.195,0.109,0.043,-19.93127892058534,-5.351934209401592,5.189852425129979,10.0
2016-08-02 15:35:21.450,1.207,0.117,0.047,-20.694840163391255,-6.1407955116222475,5.413175807306648,10.0
2016-08-02 15:35:21.460,1.223,0.109,0.035,-20.694080357989474,-6.459323724938519,6.147782008632458,10.0
2016-08-02 15:35:21.470,1.23,0.102,0.02,-20.914501445382246,-6.681944960130155,6.381210846492965,10.0
2016-08-02 15:35:21.480,1.234,0.102,-0.004,-21.28268104150387,-7.285162965226164,6.737805053978792,10.0
2016-08-02 15:35:21.490,1.234,0.102,-0.016,-20.315077395176715,-7.890293513705794,7.978237111907063,10.0
2016-08-02 15:35:21.500,1.215,0.102,-0.016,-18.148401020858948,-8.2405110060026,9.625622577217664,10.0
2016-08-02 15:35:21.510,1.215,0.105,0.0,-15.899754487745101,-8.25682297076198,11.0987698972533,10.0
2016-08-02 15:35:21.520,1.23,0.102,0.012,-13.137933770491962,-7.3445144983712485,12.15786484547019,10.0
2016-08-02 15:35:21.530,1.23,0.094,0.008,-10.321811438162296,-5.951915520447699,12.665089518805827,10.0
2016-08-02 15:35:21.540,1.211,0.098,-0.016,-9.318002639666702,-5.485790912132191,12.989974522571885,10.0
2016-08-02 15:35:21.550,1.191,0.109,-0.027,-9.725751020812572,-5.678070015433964,13.476809975050827,10.0
2016-08-02 15:35:21.560,1.195,0.113,-0.02,-9.486232547491408,-5.504492382254425,14.190361254164749,10.0
2016-08-02 15:35:21.570,1.195,0.125,0.0,-8.614230434846458,-5.258552808854629,15.900509952552117,10.0
2016-08-02 15:35:21.580,1.188,0.141,0.012,-8.75609599744354,-5.64047171482441,18.616767456704245,10.0
2016-08-02 15:35:21.590,1.18,0.145,0.023,-9.444834121082197,-6.331595268746875,21.166850155690504,10.0
2016-08-02 15:35:21.600,1.176,0.137,0.023,-8.975934102098556,-6.437945108891137,23.25348087963465,10.0
2016-08-02 15:35:21.610,1.16,0.137,0.012,-7.806050930353009,-6.298897318785049,24.64075733396345,10.0
2016-08-02 15:35:21.620,1.168,0.148,0.012,-6.98882074645449,-6.135382117103455,25.25026311019649,10.0
2016-08-02 15:35:21.630,1.184,0.16,0.004,-6.526765074638386,-5.154187869420165,25.655340518457425,10.0
2016-08-02 15:35:21.640,1.18,0.156,0.004,-5.972349064170089,-4.323734657962455,25.175756088835165,10.0
2016-08-02 15:35:21.650,1.168,0.141,0.008,-4.874827587851003,-4.246101388207486,23.834527155126715,10.0
2016-08-02 15:35:21.660,1.164,0.141,0.012,-4.296947125932736,-4.200497747239471,22.93110369526749,10.0
2016-08-02 15:35:21.670,1.156,0.148,0.016,-5.277671500542073,-4.965851399027436,22.261420167113545,10.0
2016-08-02 15:35:21.680,1.156,0.148,0.02,-6.342944904728923,-5.940184721554021,21.335902192901983,10.0
2016-08-02 15:35:21.690,1.145,0.125,0.023,-6.236815389387787,-6.269055773332196,20.064986809418215,10.0
2016-08-02 15:35:21.700,1.133,0.121,0.023,-6.059221605980609,-7.235479972724818,18.810229494777236,10.0
2016-08-02 15:35:21.710,1.125,0.121,0.008,-6.824098629070326,-8.113177104647962,18.48024533412162,10.0
2016-08-02 15:35:21.720,1.109,0.113,-0.012,-7.3662266724392005,-8.210242833202685,18.578801727035362,10.0
2016-08-02 15:35:21.730,1.094,0.117,-0.023,-6.725938993995574,-8.529437489603737,18.62506558910816,10.0
2016-08-02 15:35:21.740,1.09,0.121,-0.027,-6.195436462544843,-8.43096163679166,18.951105593834406,10.0
2016-08-02 15:35:21.750,1.082,0.133,-0.027,-6.129185278694337,-7.896443194053424,19.19797542658481,10.0
2016-08-02 15:35:21.760,1.07,0.133,-0.016,-5.598661057254986,-7.858957657379946,19.339444129480622,10.0
2016-08-02 15:35:21.770,1.059,0.125,-0.004,-5.208321999522148,-7.816169171413559,19.195637850981488,10.0
2016-08-02 15:35:21.780,1.051,0.125,0.008,-5.578785054035948,-7.491591763648527,18.23927923428613,10.0
2016-08-02 15:35:21.790,1.051,0.121,-0.004,-6.378933949277479,-7.17342210191558,16.912324666737682,10.0
2016-08-02 15:35:21.800,1.043,0.121,-0.012,-6.829267092594175,-7.085290274212554,15.282458589211013,10.0
2016-08-02 15:35:21.810,1.035,0.105,-0.02,-6.464563456583981,-7.268933884941381,12.965554658019554,10.0
2016-08-02 15:35:21.820,1.027,0.102,-0.023,-6.517696686702409,-7.4062957577210575,10.254167409188238,10.0
2016-08-02 15:35:21.830,1.023,0.109,-0.027,-7.023802710686237,-7.510746470888158,7.7175600548459204,10.0
2016-08-02 15:35:21.840,1.035,0.105,-0.023,-6.421255800471521,-7.1060642527144315,5.8832404085089625,10.0
2016-08-02 15:35:21.850,1.047,0.113,-0.02,-5.278299726586527,-6.01491589508644,4.714765691550212,10.0
2016-08-02 15:35:21.860,1.063,0.133,-0.016,-4.785353126528527,-5.35954699526808,4.12210960214292,10.0
2016-08-02 15:35:21.870,1.074,0.133,-0.016,-4.177737344359697,-5.094199648491095,3.8261345468589347,10.0
2016-08-02 15:35:21.880,1.082,0.113,-0.012,-2.3091253227701025,-4.603334164083681,2.54202652727522,10.0
2016-08-02 15:35:21.890,1.086,0.094,-0.031,-0.24255761721282668,-4.432285163000649,0.2356689427043327,10.0
2016-08-02 15:35:21.900,1.074,0.09,-0.039,0.28520734393110875,-5.085279853029906,-1.8130872545852714,10.0
2016-08-02 15:35:21.910,1.078,0.09,-0.023,0.2898062041236458,-6.620432577934306,-2.943393742153382,10.0
2016-08-02 15:35:21.920,1.117,0.117,0.004,0.6512112666464824,-8.304550707534103,-2.1643279891353826,10.0
2016-08-02 15:35:21.930,1.176,0.145,0.027,-0.43618207813897614,-9.21449622163516,0.886403660485985,10.0
2016-08-02 15:35:21.940,1.199,0.156,0.047,-2.829313113054567,-9.853194316058902,4.143092477111637,10.0
2016-08-02 15:35:21.950,1.199,0.156,0.035,-3.675689051642407,-10.337185756100926,5.436215400008852,10.0
2016-08-02 15:35:21.960,1.191,0.125,0.016,-2.6104783793646122,-9.538080352546919,4.791039201859724,10.0
2016-08-02 15:35:21.970,1.16,0.105,-0.016,-1.574911090861248,-8.132706429200434,2.9330367953646928,10.0
2016-08-02 15:35:21.980,1.105,0.102,-0.047,-1.2780417274599636,-7.5794815489031215,0.2856485039709065,10.0
2016-08-02 15:35:21.990,1.063,0.094,-0.043,-0.8271456869122924,-7.145161300859428,-2.47040014894519,10.0
2016-08-02 15:35:22.000,1.027,0.094,-0.012,0.4618203251857445,-6.416893700317953,-5.280425347060922,10.0
2016-08-02 15:35:22.010,1.0,0.109,0.02,0.9008683306143971,-6.590140329471294,-7.846149397640928,10.0
2016-08-02 15:35:22.020,0.961,0.117,0.047,-0.6988966504865506,-7.818990168350057,-9.067375900064642,10.0
2016-08-02 15:35:22.030,0.957,0.113,0.078,-2.3303410534721842,-8.79409202892051,-9.07989024908591,10.0
2016-08-02 15:35:22.040,0.973,0.133,0.098,-3.3504594042348996,-8.440459087044694,-8.012221495875067,10.0
2016-08-02 15:35:22.050,0.98,0.156,0.09,-5.246417302911372,-7.177110828630865,-5.1372505529266235,10.0
2016-08-02 15:35:22.060,0.984,0.152,0.059,-7.300620431602794,-5.9195526968479175,-1.450947863277611,10.0
2016-08-02 15:35:22.070,0.988,0.145,0.027,-7.526352120535263,-4.4927576981755415,1.167117278706546,10.0
2016-08-02 15:35:22.080,1.016,0.148,-0.012,-6.312178668022625,-2.420610080991114,2.7135805670125195,10.0
2016-08-02 15:35:22.090,1.039,0.148,-0.027,-5.093640267702254,-0.1314266882326072,3.715420547076546,10.0
2016-08-02 15:35:22.100,1.063,0.148,-0.02,-3.566597726425654,1.3828428893981932,3.797805380413428,10.0
2016-08-02 15:35:22.110,1.086,0.145,0.008,-1.5341383197720189,2.1668846423889696,3.5262938680770364,10.0
2016-08-02 15:35:22.120,1.105,0.145,0.047,-0.11154225346085347,2.881051804902015,3.6647007724122957,10.0
2016-08-02 15:35:22.130,1.133,0.148,0.074,-0.03859749616381833,3.26385256864695,3.744685251793812,10.0
2016-08-02 15:35:22.140,1.16,0.152,0.09,-1.28686992498698,3.3745728335357725,4.0552545632736745,10.0
2016-08-02 15:35:22.150,1.176,0.168,0.09,-3.0876736164318226,3.432968347000934,4.932041683908424,10.0
2016-08-02 15:35:22.160,1.199,0.18,0.078,-4.59371652450348,3.363617892040166,5.732022372881239,10.0
2016-08-02 15:35:22.170,1.227,0.176,0.055,-5.686530063139925,3.83634082496548,6.478686229411293,10.0
2016-08-02 15:35:22.180,1.234,0.176,0.027,-6.057547119826315,4.47369972964467,6.9975371260397665,10.0
2016-08-02 15:35:22.190,1.234,0.172,0.008,-5.365813080250723,4.411814861631076,7.263822290449053,10.0
2016-08-02 15:35:22.200,1.219,0.164,0.004,-3.805018149390409,4.413625065183221,8.232207021612536,10.0
2016-08-02 15:35:22.210,1.203,0.16,0.016,-1.7316551846391073,4.682881196827604,9.49277152792195,10.0
2016-08-02 15:35:22.220,1.195,0.172,0.027,0.19496217092422452,4.508103223659041,10.311847186864563,10.0
2016-08-02 15:35:22.230,1.18,0.18,0.039,1.246665193904554,3.9722691844615285,11.433251476191861,10.0
2016-08-02 15:35:22.240,1.16,0.184,0.039,0.620092190312421,3.0738464896904962,12.969124211912556,10.0
2016-08-02 15:35:22.250,1.148,0.191,0.043,-1.6692434878290447,1.7863637200633544,14.41650242400294,10.0
2016-08-02 15:35:22.260,1.152,0.203,0.035,-4.0834808097180835,0.9406195306615207,16.084167454825888,10.0
2016-08-02 15:35:22.270,1.16,0.203,0.027,-5.671097113264157,0.8402457167670165,17.96736841028938,10.0
2016-08-02 15:35:22.280,1.168,0.195,0.016,-6.220252203051873,0.9533647962742295,19.612194632472384,10.0
2016-08-02 15:35:22.290,1.176,0.184,-0.008,-5.317128851042801,0.974487393608219,20.836211757997322,10.0
2016-08-02 15:35:22.300,1.18,0.172,-0.023,-3.484938754080196,0.6075068303348746,21.42467877423988,10.0
2016-08-02 15:35:22.310,1.184,0.168,-0.031,-1.7312838771417476,-0.36954933496846476,21.646671564399153,10.0
2016-08-02 15:35:22.320,1.191,0.168,-0.031,0.02704478492468182,-1.4621179776927304,21.695047270837723,10.0
2016-08-02 15:35:22.330,1.203,0.156,-0.016,2.662303426158272,-1.9043538741246504,21.142488074087034,10.0
2016-08-02 15:35:22.340,1.215,0.148,0.004,5.747619103979289,-1.8700237747778656,20.40092298156886,10.0
2016-08-02 15:35:22.350,1.219,0.152,0.016,6.89359305935112,-2.0841026122999486,20.011073250288895,10.0
2016-08-02 15:35:22.360,1.219,0.16,0.02,4.925226822790785,-2.7213565717339856,19.765601609174603,10.0
2016-08-02 15:35:22.370,1.211,0.16,0.004,2.0855584462865053,-3.8174693684910688,19.28466864165736,10.0
2016-08-02 15:35:22.380,1.207,0.156,-0.004,1.003764710545161,-5.048436434675073,18.093727503493746,10.0
2016-08-02 15:35:22.390,1.207,0.152,-0.004,1.5765899252735227,-5.81311308282493,16.809371970926538,10.0
2016-08-02 15:35:22.400,1.203,0.145,0.0,2.9101092622693985,-6.530504520253942,16.092120958911508,10.0
2016-08-02 15:35:22.410,1.207,0.141,0.008,4.910451740285703,-7.312374487111729,15.536858516140864,10.0
2016-08-02 15:35:22.420,1.207,0.137,0.012,6.714639116450067,-7.445217429189567,15.498375323030366,10.0
2016-08-02 15:35:22.430,1.215,0.141,0.012,7.767468052604732,-7.5144537424396685,16.040016619930615,10.0
2016-08-02 15:35:22.440,1.219,0.148,0.012,8.860879800910979,-7.996367802223118,16.45306122984393,10.0
2016-08-02 15:35:22.450,1.223,0.148,-0.008,10.220815647770431,-8.321687833065013,16.653713030357004,10.0
2016-08-02 15:35:22.460,1.215,0.137,-0.02,11.90958873504896,-8.766158921896979,16.52725776043566,10.0
2016-08-02 15:35:22.470,1.207,0.113,-0.023,14.040309420145938,-9.179501950889447,15.942768983779494,10.0
2016-08-02 15:35:22.480,1.203,0.113,-0.023,16.068402276038594,-9.04666068539384,15.061009863109863,10.0
2016-08-02 15:35:22.490,1.207,0.125,-0.02,18.203514949414863,-8.723255373940624,14.312349752715324,10.0
2016-08-02 15:35:22.500,1.195,0.125,-0.012,20.314488324790233,-8.208328680588362,13.930241011193743,10.0
2016-08-02 15:35:22.510,1.176,0.117,-0.004,21.233439266892695,-7.999901537506354,13.435484255295561,10.0
2016-08-02 15:35:22.520,1.16,0.125,-0.004,21.002141414966196,-8.058200255399218,13.045286766569692,10.0
2016-08-02 15:35:22.530,1.156,0.129,-0.004,20.739312389322002,-7.060944324587412,13.001610866522315,10.0
2016-08-02 15:35:22.540,1.145,0.121,-0.016,21.68160720969791,-5.633465258405382,12.105298877334496,10.0
2016-08-02 15:35:22.550,1.117,0.102,-0.031,24.02514509766504,-4.81478835614193,9.94582599775805,10.0
2016-08-02 15:35:22.560,1.078,0.074,-0.043,26.54966579416687,-4.4160359807984895,7.202182073999948,10.0
2016-08-02 15:35:22.570,1.039,0.055,-0.031,28.572829944494057,-4.618299145948885,3.9614319143320174,10.0
2016-08-02 15:35:22.580,1.004,0.051,-0.023,29.474131714245885,-4.810361887873661,0.906173650111825,10.0
2016-08-02 15:35:22.590,0.965,0.047,-0.008,28.648787459281927,-4.439035384149601,-1.1244638679665155,10.0
2016-08-02 15:35:22.600,0.938,0.047,0.008,27.421087256922135,-4.205278285310554,-2.765520793117614,10.0
2016-08-02 15:35:22.610,0.918,0.059,0.023,26.987071382792294,-3.727279127309804,-4.292942505668304,10.0
2016-08-02 15:35:22.620,0.918,0.063,0.035,27.346937117333344,-2.319005838908116,-5.426104654577364,10.0
2016-08-02 15:35:22.630,0.926,0.059,0.023,28.79990665300506,-0.7263441039150971,-6.884137853275958,10.0
2016-08-02 15:35:22.640,0.922,0.039,-0.016,30.145127511895048,0.35808808062596964,-8.63817548208503,10.0
2016-08-02 15:35:22.650,0.918,0.023,-0.055,29.500755665534996,0.9646601584167394,-9.914316313301947,10.0
2016-08-02 15:35:22.660,0.91,0.031,-0.07,27.645203417963216,1.1792053155813782,-11.083023545778538,10.0
2016-08-02 15:35:22.670,0.898,0.043,-0.059,25.928827867606316,1.086053185778999,-12.559338044174531,10.0
2016-08-02 15:35:22.680,0.887,0.035,-0.039,25.03159211097457,0.8007350385279882,-14.722255136173318,10.0
2016-08-02 15:35:22.690,0.863,0.008,-0.008,25.52679215990422,0.37698431379854086,-17.822765292285204,10.0
2016-08-02 15:35:22.700,0.84,-0.008,0.016,25.555290451613335,-0.34667568440701707,-20.972515097974313,10.0
2016-08-02 15:35:22.710,0.816,0.02,0.023,23.51112196637998,-1.7350815656718142,-23.703213803743832,10.0
2016-08-02 15:35:22.720,0.813,0.035,0.035,20.61314633789975,-2.808805797898023,-25.598144606419627,10.0
2016-08-02 15:35:22.730,0.824,0.02,0.047,17.062682178027874,-2.381138054089801,-26.42075563125351,10.0
2016-08-02 15:35:22.740,0.816,0.043,0.039,12.362248210536126,-2.08166370103482,-26.99881104628999,10.0
2016-08-02 15:35:22.750,0.82,0.082,0.016,7.072530687455439,-2.3202994194471627,-26.336342562662473,10.0
2016-08-02 15:35:22.760,0.824,0.074,-0.004,3.177854117573784,-1.124927063922145,-24.701222192228464,10.0
2016-08-02 15:35:22.770,0.82,0.055,-0.02,4.082186274586197,0.5538334480887099,-25.098601271744702,10.0
2016-08-02 15:35:22.780,0.82,0.039,-0.039,8.113207035527394,1.864619953670855,-26.43375733500109,10.0
2016-08-02 15:35:22.790,0.813,0.023,-0.063,9.609311761007435,3.4411840728445275,-26.958809304239935,10.0
2016-08-02 15:35:22.800,0.809,0.023,-0.059,8.717275734959149,3.8354174345921397,-28.246310573942175,10.0
2016-08-02 15:35:22.810,0.805,0.023,-0.039,7.398441846871673,3.5017623220283944,-29.433104857322643,10.0
2016-08-02 15:35:22.820,0.797,0.027,-0.02,4.145964199834877,3.936825495684396,-28.916107712491595,10.0
2016-08-02 15:35:22.830,0.801,0.051,0.004,-0.2606975475840323,3.7379378388367264,-27.63448093280914,10.0
2016-08-02 15:35:22.840,0.813,0.066,0.012,-3.83219238193133,3.055346241308457,-25.952276829224576,10.0
2016-08-02 15:35:22.850,0.832,0.078,0.012,-7.097440275698164,3.4560331803267026,-23.9506838974496,10.0
2016-08-02 15:35:22.860,0.863,0.082,0.0,-9.941797354445038,4.449914781033009,-22.43645012289878,10.0
2016-08-02 15:35:22.870,0.887,0.082,-0.027,-11.750570933232034,5.346150462250477,-21.236835623885057,10.0
2016-08-02 15:35:22.880,0.914,0.066,-0.047,-12.656572550625928,6.243798333267078,-20.03124155672546,10.0
2016-08-02 15:35:22.890,0.934,0.043,-0.055,-12.29241306481219,7.196476895977944,-19.36503612875375,10.0
2016-08-02 15:35:22.900,0.926,0.047,-0.07,-11.72512630355953,7.743646248046629,-19.031466466077536,10.0
2016-08-02 15:35:22.910,0.922,0.063,-0.063,-12.35253695496846,7.737922273516246,-18.64309068867347,10.0
2016-08-02 15:35:22.920,0.918,0.043,-0.047,-12.080586699572082,8.048756205289052,-19.336631117858804,10.0
2016-08-02 15:35:22.930,0.906,0.023,-0.035,-10.009489785374948,8.390165239585723,-21.527172304369415,10.0
2016-08-02 15:35:22.940,0.879,0.023,-0.035,-10.187887032655514,7.553072145945899,-23.60204812014249,10.0
2016-08-02 15:35:22.950,0.852,0.043,-0.027,-14.533095824276405,5.9958578144972545,-25.076432419518994,10.0
2016-08-02 15:35:22.960,0.824,0.055,-0.023,-19.33135895471184,4.596467955638277,-26.884210828514316,10.0
2016-08-02 15:35:22.970,0.805,0.043,-0.016,-21.40323609510239,3.5790630412436997,-28.40570708765945,10.0
2016-08-02 15:35:22.980,0.797,0.027,-0.008,-21.34113509246344,3.5102657041734293,-28.872780696343423,10.0
2016-08-02 15:35:22.990,0.793,0.035,-0.008,-20.695838670312387,4.166134294345238,-28.925396824904393,10.0
2016-08-02 15:35:23.000,0.77,0.059,-0.02,-19.998943113051965,4.731115861884862,-28.380791522809204,10.0
2016-08-02 15:35:23.010,0.766,0.066,-0.027,-18.241819134356227,5.589138106232344,-27.11212645294645,10.0
2016-08-02 15:35:23.020,0.77,0.055,-0.043,-14.155550273129677,7.142055362985152,-26.14074799690084,10.0
2016-08-02 15:35:23.030,0.781,0.051,-0.051,-9.097280060740554,8.983751142021696,-25.47633075321205,10.0
2016-08-02 15:35:23.040,0.805,0.066,-0.055,-6.078686567625848,10.74572876758221,-24.4981717655344,10.0
2016-08-02 15:35:23.050,0.816,0.082,-0.063,-5.7015155006550575,11.95601731704726,-23.196115349339895,10.0
2016-08-02 15:35:23.060,0.832,0.082,-0.059,-5.05576687151975,12.529501943477769,-21.622981173696203,10.0
2016-08-02 15:35:23.070,0.852,0.074,-0.047,-2.162145703693226,13.19281659476417,-19.991899550168007,10.0
2016-08-02 15:35:23.080,0.875,0.082,-0.035,0.9329025669591386,13.977007373117033,-18.759883516336952,10.0
2016-08-02 15:35:23.090,0.906,0.102,-0.027,2.5291323762995566,14.269376486058997,-17.753050970178915,10.0
2016-08-02 15:35:23.100,0.926,0.109,-0.027,4.02017691162641,14.125895873963492,-16.503798817688146,10.0
2016-08-02 15:35:23.110,0.941,0.109,-0.031,6.865596684647505,13.715959383265135,-15.377630411908713,10.0
2016-08-02 15:35:23.120,0.953,0.113,-0.035,10.631063561282044,13.01338970584062,-14.597735515449896,10.0
2016-08-02 15:35:23.130,0.961,0.117,-0.043,13.59128421794583,12.047696220508687,-13.687993418158833,10.0
2016-08-02 15:35:23.140,0.965,0.129,-0.047,15.170704339673405,10.988568013930093,-12.600160958804972,10.0
2016-08-02 15:35:23.150,0.965,0.141,-0.035,16.858547501197744,10.405770537915453,-11.477943450819323,10.0
2016-08-02 15:35:23.160,0.965,0.145,-0.031,19.43204635987596,10.419719476128545,-10.202734984381532,10.0
2016-08-02 15:35:23.170,0.965,0.156,-0.027,22.13117265855718,10.366265163572816,-8.669030940683786,10.0
2016-08-02 15:35:23.180,0.961,0.16,-0.023,24.21153789280568,10.022172695522064,-6.858917274740387,10.0
2016-08-02 15:35:23.190,0.961,0.168,-0.02,25.489384048340572,9.59253946752256,-5.032042141275767,10.0
2016-08-02 15:35:23.200,0.961,0.172,-0.02,26.772138455439112,9.167674362398428,-3.267087444097963,10.0
2016-08-02 15:35:23.210,0.965,0.18,-0.012,28.890369447213246,9.225698884505782,-1.2268566964490348,10.0
2016-08-02 15:35:23.220,0.969,0.184,-0.016,31.60546934129442,9.625107250227888,0.7166546778607987,10.0
2016-08-02 15:35:23.230,0.973,0.184,-0.016,34.7128492366939,9.717129341988695,2.0693781877862083,10.0
2016-08-02 15:35:23.240,0.977,0.172,-0.02,37.56743784027894,10.042367378901183,3.3696504544748924,10.0
2016-08-02 15:35:23.250,0.98,0.176,-0.023,39.04128165596406,10.359406075541536,4.640860541429363,10.0
2016-08-02 15:35:23.260,0.992,0.18,-0.027,39.559718255911214,9.77507879893019,5.645770946783477,10.0
2016-08-02 15:35:23.270,1.0,0.184,-0.027,40.13764482541413,9.081515249027142,6.907415724348949,10.0
2016-08-02 15:35:23.280,1.012,0.184,-0.02,41.066517184289935,8.602848964692374,8.14046490363217,10.0
2016-08-02 15:35:23.290,1.016,0.184,-0.008,42.28939743010519,7.909433845751772,8.969989295522483,10.0
2016-08-02 15:35:23.300,1.02,0.184,0.0,43.268845068041806,7.333490518158422,9.642788289396464,10.0
2016-08-02 15:35:23.310,1.023,0.184,0.008,43.643949085466076,6.83528209390006,9.843617393545994,10.0
2016-08-02 15:35:23.320,1.02,0.184,0.012,43.411680755119086,6.236850272875964,9.5694463099816,10.0
2016-08-02 15:35:23.330,1.02,0.184,0.008,42.49498085401071,5.622489191707434,9.169801725758829,10.0
2016-08-02 15:35:23.340,1.0,0.18,0.004,40.93192638680458,4.778185766135968,8.485701337612701,10.0
2016-08-02 15:35:23.350,0.98,0.18,0.0,39.14299430224509,3.8200118789903152,7.649016557709354,10.0
2016-08-02 15:35:23.360,0.969,0.184,0.004,37.91931586225888,3.130801845037161,7.175581269602956,10.0
2016-08-02 15:35:23.370,0.961,0.188,0.004,37.03288065156051,2.6636921363574233,7.364614529310012,10.0
2016-08-02 15:35:23.380,0.957,0.195,0.004,35.42427784943253,2.3338278581098644,8.263575797317868,10.0
2016-08-02 15:35:23.390,0.953,0.211,0.004,33.57376903027901,2.308053152969113,9.57657444366598,10.0
2016-08-02 15:35:23.400,0.965,0.219,0.004,32.73387384969018,2.7455161930925267,11.120051648858036,10.0
2016-08-02 15:35:23.410,0.977,0.227,0.0,32.418884860954385,3.6651943668206517,13.110483407892309,10.0
2016-08-02 15:35:23.420,0.977,0.234,-0.012,31.322521400538562,4.5918209644915375,15.228772513174201,10.0
2016-08-02 15:35:23.430,0.969,0.23,-0.023,29.741001658645246,5.132337987062446,17.05490646272525,10.0
2016-08-02 15:35:23.440,0.957,0.23,-0.023,28.830385117263187,5.665255667327148,18.656907717986712,10.0
2016-08-02 15:35:23.450,0.949,0.23,-0.02,28.260616139379973,6.309516871233825,19.761309649803785,10.0
2016-08-02 15:35:23.460,0.941,0.23,-0.008,26.812845878266838,6.739782967689713,20.501506074965903,10.0
2016-08-02 15:35:23.470,0.926,0.234,0.0,24.57542695197305,6.724781252024734,21.335294571059386,10.0
2016-08-02 15:35:23.480,0.91,0.242,0.02,22.380596194127296,6.065326326227248,21.97155349709191,10.0
2016-08-02 15:35:23.490,0.902,0.246,0.027,20.0126161113022,5.164757509774411,22.42461702883882,10.0
2016-08-02 15:35:23.500,0.902,0.258,0.031,17.101320713107093,4.7723576241016685,23.113988625437706,10.0
2016-08-02 15:35:23.510,0.914,0.262,0.035,14.16058490770866,4.891187200807904,24.10750911852405,10.0
2016-08-02 15:35:23.520,0.918,0.262,0.023,11.636334104414036,5.153698379540408,25.383912420624156,10.0
2016-08-02 15:35:23.530,0.93,0.266,0.012,9.612462251959986,5.621826189676658,26.88747372067431,10.0
2016-08-02 15:35:23.540,0.941,0.27,0.0,7.840072584904558,6.42367236202981,28.48309440790557,10.0
2016-08-02 15:35:23.550,0.938,0.27,-0.008,6.280612952617084,7.187910849439603,29.702703354812677,10.0
2016-08-02 15:35:23.560,0.93,0.258,-0.012,5.556892907967407,7.592632565973416,30.30561362324987,10.0
2016-08-02 15:35:23.570,0.922,0.25,-0.008,5.459360828046817,7.894673576944446,30.748219467426978,10.0
2016-08-02 15:35:23.580,0.914,0.258,0.004,5.308123759264037,8.120151905143906,30.908282370921818,10.0
2016-08-02 15:35:23.590,0.914,0.254,0.012,5.1980841034006335,7.96698687198705,30.5814579650742,10.0
2016-08-02 15:35:23.600,0.914,0.25,0.02,4.9265651435052025,7.6082664615105795,30.327606415851914,10.0
2016-08-02 15:35:23.610,0.914,0.258,0.02,4.077937086621948,7.310198663832238,30.342690230488614,10.0
2016-08-02 15:35:23.620,0.926,0.262,0.016,2.863260855112562,7.166622493185436,30.51997925816496,10.0
2016-08-02 15:35:23.630,0.934,0.262,0.012,1.4041165800815387,7.335783620570558,30.756820827920187,10.0
2016-08-02 15:35:23.640,0.945,0.262,0.008,-0.2571131194070362,7.525858708942245,30.859974603025783,10.0
2016-08-02 15:35:23.650,0.957,0.266,0.0,-1.2863810419751034,7.406419586009168,30.79632195504425,10.0
2016-08-02 15:35:23.660,0.953,0.254,-0.004,-0.7523187682794694,7.415001347609751,30.518792653939613,10.0
2016-08-02 15:35:23.670,0.934,0.234,-0.008,0.8395448294029364,7.5833992541661885,29.875162730708624,10.0
2016-08-02 15:35:23.680,0.902,0.219,-0.004,2.418822734765497,7.0656057157356615,28.455659725380272,10.0
2016-08-02 15:35:23.690,0.867,0.211,0.016,4.014750131981387,5.718933641268805,26.030650165556075,10.0
2016-08-02 15:35:23.700,0.848,0.207,0.035,5.456548895611718,3.8229227505749868,23.140538466909746,10.0
2016-08-02 15:35:23.710,0.891,0.219,0.059,6.204153265787026,1.4607443877440027,20.582764651168024,10.0
2016-08-02 15:35:23.720,1.012,0.262,0.086,5.306500602766769,0.3632100486300892,19.701591632999097,10.0
2016-08-02 15:35:23.730,1.102,0.258,0.07,0.7232186383011008,0.6242140608334799,20.957144889260924,10.0
2016-08-02 15:35:23.740,1.121,0.242,0.004,-4.2489049303000295,-1.8541193219908891,21.652723291665055,10.0
2016-08-02 15:35:23.750,1.152,0.211,0.0,-3.681056700459499,-5.215139152373345,20.62273877246291,10.0
2016-08-02 15:35:23.760,1.164,0.172,0.016,-1.7579654686211887,-4.281997691600111,19.063655784395802,10.0
2016-08-02 15:35:23.770,1.117,0.133,0.016,-4.1734354603065515,-3.994401584942742,15.215465122052219,10.0
2016-08-02 15:35:23.780,1.051,0.102,0.039,-7.705239987766713,-6.693930696691748,8.833426908218216,10.0
2016-08-02 15:35:23.790,0.973,0.09,0.063,-11.247902214643922,-6.917267158629791,2.728610301615224,10.0
2016-08-02 15:35:23.800,0.887,0.086,0.066,-16.965658810375167,-6.930717028917787,-2.7081072291216923,10.0
2016-08-02 15:35:23.810,0.848,0.102,0.09,-21.357808897843345,-8.297498746775613,-7.32212197237216,10.0
2016-08-02 15:35:23.820,0.871,0.137,0.109,-21.100513999875794,-6.25712559135027,-10.155284004034474,10.0
2016-08-02 15:35:23.830,0.918,0.156,0.105,-18.224599635167337,-2.5504799401476923,-11.14454666109247,10.0
2016-08-02 15:35:23.840,0.969,0.16,0.082,-14.908197750440777,-0.35956338384657877,-9.37924615617755,10.0
2016-08-02 15:35:23.850,1.023,0.145,0.039,-12.211303307350887,1.4297400074962912,-4.626916397096382,10.0
2016-08-02 15:35:23.860,1.074,0.141,0.004,-9.566286296965796,2.245402840481644,0.8265891728977757,10.0
2016-08-02 15:35:23.870,1.16,0.133,-0.008,-5.72281849322205,2.9191895784937407,5.44112039441134,10.0
2016-08-02 15:35:23.880,1.234,0.113,-0.023,-3.0588755886535592,5.065226026960393,8.317633279268085,10.0
2016-08-02 15:35:23.890,1.254,0.07,-0.043,-3.2601531418524496,5.078161946042986,7.517613762200711,10.0
2016-08-02 15:35:23.900,1.262,0.027,-0.02,-5.732786290456383,1.7300802958326782,3.3111143430333385,10.0
2016-08-02 15:35:23.910,1.281,0.023,0.023,-11.49719516401732,-1.4317891455426315,-3.0282875176960418,10.0
2016-08-02 15:35:23.920,1.285,0.016,0.063,-18.828372979607888,-4.350777812657454,-11.391920820226078,10.0
2016-08-02 15:35:23.930,1.273,-0.035,0.113,-22.955501904934348,-7.9303751696168625,-20.34745024337589,10.0
2016-08-02 15:35:23.940,1.254,-0.043,0.129,-23.389137550598456,-10.952675381199114,-28.079088625051444,10.0
2016-08-02 15:35:23.950,1.227,-0.012,0.121,-24.446728455927236,-12.979431538492184,-33.0946153421922,10.0
2016-08-02 15:35:23.960,1.188,-0.012,0.094,-27.50833877178227,-13.885969813329302,-35.34297681251351,10.0
2016-08-02 15:35:23.970,1.137,-0.016,0.07,-29.063630828307357,-13.7379135077373,-37.17459111650465,10.0
2016-08-02 15:35:23.980,1.09,0.012,0.043,-28.692667603997062,-13.014001847218456,-38.74960495117368,10.0
2016-08-02 15:35:23.990,1.047,0.035,0.012,-28.787037607303652,-12.266860739306834,-39.52864666002243,10.0
2016-08-02 15:35:24.000,1.0,0.02,0.008,-27.755552594425236,-11.9288104107397,-41.289135013138214,10.0
2016-08-02 15:35:24.010,0.973,-0.008,0.02,-24.424523803904513,-11.32044957575438,-42.98234446972458,10.0
2016-08-02 15:35:24.020,0.93,-0.063,0.016,-23.12048612907854,-10.451344687252066,-42.27020647674907,10.0
2016-08-02 15:35:24.030,0.879,-0.035,0.031,-26.312596867342748,-11.182342142964455,-40.24927986204996,10.0
2016-08-02 15:35:24.040,0.852,0.039,0.059,-31.27841363573269,-12.87550793933443,-36.9220136672244,10.0
2016-08-02 15:35:24.050,0.84,0.063,0.086,-35.473030922206156,-12.491457605798036,-31.846106546568727,10.0
2016-08-02 15:35:24.060,0.824,0.02,0.102,-36.33420541596538,-10.848589297854593,-28.16725348016213,10.0
2016-08-02 15:35:24.070,0.797,0.012,0.09,-33.82404733652157,-10.100840982074736,-26.316602469531798,10.0
2016-08-02 15:35:24.080,0.773,0.004,0.066,-32.81155274559186,-9.1244569057975,-23.1296261468968,10.0
2016-08-02 15:35:24.090,0.75,-0.016,0.043,-33.89143957698524,-7.595432003177809,-19.468216365714976,10.0
2016-08-02 15:35:24.100,0.738,0.031,0.023,-32.9900785678787,-6.9891029018875415,-17.34850153595807,10.0
2016-08-02 15:35:24.110,0.734,0.047,0.004,-30.784857724305443,-6.521770497639292,-14.341168571661552,10.0
2016-08-02 15:35:24.120,0.723,0.008,0.008,-29.841562609377597,-5.078756385298935,-9.882472339617841,10.0
2016-08-02 15:35:24.130,0.707,0.008,0.016,-29.80029891604485,-4.770707157338773,-6.762999623511468,10.0
2016-08-02 15:35:24.140,0.707,0.063,0.023,-31.60012047075808,-5.602734349180082,-3.8219520031897916,10.0
2016-08-02 15:35:24.150,0.719,0.086,0.02,-34.24210578956885,-5.087483874896145,0.2024672399472005,10.0
2016-08-02 15:35:24.160,0.738,0.066,0.035,-32.14202651951538,-4.136297214815372,2.702950828855715,10.0
2016-08-02 15:35:24.170,0.754,0.016,0.023,-26.359891964529588,-3.2013427468750204,3.646309926826005,10.0
2016-08-02 15:35:24.180,0.742,-0.004,-0.008,-23.909781413236676,-2.1019965761616026,5.35790436092655,10.0
2016-08-02 15:35:24.190,0.73,0.035,-0.023,-24.90507361809614,-2.5625261520082128,8.303282752325643,10.0
2016-08-02 15:35:24.200,0.746,0.074,-0.008,-25.511661555731113,-2.75843073836955,12.008805089031267,10.0
2016-08-02 15:35:24.210,0.766,0.07,0.004,-24.412595217736666,-0.9373921487497066,14.945805331098715,10.0
2016-08-02 15:35:24.220,0.758,0.039,0.004,-21.03498982855782,0.03809285926287779,15.917345403027912,10.0
2016-08-02 15:35:24.230,0.746,0.02,-0.012,-17.89070926218798,-0.37521178651441167,16.240648682812076,10.0
2016-08-02 15:35:24.240,0.738,0.035,-0.016,-18.293682284666822,-0.49289866463124493,16.469948194371437,10.0
2016-08-02 15:35:24.250,0.746,0.043,-0.012,-19.777481926414637,-0.24086338484245637,15.978012310222779,10.0
2016-08-02 15:35:24.260,0.762,0.023,0.0,-18.411172536143216,1.0345619296264386,15.185199211854457,10.0
2016-08-02 15:35:24.270,0.773,0.008,-0.008,-14.505978574257089,3.0515396471532736,14.2660804756762,10.0
2016-08-02 15:35:24.280,0.785,0.008,-0.02,-10.856968128221496,4.178763267381671,13.445151913064544,10.0
2016-08-02 15:35:24.290,0.805,0.02,-0.027,-8.552086552757078,4.5274006982294175,13.083993136814398,10.0
2016-08-02 15:35:24.300,0.832,0.035,-0.031,-5.979435063111458,4.762524184788208,13.03550178157133,10.0
2016-08-02 15:35:24.310,0.871,0.039,-0.031,-2.6527368697565206,5.282838464971177,13.535749385271172,10.0
2016-08-02 15:35:24.320,0.91,0.043,-0.027,0.07100577150443271,6.06270503216431,14.427927532369722,10.0
2016-08-02 15:35:24.330,0.949,0.051,-0.023,2.063261464262088,6.2863496932178835,15.566378402435586,10.0
2016-08-02 15:35:24.340,1.0,0.066,-0.02,3.9907755734538126,6.2505025252858095,17.159055435299702,10.0
2016-08-02 15:35:24.350,1.063,0.074,-0.016,6.010979257878283,6.394161376650013,18.26585781207956,10.0
2016-08-02 15:35:24.360,1.129,0.074,-0.02,8.587015374680433,6.265057659502196,18.48255677599626,10.0
2016-08-02 15:35:24.370,1.191,0.059,-0.02,11.721495806797602,6.301682159848772,18.410450386783072,10.0
2016-08-02 15:35:24.380,1.23,0.043,-0.039,13.85196872822609,6.594144537407587,17.52252640113023,10.0
2016-08-02 15:35:24.390,1.242,0.051,-0.047,13.948121626058231,5.635438324766137,15.79381534139733,10.0
2016-08-02 15:35:24.400,1.262,0.074,-0.031,12.52508439914266,3.751045803509061,14.734346653870677,10.0
2016-08-02 15:35:24.410,1.285,0.09,-0.012,10.878455714214402,3.233290333287249,14.298519455887936,10.0
2016-08-02 15:35:24.420,1.309,0.082,0.016,11.254806227619383,3.2613077576116085,12.465455100167024,10.0
2016-08-02 15:35:24.430,1.309,0.07,0.02,13.849682221242322,2.274897996416192,9.75377993383708,10.0
2016-08-02 15:35:24.440,1.293,0.082,0.008,15.344505546537258,1.3417309225191372,9.161914511323879,10.0
2016-08-02 15:35:24.450,1.281,0.117,0.008,13.9166641301746,0.3427261873580339,10.201866466976112,10.0
2016-08-02 15:35:24.460,1.285,0.145,0.012,11.436784259005568,-0.4399568940230313,10.776937237590648,10.0
2016-08-02 15:35:24.470,1.273,0.141,0.012,10.195986928211703,0.11964783963597529,11.410788547838564,10.0
2016-08-02 15:35:24.480,1.25,0.117,0.004,10.540105158367474,0.34040488650741657,11.30759028619164,10.0
2016-08-02 15:35:24.490,1.242,0.113,0.012,11.715846794348103,0.05453255587126743,8.958504507902042,10.0
2016-08-02 15:35:24.500,1.23,0.098,0.02,13.363957849437883,1.17031193300791,5.6539014578486775,10.0
2016-08-02 15:35:24.510,1.203,0.055,0.0,15.457108132838531,2.13785436042211,1.9906880497865351,10.0
2016-08-02 15:35:24.520,1.148,0.043,0.004,16.767414939653083,0.7960509641092117,-2.1756354038424726,10.0
2016-08-02 15:35:24.530,1.109,0.047,0.031,14.496890560164957,-1.4216109896117217,-5.384985622885784,10.0
2016-08-02 15:35:24.540,1.09,0.051,0.063,9.317671726373954,-2.8326367122214844,-7.931320004130512,10.0
2016-08-02 15:35:24.550,1.07,0.043,0.09,6.02124850030117,-3.801112693895363,-10.653079685299248,10.0
2016-08-02 15:35:24.560,1.039,0.016,0.094,5.104572741065372,-4.6997875159605,-12.000133996302706,10.0
2016-08-02 15:35:24.570,1.02,0.039,0.094,3.5971309869207464,-5.386287426707752,-11.574720688121298,10.0
2016-08-02 15:35:24.580,1.023,0.051,0.094,2.098643652902089,-5.1739218227311,-10.457666959596388,10.0
2016-08-02 15:35:24.590,1.039,0.051,0.074,2.884334197926365,-3.3325309291616874,-9.440397454178473,10.0
2016-08-02 15:35:24.600,1.055,0.043,0.035,5.505107743105441,-1.135207456117478,-8.683189456389332,10.0
2016-08-02 15:35:24.610,1.055,0.055,-0.016,6.960119485637193,-0.580776159247339,-7.557806766400098,10.0
2016-08-02 15:35:24.620,1.055,0.063,-0.043,5.957345432549761,-1.7501386177114653,-6.2629850692426325,10.0
2016-08-02 15:35:24.630,1.082,0.07,-0.031,4.682887322564145,-3.0024051656768806,-5.301362496873573,10.0
2016-08-02 15:35:24.640,1.121,0.066,0.012,4.722363698832135,-3.2413103247100032,-4.611399546980664,10.0
2016-08-02 15:35:24.650,1.152,0.059,0.047,4.559728533259252,-3.165153716002589,-3.885935603248556,10.0
2016-08-02 15:35:24.660,1.152,0.07,0.074,2.2814642751485565,-3.965284651553345,-2.653958145384123,10.0
2016-08-02 15:35:24.670,1.156,0.082,0.078,-1.6887157386039777,-5.603731878901762,-1.4165071796590096,10.0
2016-08-02 15:35:24.680,1.164,0.086,0.074,-5.566899823756639,-6.668275968816829,-0.8470742215877275,10.0
2016-08-02 15:35:24.690,1.156,0.086,0.063,-8.341053477299575,-7.214669280200281,-0.3577450481671789,10.0
2016-08-02 15:35:24.700,1.141,0.094,0.055,-10.97695842129303,-8.480982918175323,0.11010149641486068,10.0
2016-08-02 15:35:24.710,1.141,0.129,0.043,-13.809137505489073,-9.475008017864491,-0.08922400497430308,10.0
2016-08-02 15:35:24.720,1.141,0.121,0.035,-14.025464743553352,-9.18037536433019,-0.5525572080345784,10.0
2016-08-02 15:35:24.730,1.137,0.09,0.027,-10.43384407085842,-8.342000405971643,-1.1793804290792884,10.0
2016-08-02 15:35:24.740,1.125,0.066,0.016,-6.324755608934845,-7.388805353803018,-2.0477527646391764,10.0
2016-08-02 15:35:24.750,1.105,0.063,0.012,-5.1876138838083765,-6.710574154915349,-1.7124665848404188,10.0
2016-08-02 15:35:24.760,1.086,0.066,0.016,-7.332009209247106,-6.5456458669092425,0.21624126130120774,10.0
2016-08-02 15:35:24.770,1.063,0.066,0.027,-10.368716690250839,-6.295904387530139,1.783591030755574,10.0
2016-08-02 15:35:24.780,1.043,0.078,0.035,-12.267817461534918,-6.089338608955249,2.1448611038818366,10.0
2016-08-02 15:35:24.790,1.027,0.078,0.043,-13.318515996936032,-6.258717686470317,2.0475887410754146,10.0
2016-08-02 15:35:24.800,1.016,0.066,0.047,-14.167452710767312,-6.406575596692555,1.2031305147654068,10.0
2016-08-02 15:35:24.810,1.0,0.055,0.047,-14.47791335956889,-6.531275363261496,-0.7004799521499498,10.0
2016-08-02 15:35:24.820,1.004,0.051,0.043,-14.237351018708571,-6.668875676300596,-2.3800524299689525,10.0
2016-08-02 15:35:24.830,1.012,0.055,0.027,-14.18168129469297,-6.57900823078792,-2.713935942813863,10.0
2016-08-02 15:35:24.840,1.023,0.063,0.02,-14.747522387403698,-6.304840904486205,-2.136870684331429,10.0
2016-08-02 15:35:24.850,1.02,0.063,0.023,-14.74563769144014,-6.034237918182838,-1.5408776913221538,10.0
2016-08-02 15:35:24.860,1.023,0.066,0.035,-13.063506078379273,-5.3627007045654125,-0.8219869830236042,10.0
2016-08-02 15:35:24.870,1.023,0.066,0.023,-11.823547081920498,-4.027630069840928,0.31264920854767303,10.0
2016-08-02 15:35:24.880,1.004,0.07,0.016,-13.151121444614185,-3.3169710623796433,1.0633457497102872,10.0
2016-08-02 15:35:24.890,0.98,0.078,0.012,-15.379310163522259,-3.422536358609857,0.6321734126200432,10.0
2016-08-02 15:35:24.900,0.961,0.082,0.008,-16.210624058253057,-3.0120763643478985,-0.6729588626583204,10.0
2016-08-02 15:35:24.910,0.953,0.078,0.016,-15.313258261184378,-2.3374161222593632,-2.18802425174434,10.0
2016-08-02 15:35:24.920,0.941,0.059,0.023,-13.67467108980856,-1.8558870007837647,-3.8252959760019727,10.0
2016-08-02 15:35:24.930,0.938,0.066,0.023,-12.348693749216924,-1.1924153804847282,-5.4140016327643625,10.0
2016-08-02 15:35:24.940,0.934,0.066,0.023,-11.193999908950865,-0.7356045227671408,-6.015166526997395,10.0
2016-08-02 15:35:24.950,0.957,0.086,0.027,-9.643795216174478,-1.2728027274562694,-5.04409196775026,10.0
2016-08-02 15:35:24.960,1.07,0.145,0.051,-8.821505786825977,-1.5716990234424113,-1.6131434766908908,10.0
2016-08-02 15:35:24.970,1.262,0.219,0.066,-11.271392410803035,1.3955361243845632,5.418640862554275,10.0
2016-08-02 15:35:24.980,1.418,0.238,0.016,-15.094528849185659,6.772833116548641,13.159067832306178,10.0
2016-08-02 15:35:24.990,1.465,0.188,-0.082,-12.869772329264332,10.227729060546856,17.126307351371544,10.0
2016-08-02 15:35:25.000,1.422,0.094,-0.145,-3.2688310276086257,11.354575656899415,17.24082367775538,10.0
2016-08-02 15:35:25.010,1.355,0.027,-0.156,5.060794557051354,11.693291487895253,14.119603205198427,10.0
2016-08-02 15:35:25.020,1.289,0.016,-0.117,6.8173080857178165,10.548766202375178,6.96681289779634,10.0
2016-08-02 15:35:25.030,1.207,0.027,-0.066,5.540815003710746,8.112794602986648,-2.3325649126892656,10.0
2016-08-02 15:35:25.040,1.09,0.02,-0.004,3.765823642341611,4.356701204295885,-10.822081710938578,10.0
2016-08-02 15:35:25.050,1.0,0.027,0.063,0.9974714343465257,-1.2040583533807692,-17.7133450105824,10.0
2016-08-02 15:35:25.060,0.973,0.059,0.129,-1.874679631793024,-5.105525063413278,-21.858456398431063,10.0
2016-08-02 15:35:25.070,0.965,0.094,0.148,-5.197485485115633,-5.1267830014284534,-21.84208846106547,10.0
2016-08-02 15:35:25.080,0.949,0.137,0.105,-9.463960417363369,-4.768474606024718,-19.016585461786455,10.0
2016-08-02 15:35:25.090,0.934,0.176,0.059,-12.354540480150142,-5.343832792026505,-14.16724401069824,10.0
2016-08-02 15:35:25.100,0.941,0.184,0.0,-12.059154224171607,-4.068669476555908,-7.378158410171521,10.0
2016-08-02 15:35:25.110,0.965,0.16,-0.047,-8.297731910078127,-0.7856156735523432,-1.0194803998610342,10.0
2016-08-02 15:35:25.120,0.992,0.152,-0.082,-1.8961132992080378,2.349157589957831,4.31310131209581,10.0
2016-08-02 15:35:25.130,1.031,0.16,-0.09,4.4766861557750595,4.969395758881607,9.92220295797054,10.0
2016-08-02 15:35:25.140,1.082,0.16,-0.09,8.916701917629988,7.994281376455705,15.205906147089266,10.0
2016-08-02 15:35:25.150,1.137,0.176,-0.066,12.414644885192182,10.992508948116612,18.874766993415548,10.0
2016-08-02 15:35:25.160,1.18,0.18,-0.035,15.535053460508253,12.566655306858646,21.152372350997567,10.0
2016-08-02 15:35:25.170,1.215,0.184,-0.02,16.12700823520561,12.60662898273244,22.684254541786345,10.0
2016-08-02 15:35:25.180,1.25,0.176,-0.012,13.336280697281508,11.710695354245152,22.505737472887596,10.0
2016-08-02 15:35:25.190,1.273,0.172,-0.016,8.982810286045217,10.108941993856503,20.32326949706578,10.0
2016-08-02 15:35:25.200,1.289,0.176,-0.016,4.415174562727751,7.979765374190057,17.515472663315137,10.0
2016-08-02 15:35:25.210,1.316,0.18,-0.008,0.8987324881359345,5.728838045834624,14.172384349531077,10.0
2016-08-02 15:35:25.220,1.34,0.16,-0.004,0.24693728200034537,4.183574473599862,10.055375090691774,10.0
2016-08-02 15:35:25.230,1.348,0.137,0.0,2.063965177821715,3.4907917453934716,6.090065794735288,10.0
2016-08-02 15:35:25.240,1.348,0.125,-0.004,3.639872384401526,2.910810355288996,2.6091597414002883,10.0
2016-08-02 15:35:25.250,1.336,0.117,-0.02,3.986400179279788,2.347450929010307,-0.5193611625010557,10.0
2016-08-02 15:35:25.260,1.305,0.113,-0.035,4.518160869531513,2.240026517061823,-2.766075026050925,10.0
2016-08-02 15:35:25.270,1.289,0.121,-0.039,5.247333747529446,2.4693036786239375,-4.117939244012861,10.0
2016-08-02 15:35:25.280,1.277,0.129,-0.039,5.169978926801413,2.647414652415285,-5.148125061056719,10.0
2016-08-02 15:35:25.290,1.273,0.141,-0.035,5.455734454676104,2.8257893327472443,-5.555754572018895,10.0
2016-08-02 15:35:25.300,1.266,0.137,-0.027,7.216600960594091,2.9384174498497186,-4.809451504427461,10.0
2016-08-02 15:35:25.310,1.254,0.145,-0.02,9.010843630773717,2.66559998008512,-3.043965221197921,10.0
2016-08-02 15:35:25.320,1.246,0.164,-0.012,9.630678851780992,2.194799595122706,-0.47458065967205154,10.0
2016-08-02 15:35:25.330,1.242,0.164,0.0,9.830739752328338,1.835593196270891,2.7249095535645806,10.0
2016-08-02 15:35:25.340,1.223,0.148,0.004,10.748365162181626,1.2915430696730212,5.613942758793325,10.0
2016-08-02 15:35:25.350,1.207,0.141,0.008,12.29652743581119,0.5668268177805332,7.366668548113519,10.0
2016-08-02 15:35:25.360,1.176,0.148,0.012,12.73628381126295,0.2722170955917241,8.47914876698588,10.0
2016-08-02 15:35:25.370,1.141,0.148,0.012,11.1239800549004,-0.016517849654650613,9.224011421705606,10.0
2016-08-02 15:35:25.380,1.113,0.156,0.016,8.963576409659929,-0.7447184351155194,9.465918677983217,10.0
2016-08-02 15:35:25.390,1.102,0.168,0.02,7.1058570273869375,-0.9512356628941437,9.699145262413488,10.0
2016-08-02 15:35:25.400,1.094,0.18,0.02,5.172036947715682,-0.5611098393930584,10.142044827625757,10.0
2016-08-02 15:35:25.410,1.086,0.188,0.031,3.981825920905444,-0.3842942382902373,10.756920657036558,10.0
2016-08-02 15:35:25.420,1.086,0.188,0.027,3.8517853963596598,-0.1467859672670448,11.885385828019295,10.0
2016-08-02 15:35:25.430,1.082,0.191,0.02,3.8789191302320525,0.22451352208237,13.55121033196046,10.0
2016-08-02 15:35:25.440,1.074,0.18,0.02,4.2385964867920425,0.21486375161966512,15.400591375995557,10.0
2016-08-02 15:35:25.450,1.078,0.184,0.023,5.120811715021396,0.3843057619795123,17.44320521962199,10.0
2016-08-02 15:35:25.460,1.094,0.184,0.035,5.189665666555599,1.1092600297482471,19.5733308325094,10.0
2016-08-02 15:35:25.470,1.086,0.184,0.039,3.561346942368143,1.41202205404173,21.324156272158575,10.0
2016-08-02 15:35:25.480,1.07,0.172,0.047,0.9699604087561879,1.0062938207501648,22.54367971940156,10.0
2016-08-02 15:35:25.490,1.063,0.168,0.051,-2.0445323088527876,0.5737724388877683,23.2760558063427,10.0
2016-08-02 15:35:25.500,1.051,0.18,0.051,-5.54310498286512,0.3751550483785351,23.812781028518433,10.0
2016-08-02 15:35:25.510,1.043,0.16,0.051,-8.288999094985781,0.35323682552118485,24.219642314781566,10.0
2016-08-02 15:35:25.520,1.035,0.133,0.051,-8.715529327503184,0.3939593532741582,23.860395526789365,10.0
2016-08-02 15:35:25.530,1.039,0.137,0.051,-8.048187531172719,0.655234653228426,23.035035673079747,10.0
2016-08-02 15:35:25.540,1.047,0.141,0.043,-8.249753193765486,1.4122358272884257,22.58470035564513,10.0
2016-08-02 15:35:25.550,1.039,0.109,0.027,-7.6290077038378055,2.1078156885643478,21.882231581554166,10.0
2016-08-02 15:35:25.560,1.035,0.102,0.023,-4.956101318148522,2.3912259486130085,20.843571916877448,10.0
2016-08-02 15:35:25.570,1.035,0.121,0.02,-4.216927849398895,2.89117155349218,21.01264095926358,10.0
2016-08-02 15:35:25.580,1.035,0.137,0.023,-7.206754267237432,3.4175301245483567,22.312176554530687,10.0
2016-08-02 15:35:25.590,1.031,0.137,0.031,-9.990754938093616,3.460713229435557,23.62134796730222,10.0
2016-08-02 15:35:25.600,1.027,0.141,0.047,-11.158201416028373,3.5839610637723918,25.250513289763546,10.0
2016-08-02 15:35:25.610,1.023,0.137,0.059,-12.06369891896501,4.017237467592125,26.851504682999256,10.0
2016-08-02 15:35:25.620,1.02,0.121,0.055,-11.812194410358464,4.597849782024067,27.35897005610726,10.0
2016-08-02 15:35:25.630,1.008,0.105,0.047,-10.829170941207718,5.625475527107703,27.1273308463827,10.0
2016-08-02 15:35:25.640,0.98,0.094,0.031,-11.140746795308802,6.581862520301573,26.213062269983034,10.0
2016-08-02 15:35:25.650,0.941,0.09,0.012,-11.285843883490163,6.362947119140947,24.130473584063576,10.0
2016-08-02 15:35:25.660,0.906,0.066,0.008,-10.416241716300549,5.701170529294887,21.899993551465663,10.0
2016-08-02 15:35:25.670,0.879,0.059,0.031,-11.386272138379624,5.65441117155116,20.165322350247173,10.0
2016-08-02 15:35:25.680,0.863,0.063,0.059,-14.42507456048278,5.562969091593005,18.475448146673692,10.0
2016-08-02 15:35:25.690,0.848,0.063,0.074,-16.57510242098578,5.615977080084335,17.100730665794835,10.0
2016-08-02 15:35:25.700,0.844,0.051,0.082,-15.525027785840921,6.411659613446162,15.331672765278697,10.0
2016-08-02 15:35:25.710,0.848,0.02,0.078,-10.969212071879815,7.781514131204537,12.022590193938719,10.0
2016-08-02 15:35:25.720,0.844,-0.008,0.059,-6.187856085047271,9.790860573970557,7.932022458213993,10.0
2016-08-02 15:35:25.730,0.828,-0.027,0.031,-4.707070562216389,10.919889744963356,3.283474603620623,10.0
2016-08-02 15:35:25.740,0.805,-0.043,0.016,-5.8536911955668725,10.297335760556868,-2.0946970174871584,10.0
2016-08-02 15:35:25.750,0.789,-0.066,0.02,-7.294022204512954,9.66481037068667,-7.0693497490816135,10.0
2016-08-02 15:35:25.760,0.777,-0.07,0.043,-8.013085089530627,9.205743583333485,-11.753333839756044,10.0
2016-08-02 15:35:25.770,0.781,-0.055,0.055,-8.13404650703045,8.730151872087017,-16.306553493213176,10.0
2016-08-02 15:35:25.780,0.789,-0.055,0.066,-8.326199187587353,9.18932420660352,-19.407300641669977,10.0
2016-08-02 15:35:25.790,0.793,-0.063,0.07,-8.487910586508587,9.681679582101186,-21.849432276716215,10.0
2016-08-02 15:35:25.800,0.801,-0.035,0.055,-8.127610483930665,9.613520226092788,-24.75946284960733,10.0
2016-08-02 15:35:25.810,0.816,-0.023,0.031,-7.9477905786926835,10.049389388304109,-26.992310058454386,10.0
2016-08-02 15:35:25.820,0.82,-0.047,0.016,-7.403305665722755,10.590390857211235,-29.163292875330292,10.0
2016-08-02 15:35:25.830,0.82,-0.063,0.0,-4.682818457320921,10.188896493745483,-32.707130625605956,10.0
2016-08-02 15:35:25.840,0.824,-0.059,-0.008,-1.5273317249603184,9.46948401024427,-35.827932407075366,10.0
2016-08-02 15:35:25.850,0.836,-0.066,0.004,-0.8337154726780511,9.135135813627475,-37.20376870580669,10.0
2016-08-02 15:35:25.860,0.848,-0.043,0.031,-1.8778560871468493,8.495434570891678,-38.391973129749076,10.0
2016-08-02 15:35:25.870,0.859,-0.012,0.051,-3.0772751642415015,7.683254725482742,-39.32655629733099,10.0
2016-08-02 15:35:25.880,0.867,-0.004,0.063,-3.4808088493418037,7.72215326000064,-39.08668991524499,10.0
2016-08-02 15:35:25.890,0.863,-0.023,0.059,-2.1081035117373355,7.855751680238121,-39.42308260822524,10.0
2016-08-02 15:35:25.900,0.859,-0.023,0.039,-0.7182872926889048,7.1475710082208,-40.96049123044807,10.0
2016-08-02 15:35:25.910,0.855,0.0,0.023,-1.944404267272073,6.316851773523316,-41.79295620898907,10.0
2016-08-02 15:35:25.920,0.848,0.012,0.02,-4.10696408388387,5.8683738372817755,-41.540102689400676,10.0
2016-08-02 15:35:25.930,0.844,0.012,0.023,-3.589216169677636,5.578199931965448,-41.214375106398585,10.0
2016-08-02 15:35:25.940,0.848,0.012,0.039,-0.2647371178767589,5.683926298872276,-40.62031150244007,10.0
2016-08-02 15:35:25.950,0.84,0.012,0.035,2.7275877181586283,6.168586024059867,-39.11967077892456,10.0
2016-08-02 15:35:25.960,0.832,0.039,0.035,3.350555544093423,6.0188813046742435,-37.28410323114323,10.0
2016-08-02 15:35:25.970,0.832,0.074,0.043,2.3853839060070694,5.573015423855329,-35.60230238379705,10.0
2016-08-02 15:35:25.980,0.844,0.082,0.043,1.8070519613870952,6.0028125603103515,-34.280090834507334,10.0
2016-08-02 15:35:25.990,0.844,0.063,0.043,3.097287515332594,6.436496734524567,-34.092531525379876,10.0
2016-08-02 15:35:26.000,0.824,0.035,0.035,4.901668252644585,6.157396092073907,-34.50675585952767,10.0
2016-08-02 15:35:26.010,0.844,0.047,0.043,4.356425780889905,5.817830917331721,-34.158128058867106,10.0
2016-08-02 15:35:26.020,0.859,0.066,0.047,2.128335839427711,5.472497069514595,-32.73826594892218,10.0
2016-08-02 15:35:26.030,0.887,0.082,0.07,1.467398481106665,5.154893429247176,-30.586839078632003,10.0
2016-08-02 15:35:26.040,0.926,0.078,0.074,3.6250553915433965,5.456238632268416,-28.467163109016205,10.0
2016-08-02 15:35:26.050,0.957,0.07,0.059,7.310821913180414,6.136027161045895,-26.76564248493562,10.0
2016-08-02 15:35:26.060,0.977,0.07,0.047,10.10267838431242,6.074562153607847,-25.189574222781687,10.0
2016-08-02 15:35:26.070,0.984,0.074,0.027,10.528106323452334,5.014068317954644,-23.76394873381362,10.0
2016-08-02 15:35:26.080,0.996,0.098,0.023,9.593567577746649,3.7328455673137664,-22.61117869187423,10.0
2016-08-02 15:35:26.090,1.016,0.094,0.035,9.10378395739038,3.00763796566961,-21.8716411111691,10.0
2016-08-02 15:35:26.100,1.027,0.086,0.043,10.192372533652746,2.701920865696635,-22.137098484232222,10.0
2016-08-02 15:35:26.110,1.023,0.074,0.043,12.032580373034289,1.4969891245712332,-22.82632586861704,10.0
2016-08-02 15:35:26.120,1.016,0.094,0.055,12.113748424719049,-0.8484802465046423,-22.422951601411885,10.0
2016-08-02 15:35:26.130,1.02,0.113,0.078,10.426444621393724,-2.6530362340683933,-20.945101906258657,10.0
2016-08-02 15:35:26.140,1.027,0.133,0.094,8.753985836919073,-3.2804393821645172,-18.786843050145453,10.0
2016-08-02 15:35:26.150,1.02,0.141,0.094,7.520190640735781,-4.0940214390072365,-16.169084413816265,10.0
2016-08-02 15:35:26.160,1.004,0.145,0.094,6.670128901877403,-5.283341198660316,-13.76102774834593,10.0
2016-08-02 15:35:26.170,0.988,0.145,0.09,5.928521649695567,-5.3151893477227095,-11.80273513097103,10.0
2016-08-02 15:35:26.180,0.969,0.145,0.082,5.271644781744378,-4.550086914142424,-10.657953831638746,10.0
2016-08-02 15:35:26.190,0.934,0.133,0.059,5.3007473571011205,-4.787105711788426,-10.318545317237128,10.0
2016-08-02 15:35:26.200,0.906,0.129,0.055,6.483355063808471,-5.889972685733415,-10.19963116665167,10.0
2016-08-02 15:35:26.210,0.895,0.121,0.066,8.947712210897109,-6.627693636564174,-10.380007103621613,10.0
2016-08-02 15:35:26.220,0.883,0.121,0.078,11.42169388782609,-6.880323441386135,-10.819461004517823,10.0
2016-08-02 15:35:26.230,0.875,0.133,0.082,12.575867227150397,-6.973822100890144,-10.940881465783324,10.0
2016-08-02 15:35:26.240,0.875,0.145,0.086,13.535101176968345,-6.836599357004222,-10.666042364172553,10.0
2016-08-02 15:35:26.250,0.895,0.145,0.086,11.30511710516468,-6.115462785402298,-10.245469713842455,10.0
2016-08-02 15:35:26.260,0.887,0.215,0.055,-0.6120409507259201,-5.274010406452241,-8.306541366859946,10.0
2016-08-02 15:35:26.270,0.891,0.219,0.055,-13.32600056838736,-5.843245419566284,-4.649067781893527,10.0
2016-08-02 15:35:26.280,0.914,0.172,0.074,-12.38474442068187,-6.029456454383088,-2.2987996647987643,10.0
2016-08-02 15:35:26.290,0.926,0.125,0.078,-3.6540006513421885,-4.162286208490189,-0.43106041189131894,10.0
2016-08-02 15:35:26.300,0.941,0.125,0.074,2.1005121290338225,-3.569121164258309,2.6448086737444707,10.0
2016-08-02 15:35:26.310,0.949,0.152,0.074,3.6198640961799935,-4.95018015606383,3.932625290175375,10.0
2016-08-02 15:35:26.320,0.961,0.188,0.063,0.602900318900955,-6.529527520406795,3.122458062569817,10.0
2016-08-02 15:35:26.330,0.961,0.199,0.082,-1.0587249125331546,-7.373569683304051,3.3218062425639925,10.0
2016-08-02 15:35:26.340,0.965,0.129,0.102,7.569881369938266,-6.73801713643797,5.049913543203324,10.0
2016-08-02 15:35:26.350,0.984,0.129,0.102,17.639839540523006,-6.612827682547875,4.796749266748149,10.0
2016-08-02 15:35:26.360,0.992,0.176,0.086,15.724053907923297,-7.359904160293958,2.820609737920826,10.0
2016-08-02 15:35:26.370,0.984,0.195,0.078,10.776977317491463,-8.203689545921385,3.0748205795283785,10.0
2016-08-02 15:35:26.380,0.992,0.164,0.078,13.974995585052227,-10.018643568420568,2.7163005732814076,10.0
2016-08-02 15:35:26.390,1.004,0.156,0.074,18.382641311066905,-10.614619969881904,0.6200351240459744,10.0
2016-08-02 15:35:26.400,1.004,0.188,0.059,16.0930337496465,-9.503395845748587,1.0011777104950212,10.0
2016-08-02 15:35:26.410,0.996,0.219,0.043,8.321709913410968,-9.309423165891701,3.1132848903693167,10.0
2016-08-02 15:35:26.420,0.988,0.234,0.031,0.6100426961976264,-9.696808512834739,4.53866348615181,10.0
2016-08-02 15:35:26.430,1.0,0.199,0.047,-0.6985039126525263,-9.727902835877044,4.607279370460532,10.0
2016-08-02 15:35:26.440,1.008,0.176,0.055,3.5840612122523003,-8.926494225581525,4.117003682467223,10.0
2016-08-02 15:35:26.450,0.996,0.184,0.051,3.023733931325861,-7.5518656857255095,5.343231373184246,10.0
2016-08-02 15:35:26.460,0.973,0.223,0.031,-9.028470346731647,-7.443978885817167,8.01954364013961,10.0
2016-08-02 15:35:26.470,0.957,0.258,0.016,-28.242630857329168,-9.315677162379416,11.091402192118423,10.0
2016-08-02 15:35:26.480,0.945,0.262,0.016,-42.42480140462123,-13.124388791031809,13.122360004304943,10.0
2016-08-02 15:35:26.490,0.969,0.168,0.051,-37.40171412173525,-15.990352761547117,10.33995685329682,10.0
2016-08-02 15:35:26.500,0.988,0.074,0.082,-17.124541280821884,-13.347648663706961,5.669576919841186,10.0
2016-08-02 15:35:26.510,0.98,0.082,0.074,-3.47010797473897,-9.685839318444327,6.022655997677026,10.0
2016-08-02 15:35:26.520,0.973,0.152,0.051,-4.626646137809778,-11.514409193623178,8.080160923940154,10.0
2016-08-02 15:35:26.530,0.98,0.203,0.043,-11.606190947713724,-13.804098281999973,8.016096697303231,10.0
2016-08-02 15:35:26.540,0.996,0.199,0.047,-16.18835502874841,-12.792715612379878,9.391945527406541,10.0
2016-08-02 15:35:26.550,1.008,0.176,0.047,-15.597571535514286,-12.131037551557945,11.38286729168179,10.0
2016-08-02 15:35:26.560,1.023,0.168,0.043,-12.42229503709945,-11.833393148468087,11.62021898891242,10.0
2016-08-02 15:35:26.570,1.035,0.164,0.031,-10.183043292634222,-10.686675986849252,12.198295365043014,10.0
2016-08-02 15:35:26.580,1.039,0.172,0.012,-9.282069684772013,-9.970002695890082,13.145970716030863,10.0
2016-08-02 15:35:26.590,1.035,0.176,-0.008,-8.832797279704481,-9.743860134111092,13.259197734333043,10.0
2016-08-02 15:35:26.600,1.035,0.18,-0.016,-7.979901340997577,-9.456488888083342,13.305830294994973,10.0
2016-08-02 15:35:26.610,1.043,0.176,-0.008,-6.565929851438349,-9.000222538271576,13.139786332113747,10.0
2016-08-02 15:35:26.620,1.047,0.172,0.0,-5.184946436418485,-8.179852926317373,12.121355719623493,10.0
2016-08-02 15:35:26.630,1.047,0.168,0.008,-4.141485400720047,-7.651510954287922,10.623359990351473,10.0
2016-08-02 15:35:26.640,1.035,0.164,0.012,-3.7529855713425504,-7.9215184400967225,9.090316560979339,10.0
2016-08-02 15:35:26.650,1.027,0.168,0.016,-4.8907015080342155,-8.250607238041686,7.6949919802282,10.0
2016-08-02 15:35:26.660,1.023,0.172,0.012,-7.605890797612511,-8.615556089492163,6.458973297779872,10.0
2016-08-02 15:35:26.670,1.02,0.164,0.008,-10.630560966199733,-9.330775016792655,5.556639047476002,10.0
2016-08-02 15:35:26.680,1.016,0.164,0.012,-12.838820942152337,-9.797792831964657,5.022916172030137,10.0
2016-08-02 15:35:26.690,1.02,0.168,0.012,-14.146231765496438,-9.849705777198484,4.674563974592571,10.0
2016-08-02 15:35:26.700,1.02,0.164,0.008,-15.26945129673473,-9.739539180328206,4.651865848393603,10.0
2016-08-02 15:35:26.710,1.012,0.168,0.0,-16.303432084151346,-9.56560124726175,4.887629645042372,10.0
2016-08-02 15:35:26.720,1.004,0.168,-0.004,-16.698202114275453,-9.447873929591015,5.243238504893159,10.0
2016-08-02 15:35:26.730,0.992,0.164,-0.012,-16.872406482851204,-9.366123164620774,5.884046569446886,10.0
2016-08-02 15:35:26.740,0.988,0.156,-0.02,-17.07213257542251,-9.384321723077562,6.463294118658748,10.0
2016-08-02 15:35:26.750,0.988,0.16,-0.02,-17.274844947897066,-9.194108280119158,6.832144085297369,10.0
2016-08-02 15:35:26.760,0.992,0.168,-0.023,-18.385925573953198,-8.67768104587205,7.42902650195086,10.0
2016-08-02 15:35:26.770,0.992,0.168,-0.027,-19.937038291296965,-8.568847616330249,7.961091653790241,10.0
2016-08-02 15:35:26.780,1.0,0.168,-0.027,-21.0134185411612,-8.564730150860143,8.39386266622207,10.0
2016-08-02 15:35:26.790,1.004,0.172,-0.027,-22.758307301367694,-8.218233150247022,9.222967250567555,10.0
2016-08-02 15:35:26.800,1.008,0.176,-0.023,-25.08774984406363,-8.25453726748937,9.68802253295058,10.0
2016-08-02 15:35:26.810,1.004,0.168,-0.023,-25.725215028536695,-8.515329663756747,9.381324949223313,10.0
2016-08-02 15:35:26.820,1.004,0.16,-0.02,-24.30507355767859,-8.378918668412098,9.104093138715683,10.0
2016-08-02 15:35:26.830,0.996,0.156,-0.027,-23.048726688812273,-8.336523877116878,8.583212171073717,10.0
2016-08-02 15:35:26.840,0.988,0.156,-0.031,-23.371605530388983,-9.086789285324507,7.380108804768204,10.0
2016-08-02 15:35:26.850,1.0,0.164,-0.027,-24.602221288461397,-9.925186968436478,6.174859806042404,10.0
2016-08-02 15:35:26.860,1.008,0.172,-0.031,-26.067604943311384,-9.901355975929945,5.269805897354549,10.0
2016-08-02 15:35:26.870,0.996,0.16,-0.043,-27.750409249646793,-10.24052724271531,4.581297021803567,10.0
2016-08-02 15:35:26.880,0.996,0.156,-0.039,-29.224043925554923,-11.359428391091933,4.281839241888762,10.0
2016-08-02 15:35:26.890,1.008,0.152,-0.027,-30.011197914990255,-11.6219905167175,4.2442981621643,10.0
2016-08-02 15:35:26.900,1.012,0.152,-0.031,-30.22135336472423,-11.485796434399548,4.1463693651467395,10.0
2016-08-02 15:35:26.910,1.008,0.152,-0.035,-30.533027347311986,-11.956787071375132,4.2597970499102455,10.0
2016-08-02 15:35:26.920,1.008,0.16,-0.035,-31.248668719934084,-12.187025586981262,4.835938745097533,10.0
2016-08-02 15:35:26.930,1.016,0.156,-0.039,-31.582659305738712,-11.875779950553401,5.4000943329377415,10.0
2016-08-02 15:35:26.940,1.016,0.152,-0.043,-31.524800304181376,-11.6009441488504,5.917014389317635,10.0
2016-08-02 15:35:26.950,1.008,0.148,-0.051,-32.02952381305279,-11.811481606104088,6.484876468725137,10.0
2016-08-02 15:35:26.960,1.0,0.152,-0.059,-32.691336310423864,-12.368100429866566,6.684154200618613,10.0
2016-08-02 15:35:26.970,0.996,0.152,-0.066,-32.759001670540925,-12.626202037693911,6.631003379243346,10.0
2016-08-02 15:35:26.980,1.008,0.152,-0.063,-32.57703579057171,-12.488829136718246,6.482005824884301,10.0
2016-08-02 15:35:26.990,1.016,0.152,-0.059,-32.23252847661938,-12.207320421791328,6.139694258043484,10.0
2016-08-02 15:35:27.000,1.008,0.156,-0.055,-31.56085354804653,-11.967992420648251,5.986960886663072,10.0
2016-08-02 15:35:46.000,0.977,0.172,0.02,-5.449970548936176,-2.113287784738909,-0.6420979824220793,11.0
2016-08-02 15:35:46.010,0.98,0.164,0.016,-4.723898079952746,-1.3956832174699638,-0.006054571651622501,11.0
2016-08-02 15:35:46.020,0.984,0.164,0.02,-4.4380091347931225,-0.9076650720346595,0.6183122295955535,11.0
2016-08-02 15:35:46.030,0.992,0.16,0.023,-4.3778939852098375,-0.3493061282149076,1.1165622122639465,11.0
2016-08-02 15:35:46.040,0.992,0.164,0.023,-3.570504320780389,0.1396647246857657,1.1406206267301504,11.0
2016-08-02 15:35:46.050,0.988,0.156,0.023,-2.4025290173846634,0.40245554082653623,0.7887507446319287,11.0
2016-08-02 15:35:46.060,0.992,0.156,0.02,-1.9051284842187752,0.722554421856734,0.6518910116871578,11.0
2016-08-02 15:35:46.070,0.996,0.16,0.02,-1.8149908094336837,0.8491797625385602,0.8121789856081221,11.0
2016-08-02 15:35:46.080,1.0,0.164,0.02,-0.932179954685407,0.6826063623492284,0.8364172336502406,11.0
2016-08-02 15:35:46.090,1.0,0.152,0.031,0.9179020979961634,0.893355401475477,0.5525156563950041,11.0
2016-08-02 15:35:46.100,1.0,0.152,0.027,2.301681993845876,1.3783559227104198,0.22782424657198702,11.0
2016-08-02 15:35:46.110,1.0,0.16,0.02,2.2425906147352017,1.410701367354656,0.21860873745549236,11.0
2016-08-02 15:35:46.120,0.996,0.168,0.02,1.4558543515145521,1.1225148851529936,0.48035935446668976,11.0
2016-08-02 15:35:46.130,1.0,0.18,0.016,1.2662377038250812,0.946630099333652,0.7810827088436052,11.0
2016-08-02 15:35:46.140,1.0,0.176,0.016,2.5411965093828552,0.9662936240291364,1.079972301896281,11.0
2016-08-02 15:35:46.150,1.004,0.172,0.016,4.898276963223163,1.2969088986409516,1.2439718231283396,11.0
2016-08-02 15:35:46.160,1.004,0.176,0.023,6.7823195424606295,1.8515698954803192,1.2968481802508287,11.0
2016-08-02 15:35:46.170,1.0,0.18,0.02,7.391576676778861,2.193230207669028,1.4588799542778494,11.0
2016-08-02 15:35:46.180,1.0,0.18,0.016,7.650623718251337,2.2331557243001274,1.6903450964137312,11.0
2016-08-02 15:35:46.190,1.004,0.184,0.012,8.332942200968308,2.3989226869266385,1.888927762120889,11.0
2016-08-02 15:35:46.200,1.0,0.18,0.008,8.929736103491345,2.669972994911533,1.8885016500962095,11.0
2016-08-02 15:35:46.210,1.0,0.184,0.008,9.101916675830763,2.6935033407035602,1.7299159046448458,11.0
2016-08-02 15:35:46.220,0.996,0.18,0.008,9.165641145362393,2.714942574678709,1.7648118901666892,11.0
2016-08-02 15:35:46.230,0.996,0.176,0.012,9.41258711836692,2.7930983651473285,1.8133308880474721,11.0
2016-08-02 15:35:46.240,0.992,0.18,0.016,9.907259987123378,2.6613926947429634,1.7358550749510806,11.0
2016-08-02 15:35:46.250,0.988,0.18,0.02,10.23389149312008,2.588249439101,1.891670922569224,11.0
2016-08-02 15:35:46.260,0.996,0.18,0.02,10.24301332115001,2.5290484032829523,2.1735124769650507,11.0
2016-08-02 15:35:46.270,0.996,0.176,0.023,10.46132943060001,2.235246970911332,2.490524767185019,11.0
2016-08-02 15:35:46.280,1.012,0.176,0.023,10.852290184902742,2.162030588044799,3.0260546830098862,11.0
2016-08-02 15:35:46.290,1.016,0.176,0.02,10.771026625848926,2.333029240123954,3.632653705838578,11.0
2016-08-02 15:35:46.300,1.008,0.172,0.02,10.041331551148307,2.136619354574484,4.276129418497372,11.0
2016-08-02 15:35:46.310,1.008,0.168,0.016,9.151749162867725,1.5619606771047705,4.796985891982063,11.0
2016-08-02 15:35:46.320,1.012,0.168,0.016,8.665069155567274,1.0407536824274501,4.958419423807776,11.0
2016-08-02 15:35:46.330,1.02,0.168,0.012,8.553577757160214,0.6908433257881178,5.027361593054424,11.0
2016-08-02 15:35:46.340,1.023,0.168,0.012,8.541634706048713,0.4166844168586097,5.033798616326667,11.0
2016-08-02 15:35:46.350,1.023,0.172,0.012,8.367366999098225,0.26185366052351605,4.935528950366603,11.0
2016-08-02 15:35:46.360,1.023,0.168,0.012,7.335330813795462,0.12257858879892608,5.019133893886546,11.0
2016-08-02 15:35:46.370,1.023,0.184,0.004,5.511251226993443,-0.2598981451829649,5.172922516254696,11.0
2016-08-02 15:35:46.380,1.02,0.188,0.004,4.280753344511108,-0.5119682446851522,5.174455229027973,11.0
2016-08-02 15:35:46.390,1.023,0.184,0.008,4.211897024602676,-0.10368877381678496,5.060532045239491,11.0
2016-08-02 15:35:46.400,1.02,0.184,0.008,4.481701761743982,0.4281648315715152,4.837227567542873,11.0
2016-08-02 15:35:46.410,1.016,0.184,0.0,4.460634228379094,0.5009349683157961,4.648370137359318,11.0
2016-08-02 15:35:46.420,1.004,0.184,0.0,4.209427124294395,0.6727251325258858,4.494804759237844,11.0
2016-08-02 15:35:46.430,1.0,0.184,-0.008,3.9001926367617243,1.3157399702287884,4.051509326446303,11.0
2016-08-02 15:35:46.440,0.988,0.184,-0.012,3.7041203534683826,1.860124952973405,3.4382984951814,11.0
2016-08-02 15:35:46.450,0.984,0.184,-0.004,3.6724819273827904,2.062982110635418,2.9374889531665764,11.0
2016-08-02 15:35:46.460,0.98,0.184,0.004,3.3343398472508046,2.288742416858984,2.4464690247000744,11.0
2016-08-02 15:35:46.470,0.965,0.188,0.008,2.3264577102507737,2.5058164340676417,2.1027978162601326,11.0
2016-08-02 15:35:46.480,0.957,0.184,0.012,0.908000912182365,2.4768309040349576,2.0284685823445385,11.0
2016-08-02 15:35:46.490,0.949,0.172,0.008,-0.38830901251287675,2.4063992651672512,1.985484130062234,11.0
2016-08-02 15:35:46.500,0.941,0.176,0.008,-1.004924720088648,2.4484355946197542,1.9986842179148958,11.0
2016-08-02 15:35:46.510,0.945,0.176,0.004,-0.9474580280475052,2.4361458254504615,2.145408106052512,11.0
2016-08-02 15:35:46.520,0.957,0.184,-0.004,-0.759053467181418,2.5726286510368315,2.496176754920025,11.0
2016-08-02 15:35:46.530,0.977,0.191,-0.012,-0.91567214950197,3.048182974364488,3.385607974350515,11.0
2016-08-02 15:35:46.540,0.984,0.203,-0.016,-1.6809674938654688,3.138617506844027,4.56234220686632,11.0
2016-08-02 15:35:46.550,0.992,0.203,-0.016,-2.560292515842772,2.72823695156168,5.4835406256846735,11.0
2016-08-02 15:35:46.560,1.008,0.203,-0.012,-2.696773732608306,2.84847996178015,6.314356112459535,11.0
2016-08-02 15:35:46.570,1.02,0.199,-0.004,-2.2556714964810767,3.355243157102038,6.962181652174555,11.0
2016-08-02 15:35:46.580,1.02,0.188,-0.004,-1.8361522807318535,3.1694745079083613,6.921056348765092,11.0
2016-08-02 15:35:46.590,1.02,0.18,0.0,-1.3780164617607336,2.4852170774070617,6.409447597737424,11.0
2016-08-02 15:35:46.600,1.02,0.168,0.008,-0.8355112706230412,2.2477413158508437,5.694720321922357,11.0
2016-08-02 15:35:46.610,1.02,0.164,0.012,-0.6596038210293207,2.21691233287564,4.464949730646132,11.0
2016-08-02 15:35:46.620,1.012,0.156,0.008,-1.0412694902932083,1.6363130566765682,2.8520839737798394,11.0
2016-08-02 15:35:46.630,1.0,0.16,0.012,-1.3169997709514507,0.9727350466978604,1.2368460862120507,11.0
2016-08-02 15:35:46.640,0.996,0.156,0.008,-0.8262609994968909,0.9057578447629506,-0.5119439469902776,11.0
2016-08-02 15:35:46.650,1.0,0.152,0.004,-0.01469154976678852,1.1828370769677226,-2.108928744833443,11.0
2016-08-02 15:35:46.660,1.008,0.16,0.0,0.36552093929364293,1.4173571872790445,-3.15526132476874,11.0
2016-08-02 15:35:46.670,1.012,0.176,0.0,0.3655695538201271,1.7031719688237326,-3.951176274404868,11.0
2016-08-02 15:35:46.680,1.012,0.18,-0.008,0.5426123795835069,2.23808824347218,-4.37642441264402,11.0
2016-08-02 15:35:46.690,1.012,0.18,-0.012,1.2624392590321647,2.680601015172077,-4.2837089503941534,11.0
2016-08-02 15:35:46.700,1.016,0.176,-0.016,2.3650554685198526,2.676714115060833,-4.194840788984461,11.0
2016-08-02 15:35:46.710,1.016,0.176,-0.012,3.4285597011453612,2.644324334528849,-4.186030313267895,11.0
2016-08-02 15:35:46.720,1.016,0.168,0.0,4.242648444626273,2.814851333289265,-4.191257554644168,11.0
2016-08-02 15:35:46.730,1.02,0.164,0.012,4.952139764308988,2.657396783803441,-4.496548555259511,11.0
2016-08-02 15:35:46.740,1.016,0.164,0.012,5.747199465370322,2.182015887715442,-5.046894836906517,11.0
2016-08-02 15:35:46.750,1.008,0.156,0.016,6.547437208376016,1.8389564008689039,-5.674045777948763,11.0
2016-08-02 15:35:46.760,1.004,0.16,0.02,7.0815346420664635,1.4504367485989236,-6.410771117708607,11.0
2016-08-02 15:35:46.770,1.004,0.172,0.016,6.984900091157152,1.0258433007991652,-7.24017514234737,11.0
2016-08-02 15:35:46.780,1.004,0.172,0.02,6.2929022016933445,0.8609266459278139,-7.87967422171231,11.0
2016-08-02 15:35:46.790,1.0,0.168,0.016,5.821587428405186,0.7159862924283723,-8.068710746896258,11.0
2016-08-02 15:35:46.800,0.992,0.16,0.016,6.13940304134753,0.5487541880189812,-8.044702303302195,11.0
2016-08-02 15:35:46.810,0.988,0.152,0.016,6.80261917386319,0.7386844262830874,-7.8044918469001505,11.0
2016-08-02 15:35:46.820,0.988,0.164,0.016,7.284099783595943,1.039095553241266,-7.248360869297646,11.0
2016-08-02 15:35:46.830,0.984,0.168,0.016,7.480265627052205,1.0726904157486947,-6.744360309584689,11.0
2016-08-02 15:35:46.840,0.988,0.172,0.02,7.372425877703973,1.1794304756216631,-6.043673036799883,11.0
2016-08-02 15:35:46.850,0.984,0.172,0.02,7.276737886284312,1.2123971238548563,-4.863946632781454,11.0
2016-08-02 15:35:46.860,0.98,0.164,0.02,7.247948379801654,0.6322956080161963,-3.778484707306542,11.0
2016-08-02 15:35:46.870,0.98,0.172,0.023,6.612016236141076,-0.2340208178105437,-3.028833550245379,11.0
2016-08-02 15:35:46.880,0.988,0.176,0.02,5.415830682628553,-0.931308235105158,-2.4165322533503573,11.0
2016-08-02 15:35:46.890,0.988,0.18,0.02,4.411772900540646,-1.2263454591245215,-2.092365617106857,11.0
2016-08-02 15:35:46.900,0.992,0.184,0.02,4.025619601738639,-1.191550367475652,-2.197779054127227,11.0
2016-08-02 15:35:46.910,0.992,0.176,0.023,4.540338860852448,-1.3065546876380363,-2.3960337644117997,11.0
2016-08-02 15:35:46.920,0.996,0.172,0.027,5.356847925821429,-1.3104867203695585,-2.5069187582466608,11.0
2016-08-02 15:35:46.930,0.996,0.176,0.027,5.160851177472935,-1.0006956597590628,-2.6754927448782784,11.0
2016-08-02 15:35:46.940,0.992,0.18,0.023,4.072707254901925,-1.1937797185472934,-2.770406717812313,11.0
2016-08-02 15:35:46.950,0.988,0.184,0.02,3.2097984849875374,-1.897032739379914,-2.791366349292054,11.0
2016-08-02 15:35:46.960,0.988,0.184,0.02,2.7077568553326286,-2.141759521323225,-2.8330391211606005,11.0
2016-08-02 15:35:46.970,0.992,0.188,0.02,2.432542387596183,-1.96712912767503,-2.732468054036584,11.0
2016-08-02 15:35:46.980,0.996,0.191,0.02,2.6276478356021546,-1.97725864096019,-2.6181425878527316,11.0
2016-08-02 15:35:46.990,1.008,0.195,0.016,2.7963546431363193,-1.8775006758829347,-2.34945896329525,11.0
2016-08-02 15:35:47.000,1.0,0.199,0.012,2.353248106234135,-1.5660764989989966,-1.567554917439007,11.0
2016-08-02 15:35:47.010,0.992,0.191,0.008,1.8694338623051077,-1.568822729598675,-0.8142304437705863,11.0
2016-08-02 15:35:47.020,0.988,0.188,0.008,2.2237446967462313,-1.555450996484275,-0.5784161665439347,11.0
2016-08-02 15:35:47.030,0.992,0.18,0.012,3.4948762470364363,-1.0085775606705842,-0.5943100324040489,11.0
2016-08-02 15:35:47.040,0.992,0.176,0.016,4.928980996746061,-0.2762837343620473,-0.6390639937870551,11.0
2016-08-02 15:35:47.050,0.992,0.172,0.016,5.4929192598009,0.18962116774787147,-0.6528987645621089,11.0
2016-08-02 15:35:47.060,0.988,0.176,0.02,4.623074607411387,0.10700301152704225,-0.5003037500193127,11.0
2016-08-02 15:35:47.070,0.984,0.18,0.02,2.8644189899856567,-0.434575790917371,-0.07743485046548777,11.0
2016-08-02 15:35:47.080,0.984,0.184,0.016,1.461667831949259,-0.7519605363631658,0.3346938688899454,11.0
2016-08-02 15:35:47.090,0.992,0.188,0.02,0.9743698834198968,-0.39866953740119265,0.4536181442898417,11.0
2016-08-02 15:35:47.100,0.996,0.188,0.023,0.9002807503969998,0.27474725642211184,0.5164600530222792,11.0
2016-08-02 15:35:47.110,0.996,0.188,0.02,0.6530771094037212,0.6089301673730082,0.6225601860598698,11.0
2016-08-02 15:35:47.120,0.992,0.184,0.016,0.28522631595718667,0.4733799185380799,0.7406355052529567,11.0
2016-08-02 15:35:47.130,0.992,0.184,0.012,0.0745621499293266,0.3607017397198776,1.1031903493524988,11.0
2016-08-02 15:35:47.140,0.992,0.184,0.008,-0.14305685978514168,0.5814188857438928,1.6213944028075489,11.0
2016-08-02 15:35:47.150,1.0,0.184,0.004,-0.4282009607404921,0.9062228885812722,2.044885841528199,11.0
2016-08-02 15:35:47.160,1.004,0.176,0.008,-0.278753253383856,1.053626036590769,2.4673254177288495,11.0
2016-08-02 15:35:47.170,1.004,0.168,0.008,0.29114321361242534,1.1667942046877229,2.9686375698665035,11.0
2016-08-02 15:35:47.180,1.012,0.176,0.012,0.5873699314048583,1.4505762828518074,3.3814491859452005,11.0
2016-08-02 15:35:47.190,1.016,0.18,0.008,0.40356580566869227,1.6385292101607953,3.5377792885723585,11.0
2016-08-02 15:35:47.200,1.016,0.184,0.016,-0.14120534065304505,1.5709070895008548,3.63373752463525,11.0
2016-08-02 15:35:47.210,1.02,0.188,0.02,-0.9023315397021687,1.492976183967516,3.902766806123756,11.0
2016-08-02 15:35:47.220,1.016,0.184,0.02,-1.3326837282433575,1.420851133279515,4.0407610878469935,11.0
2016-08-02 15:35:47.230,1.02,0.18,0.023,-1.139481203111256,1.3493827594841887,3.960399913474613,11.0
2016-08-02 15:35:47.240,1.02,0.184,0.02,-0.4669112896158208,1.5629030993553612,3.99146986206629,11.0
2016-08-02 15:35:47.250,1.02,0.176,0.02,0.5140808988643466,1.9311691358663703,3.941033404812734,11.0
2016-08-02 15:35:47.260,1.012,0.176,0.016,1.4335850824038765,2.028324703859636,3.6560102072295777,11.0
2016-08-02 15:35:47.270,1.012,0.176,0.008,2.1967495305956284,1.9803981205069539,3.5034347542934015,11.0
2016-08-02 15:35:47.280,1.004,0.176,0.004,2.9634583084978683,2.1068877732865463,3.473096740200898,11.0
2016-08-02 15:35:47.290,1.004,0.18,0.0,3.4596372147087537,2.314508433268907,3.3025496052711802,11.0
2016-08-02 15:35:47.300,0.996,0.184,0.0,3.4815775687169133,2.3640288471016406,3.234025164693426,11.0
2016-08-02 15:35:47.310,0.992,0.18,0.008,3.275567219464762,2.2159466282455647,3.451030550397676,11.0
2016-08-02 15:35:47.320,0.996,0.188,0.008,3.07060780642953,2.05658696434537,3.6523991758351184,11.0
2016-08-02 15:35:47.330,1.0,0.195,0.012,3.0184837288516264,2.069305344700485,3.878798945519213,11.0
2016-08-02 15:35:47.340,1.004,0.195,0.012,3.291809654299345,2.1188532118075822,4.309568525474858,11.0
2016-08-02 15:35:47.350,1.012,0.191,0.016,3.800494751171443,1.9956280924587217,4.67586198747809,11.0
2016-08-02 15:35:47.360,1.016,0.191,0.016,4.156325237652559,1.7957207892067348,5.006257275259243,11.0
2016-08-02 15:35:47.370,1.02,0.188,0.016,4.181817087268894,1.6703359365380122,5.475228250187137,11.0
2016-08-02 15:35:47.380,1.023,0.188,0.016,4.210712220927657,1.6570531287636823,5.754412595473921,11.0
2016-08-02 15:35:47.390,1.027,0.191,0.012,4.459608406872387,1.6415020933369,5.75692338789982,11.0
2016-08-02 15:35:47.400,1.039,0.195,0.012,4.513528245480676,1.5234978254141578,5.850518452453674,11.0
2016-08-02 15:35:47.410,1.039,0.191,0.012,4.280326832423098,1.3916291187214411,6.000039056113428,11.0
2016-08-02 15:35:47.420,1.043,0.188,0.012,4.337328065102422,1.1526322982104948,5.774640743360663,11.0
2016-08-02 15:35:47.430,1.051,0.184,0.008,4.75235252593397,0.9140180132637823,5.253570465167389,11.0
2016-08-02 15:35:47.440,1.055,0.184,0.004,5.195765402124948,0.9772687076609099,4.867788665265764,11.0
2016-08-02 15:35:47.450,1.059,0.188,0.004,5.50668752923986,1.1568492776191603,4.521485623713927,11.0
2016-08-02 15:35:47.460,1.066,0.199,0.004,5.256003477090053,1.3313866061251276,4.129211510752102,11.0
2016-08-02 15:35:47.470,1.066,0.191,0.008,4.384680598198385,1.4041071700561019,3.7998152970742707,11.0
2016-08-02 15:35:47.480,1.059,0.188,0.008,3.8207655043931252,1.2276041992783102,3.24959573853248,11.0
2016-08-02 15:35:47.490,1.059,0.184,0.012,4.251369524828265,1.2129315947742147,2.413672997960381,11.0
2016-08-02 15:35:47.500,1.047,0.18,0.016,5.239957022885275,1.4798372356300376,1.4910829793579334,11.0
2016-08-02 15:35:47.510,1.047,0.176,0.023,5.713466656809454,1.5796103861392776,0.5156325315304826,11.0
2016-08-02 15:35:47.520,1.031,0.168,0.012,5.173754650527001,1.3719731260685881,-0.39679854952128696,11.0
2016-08-02 15:35:47.530,1.023,0.164,0.008,4.619848490680209,1.0559749341991005,-1.2265843563656462,11.0
2016-08-02 15:35:47.540,1.016,0.168,0.012,4.89849492996957,1.0087797706132717,-2.0830459418525926,11.0
2016-08-02 15:35:47.550,1.012,0.168,0.012,5.157498712350604,1.2931960728398697,-2.911869053547272,11.0
2016-08-02 15:35:47.560,1.0,0.168,0.008,4.822422097981734,1.310982273703394,-3.593184424847429,11.0
2016-08-02 15:35:47.570,0.992,0.168,0.012,4.555648431787374,1.0008050383832376,-3.996860666835068,11.0
2016-08-02 15:35:47.580,0.988,0.176,0.012,4.482068211107829,1.028464521963222,-4.061085613893157,11.0
2016-08-02 15:35:47.590,0.984,0.18,0.012,4.038282027195996,1.2663574617552793,-3.976650863930497,11.0
2016-08-02 15:35:47.600,0.984,0.184,0.012,3.2524020755064074,1.3425813797836113,-3.8134843255029462,11.0
2016-08-02 15:35:47.610,0.992,0.184,0.012,2.5871323809816804,1.568432246064332,-3.3591120024173584,11.0
2016-08-02 15:35:47.620,1.0,0.188,0.016,2.2157748291695345,1.8228651575368664,-2.703052078782152,11.0
2016-08-02 15:35:47.630,1.004,0.184,0.016,2.229800832654976,1.7693614227841241,-2.2131170873536488,11.0
2016-08-02 15:35:47.640,1.012,0.18,0.016,2.676996116426025,1.6489531723683506,-1.9338748544991926,11.0
2016-08-02 15:35:47.650,1.02,0.184,0.02,3.263241068622582,1.5641161659419875,-1.6519843099496412,11.0
2016-08-02 15:35:47.660,1.035,0.18,0.016,3.541885504411745,1.454031362058604,-1.359774694973501,11.0
2016-08-02 15:35:47.670,1.059,0.191,0.016,3.1473827335739744,1.3940931587509608,-1.157338678963123,11.0
2016-08-02 15:35:47.680,1.074,0.191,0.012,2.3369676446778196,1.2250486333767474,-0.9131734959522843,11.0
2016-08-02 15:35:47.690,1.094,0.188,0.012,2.151380338495431,0.9543679494366919,-0.5916039476456839,11.0
2016-08-02 15:35:47.700,1.109,0.188,0.012,2.856404277474181,1.0441561467284393,-0.3516903740048272,11.0
2016-08-02 15:35:47.710,1.121,0.188,0.016,3.4003846379689717,1.4861786516084128,-0.12927544386188858,11.0
2016-08-02 15:35:47.720,1.125,0.191,0.012,3.092792786343235,1.6283662451491578,-0.06804220148303247,11.0
2016-08-02 15:35:47.730,1.117,0.188,0.004,2.268783117923099,1.2890336174953725,-0.4373468154959694,11.0
2016-08-02 15:35:47.740,1.105,0.176,0.0,1.8392898772799695,1.0161485515416449,-1.187783369694579,11.0
2016-08-02 15:35:47.750,1.094,0.164,0.012,2.378070258817875,1.0521617542963073,-2.509739306959159,11.0
2016-08-02 15:35:47.760,1.07,0.152,0.02,3.1243942040385395,1.026565044239744,-4.395645659305206,11.0
2016-08-02 15:35:47.770,1.043,0.145,0.023,3.2505367921544486,0.6577590452674457,-6.4834570563802645,11.0
2016-08-02 15:35:47.780,1.012,0.148,0.027,3.09928320907328,0.06261881611566686,-8.674578182076594,11.0
2016-08-02 15:35:47.790,0.977,0.148,0.039,3.0759052732053664,-0.4221828057892685,-10.448569471030211,11.0
2016-08-02 15:35:47.800,0.949,0.145,0.031,2.885009360675511,-0.7214582243230829,-11.411560379148526,11.0
2016-08-02 15:35:47.810,0.93,0.152,0.023,2.1015767523237807,-1.0817060559815583,-12.064006499597735,11.0
2016-08-02 15:35:47.820,0.926,0.168,0.023,0.9254640587302679,-1.2660571902803828,-12.297985339806667,11.0
2016-08-02 15:35:47.830,0.914,0.176,0.027,-0.033856321235906414,-0.9066413643815288,-11.673319891198032,11.0
2016-08-02 15:35:47.840,0.91,0.18,0.023,-0.49930821468457465,-0.4502513362173839,-10.67204124345784,11.0
2016-08-02 15:35:47.850,0.906,0.18,0.02,-0.48714681771568924,-0.18070955752114617,-9.465816532365977,11.0
2016-08-02 15:35:47.860,0.91,0.18,0.016,-0.2827382411770145,0.2507098593307382,-7.81186855921861,11.0
2016-08-02 15:35:47.870,0.918,0.184,0.016,-0.3543104012133151,0.8300032709886742,-6.008714066514765,11.0
2016-08-02 15:35:47.880,0.93,0.184,0.012,-0.7084233382986604,1.2722316539413068,-4.1976143939614765,11.0
2016-08-02 15:35:47.890,0.934,0.18,0.016,-0.866984805463346,1.441561459924112,-2.4519989217597655,11.0
2016-08-02 15:35:47.900,0.941,0.172,0.02,-0.4833722985329374,1.5251714051758083,-1.1907504875255757,11.0
2016-08-02 15:35:47.910,0.949,0.168,0.023,0.11713808035259969,1.6927688390341586,-0.5293788636712564,11.0
2016-08-02 15:35:47.920,0.969,0.16,0.027,0.1837673308942127,1.4593480395762757,-0.26054847368724826,11.0
2016-08-02 15:35:47.930,0.977,0.156,0.023,-0.44038012842563223,0.785463773308383,-0.20272065631019348,11.0
2016-08-02 15:35:47.940,0.984,0.168,0.023,-1.3109831246915298,0.23846137669133677,-0.29648585830488183,11.0
2016-08-02 15:35:47.950,0.988,0.164,0.035,-2.066523027509566,-0.195137358466714,-0.6389584673368667,11.0
2016-08-02 15:35:47.960,1.004,0.164,0.035,-2.2458415969103562,-0.28770163122805464,-1.105861032763581,11.0
2016-08-02 15:35:47.970,1.016,0.156,0.031,-1.7414943007408277,0.2900260805128335,-1.3908418617335347,11.0
2016-08-02 15:35:47.980,1.027,0.16,0.027,-1.3849691633202594,0.8956288287807865,-1.5194731705827942,11.0
2016-08-02 15:35:47.990,1.031,0.168,0.016,-1.5864709202216356,1.1345995482917963,-1.4917458077906665,11.0
2016-08-02 15:35:48.000,1.023,0.172,0.004,-1.7201264717497828,1.4118044496600386,-1.1471530541898942,11.0
2016-08-02 15:35:48.010,1.027,0.172,0.004,-1.3802779115496346,1.9648305173857101,-0.6478626184007036,11.0
2016-08-02 15:35:48.020,1.027,0.168,0.004,-0.8829759142047285,2.598036668409181,-0.22777513167158459,11.0
2016-08-02 15:35:48.030,1.02,0.168,0.008,-0.45403655866601844,3.0150508829708795,0.13886225117476658,11.0
2016-08-02 15:35:48.040,1.008,0.164,0.02,0.25202922769500485,3.1965739671407705,0.4569105091992056,11.0
2016-08-02 15:35:48.050,0.992,0.16,0.027,1.2373850238230808,3.2410076550372824,0.508966157265588,11.0
2016-08-02 15:35:48.060,0.973,0.152,0.031,1.7711435336669035,3.059241907601008,0.3498182259399285,11.0
2016-08-02 15:35:48.070,0.957,0.156,0.039,1.6042477258805845,2.6135742665609136,0.31772094813188734,11.0
2016-08-02 15:35:48.080,0.941,0.156,0.035,1.3771868823905784,2.1315463573389866,0.3535884822734702,11.0
2016-08-02 15:35:48.090,0.926,0.156,0.027,1.2768239652183828,1.7598354631219082,0.37771138135380466,11.0
2016-08-02 15:35:48.100,0.91,0.16,0.023,0.7892758147659107,1.305475832442694,0.5570888559102765,11.0
2016-08-02 15:35:48.110,0.902,0.172,0.02,0.05742216661794927,0.9451469906523329,0.9357101004915622,11.0
2016-08-02 15:35:48.120,0.902,0.176,0.023,-0.4756303505299432,1.14749861736159,1.5771599023391452,11.0
2016-08-02 15:35:48.130,0.902,0.176,0.023,-0.8145308720064148,1.4537332712722484,2.385129380456681,11.0
2016-08-02 15:35:48.140,0.891,0.164,0.02,-0.7740110294012273,1.3104932302357633,3.2108100903425685,11.0
2016-08-02 15:35:48.150,0.891,0.164,0.016,-0.41074777596148127,1.3431947170510976,4.1244425901423005,11.0
2016-08-02 15:35:48.160,0.895,0.176,0.02,-0.3910647852693704,1.7982864757181136,4.9952021834721805,11.0
2016-08-02 15:35:48.170,0.902,0.176,0.016,-0.8791631011164566,1.8948231416712598,5.732589597456055,11.0
2016-08-02 15:35:48.180,0.906,0.18,0.02,-1.123690305096794,1.6116418618240254,6.438011680835444,11.0
2016-08-02 15:35:48.190,0.914,0.176,0.02,-0.7594306373439691,1.609406858261707,7.008011853786819,11.0
2016-08-02 15:35:48.200,0.93,0.176,0.02,-0.717365182864762,1.9095170710499043,7.411839634696159,11.0
2016-08-02 15:35:48.210,0.941,0.18,0.016,-1.579924678835957,2.1256199984003556,7.7539103079911875,11.0
2016-08-02 15:35:48.220,0.949,0.18,0.016,-2.420405349773445,2.165723188936565,7.901434084299467,11.0
2016-08-02 15:35:48.230,0.953,0.172,0.012,-2.284071163157233,2.152554348367056,7.750810363565539,11.0
2016-08-02 15:35:48.240,0.965,0.164,0.008,-1.4484776553958263,2.129009165831926,7.417786873832009,11.0
2016-08-02 15:35:48.250,0.977,0.172,0.008,-0.881616230408528,2.1805101008411985,6.92592539903098,11.0
2016-08-02 15:35:48.260,0.996,0.18,0.012,-0.8729499436858512,2.2170403960590748,6.35259659746548,11.0
2016-08-02 15:35:48.270,1.012,0.184,0.016,-0.9321649157842101,1.9550977293194447,5.884694987175335,11.0
2016-08-02 15:35:48.280,1.02,0.176,0.016,-0.7514307320717943,1.55706516805369,5.530040896843388,11.0
2016-08-02 15:35:48.290,1.031,0.176,0.016,-0.53643419949775,1.2507208198051292,5.318062195286499,11.0
2016-08-02 15:35:48.300,1.039,0.168,0.016,-0.7235800779295383,0.951610575984769,5.281050759600439,11.0
2016-08-02 15:35:48.310,1.043,0.172,0.016,-1.3248916986115762,0.6464661516772213,5.2622981919890615,11.0
2016-08-02 15:35:48.320,1.051,0.18,0.012,-2.0248221830173816,0.39157491921985965,5.199707975297222,11.0
2016-08-02 15:35:48.330,1.051,0.18,0.012,-2.8411616812362572,0.32393112135106406,5.0702330240968845,11.0
2016-08-02 15:35:48.340,1.047,0.18,0.02,-3.5883047440715345,0.2703199561224505,4.72652924714367,11.0
2016-08-02 15:35:48.350,1.043,0.168,0.023,-3.7792341502662223,0.032792974105394855,4.084777723093999,11.0
2016-08-02 15:35:48.360,1.035,0.168,0.016,-3.674502871703021,0.08932379125979589,3.1610693461878263,11.0
2016-08-02 15:35:48.370,1.02,0.16,0.012,-3.7428357661095615,0.4691432848738717,2.0933757278107694,11.0
2016-08-02 15:35:48.380,1.0,0.156,0.012,-3.7541846787777544,0.5921033722467576,0.9652883094559331,11.0
2016-08-02 15:35:48.390,0.977,0.152,0.004,-3.634950250237061,0.34227657221522995,-0.29653244877165136,11.0
2016-08-02 15:35:48.400,0.965,0.156,0.008,-3.6817392028205,0.13731303025140795,-1.4322165786528718,11.0
2016-08-02 15:35:48.410,0.957,0.164,0.012,-3.934563528848008,0.3699785373243596,-2.134919929147392,11.0
2016-08-02 15:35:48.420,0.949,0.164,0.016,-4.307991819742648,0.5794215924367675,-2.6005010057008877,11.0
2016-08-02 15:35:48.430,0.949,0.16,0.02,-4.444498296867278,0.3914303249802985,-2.881802907521714,11.0
2016-08-02 15:35:48.440,0.949,0.164,0.02,-4.115231371054398,0.44006616711421886,-2.814438842036456,11.0
2016-08-02 15:35:48.450,0.949,0.172,0.02,-3.905020122452223,0.8205071941369655,-2.484040593629429,11.0
2016-08-02 15:35:48.460,0.945,0.176,0.02,-4.056277743983739,0.9421427232796586,-2.0093543415731485,11.0
2016-08-02 15:35:48.470,0.949,0.168,0.016,-4.118318575079656,0.8449420949944628,-1.506469086071644,11.0
2016-08-02 15:35:48.480,0.945,0.164,0.016,-4.106148744642859,0.8729617481368259,-1.1169468751603182,11.0
2016-08-02 15:35:48.490,0.949,0.168,0.016,-4.207396523535377,1.0331399250933135,-1.011504403343962,11.0
2016-08-02 15:35:48.500,0.941,0.164,0.016,-4.2240616805850815,1.2375372391858261,-1.264534215269641,11.0
2016-08-02 15:35:48.510,0.945,0.156,0.02,-3.9186164519872646,1.4456954434952767,-1.7497912796762294,11.0
2016-08-02 15:35:48.520,0.934,0.152,0.02,-3.185838733335624,1.5516013658078878,-2.460342278931763,11.0
2016-08-02 15:35:48.530,0.926,0.148,0.027,-2.4915285620256338,1.5800779929160722,-3.334162185898048,11.0
2016-08-02 15:35:48.540,0.926,0.156,0.023,-2.562065579034231,1.6704838782864684,-4.179976513112342,11.0
2016-08-02 15:35:48.550,0.926,0.164,0.023,-3.143663260431784,1.7276012788716004,-4.768294388691609,11.0
2016-08-02 15:35:48.560,0.93,0.164,0.02,-3.406621160746661,1.702436061238851,-4.91038891891964,11.0
2016-08-02 15:35:48.570,0.934,0.164,0.012,-3.127819251289859,1.6567528102326714,-4.7716516290228626,11.0
2016-08-02 15:35:48.580,0.941,0.164,0.012,-2.7750153175743453,1.6251789331679949,-4.273926268946774,11.0
2016-08-02 15:35:48.590,0.945,0.168,0.012,-2.706132995127265,1.7744944032682788,-3.337020799798144,11.0
2016-08-02 15:35:48.600,0.949,0.168,0.016,-2.454818902716392,1.9573400312681617,-2.4570279666695116,11.0
2016-08-02 15:35:48.610,0.949,0.16,0.023,-1.4485033643858094,2.0028029087534573,-1.7893100446309376,11.0
2016-08-02 15:35:48.620,0.945,0.152,0.02,-0.21576930953817877,2.1661612698730606,-1.3423590547499602,11.0
2016-08-02 15:35:48.630,0.949,0.156,0.027,0.2703468674526931,2.373648077891065,-1.2251848550526412,11.0
2016-08-02 15:35:48.640,0.945,0.16,0.031,0.11742961799652174,2.408630447109789,-1.2435664987667256,11.0
2016-08-02 15:35:48.650,0.941,0.16,0.027,-0.07903980156863157,2.32581374726376,-1.4466428326337373,11.0
2016-08-02 15:35:48.660,0.93,0.156,0.02,-0.241046081653377,2.0125220853178627,-1.901115604095717,11.0
2016-08-02 15:35:48.670,0.922,0.152,0.016,-0.22008630800192835,1.5688079281847367,-2.374040300668182,11.0
2016-08-02 15:35:48.680,0.91,0.148,0.016,0.11090783358039603,1.3074850738812969,-2.8177551346326624,11.0
2016-08-02 15:35:48.690,0.91,0.152,0.016,0.41427046249551014,1.113962167500403,-3.18157289553514,11.0
2016-08-02 15:35:48.700,0.914,0.156,0.02,0.45919508850401214,0.8805727593501316,-3.1757307499759238,11.0
2016-08-02 15:35:48.710,0.914,0.168,0.02,0.4280866387620178,0.7297988276894551,-2.6715607603266176,11.0
2016-08-02 15:35:48.720,0.926,0.168,0.023,0.5668501875182049,0.6719283057592178,-1.9159252071588821,11.0
2016-08-02 15:35:48.730,0.938,0.172,0.027,0.8984679461689451,0.511401436756051,-1.1657045754916044,11.0
2016-08-02 15:35:48.740,0.953,0.168,0.027,1.2209267261385743,0.0035878691688136233,-0.29129631484178276,11.0
2016-08-02 15:35:48.750,0.973,0.168,0.02,1.470606802069375,-0.8205491125195447,0.9076090608875098,11.0
2016-08-02 15:35:48.760,0.992,0.168,0.012,1.958427433208494,-2.023881936436208,2.3801351774827277,11.0
2016-08-02 15:35:48.770,1.012,0.148,-0.023,2.053992245515622,-3.800399710481419,4.0755533528611565,11.0
2016-08-02 15:35:48.780,1.027,0.145,-0.047,-0.2759005096430598,-5.71119017767284,5.913851249598109,11.0
2016-08-02 15:35:48.790,1.051,0.168,-0.059,-5.247928198715883,-7.178185494942399,7.5736653084752446,11.0
2016-08-02 15:35:48.800,1.078,0.199,-0.039,-9.781045852097249,-8.07422481610945,8.53029637966263,11.0
2016-08-02 15:35:48.810,1.098,0.203,0.0,-10.562775388585226,-8.021331137683429,8.681879350080955,11.0
2016-08-02 15:35:48.820,1.109,0.184,0.031,-7.472074006767976,-7.04653558345024,8.313447047144361,11.0
2016-08-02 15:35:48.830,1.117,0.172,0.023,-4.282380087807736,-6.418010671019546,7.251498584365101,11.0
2016-08-02 15:35:48.840,1.121,0.18,0.016,-3.16362782295145,-6.504617217426414,5.746380632227696,11.0
2016-08-02 15:35:48.850,1.137,0.191,0.008,-1.4504283763064896,-6.150509168145463,4.370074563646316,11.0
2016-08-02 15:35:48.860,1.152,0.207,0.004,1.0227962933810724,-5.226630735742608,2.9254856515130245,11.0
2016-08-02 15:35:48.870,1.152,0.219,0.008,1.060550971414856,-4.815367176011166,1.9434789838524593,11.0
2016-08-02 15:35:48.880,1.152,0.227,0.012,-0.4800188062122093,-5.291768135303945,2.1425958505632963,11.0
2016-08-02 15:35:48.890,1.148,0.23,0.02,-0.9167199776622708,-5.7780922288336285,2.7609350551523315,11.0
2016-08-02 15:35:48.900,1.133,0.223,0.027,-0.725020385414566,-5.600824472859388,3.6009312029262075,11.0
2016-08-02 15:35:48.910,1.109,0.211,0.02,-1.6755706929578706,-5.530087940618284,5.119160652277747,11.0
2016-08-02 15:35:48.920,1.082,0.203,0.016,-3.3595551777153414,-6.166956636807933,6.4421247871805924,11.0
2016-08-02 15:35:48.930,1.063,0.188,0.027,-3.1762050506287935,-6.482556447510238,6.865536300017746,11.0
2016-08-02 15:35:48.940,1.055,0.172,0.035,-1.1055205245820543,-5.743419686349728,6.789790587505619,11.0
2016-08-02 15:35:48.950,1.047,0.168,0.043,-0.3746890597818469,-5.139441129479416,6.183635688406395,11.0
2016-08-02 15:35:48.960,1.043,0.176,0.051,-1.838133873198244,-5.4677745044924375,4.808208282935903,11.0
2016-08-02 15:35:48.970,1.031,0.172,0.063,-2.8508188966877315,-5.9053067554280805,2.904576430724385,11.0
2016-08-02 15:35:48.980,1.023,0.148,0.078,-1.569686616210097,-6.0728136572010545,0.8709808916121308,11.0
2016-08-02 15:35:48.990,1.027,0.148,0.086,0.02760913246403479,-6.012729135042841,-0.9307047040967201,11.0
2016-08-02 15:35:49.000,1.012,0.168,0.082,-0.974659440307709,-5.723691204577623,-2.6667473599887273,11.0
2016-08-02 15:35:49.010,1.0,0.188,0.082,-3.5617809768346644,-5.685893934386015,-4.29506309278656,11.0
2016-08-02 15:35:49.020,0.992,0.18,0.066,-4.857608776487616,-5.878144558850461,-5.068410801895907,11.0
2016-08-02 15:35:49.030,0.973,0.16,0.043,-4.571468457088655,-5.8530877823430005,-5.085140132730148,11.0
2016-08-02 15:35:49.040,0.953,0.164,0.02,-4.610181164872003,-5.704342318036591,-4.916371668288939,11.0
2016-08-02 15:35:49.050,0.953,0.199,0.008,-6.409322144834044,-5.593879773640768,-4.392421893806919,11.0
2016-08-02 15:35:49.060,0.961,0.215,0.004,-8.583788271619351,-5.198135142093306,-3.4135370350391523,11.0
2016-08-02 15:35:49.070,0.973,0.211,0.008,-8.1889779774685,-4.353492197469693,-2.287202791772334,11.0
2016-08-02 15:35:49.080,0.984,0.199,0.012,-4.824552016368143,-3.5431850794445565,-1.1503359126907011,11.0
2016-08-02 15:35:49.090,1.008,0.195,0.012,-0.9826931385426043,-2.8825554234112545,0.15643234873009693,11.0
2016-08-02 15:35:49.100,1.043,0.219,0.012,0.870773120142593,-2.0309696807274613,1.8333076417463388,11.0
2016-08-02 15:35:49.110,1.063,0.23,0.012,0.1406877362335689,-1.1378039949260883,3.687685307437156,11.0
2016-08-02 15:35:49.120,1.078,0.23,0.016,-1.6143319908838483,-0.5288306589886987,5.161963772608785,11.0
2016-08-02 15:35:49.130,1.066,0.215,0.023,-2.227338459296548,-0.364141935482013,5.805904468663012,11.0
2016-08-02 15:35:49.140,1.059,0.199,0.023,-1.2677646632494968,-0.6027623746537482,5.552568635045566,11.0
2016-08-02 15:35:49.150,1.043,0.172,0.016,-0.24645649550259172,-0.9356367326760842,4.794650732551166,11.0
2016-08-02 15:35:49.160,1.02,0.148,0.004,-0.5592661717698857,-1.394564257111657,3.5976343702041023,11.0
2016-08-02 15:35:49.170,1.008,0.141,0.012,-1.335068868075989,-2.0961540013501527,1.5085395656517613,11.0
2016-08-02 15:35:49.180,1.008,0.152,0.023,-0.756243871598203,-2.280343650124924,-0.9963083957083119,11.0
2016-08-02 15:35:49.190,1.008,0.152,0.035,0.6588417094848075,-1.588100463494853,-2.9048133762548405,11.0
2016-08-02 15:35:49.200,1.0,0.164,0.043,1.4934712861458288,-1.1576879514908516,-4.148734418656795,11.0
2016-08-02 15:35:49.210,0.992,0.18,0.047,1.8377638519422699,-1.5149374054404565,-4.843227510394956,11.0
2016-08-02 15:35:49.220,0.988,0.191,0.043,1.8562307786554122,-1.7401939591662394,-4.580563557347496,11.0
2016-08-02 15:35:49.230,0.984,0.199,0.035,1.380220230743555,-1.544987107601646,-3.4432135358320717,11.0
2016-08-02 15:35:49.240,0.98,0.199,0.02,0.5794553427723268,-1.4911823691225923,-2.090575585079576,11.0
2016-08-02 15:35:49.250,0.977,0.199,0.008,0.13966577324179263,-1.4193910309666107,-0.6296846748663995,11.0
2016-08-02 15:35:49.260,0.984,0.199,0.008,1.2236465575156277,-0.8712861588807845,0.9321617599418479,11.0
2016-08-02 15:35:49.270,0.988,0.195,0.008,3.5659303552926875,-0.08269601929750046,2.1273034929676884,11.0
2016-08-02 15:35:49.280,0.984,0.184,0.008,5.38521010036121,0.42872165026429243,3.095539062074244,11.0
2016-08-02 15:35:49.290,0.984,0.18,0.008,5.940850166131465,0.33224920743665987,4.208763378769608,11.0
2016-08-02 15:35:49.300,0.984,0.184,0.012,5.648793899091739,-0.05446486420006534,4.982146137832476,11.0
2016-08-02 15:35:49.310,0.996,0.188,0.023,4.809593501934634,-0.05217604478242482,5.099049243573862,11.0
2016-08-02 15:35:49.320,1.0,0.188,0.031,3.9910092496391005,0.10909238768226531,5.0473201628744935,11.0
2016-08-02 15:35:49.330,1.0,0.184,0.027,4.02551837558697,-0.2549845998472654,4.97384579429084,11.0
2016-08-02 15:35:49.340,1.004,0.184,0.02,4.502933523610155,-0.8187608764749796,4.653030844461065,11.0
2016-08-02 15:35:49.350,1.004,0.188,0.02,4.371369327825964,-0.9088805977516665,4.358978942942985,11.0
2016-08-02 15:35:49.360,1.012,0.195,0.023,3.9305883752106237,-0.6573793507389437,4.328172302456066,11.0
2016-08-02 15:35:49.370,1.008,0.195,0.027,3.9011384484021754,-0.4012034603426606,4.341113513328352,11.0
2016-08-02 15:35:49.380,1.008,0.195,0.027,4.1839973668630615,-0.2140229216129778,4.409303642087232,11.0
2016-08-02 15:35:49.390,1.008,0.191,0.023,4.690109006949844,-0.10921889206325602,4.60880689299263,11.0
2016-08-02 15:35:49.400,1.004,0.188,0.016,5.296954319628971,-0.017053154336834686,4.675278624226885,11.0
2016-08-02 15:35:49.410,1.0,0.188,0.012,5.5639659683312,0.014577078510207207,4.702632230706424,11.0
2016-08-02 15:35:49.420,1.004,0.195,0.012,5.532677010619512,-0.015974149338195333,4.977344820942099,11.0
2016-08-02 15:35:49.430,0.996,0.195,0.012,5.312124860319429,0.09031341094707057,5.236898295751721,11.0
2016-08-02 15:35:49.440,1.0,0.195,0.008,4.682316436813003,0.2089848572575591,5.385097821843457,11.0
2016-08-02 15:35:49.450,1.0,0.199,0.012,3.9471396984963327,0.18519871254462214,5.661093474364308,11.0
2016-08-02 15:35:49.460,1.0,0.199,0.012,3.492788637719191,0.10606490082032605,5.917367597920098,11.0
2016-08-02 15:35:49.470,1.0,0.203,0.012,3.1966533103612176,-0.05705358887726578,6.079879359989953,11.0
2016-08-02 15:35:49.480,0.996,0.203,0.016,3.1997409047741208,-0.2017655054975485,6.193273500917131,11.0
2016-08-02 15:35:49.490,1.008,0.203,0.031,3.6974647664364273,-0.07929661554775887,6.066164654194948,11.0
2016-08-02 15:35:49.500,1.004,0.203,0.027,4.031324445888449,0.2165483627592478,5.888401430260908,11.0
2016-08-02 15:35:49.510,1.012,0.203,0.023,3.565593164118005,0.2329853959110144,5.8421435560503046,11.0
2016-08-02 15:35:49.520,1.008,0.203,0.016,2.5707434693874776,-0.05040987710512374,5.723798623817104,11.0
2016-08-02 15:35:49.530,1.012,0.203,0.016,1.3504294812040774,-0.23284077895984026,5.593771920908443,11.0
2016-08-02 15:35:49.540,1.016,0.203,0.016,0.2645835376489073,-0.2877491507854211,5.446963973127139,11.0
2016-08-02 15:35:49.550,1.016,0.199,0.016,-0.07458461002773237,-0.28665178692490956,5.164590858277295,11.0
2016-08-02 15:35:49.560,1.012,0.191,0.012,-0.02820096191461456,-0.32689782710046345,4.892328499553428,11.0
2016-08-02 15:35:49.570,1.0,0.188,0.008,-0.20930529736754833,-0.4767452157796708,4.634846915845254,11.0
2016-08-02 15:35:49.580,0.996,0.188,0.012,-0.1404718482533045,-0.4217728909626263,4.3241536394648605,11.0
2016-08-02 15:35:49.590,0.992,0.188,0.016,0.3556441778581434,-0.19668297489241898,3.9491222212609127,11.0
2016-08-02 15:35:49.600,0.996,0.191,0.012,0.6655756440564036,-0.02352742361682794,3.5333558949806685,11.0
2016-08-02 15:35:49.610,0.996,0.195,0.02,0.703156462855305,0.34356482258954757,3.2714699899626747,11.0
2016-08-02 15:35:49.620,0.992,0.199,0.02,0.6588075689440187,0.6264834899155668,3.023211568066484,11.0
2016-08-02 15:35:49.630,0.988,0.191,0.023,0.5093898907933916,0.45338696067582807,2.6491347271321906,11.0
2016-08-02 15:35:49.640,0.988,0.195,0.023,0.3889694676402564,0.4758861578803206,2.5183024266793597,11.0
2016-08-02 15:35:49.650,0.988,0.191,0.023,0.18213976109048732,0.7148681998822417,2.5006561720460256,11.0
2016-08-02 15:35:49.660,0.988,0.191,0.023,-0.4571900077236893,0.5076409225144278,2.2902237131392447,11.0
2016-08-02 15:35:49.670,0.996,0.199,0.02,-1.1368225880946465,0.22793439039558366,2.1803490614633225,11.0
2016-08-02 15:35:49.680,1.004,0.195,0.016,-1.2290529711820648,0.34337196981523477,2.1523565504507776,11.0
2016-08-02 15:35:49.690,1.004,0.191,0.008,-0.9172163378211448,0.6178680623312772,2.0026950655323192,11.0
2016-08-02 15:35:49.700,1.0,0.191,0.012,-0.5751446781874937,0.6951237189166686,1.821582179601375,11.0
2016-08-02 15:35:49.710,0.992,0.188,0.004,-0.27058106979547175,0.6261023622084092,1.5792082843043294,11.0
2016-08-02 15:35:49.720,0.996,0.188,0.012,0.015545918965914146,0.9312394865326823,1.340947280916193,11.0
2016-08-02 15:35:49.730,1.004,0.188,0.02,0.34984674894314427,1.456732220197829,1.1820688458066793,11.0
2016-08-02 15:35:49.740,1.0,0.188,0.02,0.41254012043958954,1.5137417397706223,0.9589729888548615,11.0
2016-08-02 15:35:49.750,1.0,0.191,0.023,0.02841829225848269,1.2501142721080463,0.7885679282103578,11.0
2016-08-02 15:35:49.760,1.004,0.191,0.027,-0.018695779057549752,1.1791122854849307,0.6962365854985897,11.0
2016-08-02 15:35:49.770,1.008,0.188,0.027,0.4390117223019222,1.2734756275613646,0.3887140184322571,11.0
2016-08-02 15:35:49.780,1.0,0.188,0.023,0.6340163455493937,1.3224068049815074,-0.0036728859522106444,11.0
2016-08-02 15:35:49.790,1.0,0.188,0.02,0.8046083379488895,1.2637249147783516,-0.3327002889941983,11.0
2016-08-02 15:35:49.800,1.0,0.18,0.016,1.397816905421832,1.2195420598364048,-0.6723521935538018,11.0
2016-08-02 15:35:49.810,1.008,0.184,0.016,1.8843354496531166,1.4505587874053039,-0.7664876953856744,11.0
2016-08-02 15:35:49.820,1.008,0.184,0.02,2.0143374039908077,1.7571742088921853,-0.6180782851053317,11.0
2016-08-02 15:35:49.830,0.996,0.184,0.012,1.9482454371918658,1.6456273744541579,-0.5414603031120488,11.0
2016-08-02 15:35:49.840,0.992,0.184,0.012,1.7734309285431928,1.3211390006963015,-0.577895353878447,11.0
2016-08-02 15:35:49.850,1.0,0.18,0.016,2.1330819206868132,1.3866301065626794,-0.8176090328661388,11.0
2016-08-02 15:35:49.860,1.004,0.172,0.027,3.2086127464727623,1.8292344743403528,-1.3676524558073875,11.0
2016-08-02 15:35:49.870,1.012,0.18,0.023,3.7560751109699746,2.1744745224257036,-1.917690829176756,11.0
2016-08-02 15:35:49.880,1.016,0.188,0.023,3.162142258620052,2.1533619838772773,-2.317800990432775,11.0
2016-08-02 15:35:49.890,1.012,0.188,0.016,2.1757125720605215,1.778883419340474,-2.871600147509392,11.0
2016-08-02 15:35:49.900,1.012,0.184,0.012,1.6138002595098269,1.4532996263503484,-3.3516529377447286,11.0
2016-08-02 15:35:49.910,1.016,0.172,0.008,1.983330319431004,1.5857118893805455,-3.538327122850692,11.0
2016-08-02 15:35:49.920,1.016,0.18,0.008,2.9454674676608605,1.9424784516673528,-3.8133337447288325,11.0
2016-08-02 15:35:49.930,1.012,0.176,0.0,3.546222105284505,2.2400485632006353,-3.99486542946466,11.0
2016-08-02 15:35:49.940,1.012,0.18,-0.004,3.6431120646491846,2.5558681555751024,-3.92118760941651,11.0
2016-08-02 15:35:49.950,1.016,0.188,0.004,3.7432964504282453,2.9430635732098964,-3.809177825400935,11.0
2016-08-02 15:35:49.960,1.02,0.191,0.012,3.68639957980013,3.357760063889117,-3.549925661253006,11.0
2016-08-02 15:35:49.970,1.02,0.191,0.016,3.08456722529511,3.5498419625769433,-3.3149188210733054,11.0
2016-08-02 15:35:49.980,1.023,0.195,0.02,2.4326002520509196,3.297646132360319,-3.18362637118717,11.0
2016-08-02 15:35:49.990,1.031,0.188,0.02,2.142844326247066,2.9829498964312693,-2.9663985798322647,11.0
2016-08-02 15:35:50.000,1.027,0.188,0.016,1.9435506777456746,2.968193539268899,-2.919397953272707,11.0
2016-08-02 15:35:50.010,1.035,0.18,0.012,1.8447377724577738,3.06326880375322,-3.1669028497197464,11.0
2016-08-02 15:35:50.020,1.043,0.168,0.0,1.923065078058619,3.070822833913609,-3.5753721248851473,11.0
2016-08-02 15:35:50.030,1.043,0.172,0.0,2.027914197513562,3.019237360201046,-4.136781962888905,11.0
2016-08-02 15:35:50.040,1.043,0.168,-0.004,2.1962124713323883,3.1801598728424683,-4.735831508431223,11.0
2016-08-02 15:35:50.050,1.035,0.168,0.0,2.2720541871414426,3.453023842482783,-5.333274313042691,11.0
2016-08-02 15:35:50.060,1.031,0.172,0.004,2.100039968966768,3.4320025522906974,-6.000595421484164,11.0
2016-08-02 15:35:50.070,1.035,0.176,0.008,1.8813346567126494,3.496791841801618,-6.563962667137074,11.0
2016-08-02 15:35:50.080,1.031,0.18,0.008,1.6045860170317616,3.8657700981635816,-6.89677342575016,11.0
2016-08-02 15:35:50.090,1.027,0.176,0.008,1.4207466663720423,3.949517571836157,-7.219850867793295,11.0
2016-08-02 15:35:50.100,1.027,0.18,0.012,1.5763644048460597,3.737792017899245,-7.510717941453569,11.0
2016-08-02 15:35:50.110,1.031,0.18,0.012,1.4146349947829244,3.7293554450334914,-7.2949817490764515,11.0
2016-08-02 15:35:50.120,1.031,0.18,0.012,0.6388923790037744,3.759092713770241,-6.711063028628135,11.0
2016-08-02 15:35:50.130,1.035,0.184,0.012,0.28743894650593205,3.567185994247197,-6.224839266450648,11.0
2016-08-02 15:35:50.140,1.043,0.176,0.02,0.7691303822398914,3.3801653651955244,-5.596693104800194,11.0
2016-08-02 15:35:50.150,1.043,0.172,0.012,1.3029641694886287,3.0307846307039177,-4.745834653147506,11.0
2016-08-02 15:35:50.160,1.047,0.176,0.008,1.5251856183502488,2.5807304763633936,-3.902195267869713,11.0
2016-08-02 15:35:50.170,1.063,0.184,0.008,1.381333700227692,2.5104042414592938,-3.106849253467836,11.0
2016-08-02 15:35:50.180,1.074,0.191,0.0,0.6754678117710313,2.3025979615830963,-2.4292007718317987,11.0
2016-08-02 15:35:50.190,1.07,0.188,0.0,-0.14762077954420358,1.7193431586494359,-1.9724567758467728,11.0
2016-08-02 15:35:50.200,1.074,0.184,0.008,-0.6250845804177942,1.5062645748985497,-2.0369379790654056,11.0
2016-08-02 15:35:50.210,1.078,0.184,0.012,-0.9603126197671434,1.581458240733228,-2.5541559616551757,11.0
2016-08-02 15:35:50.220,1.059,0.18,0.008,-1.322267625732104,1.3779590248851115,-3.1596697782527046,11.0
2016-08-02 15:35:50.230,1.039,0.168,0.016,-1.8308892066517646,0.9423992885311279,-4.023623497723364,11.0
2016-08-02 15:35:50.240,1.027,0.168,0.02,-2.355236403530952,0.5714381616528708,-5.017803378360867,11.0
2016-08-02 15:35:50.250,1.023,0.16,0.016,-2.27906202446063,0.49127532211714164,-5.837596094774386,11.0
2016-08-02 15:35:50.260,1.004,0.152,0.012,-1.6743926178665953,0.5940331098681024,-6.7676900970502025,11.0
2016-08-02 15:35:50.270,0.992,0.16,0.004,-1.3525495703141472,0.7309924829665349,-7.597003747630103,11.0
2016-08-02 15:35:50.280,0.988,0.16,0.0,-1.4495486965140447,1.1075156057017141,-7.862845965483286,11.0
2016-08-02 15:35:50.290,0.988,0.168,-0.008,-1.603039363214188,1.5417810427102778,-7.858045145962173,11.0
2016-08-02 15:35:50.300,0.984,0.176,-0.004,-1.843677767137018,1.7005609733677538,-7.659035900939495,11.0
2016-08-02 15:35:50.310,0.984,0.172,0.0,-1.8862975220628322,1.7970765198203178,-7.113321884597094,11.0
2016-08-02 15:35:50.320,0.984,0.164,0.004,-1.1785150972450813,1.9435525643699716,-6.575678802812041,11.0
2016-08-02 15:35:50.330,0.984,0.16,0.008,-0.42639847546745924,1.9678938791651497,-6.162072428857318,11.0
2016-08-02 15:35:50.340,0.984,0.156,0.008,-0.9753165791115997,1.76801996220565,-5.658887054352982,11.0
2016-08-02 15:35:50.350,0.984,0.164,0.016,-2.79072221076051,1.367387748114482,-5.11023217779582,11.0
2016-08-02 15:35:50.360,0.98,0.168,0.02,-4.230154007430042,0.8669484673295623,-4.669742047079155,11.0
2016-08-02 15:35:50.370,0.98,0.16,0.02,-4.017618848350004,0.44338582912136326,-4.336241598072798,11.0
2016-08-02 15:35:50.380,0.98,0.156,0.023,-3.1069013554174947,0.30884290274701415,-3.9105083566362087,11.0
2016-08-02 15:35:50.390,0.98,0.164,0.027,-3.2329742097981766,0.2071096725045782,-3.3601597277336412,11.0
2016-08-02 15:35:50.400,0.98,0.168,0.027,-4.240414865013222,-0.05869136190583468,-2.894993399884337,11.0
2016-08-02 15:35:50.410,0.973,0.172,0.031,-4.871188107879643,-0.0528341579690791,-2.4411138264093677,11.0
2016-08-02 15:35:50.420,0.965,0.164,0.023,-4.789127924893473,0.21888947376264983,-1.9114319559366546,11.0
2016-08-02 15:35:50.430,0.957,0.152,0.027,-4.271344229904223,0.5767960269196215,-1.5386745949754608,11.0
2016-08-02 15:35:50.440,0.953,0.152,0.02,-3.646952815690948,1.0639530268602462,-1.4412768480461449,11.0
2016-08-02 15:35:50.450,0.949,0.148,0.016,-3.0271495066060483,1.2736218722696502,-1.6044431535956254,11.0
2016-08-02 15:35:50.460,0.945,0.148,0.016,-2.465315139233379,1.2383115251853063,-1.8782827986015445,11.0
2016-08-02 15:35:50.470,0.941,0.152,0.008,-2.631071095489517,1.267351383114732,-1.988086798386808,11.0
2016-08-02 15:35:50.480,0.945,0.164,0.012,-3.603362082179821,1.1281053444820108,-1.8485874782082203,11.0
2016-08-02 15:35:50.490,0.953,0.172,0.012,-4.26884544792088,0.9578540583297253,-1.429500189117415,11.0
2016-08-02 15:35:50.500,0.961,0.18,0.016,-3.929588685949333,1.139315713203434,-0.560966646248881,11.0
2016-08-02 15:35:50.510,0.984,0.18,0.02,-2.978557473192475,1.4561498341087424,0.8096477785421808,11.0
2016-08-02 15:35:50.520,1.0,0.184,0.02,-2.373511589985381,1.4085457189452022,2.462704466248976,11.0
2016-08-02 15:35:50.530,1.012,0.184,0.02,-2.414736361718547,1.021027245778853,4.255196810210698,11.0
2016-08-02 15:35:50.540,1.023,0.184,0.016,-2.297162971103065,0.8506121298123515,6.098710571265748,11.0
2016-08-02 15:35:50.550,1.035,0.184,0.016,-1.887030989878119,1.0735567128586392,7.794929503162637,11.0
2016-08-02 15:35:50.560,1.043,0.184,0.016,-1.9675779274870266,1.1321711359933282,9.09763505843481,11.0
2016-08-02 15:35:50.570,1.043,0.184,0.012,-2.4684983515842447,0.7501402000197687,9.876503435616094,11.0
2016-08-02 15:35:50.580,1.047,0.18,0.016,-2.660849299567537,0.5583357468595328,10.248779783092266,11.0
2016-08-02 15:35:50.590,1.035,0.168,0.016,-2.3676203390483086,0.6122825874787903,9.99476755987095,11.0
2016-08-02 15:35:50.600,1.027,0.156,0.016,-1.880089207950226,0.26361801442298516,9.055611025012583,11.0
2016-08-02 15:35:50.610,1.02,0.152,0.02,-1.4259494060260192,-0.1106083478520855,7.891600500715511,11.0
2016-08-02 15:35:50.620,1.008,0.152,0.02,-1.0225175102488964,-0.04784358161182051,6.5071882746786285,11.0
2016-08-02 15:35:50.630,0.996,0.148,0.02,-0.6447898361387835,-0.0421740725259232,5.177164972486705,11.0
2016-08-02 15:35:50.640,0.984,0.152,0.016,-0.3791716070669557,-0.29311497796059444,4.422531352864893,11.0
2016-08-02 15:35:50.650,0.969,0.156,0.016,-0.23060856085615294,-0.4124551064547151,3.945086645895539,11.0
2016-08-02 15:35:50.660,0.957,0.16,0.02,-0.12552644707261965,-0.2654765392858583,3.5831796730309877,11.0
2016-08-02 15:35:50.670,0.945,0.16,0.023,0.10213095622742235,-0.20612514021837866,3.479214750247218,11.0
2016-08-02 15:35:50.680,0.93,0.16,0.023,0.6614429162782047,-0.3426490309081466,3.5187967004321017,11.0
2016-08-02 15:35:50.690,0.918,0.156,0.027,1.111464451337693,-0.4173540977101238,3.7673253458369453,11.0
2016-08-02 15:35:50.700,0.91,0.164,0.031,0.9009820326390228,-0.6533219342911346,4.244976896131363,11.0
2016-08-02 15:35:50.710,0.902,0.168,0.031,0.45323996173292536,-1.235306316411989,4.8139648119746825,11.0
2016-08-02 15:35:50.720,0.91,0.168,0.027,0.49186213266109907,-1.5538949340766335,5.507489404299951,11.0
2016-08-02 15:35:50.730,0.922,0.176,0.039,1.1036435324105938,-1.1493647439741579,6.1822701786857985,11.0
2016-08-02 15:35:50.740,0.938,0.172,0.027,1.738592783046991,-0.3555219062465007,6.565064078770003,11.0
2016-08-02 15:35:50.750,0.938,0.168,0.02,2.0272877053888942,0.08085241107502686,6.6570025941734965,11.0
2016-08-02 15:35:50.760,0.934,0.156,0.008,2.2801485018667087,-0.04051710042603647,6.5187293303942955,11.0
2016-08-02 15:35:50.770,0.945,0.152,0.012,2.75754554438606,0.11942645901908347,6.112794235269223,11.0
2016-08-02 15:35:50.780,0.945,0.152,0.02,3.3629613587486196,0.6757463352850974,5.474543046075439,11.0
2016-08-02 15:35:50.790,0.949,0.152,0.031,4.028953771079643,0.8003100499181316,4.835736765747792,11.0
2016-08-02 15:35:50.800,0.953,0.152,0.031,4.448147912324069,0.7513612653313388,4.490056412721003,11.0
2016-08-02 15:35:50.810,0.961,0.168,0.031,4.03949640418003,0.8751517233596807,4.540514712347801,11.0
2016-08-02 15:35:50.820,0.965,0.18,0.027,3.038137414794108,0.6236521335463727,4.940914314250323,11.0
2016-08-02 15:35:50.830,0.969,0.18,0.02,2.474331153733918,0.13528226916475664,5.556528967112394,11.0
2016-08-02 15:35:50.840,0.98,0.18,0.016,2.5673736174498307,-0.04351316494772377,6.35024671691801,11.0
2016-08-02 15:35:50.850,0.992,0.188,0.016,2.7489240501446712,0.014468901306364385,7.34820699660791,11.0
2016-08-02 15:35:50.860,1.008,0.188,0.016,3.064359190383672,0.03740163693353403,8.272475150178378,11.0
2016-08-02 15:35:50.870,1.016,0.184,0.016,3.6800938844379703,-0.04961250501850927,9.050121710670112,11.0
2016-08-02 15:35:50.880,1.02,0.184,0.02,4.216115753958441,-0.19202043790755324,9.770560302354882,11.0
2016-08-02 15:35:50.890,1.02,0.184,0.02,4.5067036589719685,-0.41083015348639307,10.014749584809522,11.0
2016-08-02 15:35:50.900,1.027,0.184,0.02,4.32186086731118,-0.6015968687677731,9.744423495803597,11.0
2016-08-02 15:35:50.910,1.039,0.184,0.027,3.61550400807673,-0.6196831087162848,9.314735754439273,11.0
2016-08-02 15:35:50.920,1.039,0.18,0.027,3.232438626527994,-0.6177202688144019,8.396128154075015,11.0
2016-08-02 15:35:50.930,1.031,0.172,0.027,3.32316812849024,-0.6903696933422135,6.918656801792434,11.0
2016-08-02 15:35:50.940,1.027,0.168,0.027,3.0674120843598964,-0.6899671987481402,5.478766967592256,11.0
2016-08-02 15:35:50.950,1.023,0.172,0.023,2.39919332006674,-0.5134499191982452,4.1516655034816115,11.0
2016-08-02 15:35:50.960,1.016,0.176,0.02,1.7428606073718098,-0.36949625215598325,2.8234220987825034,11.0
2016-08-02 15:35:50.970,1.012,0.172,0.016,1.2718748404416855,-0.4455703461054302,1.7977241643697117,11.0
2016-08-02 15:35:50.980,1.0,0.164,0.016,1.1915349842161944,-0.4439800790368904,1.1654113531888708,11.0
2016-08-02 15:35:50.990,1.0,0.168,0.012,1.3123685498334847,-0.16365973889166788,0.6812376729084073,11.0
2016-08-02 15:35:51.000,0.98,0.176,0.012,1.1502441903476,0.14280410175210742,0.2911259918499742,11.0
2016-08-02 15:35:51.010,0.977,0.176,0.012,0.8044051047129559,0.23352374456110628,0.10716628480426035,11.0
2016-08-02 15:35:51.020,0.965,0.176,0.012,0.35883507720727786,0.11894557749237789,0.08376068143252229,11.0
2016-08-02 15:35:51.030,0.961,0.176,0.016,-0.4481461863204856,-0.02027567771595924,0.05993557617662576,11.0
2016-08-02 15:35:51.040,0.961,0.176,0.027,-1.3407213332852146,-0.05897976935858873,0.010704542983478667,11.0
2016-08-02 15:35:51.050,0.965,0.172,0.035,-1.9453680986620445,-0.007355457814706326,0.009284312708457712,11.0
2016-08-02 15:35:51.060,0.965,0.172,0.039,-2.5590354934952733,0.020305108541060234,-0.11407992700780936,11.0
2016-08-02 15:35:51.070,0.961,0.168,0.035,-3.4400118475425767,-0.11005871173898152,-0.5148402022035901,11.0
2016-08-02 15:35:51.080,0.957,0.16,0.031,-4.241179782455313,-0.3829249097980936,-1.0516640675119604,11.0
2016-08-02 15:35:51.090,0.953,0.16,0.031,-4.625736947777663,-0.5282802582600773,-1.654742359945105,11.0
2016-08-02 15:35:51.100,0.949,0.156,0.031,-4.778866565315479,-0.3783885369504664,-2.3576536150259577,11.0
2016-08-02 15:35:51.110,0.945,0.164,0.027,-4.987850697134336,-0.1181515176985091,-3.1524731975946105,11.0
2016-08-02 15:35:51.120,0.934,0.16,0.023,-5.07430524385795,0.213665617778638,-3.9189184766447043,11.0
2016-08-02 15:35:51.130,0.926,0.156,0.023,-4.702954702816434,0.59344800164074,-4.592895214076239,11.0
2016-08-02 15:35:51.140,0.914,0.152,0.02,-4.306494714965413,0.8987476113930608,-5.328911824190199,11.0
2016-08-02 15:35:51.150,0.91,0.16,0.016,-4.723025790219249,1.3344173955433274,-5.9577175039999695,11.0
2016-08-02 15:35:51.160,0.902,0.164,0.02,-5.7565250275051,1.8333952332610393,-6.1679758237932525,11.0
2016-08-02 15:35:51.170,0.895,0.164,0.016,-6.562541535137408,2.0822672461751957,-6.0566305200696755,11.0
2016-08-02 15:35:51.180,0.895,0.168,0.016,-6.8326497079058,2.2830940857366944,-5.7370800009612175,11.0
2016-08-02 15:35:51.190,0.898,0.164,0.016,-6.579356881396213,2.6192802508623654,-5.32343805561451,11.0
2016-08-02 15:35:51.200,0.906,0.172,0.016,-6.096147765024731,3.0045630365599263,-4.956097978557879,11.0
2016-08-02 15:35:51.210,0.914,0.168,0.02,-5.792322629409112,3.3168881126325527,-4.542901714263805,11.0
2016-08-02 15:35:51.220,0.918,0.164,0.02,-5.47506124068188,3.3334817769687475,-4.136857927229564,11.0
2016-08-02 15:35:51.230,0.926,0.16,0.016,-4.916420542203562,3.066586068824164,-3.9645361002822614,11.0
2016-08-02 15:35:51.240,0.938,0.16,0.02,-4.533316792994378,2.8468457002572976,-3.9222255343230956,11.0
2016-08-02 15:35:51.250,0.953,0.156,0.023,-4.7804529051772535,2.828149399542277,-3.865122938426037,11.0
2016-08-02 15:35:51.260,0.961,0.168,0.023,-5.495212696257197,2.5430091362308658,-4.072751646945781,11.0
2016-08-02 15:35:51.270,0.961,0.168,0.023,-5.8825880907880865,1.8470601272500071,-4.575983838033265,11.0
2016-08-02 15:35:51.280,0.965,0.16,0.023,-5.095659729255086,1.4804181422896332,-5.081439629542954,11.0
2016-08-02 15:35:51.290,0.961,0.152,0.027,-3.3037704740249776,1.4865616916805535,-5.7348039837025455,11.0
2016-08-02 15:35:51.300,0.965,0.145,0.016,-2.071829350153754,1.2612407314922398,-6.561229774999168,11.0
2016-08-02 15:35:51.310,0.961,0.152,0.012,-2.559095702201459,0.7452364828616221,-7.004464078214847,11.0
2016-08-02 15:35:51.320,0.961,0.168,0.008,-3.8730851656126104,0.03567401179991983,-6.714672107079783,11.0
2016-08-02 15:35:51.330,0.965,0.18,0.008,-4.980728027226953,-0.7390931591237113,-5.834869631643317,11.0
2016-08-02 15:35:51.340,0.977,0.188,0.016,-5.911223040414596,-1.3423104983010208,-4.534864993400808,11.0
2016-08-02 15:35:51.350,0.988,0.195,0.027,-5.927119107815258,-1.730075844314742,-3.1321310400885647,11.0
2016-08-02 15:35:51.360,1.004,0.188,0.039,-4.330684442510637,-1.855428931083352,-2.011950854879302,11.0
2016-08-02 15:35:51.370,1.004,0.172,0.035,-2.298367417331147,-1.9725831428458742,-1.1806036275953404,11.0
2016-08-02 15:35:51.380,1.008,0.172,0.027,-1.4129959925444768,-2.5884064860413956,-0.8105271818413067,11.0
2016-08-02 15:35:51.390,1.016,0.176,0.02,-1.9822764042680743,-3.2979346301764805,-0.9836290162620503,11.0
2016-08-02 15:35:51.400,1.027,0.172,0.016,-3.0548172289989983,-3.6684138327098363,-1.4365878615531176,11.0
2016-08-02 15:35:51.410,1.039,0.172,0.016,-3.6654868072082376,-4.126822263724886,-2.1927141922699365,11.0
2016-08-02 15:35:51.420,1.055,0.172,0.012,-4.139017033515332,-4.510485838194443,-2.9269454623117466,11.0
2016-08-02 15:35:51.430,1.07,0.176,0.012,-5.129698194202118,-4.619404126065175,-3.1991235335344723,11.0
2016-08-02 15:35:51.440,1.09,0.188,0.008,-6.156054856447497,-4.834931492708577,-3.0480657688796637,11.0
2016-08-02 15:35:51.450,1.109,0.191,0.008,-6.5178964440211,-4.876387980024576,-2.373524980450987,11.0
2016-08-02 15:35:51.460,1.133,0.203,0.012,-6.511460653339276,-4.437550861391523,-1.2188180943528204,11.0
2016-08-02 15:35:51.470,1.156,0.211,0.012,-6.731272003441084,-3.784423697776302,0.1565587599381122,11.0
2016-08-02 15:35:51.480,1.168,0.207,0.004,-7.098971406892494,-3.0808502974994583,1.5478052662331165,11.0
2016-08-02 15:35:51.490,1.172,0.199,0.0,-7.174852614318205,-2.3706121891804455,2.5450674276098364,11.0
2016-08-02 15:35:51.500,1.148,0.191,-0.004,-6.76642782433268,-1.8083504285226666,2.88786507864837,11.0
2016-08-02 15:35:51.510,1.133,0.176,0.004,-5.9562760641383825,-1.5672697941404494,2.517596987615719,11.0
2016-08-02 15:35:51.520,1.125,0.168,0.012,-5.079221249348556,-1.5142328423730635,1.383496612999682,11.0
2016-08-02 15:35:51.530,1.109,0.164,0.012,-4.639457090713444,-1.5087017837285406,-0.11850320318686186,11.0
2016-08-02 15:35:51.540,1.094,0.16,0.016,-4.888838536919657,-1.795095043591255,-1.5053982546418871,11.0
2016-08-02 15:35:51.550,1.074,0.164,0.012,-5.544758713399206,-2.455483132267517,-2.7005265360512762,11.0
2016-08-02 15:35:51.560,1.051,0.168,0.012,-6.006140730889397,-3.0433714048817273,-3.5861140809344194,11.0
2016-08-02 15:35:51.570,1.039,0.168,0.016,-6.089013040840858,-3.1902511618404037,-4.137505451960931,11.0
2016-08-02 15:35:51.580,1.027,0.176,0.012,-6.210285920838442,-3.16231855126153,-4.466303350010587,11.0
2016-08-02 15:35:51.590,1.012,0.176,0.012,-6.1953784163258145,-3.238453927554685,-4.441159669766787,11.0
2016-08-02 15:35:51.600,0.996,0.168,0.012,-5.2995866031548,-3.3579658084784683,-4.264567898684998,11.0
2016-08-02 15:35:51.610,0.984,0.16,0.02,-3.970710575092191,-3.6470404310770173,-4.154147190187281,11.0
2016-08-02 15:35:51.620,0.973,0.16,0.023,-3.3487747960346024,-4.048088612238455,-3.7330658923121653,11.0
2016-08-02 15:35:51.630,0.961,0.164,0.031,-3.396253751743293,-4.24658437615312,-3.092942766432989,11.0
2016-08-02 15:35:51.640,0.953,0.172,0.031,-3.4990295184011506,-4.34998249947474,-2.5842255839514476,11.0
2016-08-02 15:35:51.650,0.949,0.176,0.027,-3.5619207641045714,-4.541791447218307,-1.9409965525836168,11.0
2016-08-02 15:35:51.660,0.953,0.168,0.023,-3.5917835186908773,-4.637554031102621,-1.1853894264496496,11.0
2016-08-02 15:35:51.670,0.953,0.164,0.027,-3.5961683226068515,-4.479861429765583,-0.6468332302827773,11.0
2016-08-02 15:35:51.680,0.965,0.172,0.02,-3.8995207251401345,-4.269215630512281,-0.1340156846478768,11.0
2016-08-02 15:35:51.690,0.988,0.18,0.012,-4.457308727259519,-4.118199256632302,0.5641695546211388,11.0
2016-08-02 15:35:51.700,1.012,0.184,0.008,-4.299452265027907,-3.7517937151054523,1.3360019843220323,11.0
2016-08-02 15:35:51.710,1.031,0.18,0.008,-3.01615326531658,-3.1041879406213355,2.120925865436226,11.0
2016-08-02 15:35:51.720,1.047,0.18,0.008,-1.6447601542683001,-2.4588765070166656,2.93885260062367,11.0
2016-08-02 15:35:51.730,1.059,0.18,0.012,-0.8298212472716968,-1.88182889418575,3.6048328523853006,11.0
2016-08-02 15:35:51.740,1.059,0.18,0.02,0.13009062264701488,-1.3136597379844444,3.799791694084228,11.0
2016-08-02 15:35:51.750,1.055,0.168,0.023,1.7799268954956005,-0.8833134934256021,3.5833011184965846,11.0
2016-08-02 15:35:51.760,1.043,0.156,0.023,3.483236341455874,-0.7466892876048961,3.054320362565716,11.0
2016-08-02 15:35:51.770,1.031,0.156,0.031,4.430008118918771,-1.0057067639337178,2.0324374336518707,11.0
2016-08-02 15:35:51.780,1.023,0.156,0.023,4.386347590686594,-1.4452270188587395,0.871911824472251,11.0
2016-08-02 15:35:51.790,1.008,0.164,0.023,3.321799364903451,-1.834742856872988,0.2530987058386612,11.0
2016-08-02 15:35:51.800,1.0,0.176,0.023,1.9561777889609482,-2.345989832343832,0.2652231060308551,11.0
2016-08-02 15:35:51.810,0.996,0.184,0.02,1.3733337383347932,-2.7299430398281097,0.7510320400602853,11.0
2016-08-02 15:35:51.820,0.996,0.191,0.016,1.3557541170606913,-2.647878182420934,1.7224374274040712,11.0
2016-08-02 15:35:51.830,0.988,0.191,0.016,1.3733913380625156,-2.4635143327512043,3.148595576619684,11.0
2016-08-02 15:35:51.840,0.977,0.188,0.012,1.8385561128845958,-2.431059661129998,4.89678505511408,11.0
2016-08-02 15:35:51.850,0.973,0.188,0.012,2.8194796539705127,-2.3746920334037096,6.750311079188992,11.0
2016-08-02 15:35:51.860,0.977,0.188,0.012,3.9227736137923968,-2.1463037332168557,8.56040948701394,11.0
2016-08-02 15:35:51.870,0.973,0.184,0.012,5.15002366025814,-1.8838114447432153,10.231363244846746,11.0
2016-08-02 15:35:51.880,0.973,0.184,0.016,6.213257339083139,-1.7766471066125122,11.646796087036911,11.0
2016-08-02 15:35:51.890,0.977,0.195,0.023,6.638590174662532,-1.7391177608828143,12.796699000330474,11.0
2016-08-02 15:35:51.900,0.977,0.203,0.039,6.860742685406352,-1.659061374330466,13.600364195078745,11.0
2016-08-02 15:35:51.910,0.988,0.199,0.051,8.302499045627508,-1.3834599565156827,14.02563061683222,11.0
2016-08-02 15:35:51.920,0.988,0.172,0.063,11.973366882829474,-0.734417674393809,14.122002551347618,11.0
2016-08-02 15:35:51.930,0.988,0.16,0.039,16.063661529914587,0.2569418769750074,14.027100530103823,11.0
2016-08-02 15:35:51.940,0.988,0.18,0.016,17.824735011361454,1.2290406481704022,14.256640850226331,11.0
2016-08-02 15:35:51.950,0.992,0.203,-0.004,17.736832900999325,1.6661656628622097,14.812256828388975,11.0
2016-08-02 15:35:51.960,1.0,0.219,0.0,16.796582012375985,1.748303882209381,15.063952359759291,11.0
2016-08-02 15:35:51.970,1.012,0.227,0.008,13.976232098525655,1.6415479210576363,14.86457363813533,11.0
2016-08-02 15:35:51.980,1.016,0.223,0.016,9.981884421253355,0.8302585569573245,14.183351465725679,11.0
2016-08-02 15:35:51.990,1.02,0.211,0.035,7.10186117648677,-0.28685444232225366,13.040258175689848,11.0
2016-08-02 15:35:52.000,1.008,0.195,0.047,5.516680488382197,-1.0495130290509644,11.747373326036252,11.0
2016-08-02 15:35:52.010,1.016,0.195,0.055,4.500129077306372,-1.8583606957193526,10.269115094811355,11.0
2016-08-02 15:35:52.020,1.016,0.184,0.051,4.438882271435669,-2.592846068386058,8.84428444216978,11.0
2016-08-02 15:35:52.030,1.016,0.184,0.051,5.356646106090809,-2.726711627712615,7.881487425706812,11.0
2016-08-02 15:35:52.040,1.016,0.184,0.047,6.18685516415292,-2.6425395676487278,7.066664259017475,11.0
2016-08-02 15:35:52.050,1.016,0.191,0.035,6.357804437651008,-2.4386919878678257,6.393305131851988,11.0
2016-08-02 15:35:52.060,1.012,0.203,0.016,6.372267866188777,-1.8208302618271497,6.140175278800795,11.0
2016-08-02 15:35:52.070,1.004,0.207,0.008,6.735235591300128,-1.2158251176486004,6.049232814911294,11.0
2016-08-02 15:35:52.080,0.996,0.203,0.0,7.379125169389225,-0.7394698845999658,6.079524321266867,11.0
2016-08-02 15:35:52.090,0.988,0.207,0.0,7.4650533277107165,-0.10306267518867845,6.305077041494298,11.0
2016-08-02 15:35:52.100,0.992,0.211,0.004,6.382262543816982,0.3199283796273949,6.395816999637623,11.0
2016-08-02 15:35:52.110,0.988,0.207,0.012,5.31374010219368,0.38247506360651606,6.344484823513465,11.0
2016-08-02 15:35:52.120,0.988,0.203,0.023,5.105212499727218,0.35826809424221046,6.298640457512487,11.0
2016-08-02 15:35:52.130,0.988,0.203,0.031,4.792181386635032,0.2648253837856026,6.005155538386747,11.0
2016-08-02 15:35:52.140,0.992,0.203,0.043,4.01501047425513,0.2958684700057178,5.517071423040342,11.0
2016-08-02 15:35:52.150,0.992,0.195,0.047,3.1948717087038108,0.390085167521824,4.9862506532740705,11.0
2016-08-02 15:35:52.160,0.996,0.199,0.043,2.447828893973585,0.19920718095480658,4.285160379806383,11.0
2016-08-02 15:35:52.170,1.0,0.199,0.031,1.9408399673876189,0.03466247977814215,3.6661027985118615,11.0
2016-08-02 15:35:52.180,1.008,0.207,0.02,1.4232458431617905,0.16915752707643417,3.204568674498792,11.0
2016-08-02 15:35:52.190,1.012,0.211,0.012,0.41585732922252205,0.33717444700980764,2.67847215680663,11.0
2016-08-02 15:35:52.200,1.008,0.207,0.012,-0.5694590909146748,0.3826351084751072,2.2782108622996424,11.0
2016-08-02 15:35:52.210,1.004,0.203,0.012,-0.776084730786843,0.34688517907808425,1.8818579130456479,11.0
2016-08-02 15:35:52.220,1.008,0.199,0.016,-0.4155247522142929,0.3206400882324526,1.2204523726850076,11.0
2016-08-02 15:35:52.230,1.008,0.199,0.02,-0.11369298609424014,0.4230644236989826,0.6789255211910157,11.0
2016-08-02 15:35:52.240,1.008,0.203,0.02,-0.1328206428710756,0.7129868281249119,0.3430040176018744,11.0
2016-08-02 15:35:52.250,1.004,0.203,0.016,-0.42818679302532103,1.0334008073645589,-0.03804608381834491,11.0
2016-08-02 15:35:52.260,0.996,0.207,0.023,-1.1726499005327158,0.9532739907763557,-0.29536484375816935,11.0
2016-08-02 15:35:52.270,0.992,0.211,0.023,-2.2628495671519877,0.4380874166190204,-0.4283371766324775,11.0
2016-08-02 15:35:52.280,1.0,0.207,0.027,-2.6505002522573373,0.34836099804104237,-0.7233135877512178,11.0
2016-08-02 15:35:52.290,1.0,0.199,0.02,-1.9993534615252428,0.841457228879953,-1.298382139515934,11.0
2016-08-02 15:35:52.300,1.004,0.191,0.016,-1.3710625608499694,1.008755628921772,-1.9185676291761267,11.0
2016-08-02 15:35:52.310,1.004,0.191,0.008,-1.320552141050188,1.0402444800325945,-2.411429446244687,11.0
2016-08-02 15:35:52.320,1.004,0.191,-0.008,-1.6635249348140588,1.352240687308939,-2.8482369514427233,11.0
2016-08-02 15:35:52.330,0.996,0.199,-0.004,-2.232519978666839,1.342278185570497,-3.021613826618338,11.0
2016-08-02 15:35:52.340,0.996,0.199,0.004,-2.82289984010337,1.2849435910027696,-3.082837855568885,11.0
2016-08-02 15:35:52.350,0.996,0.207,0.016,-3.2601877022746657,1.772075311778302,-3.2560195483281054,11.0
2016-08-02 15:35:52.360,0.992,0.195,0.027,-3.3677066425298756,2.1371068863199287,-3.2089365902248095,11.0
2016-08-02 15:35:52.370,0.988,0.195,0.031,-3.3875442750282883,1.8955463663985848,-3.187193744777584,11.0
2016-08-02 15:35:52.380,0.992,0.188,0.035,-3.3490573252764433,1.5104144939131119,-3.4618017519793662,11.0
2016-08-02 15:35:52.390,1.0,0.184,0.027,-2.5759640041333025,1.4529771962222844,-3.68987040475319,11.0
2016-08-02 15:35:52.400,1.0,0.18,0.02,-1.6528449513616037,1.4512586421158007,-3.9537018755931825,11.0
2016-08-02 15:35:52.410,1.004,0.184,0.016,-1.81966423485174,1.1774641134299029,-4.327401896688567,11.0
2016-08-02 15:35:52.420,1.008,0.188,0.012,-2.69240863693329,1.145684958908277,-4.533337382681487,11.0
2016-08-02 15:35:52.430,1.008,0.191,0.012,-3.296113759563678,1.3315272593837468,-4.680703906869495,11.0
2016-08-02 15:35:52.440,1.004,0.188,0.012,-3.3255394412875026,1.2465963660710384,-4.859575396994675,11.0
2016-08-02 15:35:52.450,1.0,0.184,0.012,-2.8470187463910106,1.4145036147717884,-4.9516680827163135,11.0
2016-08-02 15:35:52.460,1.0,0.184,0.012,-2.0925609373750076,2.0792943667005073,-5.096954645846272,11.0
2016-08-02 15:35:52.470,0.996,0.18,0.016,-1.3732689929320279,2.495472804268058,-5.342652946056736,11.0
2016-08-02 15:35:52.480,0.992,0.18,0.016,-1.0052125008656394,2.515967309644072,-5.58735414516963,11.0
2016-08-02 15:35:52.490,0.988,0.18,0.016,-1.2553005368510752,2.576243045981511,-5.871288472735602,11.0
2016-08-02 15:35:52.500,0.984,0.18,0.016,-2.0405533429266094,2.472147999419482,-6.126239525403322,11.0
2016-08-02 15:35:52.510,1.004,0.184,0.023,-2.6041814853220933,2.2817525084251615,-6.28544202726877,11.0
2016-08-02 15:35:52.520,1.016,0.184,0.023,-2.406131666630748,2.632345324069476,-6.444951770618349,11.0
2016-08-02 15:35:52.530,1.031,0.188,0.016,-2.203898414605811,3.1101122917271993,-6.5186386730493275,11.0
2016-08-02 15:35:52.540,1.043,0.184,0.012,-2.5589321982120063,3.172649374105571,-6.321431965314762,11.0
2016-08-02 15:35:52.550,1.055,0.188,0.004,-2.5308767958758676,3.301458290027007,-5.993864197082369,11.0
2016-08-02 15:35:52.560,1.063,0.184,0.004,-1.5627066617165635,3.668991990238348,-5.837872897182142,11.0
2016-08-02 15:35:52.570,1.074,0.184,0.008,-0.5080932546359914,3.9198328343588296,-5.817349004705311,11.0
2016-08-02 15:35:52.580,1.082,0.184,0.004,-0.15830559424467563,4.0993741710801785,-5.852448115018566,11.0
2016-08-02 15:35:52.590,1.082,0.184,0.004,-0.42277650038592207,4.200521702418111,-6.058510629504886,11.0
2016-08-02 15:35:52.600,1.078,0.184,0.012,-0.9037963498813135,3.8984797923393346,-6.233072039469234,11.0
2016-08-02 15:35:52.610,1.078,0.18,0.02,-1.3888191193337653,3.414871711753417,-6.30261272721606,11.0
2016-08-02 15:35:52.620,1.086,0.18,0.023,-1.6939355592279077,3.253009080272609,-6.60787676546517,11.0
2016-08-02 15:35:52.630,1.078,0.184,0.023,-1.8726203656491367,3.1868646339157243,-7.082596747444354,11.0
2016-08-02 15:35:52.640,1.066,0.184,0.02,-2.2591860243683453,2.813133946729085,-7.480841392946491,11.0
2016-08-02 15:35:52.650,1.066,0.184,0.008,-2.7523247641411257,2.33892918850051,-7.878558374119236,11.0
2016-08-02 15:35:52.660,1.063,0.18,0.004,-2.988737282571779,2.12545901008129,-8.341850076083006,11.0
2016-08-02 15:35:52.670,1.059,0.176,0.004,-2.9810545036604665,2.2598869060731976,-8.74377916668449,11.0
2016-08-02 15:35:52.680,1.047,0.172,0.008,-2.7257934308006684,2.3439319428420773,-8.996407901619584,11.0
2016-08-02 15:35:52.690,1.047,0.168,0.012,-2.0261966733560324,2.230438064629128,-9.277899887682622,11.0
2016-08-02 15:35:52.700,1.043,0.168,0.012,-1.2844982231086166,2.4207071681239283,-9.662002658453973,11.0
2016-08-02 15:35:52.710,1.027,0.164,0.016,-1.2133844829724942,2.518306473687579,-9.874714786805237,11.0
2016-08-02 15:35:52.720,1.012,0.168,0.012,-1.9235034632213552,2.002800723425937,-9.802834339222587,11.0
2016-08-02 15:35:52.730,1.0,0.164,0.016,-3.2615832290576163,1.4276397057233472,-9.655395970482486,11.0
2016-08-02 15:35:52.740,1.0,0.176,0.016,-5.085780183700945,1.010354604762653,-9.442881238697003,11.0
2016-08-02 15:35:52.750,1.012,0.176,0.016,-6.765104120775536,0.943818343591013,-9.310903804407191,11.0
2016-08-02 15:35:52.760,1.027,0.18,0.012,-6.780390673648614,1.44462406545831,-9.731665207998457,11.0
2016-08-02 15:35:52.770,1.039,0.164,0.012,-4.418676820324976,2.048017094282432,-10.126686508194854,11.0
2016-08-02 15:35:52.780,1.043,0.168,0.004,-1.944474017104218,2.677307656155122,-9.940664358689936,11.0
2016-08-02 15:35:52.790,1.039,0.18,-0.008,-1.8319818202510842,3.2705758730782053,-9.888144722348477,11.0
2016-08-02 15:35:52.800,1.035,0.184,-0.012,-3.180982554590048,3.609546035046715,-9.81640445837418,11.0
2016-08-02 15:35:52.810,1.027,0.18,-0.02,-4.063748411757363,3.953207097283273,-9.215575621877562,11.0
2016-08-02 15:35:52.820,1.008,0.168,-0.02,-4.393549079941134,4.175496451161043,-8.525205523486903,11.0
2016-08-02 15:35:52.830,0.996,0.16,-0.008,-4.626157789361699,4.136795253563889,-7.876246261810287,11.0
2016-08-02 15:35:52.840,0.992,0.16,0.008,-4.755417453927494,4.141964552978061,-7.113984986200052,11.0
2016-08-02 15:35:52.850,0.988,0.16,0.02,-4.953232909662203,4.082970566731043,-6.274749733367555,11.0
2016-08-02 15:35:52.860,0.984,0.16,0.031,-5.314865967163916,3.7505824695438896,-5.435538705736292,11.0
2016-08-02 15:35:52.870,0.992,0.156,0.039,-4.9185807030124975,3.373288904469534,-4.695777476596005,11.0
2016-08-02 15:35:52.880,0.996,0.148,0.039,-3.225702013543204,2.989130973454791,-4.13149743052375,11.0
2016-08-02 15:35:52.890,1.004,0.156,0.027,-2.383608338007071,2.1883908486921713,-3.6076931508911034,11.0
2016-08-02 15:35:52.900,1.016,0.172,0.02,-4.079948716661192,1.0509779537286,-2.7651138695720268,11.0
2016-08-02 15:35:52.910,1.031,0.184,0.016,-6.383026392890428,0.17354525779786795,-1.656959517231506,11.0
2016-08-02 15:35:52.920,1.039,0.18,0.016,-7.3421577866190475,-0.31227996886564113,-0.6671240786446992,11.0
2016-08-02 15:35:52.930,1.031,0.168,0.012,-7.469290877091108,-0.7093968524316032,0.1528957496083018,11.0
2016-08-02 15:35:52.940,1.016,0.156,0.016,-7.8102567336041595,-1.3581558005333476,0.8509602576569113,11.0
2016-08-02 15:35:52.950,0.992,0.152,0.02,-8.54015441758735,-2.085688636132492,1.2377951209455418,11.0
2016-08-02 15:35:52.960,0.977,0.148,0.027,-9.026412775867028,-2.340467673903433,1.1499149249256104,11.0
2016-08-02 15:35:52.970,0.965,0.145,0.031,-8.636144499889758,-2.315161847172607,0.6964203685155361,11.0
2016-08-02 15:35:52.980,0.949,0.141,0.035,-7.610422241210208,-2.3172553272387706,0.08661178992311346,11.0
2016-08-02 15:35:52.990,0.938,0.145,0.027,-6.7551123020640285,-2.1673964877676575,-0.5998839528079638,11.0
2016-08-02 15:35:53.000,0.918,0.152,0.02,-6.415260640637181,-1.9558517324388585,-1.2239543244747095,11.0
2016-08-02 15:35:53.010,0.926,0.16,0.012,-6.53261148310156,-1.6564526358613871,-1.3916487027805868,11.0
2016-08-02 15:35:53.020,0.934,0.172,-0.012,-7.223885521157944,-1.107309129649953,-0.9618163339255066,11.0
2016-08-02 15:35:53.030,0.938,0.164,-0.023,-8.10112080263234,-0.5155450185240709,-0.2782356355770937,11.0
2016-08-02 15:35:53.040,0.938,0.16,-0.031,-7.996049938411173,0.08051046881363508,0.6325690317720317,11.0
2016-08-02 15:35:53.050,0.941,0.16,-0.023,-6.647813144194559,0.840795872197506,2.0683385716992544,11.0
2016-08-02 15:35:53.060,0.945,0.16,-0.008,-5.093144642604963,1.6846528761355946,3.599818942444733,11.0
2016-08-02 15:35:53.070,0.941,0.156,0.012,-3.590352602069527,2.249688519607724,4.484518107749429,11.0
2016-08-02 15:35:53.080,0.934,0.156,0.031,-1.9042500380503231,2.2424145344678226,4.949009737953462,11.0
2016-08-02 15:35:53.090,0.926,0.152,0.043,-1.1724822247243067,1.7051478810460539,5.450472669575581,11.0
2016-08-02 15:35:53.100,0.926,0.156,0.059,-2.0409538098156927,0.7240644385583241,5.72731470727786,11.0
2016-08-02 15:35:53.110,0.93,0.164,0.07,-2.9284494715410316,-0.24968935295678904,5.638028653400314,11.0
2016-08-02 15:35:53.120,0.93,0.172,0.078,-2.5740197527947646,-0.6710545562409166,5.516614415831107,11.0
2016-08-02 15:35:53.130,0.934,0.168,0.063,-1.919350681869353,-1.00785417916121,5.682484244327306,11.0
2016-08-02 15:35:53.140,0.938,0.172,0.039,-2.315130343995586,-1.6979555665087314,6.271431753971958,11.0
2016-08-02 15:35:53.150,0.941,0.18,0.02,-3.3387809449670103,-2.259672322958026,7.2345774845228075,11.0
2016-08-02 15:35:53.160,0.945,0.172,0.004,-3.4364080584033956,-2.453663229600905,8.26166756892073,11.0
2016-08-02 15:35:53.170,0.953,0.164,0.0,-2.070817582286498,-2.232418866795018,9.089333007847776,11.0
2016-08-02 15:35:53.180,0.961,0.164,0.004,0.11657900434801899,-1.3521363158974093,9.716577631807908,11.0
2016-08-02 15:35:53.190,0.965,0.164,0.008,2.3939324094926615,-0.27444867826163194,9.861680190329999,11.0
2016-08-02 15:35:53.200,0.961,0.164,0.016,4.114394208695121,0.34793952534695394,9.581626791844084,11.0
2016-08-02 15:35:53.210,0.961,0.164,0.02,4.874756921529325,0.5615301342250029,9.486232378523749,11.0
2016-08-02 15:35:53.220,0.965,0.164,0.035,4.889359894122988,0.4904401549720844,9.270040947705262,11.0
2016-08-02 15:35:53.230,0.969,0.172,0.043,4.654612339413216,0.24859526689650854,8.662334046708022,11.0
2016-08-02 15:35:53.240,0.98,0.172,0.047,4.40435612052561,-0.12102229640410311,8.346251724554143,11.0
2016-08-02 15:35:53.250,0.98,0.176,0.039,4.241729149554994,-0.7436138526246898,8.317787588191027,11.0
2016-08-02 15:35:53.260,0.988,0.176,0.039,4.323792140497248,-1.2730771350184307,8.252850068649948,11.0
2016-08-02 15:35:53.270,0.996,0.18,0.035,4.541481674934268,-1.4335181596457858,8.405645094824791,11.0
2016-08-02 15:35:53.280,1.008,0.18,0.027,4.730704088294113,-1.453974071845964,8.673031359345504,11.0
2016-08-02 15:35:53.290,1.008,0.172,0.02,5.153905405381916,-1.4511925865989328,8.781051400132117,11.0
2016-08-02 15:35:53.300,1.004,0.176,0.02,5.800412924150709,-1.4626941198436905,8.806425180744542,11.0
2016-08-02 15:35:53.310,1.0,0.176,0.016,6.070187563355244,-1.392426388807678,8.706149705023462,11.0
2016-08-02 15:35:53.320,0.992,0.172,0.012,6.048072730602913,-1.235743512747139,8.355118285845931,11.0
2016-08-02 15:35:53.330,0.984,0.164,0.012,6.166511724646973,-1.313924723459709,7.736216450085234,11.0
2016-08-02 15:35:53.340,0.977,0.164,0.023,5.845593414794275,-1.4914169233831833,7.017273675791644,11.0
2016-08-02 15:35:53.350,0.973,0.168,0.023,4.7934160547509705,-1.547214066172136,6.49111803083448,11.0
2016-08-02 15:35:53.360,0.973,0.176,0.035,3.87451310936778,-1.6611135559663786,6.106786393535526,11.0
2016-08-02 15:35:53.370,0.969,0.18,0.035,3.494608769403855,-1.7898123856511152,5.894220172794723,11.0
2016-08-02 15:35:53.380,0.977,0.188,0.035,3.259212231819468,-1.855726616547594,6.1034011997921676,11.0
2016-08-02 15:35:53.390,0.98,0.191,0.031,3.025032397209305,-1.7975784725594528,6.490847537512781,11.0
2016-08-02 15:35:53.400,0.984,0.188,0.027,3.005753680061533,-1.6161229677812052,6.790034318394767,11.0
2016-08-02 15:35:53.410,0.977,0.184,0.02,3.2087680384838984,-1.6813710713678716,7.0520006978205405,11.0
2016-08-02 15:35:53.420,0.973,0.172,0.016,3.1972097844528813,-1.8839469524276247,7.215225753567809,11.0
2016-08-02 15:35:53.430,0.973,0.172,0.012,2.714617218501659,-1.8270674582139828,7.072246232770718,11.0
2016-08-02 15:35:53.440,0.977,0.18,0.016,2.0119407192154166,-1.7578716917298038,6.43457767793504,11.0
2016-08-02 15:35:53.450,0.973,0.18,0.023,1.1156207681378312,-1.8191828374733423,5.46852331009102,11.0
2016-08-02 15:35:53.460,0.969,0.176,0.027,0.09049671626998622,-1.8400937515753504,4.477066262947108,11.0
2016-08-02 15:35:53.470,0.957,0.172,0.031,-0.6454166195022284,-1.9518075095309912,3.484530351109427,11.0
2016-08-02 15:35:53.480,0.953,0.168,0.035,-1.1235733678044082,-2.1455186529002193,2.5547587886079115,11.0
2016-08-02 15:35:53.490,0.945,0.164,0.031,-1.356929535838304,-2.1378774317053586,1.766844285780307,11.0
2016-08-02 15:35:53.500,0.93,0.164,0.031,-1.1058165084815368,-1.8134490219026103,1.0651803585693165,11.0
2016-08-02 15:35:53.510,0.93,0.168,0.023,-0.7635076584254641,-1.1881182427705752,0.4202302733457487,11.0
2016-08-02 15:35:53.520,0.926,0.176,0.016,-0.6818545300800536,-0.370827268599983,-0.19472595069473161,11.0
2016-08-02 15:35:53.530,0.918,0.172,0.016,-0.577340052242205,0.46649381666016954,-0.7463800759667216,11.0
2016-08-02 15:35:53.540,0.91,0.168,0.016,-0.24051189971726955,1.0425051157614886,-1.31845968331947,11.0
2016-08-02 15:35:53.550,0.906,0.16,0.012,0.30912946730046376,1.1141571554610197,-1.9916824816276142,11.0
2016-08-02 15:35:53.560,0.914,0.164,0.012,0.6908810145292461,0.9588735515919802,-2.5129643059830484,11.0
2016-08-02 15:35:53.570,0.918,0.168,0.016,0.47986664078409497,0.8861764844803255,-2.735326262640788,11.0
2016-08-02 15:35:53.580,0.938,0.18,0.027,0.13322192894876458,0.8340546502086255,-2.679454715833389,11.0
2016-08-02 15:35:53.590,0.961,0.188,0.039,0.03075668104232184,0.92711124515924,-2.3142183340191473,11.0
2016-08-02 15:35:53.600,0.977,0.188,0.043,-0.2848034235144881,1.0121786993207391,-1.7357893702006322,11.0
2016-08-02 15:35:53.610,0.984,0.184,0.035,-0.8697688303848622,0.6730026710590464,-1.086177797284045,11.0
2016-08-02 15:35:53.620,1.0,0.18,0.031,-1.3384575772402454,0.4172497652093409,-0.43663404948191364,11.0
2016-08-02 15:35:53.630,1.004,0.172,0.023,-1.7968104733640669,0.6485171900152582,0.045800511271803165,11.0
2016-08-02 15:35:53.640,1.0,0.16,0.012,-2.424269842925857,0.6853435561420573,-0.10047078338431005,11.0
2016-08-02 15:35:53.650,1.0,0.16,0.012,-2.4821382862938024,0.49904534525625655,-1.1192644442771038,11.0
2016-08-02 15:35:53.660,1.012,0.156,0.02,-1.3163159290161808,0.8370013744692189,-2.5240643689442965,11.0
2016-08-02 15:35:53.670,1.016,0.152,0.02,-0.09528231161568909,1.4161936611764059,-3.9768257481257416,11.0
2016-08-02 15:35:53.680,1.016,0.152,0.016,-0.331067890374801,1.5413782811762198,-5.433528900801294,11.0
2016-08-02 15:35:53.690,1.02,0.168,0.012,-1.8937672771263951,1.3305659300319195,-6.25000726112162,11.0
2016-08-02 15:35:53.700,1.027,0.191,0.008,-3.853614351088858,1.3469133296221791,-5.929793618748552,11.0
2016-08-02 15:35:53.710,1.031,0.203,0.016,-5.518873872671655,2.056920231883771,-4.843776317949463,11.0
2016-08-02 15:35:53.720,1.023,0.203,0.016,-6.184660872646118,3.0644598396758167,-3.5431123776876197,11.0
2016-08-02 15:35:53.730,1.008,0.188,0.012,-5.140332745643991,3.593642121922756,-2.508429687711956,11.0
2016-08-02 15:35:53.740,0.992,0.172,0.004,-2.806589413808475,3.687312468500142,-2.022765444251781,11.0
2016-08-02 15:35:53.750,0.98,0.168,0.008,-0.7815901910485403,3.499717258487698,-2.1117114153114556,11.0
2016-08-02 15:35:53.760,0.98,0.168,0.02,0.03622740808965719,2.8878530373471927,-2.8388533234052784,11.0
2016-08-02 15:35:53.770,0.98,0.168,0.031,-0.015077935335397905,2.085998561945777,-3.9483940993701596,11.0
2016-08-02 15:35:53.780,0.973,0.16,0.043,-0.2705697008996503,1.3013547299502002,-5.037757371728878,11.0
2016-08-02 15:35:53.790,0.961,0.152,0.047,-0.32073275416858693,0.2529708190659584,-6.108151430608139,11.0
2016-08-02 15:35:53.800,0.957,0.152,0.047,-0.34013843586272074,-0.9848456806669913,-7.084258926800723,11.0
2016-08-02 15:35:53.810,0.961,0.16,0.051,-0.38696303361125756,-1.8011359187405604,-7.776210447153739,11.0
2016-08-02 15:35:53.820,0.977,0.172,0.047,-0.46343734166934064,-2.1548573629373613,-8.137665317486952,11.0
2016-08-02 15:35:53.830,1.004,0.184,0.039,-1.5479415916908343,-2.383290870555318,-7.881212766532991,11.0
2016-08-02 15:35:53.840,1.016,0.195,0.027,-3.8079293336008315,-2.596506109105763,-6.959441595216896,11.0
2016-08-02 15:35:53.850,1.027,0.191,0.027,-5.62602401338558,-2.913430124976083,-5.850346376279086,11.0
2016-08-02 15:35:53.860,1.039,0.191,0.035,-6.215291900972092,-2.981120176489221,-4.712532660196639,11.0
2016-08-02 15:35:53.870,1.047,0.18,0.035,-5.8949529322622585,-2.484338310003196,-3.7070300856964513,11.0
2016-08-02 15:35:53.880,1.051,0.176,0.035,-4.9128272803484485,-2.050208251144882,-3.1593025984299006,11.0
2016-08-02 15:35:53.890,1.051,0.172,0.043,-4.338571343389681,-2.1320366099126873,-2.827925886310865,11.0
2016-08-02 15:35:53.900,1.066,0.184,0.047,-5.0737672048285765,-2.40617299915956,-2.385058959883293,11.0
2016-08-02 15:35:53.910,1.09,0.203,0.051,-6.362211231714523,-2.4220136601277096,-1.878424997029748,11.0
2016-08-02 15:35:53.920,1.113,0.207,0.055,-7.5026275601900965,-2.158556235563874,-1.3231779089093552,11.0
2016-08-02 15:35:53.930,1.121,0.203,0.039,-8.630657251979697,-1.992807890744202,-0.5933181694474379,11.0
2016-08-02 15:35:53.940,1.121,0.191,0.012,-9.6832428206801,-1.8714013867189105,0.2652311411862136,11.0
2016-08-02 15:35:53.950,1.113,0.184,-0.016,-10.73155660096067,-1.5762166596782214,1.006738931641981,11.0
2016-08-02 15:35:53.960,1.098,0.184,-0.027,-11.916905620302423,-1.5049408865752456,1.3770252315047757,11.0
2016-08-02 15:35:53.970,1.086,0.164,-0.023,-11.23219371679773,-1.6277958602309706,1.0087132132044057,11.0
2016-08-02 15:35:53.980,1.078,0.141,0.0,-6.07217289501318,-1.190537243136304,-0.31843360897272077,11.0
2016-08-02 15:35:53.990,1.063,0.121,0.016,0.7676986720535509,-0.24781030315568484,-2.0010834886812017,11.0
2016-08-02 15:35:54.000,1.031,0.141,0.027,3.40831697091022,0.22228437134928009,-3.298132596145368,11.0
2016-08-02 15:35:54.010,1.012,0.16,0.039,1.4158625951808874,-0.3744449136037646,-4.327361808251318,11.0
2016-08-02 15:35:54.020,0.996,0.176,0.047,-1.4205794858904386,-1.367473593907226,-4.9983817436336615,11.0
2016-08-02 15:35:54.030,0.98,0.18,0.051,-3.4699996390015757,-1.8006196752852144,-4.934607098001385,11.0
2016-08-02 15:35:54.040,0.973,0.184,0.051,-5.165316458524101,-1.953834282214307,-4.623616759561911,11.0
2016-08-02 15:35:54.050,0.969,0.184,0.043,-6.599772051360167,-2.3151932786400313,-4.100673197892693,11.0
2016-08-02 15:35:54.060,0.961,0.184,0.027,-7.615569493607152,-2.6620108503131967,-2.6592161166373804,11.0
2016-08-02 15:35:54.070,0.965,0.176,0.016,-8.138473681677795,-2.8939839793507245,-0.5175795807592867,11.0
2016-08-02 15:35:54.080,0.973,0.184,0.0,-7.9207103501698874,-3.0268334143660525,1.7191842201132785,11.0
2016-08-02 15:35:54.090,0.992,0.195,-0.004,-6.742156666306256,-2.7806318456928567,3.881161773157257,11.0
2016-08-02 15:35:54.100,1.012,0.203,0.004,-4.892293472556216,-1.9848924577656544,6.033518095150621,11.0
2016-08-02 15:35:54.110,1.023,0.191,0.012,-3.0458166369719852,-1.0291156507328756,8.129710758475113,11.0
2016-08-02 15:35:54.120,1.023,0.188,0.02,-1.7148953992649858,-0.544429941242463,9.666148371411836,11.0
2016-08-02 15:35:54.130,1.031,0.195,0.031,-1.1114933502309832,-0.5924248506009693,10.600306682107021,11.0
2016-08-02 15:35:54.140,1.031,0.191,0.039,-0.9763638842124042,-0.5831065375965349,11.221876295642511,11.0
2016-08-02 15:35:54.150,1.031,0.176,0.043,-0.6256309255629627,-0.4070705905874177,11.058271695823887,11.0
2016-08-02 15:35:54.160,1.027,0.168,0.035,-0.14555684572094746,-0.5241777012808156,10.036781692166546,11.0
2016-08-02 15:35:54.170,1.02,0.164,0.031,0.07140146461978297,-0.8010218972107191,8.838200719200863,11.0
2016-08-02 15:35:54.180,1.02,0.156,0.027,0.9048664041890584,-0.7399223793969131,7.583934171725023,11.0
2016-08-02 15:35:54.190,1.004,0.152,0.023,2.7749513810728583,-0.32174393158426845,6.210672054976182,11.0
2016-08-02 15:35:54.200,1.0,0.152,0.016,4.567210143033013,-0.005628484390723498,5.044746786786888,11.0
2016-08-02 15:35:54.210,0.992,0.16,0.016,5.721266237291789,-0.001778482915511916,4.384256371150636,11.0
2016-08-02 15:35:54.220,0.988,0.172,0.012,6.5031688160055925,0.054107513797907875,4.324374868000733,11.0
2016-08-02 15:35:54.230,0.992,0.188,0.012,7.011752824274721,0.2639286667740953,4.753667169564248,11.0
2016-08-02 15:35:54.240,0.992,0.195,0.016,7.260086955480308,0.37510143535053564,5.657319657057034,11.0
2016-08-02 15:35:54.250,0.988,0.199,0.012,7.149876063711318,0.2753181349584629,7.014257641988323,11.0
2016-08-02 15:35:54.260,0.988,0.207,0.02,6.767473883115265,-0.11827026560011149,8.402094081027084,11.0
2016-08-02 15:35:54.270,0.992,0.203,0.023,6.677142048290296,-0.5017581335300347,9.602150874871072,11.0
2016-08-02 15:35:54.280,1.0,0.199,0.031,7.307640782165811,-0.517480982458342,10.717914782035539,11.0
2016-08-02 15:35:54.290,0.996,0.191,0.035,8.525887470680061,-0.6626534616447639,11.618163408500019,11.0
2016-08-02 15:35:54.300,1.0,0.188,0.031,9.428264307354906,-1.257888723871953,12.246113918133638,11.0
2016-08-02 15:35:54.310,1.004,0.191,0.027,9.31888845111552,-1.8325302441300158,12.656761399804907,11.0
2016-08-02 15:35:54.320,1.008,0.195,0.023,9.130244299175216,-2.032441577142312,12.673325130711447,11.0
2016-08-02 15:35:54.330,1.008,0.191,0.02,9.708466721367262,-1.9132072554190092,12.3222448217544,11.0
2016-08-02 15:35:54.340,1.012,0.188,0.012,10.0843107828469,-1.9083572335688457,11.81561998834878,11.0
2016-08-02 15:35:54.350,1.012,0.188,0.012,9.663086372354414,-2.129165600931732,11.187473648688476,11.0
2016-08-02 15:35:54.360,1.008,0.184,0.012,9.495376780954803,-2.0664585146434513,10.467489589172597,11.0
2016-08-02 15:35:54.370,1.004,0.188,0.016,9.750560233009297,-1.7266032865072318,9.662614591488305,11.0
2016-08-02 15:35:54.380,1.012,0.195,0.016,9.487008920146664,-1.5445051237482028,8.943580590545945,11.0
2016-08-02 15:35:54.390,1.012,0.195,0.016,9.016313578075142,-1.5379109610537964,8.453494810893377,11.0
2016-08-02 15:35:54.400,1.012,0.191,0.02,9.157165013156314,-1.5633308183784846,7.945925767649678,11.0
2016-08-02 15:35:54.410,1.012,0.191,0.027,9.661428139457925,-1.4946389927507362,7.5084674621240515,11.0
2016-08-02 15:35:54.420,1.008,0.195,0.023,9.442247006242416,-1.402247393111512,7.40368170818423,11.0
2016-08-02 15:35:54.430,1.0,0.199,0.02,8.035007514454248,-1.6567720426600951,7.333642809280069,11.0
2016-08-02 15:35:54.440,0.992,0.199,0.02,6.705828398544381,-2.095466072185643,7.121863915473341,11.0
2016-08-02 15:35:54.450,0.996,0.191,0.016,6.285439446431477,-2.190878683323133,7.005909329081433,11.0
2016-08-02 15:35:54.460,0.992,0.191,0.016,5.792621219860321,-2.1384413783217004,6.962147091544812,11.0
2016-08-02 15:35:54.470,0.992,0.199,0.016,4.710432308964141,-2.2706178253053113,6.883270184277699,11.0
2016-08-02 15:35:54.480,0.992,0.199,0.02,3.746146062726033,-2.420110092390201,6.8663094988988185,11.0
2016-08-02 15:35:54.490,0.992,0.195,0.02,3.3815921237044906,-2.5391690400493965,6.8723059011857215,11.0
2016-08-02 15:35:54.500,0.98,0.191,0.02,3.4093355719611154,-2.605770353029693,6.825207863217242,11.0
2016-08-02 15:35:54.510,0.98,0.195,0.023,3.2540973745753723,-2.653448096782567,6.6704089618496125,11.0
2016-08-02 15:35:54.520,0.984,0.199,0.027,2.58629738206233,-2.9120410020620984,6.417245035321005,11.0
2016-08-02 15:35:54.530,0.988,0.203,0.031,1.863805053123433,-3.0425707684475682,6.278189221616063,11.0
2016-08-02 15:35:54.540,0.992,0.203,0.039,1.4354803554437592,-2.798940321166697,6.1248203028256,11.0
2016-08-02 15:35:54.550,0.992,0.207,0.027,0.6754720158386696,-2.633987196474141,5.702506948611974,11.0
2016-08-02 15:35:54.560,0.992,0.199,0.02,-0.6634210300719532,-2.6165777372000565,5.26958492804798,11.0
2016-08-02 15:35:54.570,0.996,0.199,0.016,-1.716196802060505,-2.5085362195350545,4.908862263863092,11.0
2016-08-02 15:35:54.580,1.004,0.203,0.016,-2.2407444393945672,-2.328202972432086,4.495609106040744,11.0
2016-08-02 15:35:54.590,1.012,0.203,0.02,-2.746374636965326,-2.1818731473303754,4.333721481620289,11.0
2016-08-02 15:35:54.600,1.012,0.199,0.027,-2.8733218764863224,-2.123830654990998,4.297419976580306,11.0
2016-08-02 15:35:54.610,1.008,0.191,0.027,-2.1821513227531417,-1.8920710843616915,3.964916248283252,11.0
2016-08-02 15:35:54.620,1.012,0.191,0.023,-1.492749581338994,-1.3892858088248419,3.584270664804756,11.0
2016-08-02 15:35:54.630,1.016,0.195,0.02,-1.6592311412323433,-1.0849197081337685,3.089591914434509,11.0
2016-08-02 15:35:54.640,1.012,0.191,0.016,-2.2829430879107484,-1.009771524736201,2.196058042859873,11.0
2016-08-02 15:35:54.650,1.016,0.188,0.016,-2.5871671705921044,-0.802274021711794,1.3469827109058419,11.0
2016-08-02 15:35:54.660,1.008,0.188,0.016,-2.5800467566087844,-0.5860498019473587,0.6595830830081929,11.0
2016-08-02 15:35:54.670,1.0,0.184,0.02,-2.71202758962571,-0.44301356798635894,-0.13652803358596863,11.0
2016-08-02 15:35:54.680,1.004,0.188,0.023,-3.024971298215705,-0.25962953921992754,-0.7911997715709648,11.0
2016-08-02 15:35:54.690,0.996,0.184,0.031,-3.08507185920129,-0.161419316368986,-1.274819907584713,11.0
2016-08-02 15:35:54.700,0.992,0.184,0.031,-2.645774695877244,-0.1814713919509528,-1.8813720419868107,11.0
2016-08-02 15:35:54.710,0.992,0.184,0.027,-2.172789666151191,-0.17327195764282619,-2.405198884192189,11.0
2016-08-02 15:35:54.720,1.0,0.184,0.027,-2.347146600285456,-0.1380668620133853,-2.6259413025142173,11.0
2016-08-02 15:35:54.730,1.0,0.184,0.023,-3.0866189461009514,-0.13434267276270698,-2.7765014053534065,11.0
2016-08-02 15:35:54.740,1.008,0.184,0.02,-3.5960888185316486,0.06460526277764564,-3.0343522658462354,11.0
2016-08-02 15:35:54.750,1.008,0.176,0.023,-3.4012580622320856,0.6374830694146791,-3.26549851625301,11.0
2016-08-02 15:35:54.760,1.004,0.172,0.027,-2.9716133181253817,1.1941784455359574,-3.4251910408037274,11.0
2016-08-02 15:35:54.770,1.0,0.172,0.027,-3.1714737427563846,1.207128478144674,-3.7517744292349775,11.0
2016-08-02 15:35:54.780,0.992,0.164,0.031,-3.8814776403419327,0.5201984161341185,-4.214758577594839,11.0
2016-08-02 15:35:54.790,1.004,0.16,0.035,-3.894393300048687,-0.22696393495735187,-4.623496039793341,11.0
2016-08-02 15:35:54.800,1.016,0.168,0.039,-2.8707249475765826,-0.14238341668518992,-5.271467334600952,11.0
2016-08-02 15:35:54.810,1.023,0.176,0.023,-2.219951968661234,0.2868207207761923,-6.02164123652466,11.0
2016-08-02 15:35:54.820,1.031,0.18,0.016,-2.7895741922349946,0.4739035192970235,-6.43969961563582,11.0
2016-08-02 15:35:54.830,1.035,0.18,0.012,-3.051960111814421,1.0269821964643633,-7.002709433901787,11.0
2016-08-02 15:35:54.840,1.035,0.18,0.0,-1.9199014489053505,1.7562371292397252,-7.425044156479666,11.0
2016-08-02 15:35:54.850,1.027,0.184,-0.008,-0.800066884843441,2.135559030597765,-7.011079699824509,11.0
2016-08-02 15:35:54.860,1.023,0.184,-0.008,-0.6551487639625041,2.5967924117107004,-6.498466545744355,11.0
2016-08-02 15:35:54.870,1.02,0.188,0.0,-0.805586713094841,3.077634318527395,-6.003922128234303,11.0
2016-08-02 15:35:54.880,1.016,0.188,0.008,-0.6600843523505714,3.2935120699932323,-5.030881597498535,11.0
2016-08-02 15:35:54.890,1.02,0.184,0.012,-0.1293819263732235,3.56807401523386,-4.006807008932128,11.0
2016-08-02 15:35:54.900,1.02,0.176,0.016,0.3254602613435499,3.7869621273337644,-3.1340998373571565,11.0
2016-08-02 15:35:54.910,1.027,0.176,0.027,0.20316825621831006,3.691410300122384,-2.369623198806559,11.0
2016-08-02 15:35:54.920,1.031,0.176,0.031,-0.10014039431121062,3.513659569846128,-1.9756719940848706,11.0
2016-08-02 15:35:54.930,1.043,0.16,0.027,-0.09841025163727028,3.28343852051911,-1.9522362150666814,11.0
2016-08-02 15:35:54.940,1.055,0.156,0.023,-0.07626925409529474,2.9767814119835965,-2.155126796663037,11.0
2016-08-02 15:35:54.950,1.07,0.152,0.016,-0.19234293782712938,2.7527691260904965,-2.7542607944225783,11.0
2016-08-02 15:35:54.960,1.082,0.152,0.02,-0.1168905324083697,2.494534687515272,-3.7139884751053467,11.0
2016-08-02 15:35:54.970,1.086,0.16,0.02,-0.11498266522972603,2.192024021835132,-4.506334863516987,11.0
2016-08-02 15:35:54.980,1.094,0.152,0.016,-0.6135546076690297,2.0357292755740835,-5.077280319458765,11.0
2016-08-02 15:35:54.990,1.094,0.152,0.008,-1.1214784854191229,1.9014854309062956,-5.668364090458587,11.0
2016-08-02 15:35:55.000,1.09,0.16,0.008,-1.2074142958622636,1.8223014931502535,-6.076361607056893,11.0
2016-08-02 15:35:55.010,1.094,0.156,0.012,-1.0404863758690177,1.947696915824333,-6.395513150084145,11.0
2016-08-02 15:35:55.020,1.086,0.152,0.012,-0.7913099103412037,1.928721545648378,-6.943561560317644,11.0
2016-08-02 15:35:55.030,1.082,0.148,0.012,-0.592396473881993,1.6454315970303481,-7.635214912576049,11.0
2016-08-02 15:35:55.040,1.078,0.148,0.004,-0.5068700933538709,1.4210306847727734,-8.30341250552652,11.0
2016-08-02 15:35:55.050,1.078,0.152,0.008,-0.675330813833928,1.2939403181522187,-8.956490524636337,11.0
2016-08-02 15:35:55.060,1.07,0.152,0.008,-1.3748550766851957,1.2292384925734514,-9.559418903154523,11.0
2016-08-02 15:35:55.070,1.055,0.152,0.012,-2.3369241456751926,1.1021440335450141,-9.874181159049575,11.0
2016-08-02 15:35:55.080,1.039,0.152,0.012,-2.8004148997416825,0.7401037831806073,-9.974926604900547,11.0
2016-08-02 15:35:55.090,1.031,0.148,0.016,-2.645299750875071,0.6376859640096468,-10.081971625020293,11.0
2016-08-02 15:35:55.100,1.012,0.148,0.016,-2.50115167368979,0.9570235602303652,-10.040809886255975,11.0
2016-08-02 15:35:55.110,0.996,0.148,0.012,-2.694804854225166,0.9729581714389564,-9.812067315740133,11.0
2016-08-02 15:35:55.120,0.988,0.152,0.012,-3.1691175008557395,0.7186404889083263,-9.508675502820491,11.0
2016-08-02 15:35:55.130,0.984,0.16,0.004,-3.9902951130674076,0.7490912837928393,-9.095188615958367,11.0
2016-08-02 15:35:55.140,0.973,0.156,-0.008,-5.038637546782967,0.8087222132429118,-8.54767935886509,11.0
2016-08-02 15:35:55.150,0.969,0.16,-0.008,-5.798478942585174,0.6805433431933443,-7.897234051674015,11.0
2016-08-02 15:35:55.160,0.977,0.16,0.0,-5.72532466182329,0.8608267608504991,-7.285410822387494,11.0
2016-08-02 15:35:55.170,0.988,0.16,0.004,-4.956136191076055,1.5336956899588035,-6.683072779713699,11.0
2016-08-02 15:35:55.180,0.992,0.164,0.004,-4.363784217226303,2.0528267275089567,-5.774068960517564,11.0
2016-08-02 15:35:55.190,0.988,0.168,0.0,-4.050642508588405,1.9322600568312294,-4.684912078602008,11.0
2016-08-02 15:35:55.200,0.988,0.16,0.0,-3.373228095336588,1.758486281796014,-3.6571605774792344,11.0
2016-08-02 15:35:55.210,0.988,0.156,0.004,-2.257112269989375,2.0505363506562864,-2.5912229881255757,11.0
2016-08-02 15:35:55.220,0.984,0.148,0.008,-0.9859962465600877,2.2694732876775343,-1.7856559892504078,11.0
2016-08-02 15:35:55.230,0.977,0.148,0.004,-0.0847393521977107,2.0162931123682535,-1.4275809691842611,11.0
2016-08-02 15:35:55.240,0.973,0.133,0.004,0.2197232827376262,1.5020822862134806,-1.22514401178634,11.0
2016-08-02 15:35:55.250,0.98,0.133,0.004,0.4294565825800262,1.02498055391007,-1.3618037167217591,11.0
2016-08-02 15:35:55.260,0.977,0.125,0.008,0.5735090802669189,0.6534055868685389,-1.858787963164374,11.0
2016-08-02 15:35:55.270,0.973,0.125,0.012,0.2334124258360098,0.14714324842715448,-2.2060375291238445,11.0
2016-08-02 15:35:55.280,0.969,0.129,0.012,-0.46559431557172315,-0.4315925921644307,-2.4216350554446033,11.0
2016-08-02 15:35:55.290,0.965,0.129,0.016,-1.1042305525905323,-0.8627017176184864,-2.6160731320648294,11.0
2016-08-02 15:35:55.300,0.961,0.133,0.016,-1.6109909412540757,-1.2247042683852725,-2.5524565685200455,11.0
2016-08-02 15:35:55.310,0.957,0.145,0.012,-2.0734411725502757,-1.6028386013534626,-2.2902464739379793,11.0
2016-08-02 15:35:55.320,0.961,0.137,0.008,-2.3385371475495917,-1.891252856283745,-2.050590601925023,11.0
2016-08-02 15:35:55.330,0.957,0.129,0.008,-2.399785831782304,-1.9244623298488333,-1.7520215256886744,11.0
2016-08-02 15:35:55.340,0.957,0.133,0.004,-2.4424502467710925,-1.9492379374610591,-1.2968637103605076,11.0
2016-08-02 15:35:55.350,0.957,0.141,0.0,-2.5707269738817136,-2.119693694388735,-0.7803424778484863,11.0
2016-08-02 15:35:55.360,0.965,0.145,0.0,-2.7020466951593507,-2.0513012793955667,-0.23374438029507819,11.0
2016-08-02 15:35:55.370,0.969,0.148,0.0,-2.3572867793458423,-1.8258777977127965,0.22467318311222345,11.0
2016-08-02 15:35:55.380,0.98,0.152,0.0,-1.690821729302,-1.5943213855099985,0.5398279288147342,11.0
2016-08-02 15:35:55.390,0.988,0.152,0.008,-1.473272268036094,-1.0889592073169252,0.9882928211616471,11.0
2016-08-02 15:35:55.400,0.992,0.152,0.012,-1.460458655923212,-0.6281835158051787,1.6018677974044644,11.0
2016-08-02 15:35:55.410,0.988,0.148,0.012,-1.3339426095447942,-0.5960748116937796,2.114366388919181,11.0
2016-08-02 15:35:55.420,0.984,0.145,0.012,-1.4529844386349513,-0.7234578274595115,2.5549387060932256,11.0
2016-08-02 15:35:55.430,0.973,0.133,0.012,-1.3493510642113373,-0.8428922823029001,2.8278726345834815,11.0
2016-08-02 15:35:55.440,0.969,0.129,0.012,-0.5315822244503585,-1.0309913277014864,2.5340326840224643,11.0
2016-08-02 15:35:55.450,0.965,0.133,0.012,0.251688971707139,-1.1795763177019598,2.0250371759516685,11.0
2016-08-02 15:35:55.460,0.957,0.141,0.016,0.3747888826438633,-1.143033130168848,1.755856910485711,11.0
2016-08-02 15:35:55.470,0.953,0.145,0.016,-0.07863199181464772,-1.0451463034843722,1.3860788892144464,11.0
2016-08-02 15:35:55.480,0.945,0.148,0.016,-0.5704952364806958,-1.091935399471746,1.0325864258472182,11.0
2016-08-02 15:35:55.490,0.941,0.148,0.012,-0.44845004064116395,-1.1160837121961364,1.1359370300594869,11.0
2016-08-02 15:35:55.500,0.922,0.145,0.012,0.02947743900587234,-0.7997193219633392,1.4728984747314973,11.0
2016-08-02 15:35:55.510,0.926,0.148,0.004,0.38785149978995515,-0.30917351120549225,1.8686127398840906,11.0
2016-08-02 15:35:55.520,0.926,0.156,0.0,0.8075198897848351,0.09549814617142902,2.542451696983836,11.0
2016-08-02 15:35:55.530,0.934,0.164,0.004,1.2323660126041374,0.6496051312067465,3.6156294260300497,11.0
2016-08-02 15:35:55.540,0.938,0.156,0.004,1.3999693309152659,1.3212689044802794,4.9381978702196925,11.0
2016-08-02 15:35:55.550,0.934,0.156,0.012,1.7930710621093198,1.5115464007886192,6.077824832046698,11.0
2016-08-02 15:35:55.560,0.941,0.152,0.016,2.6741208517625656,1.3342574490407906,6.837504284119697,11.0
2016-08-02 15:35:55.570,0.945,0.156,0.02,3.2474296252397163,1.389001349790246,7.53634597671717,11.0
2016-08-02 15:35:55.580,0.941,0.148,0.016,3.8609087531153015,1.2849745075238472,7.9940835658412635,11.0
2016-08-02 15:35:55.590,0.953,0.148,0.016,5.071423660243344,0.7774911067009183,7.996590665812614,11.0
2016-08-02 15:35:55.600,0.961,0.16,0.016,5.018375436998207,0.3829595107622711,8.222663111715915,11.0
2016-08-02 15:35:55.610,0.973,0.168,0.016,3.53606554645759,-0.035315399628051206,8.648485124755243,11.0
2016-08-02 15:35:55.620,0.98,0.16,0.016,3.1299531704994434,-0.5377619182298929,8.747944108213769,11.0
2016-08-02 15:35:55.630,0.992,0.156,0.012,3.742936532086185,-0.8176607104981222,8.7961729119377,11.0
2016-08-02 15:35:55.640,1.004,0.16,0.016,4.020428546229573,-0.9501554617762833,8.85755450399756,11.0
2016-08-02 15:35:55.650,1.016,0.164,0.016,4.221848537689176,-0.8830402495737925,8.669444645913838,11.0
2016-08-02 15:35:55.660,1.023,0.16,0.016,4.529511832697057,-0.7632262225646547,8.26726600326117,11.0
2016-08-02 15:35:55.670,1.035,0.16,0.016,4.885850074840543,-0.7497679926089608,7.8278420286248815,11.0
2016-08-02 15:35:55.680,1.043,0.156,0.02,5.3279753794790885,-0.4922871339634738,7.419582017145773,11.0
2016-08-02 15:35:55.690,1.039,0.156,0.016,5.561242007485394,-0.23731923621349849,6.846830752297729,11.0
2016-08-02 15:35:55.700,1.039,0.156,0.016,5.6788171113605745,-0.41027883394437525,6.106749020970884,11.0
2016-08-02 15:35:55.710,1.035,0.152,0.02,6.014323697589644,-0.5896538009989211,5.40676480044167,11.0
2016-08-02 15:35:55.720,1.035,0.152,0.02,6.535571907821836,-0.5162287850034908,4.547938418187426,11.0
2016-08-02 15:35:55.730,1.027,0.156,0.016,6.962528622648533,-0.4560370999603036,3.5271307167948778,11.0
2016-08-02 15:35:55.740,1.023,0.156,0.016,7.002155984217032,-0.5105353417233724,2.822167039261968,11.0
2016-08-02 15:35:55.750,1.016,0.16,0.012,6.6215313636098525,-0.4732024777826511,2.3723931988468476,11.0
2016-08-02 15:35:55.760,1.004,0.16,0.012,6.132112763211148,-0.24491469526338147,1.9827974174363563,11.0
2016-08-02 15:35:55.770,0.992,0.168,0.012,5.80479617029266,-0.04088086983102614,1.7889663510386433,11.0
2016-08-02 15:35:55.780,0.98,0.164,0.012,5.47710939813888,0.07320148905194782,1.7188473327541,11.0
2016-08-02 15:35:55.790,0.965,0.156,0.012,4.960707035599442,0.10869668518852438,1.7612919936945226,11.0
2016-08-02 15:35:55.800,0.953,0.156,0.016,4.33470476650948,-0.07432028561870543,1.8404206009632493,11.0
2016-08-02 15:35:55.810,0.941,0.156,0.008,3.7563660293871406,-0.3568645881761454,1.7611790811607766,11.0
2016-08-02 15:35:55.820,0.934,0.152,0.012,3.5361450410031736,-0.44522052705788606,1.651795634970359,11.0
2016-08-02 15:35:55.830,0.926,0.164,0.016,3.550271275388512,-0.3307768122410933,1.5973202896526175,11.0
2016-08-02 15:35:55.840,0.918,0.168,0.02,3.0610198258098666,-0.2133605215349877,1.5689865827108378,11.0
2016-08-02 15:35:55.850,0.914,0.164,0.02,2.180214855784289,-0.14321001433596417,1.5907059140212436,11.0
2016-08-02 15:35:55.860,0.906,0.16,0.023,1.7432184964458965,0.0020106076064156445,1.5266041289019638,11.0
2016-08-02 15:35:55.870,0.902,0.16,0.023,1.704535438157567,0.20722055953694646,1.3316716350267035,11.0
2016-08-02 15:35:55.880,0.898,0.156,0.016,1.50911411467985,0.37961125384872946,1.2405234840717816,11.0
2016-08-02 15:35:55.890,0.906,0.16,0.004,0.9506429419284866,0.7464037929024229,1.2582796352958532,11.0
2016-08-02 15:35:55.900,0.914,0.172,0.004,0.09498633212020105,1.4201496122227861,1.1938271047583213,11.0
2016-08-02 15:35:55.910,0.926,0.18,0.004,-0.7770688958080658,1.9635478107497661,1.2305396921610285,11.0
2016-08-02 15:35:55.920,0.945,0.172,0.0,-1.409480259630039,2.211611997368399,1.4719754992051675,11.0
2016-08-02 15:35:55.930,0.965,0.168,0.004,-1.5532930531383178,2.4723723455595947,1.6473983750719183,11.0
2016-08-02 15:35:55.940,0.98,0.172,0.004,-0.9576564084191145,2.7430509805245142,1.8075083867301598,11.0
2016-08-02 15:35:55.950,1.0,0.168,0.012,-0.0760616947173073,3.067711876304184,2.0698549397637023,11.0
2016-08-02 15:35:55.960,1.008,0.168,0.012,-0.03485079617295622,3.445779867074948,2.1235107466336425,11.0
2016-08-02 15:35:55.970,1.012,0.168,0.012,-0.9133662988364933,3.0265690885723666,1.9666802092254683,11.0
2016-08-02 15:35:55.980,1.012,0.156,0.012,-1.3363008980686089,2.0329531461470096,1.7530927644868977,11.0
2016-08-02 15:35:55.990,1.02,0.145,0.016,-0.8657387043823309,1.8189649581853544,1.082701582112778,11.0
2016-08-02 15:35:56.000,1.012,0.145,0.012,-0.2561647390492278,1.9325614252549328,-0.008045385388677634,11.0
2016-08-02 15:35:56.010,1.016,0.152,0.016,0.27358541098050326,1.7671342594819568,-0.955502296110641,11.0
2016-08-02 15:35:56.020,1.012,0.16,0.016,0.5191772543562063,1.943713682026483,-1.7359859978655519,11.0
2016-08-02 15:35:56.030,1.0,0.164,0.012,0.252871519912483,2.2085310873206483,-2.4708896673558476,11.0
2016-08-02 15:35:56.040,0.988,0.16,0.016,-0.012502568817809923,2.210429232211238,-3.090688480144105,11.0
2016-08-02 15:35:56.050,0.969,0.156,0.008,0.01307641677820354,2.0152417974129113,-3.704993108801463,11.0
2016-08-02 15:35:56.060,0.957,0.152,0.012,0.001460595665971537,1.43797400483265,-4.391887817757794,11.0
2016-08-02 15:35:56.070,0.957,0.156,0.016,-0.31795414997979377,1.0595101304167884,-4.980596165160509,11.0
2016-08-02 15:35:56.080,0.949,0.156,0.012,-0.9872006052311577,1.0053539896143917,-5.474232500796527,11.0
2016-08-02 15:35:56.090,0.945,0.152,0.012,-1.6935656742083784,0.45564636075242476,-5.9555249954707925,11.0
2016-08-02 15:35:56.100,0.953,0.156,0.016,-1.9115556946210108,0.06879391440784396,-6.132021093268628,11.0
2016-08-02 15:35:56.110,0.961,0.168,0.012,-1.7653029118401822,0.541667794144587,-5.814236351858862,11.0
2016-08-02 15:35:56.120,0.977,0.168,0.008,-1.8448536220797833,0.8823360858091835,-5.16180515543731,11.0
2016-08-02 15:35:56.130,0.992,0.168,0.008,-1.8311207021696556,0.9315894691900686,-4.3179179834451915,11.0
2016-08-02 15:35:56.140,1.012,0.168,0.008,-0.9649513539239406,1.396788907746571,-3.4388248869771125,11.0
2016-08-02 15:35:56.150,1.035,0.176,0.004,0.20617411477024614,2.0329192295610987,-2.722811664561572,11.0
2016-08-02 15:35:56.160,1.051,0.168,0.0,0.5562913626964257,2.4751367397174033,-2.216426232406445,11.0
2016-08-02 15:35:56.170,1.059,0.168,0.0,0.15955960154798604,2.4883544026909776,-1.8936626085743096,11.0
2016-08-02 15:35:56.180,1.074,0.168,-0.004,-0.41499346550781924,1.812056760633832,-1.7793163579922693,11.0
2016-08-02 15:35:56.190,1.09,0.168,0.0,-0.996893057253103,0.9976303199087873,-1.8131554737732194,11.0
2016-08-02 15:35:56.200,1.109,0.172,0.016,-1.2186679494498565,0.7121956322894267,-1.8486606247283386,11.0
2016-08-02 15:35:56.210,1.125,0.176,0.02,-1.1139306493285919,0.8113196686500622,-1.8129112050005216,11.0
2016-08-02 15:35:56.220,1.125,0.172,0.02,-1.3926830442031102,0.6925473645824894,-1.7488426995997859,11.0
2016-08-02 15:35:56.230,1.121,0.168,0.016,-1.8949313171097146,0.1460708244398903,-1.791231516554738,11.0
2016-08-02 15:35:56.240,1.113,0.164,0.02,-2.028389605376537,-0.23210366459288675,-2.022721286517322,11.0
2016-08-02 15:35:56.250,1.098,0.16,0.02,-1.9420087363728356,-0.2695566974418474,-2.3112730424966395,11.0
2016-08-02 15:35:56.260,1.082,0.148,0.012,-1.5252198549250466,-0.5808338071002705,-2.7070715002382073,11.0
2016-08-02 15:35:56.270,1.063,0.145,0.004,-0.5228362190257366,-1.080142156633773,-3.2662447798637375,11.0
2016-08-02 15:35:56.280,1.051,0.152,-0.016,0.46632646770451813,-1.2472227180695001,-3.5076684079677545,11.0
2016-08-02 15:35:56.290,1.031,0.164,-0.02,0.6028866756705337,-1.4045900957905344,-3.294178346656212,11.0
2016-08-02 15:35:56.300,1.016,0.172,-0.02,-0.26440961624776366,-1.9394873649563502,-3.020455595922411,11.0
2016-08-02 15:35:56.310,0.996,0.176,-0.012,-1.027360174676783,-2.343085317685662,-2.739401664281151,11.0
2016-08-02 15:35:56.320,0.973,0.168,0.004,-0.4613502445639005,-2.1987351934084893,-2.320590511412463,11.0
2016-08-02 15:35:56.330,0.957,0.164,0.031,0.8732287730394414,-1.9756884471018714,-1.8046773337589588,11.0
2016-08-02 15:35:56.340,0.941,0.164,0.043,1.7017486324562836,-2.3074537219228066,-1.137631885335244,11.0
2016-08-02 15:35:56.350,0.941,0.168,0.055,1.6760725736423838,-3.101925776000253,-0.2771116128691507,11.0
2016-08-02 15:35:56.360,0.961,0.172,0.066,0.9448942451863166,-3.584124406283463,0.516743364793032,11.0
2016-08-02 15:35:56.370,0.973,0.172,0.055,-0.2934681663100021,-3.6196760986648675,1.1887418755341495,11.0
2016-08-02 15:35:56.380,0.984,0.176,0.035,-1.8205002221331714,-4.001083071010546,1.9142378297761913,11.0
2016-08-02 15:35:56.390,1.004,0.18,0.02,-3.3364807028378483,-4.642786753210159,2.745523766923482,11.0
2016-08-02 15:35:56.400,1.039,0.184,0.0,-4.319816098055751,-4.590645306579488,3.742740449404299,11.0
2016-08-02 15:35:56.410,1.078,0.184,-0.012,-4.327866152237094,-3.7505481205369495,4.832100154344645,11.0
2016-08-02 15:35:56.420,1.094,0.188,-0.02,-3.538148845575831,-2.8128750802549503,5.879591390809563,11.0
2016-08-02 15:35:56.430,1.105,0.191,-0.023,-2.5456472726972583,-2.2403759519690065,6.870905127188973,11.0
2016-08-02 15:35:56.440,1.102,0.188,-0.012,-1.3178311825353042,-1.9055829794837669,7.643992001537795,11.0
2016-08-02 15:35:56.450,1.094,0.168,0.0,0.5524369630111634,-1.5113775756411663,7.785679728221417,11.0
2016-08-02 15:35:56.460,1.07,0.152,0.016,2.568361725558894,-1.2925222718466711,7.0760254244118626,11.0
2016-08-02 15:35:56.470,1.043,0.148,0.031,3.7259763787970077,-1.7060876763879773,5.794667012803619,11.0
2016-08-02 15:35:56.480,1.016,0.156,0.035,3.4472068020045548,-2.5272383067601125,4.43257047199149,11.0
2016-08-02 15:35:56.490,0.984,0.16,0.043,1.558246165826292,-3.401310203031528,3.3784484374039847,11.0
2016-08-02 15:35:56.500,0.953,0.164,0.035,-1.263685814262618,-4.697437102512642,2.722536631209299,11.0
2016-08-02 15:35:56.510,0.949,0.172,0.027,-3.469866339524412,-6.143900884478521,2.4590731861316057,11.0
2016-08-02 15:35:56.520,0.949,0.184,0.023,-4.227283447222099,-6.523866258322535,2.7269738007368995,11.0
2016-08-02 15:35:56.530,0.949,0.188,0.016,-4.15912229140941,-6.009934127800362,3.544684180437042,11.0
2016-08-02 15:35:56.540,0.953,0.191,0.008,-4.201573158627501,-5.8858984440451145,4.819619123944805,11.0
2016-08-02 15:35:56.550,0.953,0.191,-0.008,-4.460110894340127,-5.954502883157481,6.489123283785702,11.0
2016-08-02 15:35:56.560,0.965,0.203,-0.012,-4.244215478019482,-5.367681731800454,8.2963061912094,11.0
2016-08-02 15:35:56.570,0.977,0.191,-0.008,-3.162260325836918,-4.619966270161303,9.877031026976121,11.0
2016-08-02 15:35:56.580,0.988,0.188,0.0,-1.9152688284593906,-4.199188200478027,11.176452168922294,11.0
2016-08-02 15:35:56.590,0.992,0.184,0.012,-1.4050646842578252,-3.8570881744653467,12.168394107677138,11.0
2016-08-02 15:35:56.600,1.004,0.188,0.016,-1.7656071766781136,-3.7242318789342757,12.722830794438234,11.0
2016-08-02 15:35:56.610,1.012,0.184,0.031,-2.5031037656251547,-3.7895619372496854,12.980369329401997,11.0
2016-08-02 15:35:56.620,1.012,0.18,0.035,-2.8073189047884943,-3.7180195263419,12.852492342424991,11.0
2016-08-02 15:35:56.630,1.02,0.172,0.039,-2.564219123664959,-3.5516886085357315,12.162107943124552,11.0
2016-08-02 15:35:56.640,1.02,0.176,0.031,-2.5430214142153833,-3.395145174063021,11.27565180805516,11.0
2016-08-02 15:35:56.650,1.023,0.172,0.023,-2.7332833618286623,-3.2776759774993143,10.346415845491363,11.0
2016-08-02 15:35:56.660,1.027,0.172,0.016,-2.3880154097326898,-3.0418453862734025,9.195826305509367,11.0
2016-08-02 15:35:56.670,1.023,0.168,0.008,-1.5060024860741317,-2.5074700442875337,7.99691361670641,11.0
2016-08-02 15:35:56.680,1.023,0.176,0.008,-0.7699402112542592,-1.9848926447833497,7.023812960472579,11.0
2016-08-02 15:35:56.690,1.02,0.18,0.008,-0.5309373959549637,-1.6772540189951766,6.322090256627847,11.0
2016-08-02 15:35:56.700,1.02,0.184,0.012,-0.33199881458080405,-1.4228094623975003,5.8205359723479,11.0
2016-08-02 15:35:56.710,1.02,0.184,0.012,0.22389518809898057,-1.0966418129774094,5.510926036181241,11.0
2016-08-02 15:35:56.720,1.012,0.184,0.012,0.7407601886035408,-0.7438567162969224,5.4708606623506375,11.0
2016-08-02 15:35:56.730,1.012,0.184,0.016,0.9208609190615462,-0.5494570475978959,5.6031795528390385,11.0
2016-08-02 15:35:56.740,1.008,0.184,0.02,1.0054473332615,-0.42312074242370445,5.735546468683911,11.0
2016-08-02 15:35:56.750,1.008,0.184,0.023,1.10659062985994,-0.2919861168361514,5.872566081304529,11.0
2016-08-02 15:35:56.760,1.0,0.184,0.027,1.183907794405359,-0.343067853133632,5.999035184333854,11.0
2016-08-02 15:35:56.770,1.0,0.184,0.023,1.4503085794920576,-0.455706962494537,6.106169420833604,11.0
2016-08-02 15:35:56.780,0.996,0.184,0.02,1.9201003312592717,-0.5557649065634405,6.170818568274788,11.0
2016-08-02 15:35:56.790,1.0,0.188,0.016,2.108527735034718,-0.626825549968724,6.1130776214380305,11.0
2016-08-02 15:35:56.800,1.0,0.188,0.012,1.9357167584164,-0.41319117861512283,6.009324182364855,11.0
2016-08-02 15:35:56.810,0.996,0.18,0.012,1.9542092630792807,-0.13030823702193348,5.802996547633879,11.0
2016-08-02 15:35:56.820,1.004,0.184,0.016,2.35473489987607,0.0018589189926344687,5.458721520716734,11.0
2016-08-02 15:35:56.830,1.004,0.184,0.016,2.763296970414045,0.29354788618988487,5.207770103299547,11.0
2016-08-02 15:35:56.840,1.008,0.184,0.016,3.0102067925290688,0.7070804009745523,5.0058044428816215,11.0
2016-08-02 15:35:56.850,1.012,0.184,0.016,3.2170393676716413,0.8775619675271816,4.71612458836737,11.0
2016-08-02 15:35:56.860,1.008,0.188,0.016,3.3742440890500003,0.8386987387693989,4.416579352413571,11.0
2016-08-02 15:35:56.870,1.008,0.184,0.02,3.5364812170475433,0.9135857050636336,4.112716879544301,11.0
2016-08-02 15:35:56.880,1.008,0.184,0.023,3.8699018617519645,1.1180935070805682,3.7493058240901984,11.0
2016-08-02 15:35:56.890,1.012,0.184,0.016,4.2745583594736,1.2619696668215,3.31147047230514,11.0
2016-08-02 15:35:56.900,1.012,0.184,0.008,4.383945750778157,1.431045256734044,2.934835759846962,11.0
2016-08-02 15:35:56.910,1.012,0.184,0.0,4.06002323140639,1.6672933854449536,2.6870621171424345,11.0
2016-08-02 15:35:56.920,1.004,0.184,0.004,3.5857860432773845,1.7349728697452704,2.417974277787809,11.0
2016-08-02 15:35:56.930,1.0,0.184,0.004,3.1133959456875537,1.654711450486138,2.2293449651552937,11.0
2016-08-02 15:35:56.940,0.996,0.184,0.012,2.726046111151479,1.6511480566121894,2.1602365021859655,11.0
2016-08-02 15:35:56.950,0.996,0.18,0.016,2.6784405171496077,1.641101381670366,2.0030232279671605,11.0
2016-08-02 15:35:56.960,1.0,0.184,0.012,2.7222067112013564,1.5774768462861966,1.9288361103168317,11.0
2016-08-02 15:35:56.970,1.0,0.184,0.012,2.265435199880484,1.546761173663913,2.058393676918066,11.0
2016-08-02 15:35:56.980,1.004,0.188,0.004,1.315315631086798,1.4795767699704312,2.1486604592506997,11.0
2016-08-02 15:35:56.990,1.008,0.184,0.008,0.3971217963315078,1.3700816683766057,2.0744647644176197,11.0
2016-08-02 15:35:57.000,1.0,0.184,0.004,-0.1434441766091863,1.260833184602785,1.8338219718796616,11.0
2016-08-02 15:35:57.010,1.0,0.18,0.008,-0.48591593181207926,1.1867077317528048,1.479519585685873,11.0
2016-08-02 15:35:57.020,1.0,0.172,0.004,-0.9602790350162054,1.080384777348221,0.9431043810929666,11.0
2016-08-02 15:35:57.030,1.004,0.172,0.004,-1.4470399727815804,0.8316367777447469,0.1743784879073103,11.0
2016-08-02 15:35:57.040,1.008,0.176,0.004,-1.7867711748550472,0.7633523850950865,-0.5514476402977019,11.0
2016-08-02 15:35:57.050,1.012,0.176,-0.008,-2.2759785525732363,1.0937546720197273,-1.2371965098362532,11.0
2016-08-02 15:35:57.060,1.016,0.172,-0.012,-2.85323556627494,1.3621280465349441,-2.0486767827229615,11.0
2016-08-02 15:35:57.070,1.02,0.164,-0.012,-2.9701040228088456,1.4453547979260084,-2.8009605580052623,11.0
2016-08-02 15:35:57.080,1.02,0.164,-0.008,-2.96404955914661,1.6915845331687023,-3.39083492822047,11.0
2016-08-02 15:35:57.090,1.02,0.164,-0.008,-3.717889488472305,1.8000090701016476,-3.816360490381723,11.0
2016-08-02 15:35:57.100,1.02,0.164,-0.004,-4.962670634527618,1.5742687763469354,-4.121089264601265,11.0
2016-08-02 15:35:57.110,1.02,0.168,0.004,-5.85613322321433,1.5639877783986846,-4.4208580387441305,11.0
2016-08-02 15:35:57.120,1.02,0.168,0.008,-6.249086298726748,1.7295676021322297,-4.671914126014893,11.0
2016-08-02 15:35:57.130,1.02,0.164,0.008,-6.336538107488033,1.701412801026827,-5.009593294301256,11.0
2016-08-02 15:35:57.140,1.023,0.168,0.004,-6.330185444081912,1.7919306539761726,-5.637993005573357,11.0
2016-08-02 15:35:57.150,1.023,0.164,-0.008,-6.440856981585204,2.1105689415656643,-6.244429197766663,11.0
2016-08-02 15:35:57.160,1.02,0.164,-0.016,-6.82482432828386,2.3194203561137012,-6.560310598624737,11.0
2016-08-02 15:35:57.170,1.023,0.168,-0.016,-7.53954282703573,2.4510135306948198,-6.759202292233571,11.0
2016-08-02 15:35:57.180,1.027,0.168,-0.008,-8.17718573385908,2.7244337399135845,-6.744491967445292,11.0
2016-08-02 15:35:57.190,1.031,0.172,-0.008,-8.238176020993784,3.1111983299956627,-6.297851583612611,11.0
2016-08-02 15:35:57.200,1.039,0.168,0.0,-7.794036627525664,3.4537984740293197,-5.670484504714538,11.0
2016-08-02 15:35:57.210,1.047,0.172,0.0,-7.125832599037025,3.658356168664309,-5.01531611077282,11.0
2016-08-02 15:35:57.220,1.059,0.176,-0.012,-6.51193270353406,3.7509331316922814,-4.237882391144746,11.0
2016-08-02 15:35:57.230,1.066,0.172,-0.016,-6.118240944164276,3.771152945659358,-3.623465313830237,11.0
2016-08-02 15:35:57.240,1.078,0.168,-0.008,-5.4901103561734965,3.8323116857342345,-3.474164872734411,11.0
2016-08-02 15:35:57.250,1.082,0.164,-0.004,-4.418903048148728,4.003051893890466,-3.6917758766603512,11.0
2016-08-02 15:35:57.260,1.078,0.156,-0.004,-3.693832216448229,3.8585867477973075,-4.1999314010893105,11.0
2016-08-02 15:35:57.270,1.074,0.152,0.004,-3.6755136660895418,3.231333784978049,-4.9917044533771024,11.0
2016-08-02 15:35:57.280,1.07,0.156,0.008,-3.7839181420597074,2.649106018576312,-5.863741752031868,11.0
2016-08-02 15:35:57.290,1.063,0.152,0.008,-3.750508882238488,2.168011763323257,-6.667593846584625,11.0
2016-08-02 15:35:57.300,1.055,0.152,0.012,-3.6447649174695895,1.5436357501230389,-7.467902886601171,11.0
2016-08-02 15:35:57.310,1.047,0.148,0.012,-3.3820793893151078,0.9461891777568875,-8.199403431337647,11.0
2016-08-02 15:35:57.320,1.047,0.152,0.008,-3.130537389943309,0.5544738195303336,-8.767815474422868,11.0
2016-08-02 15:35:57.330,1.047,0.16,0.0,-2.973058167609312,0.40494354598025084,-9.249969080037854,11.0
2016-08-02 15:35:57.340,1.047,0.156,-0.004,-2.5502739135265595,0.48464004610288125,-9.604924916957465,11.0
2016-08-02 15:35:57.350,1.035,0.152,-0.004,-1.8255409808353247,0.6510203245470989,-9.815991409743491,11.0
2016-08-02 15:35:57.360,1.031,0.156,-0.008,-1.261844922144535,0.676123737181528,-9.965190651767848,11.0
2016-08-02 15:35:57.370,1.031,0.16,0.0,-1.0694431016058088,0.649401392883826,-9.925364374252688,11.0
2016-08-02 15:35:57.380,1.031,0.156,0.008,-0.8601770628300044,0.6735354419209431,-9.651489166522893,11.0
2016-08-02 15:35:57.390,1.035,0.152,0.008,-0.3336763291701993,0.42635624777660713,-9.28758491147031,11.0
2016-08-02 15:35:57.400,1.043,0.16,0.008,0.18464188711199767,0.02151691455056461,-8.888360404968571,11.0
2016-08-02 15:35:57.410,1.051,0.16,0.012,0.4825526091499723,0.021572692218136083,-8.451024431108443,11.0
2016-08-02 15:35:57.420,1.051,0.16,0.012,0.8812148118878779,0.31960115556934454,-7.995129025360608,11.0
2016-08-02 15:35:57.430,1.055,0.156,0.0,1.4834623926765218,0.18411557270678688,-7.708203600021026,11.0
2016-08-02 15:35:57.440,1.051,0.148,-0.008,2.215546449489088,-0.28866443467866393,-7.7386718039167235,11.0
2016-08-02 15:35:57.450,1.047,0.148,-0.012,3.0739953615387394,-0.24057972711889183,-7.957983678935901,11.0
2016-08-02 15:35:57.460,1.035,0.148,-0.008,3.6974240186028364,-0.17438346370846683,-8.437642107619585,11.0
2016-08-02 15:35:57.470,1.012,0.133,-0.004,4.080512016307889,-0.7895413196141878,-9.311251919650003,11.0
2016-08-02 15:35:57.480,0.996,0.133,0.008,4.716713182372864,-1.1223291796518502,-10.429610165161805,11.0
2016-08-02 15:35:57.490,0.984,0.129,0.016,5.433463015718614,-0.8593392009292811,-11.831755776513965,11.0
2016-08-02 15:35:57.500,0.945,0.133,0.016,5.46535679257538,-0.8574672499871879,-13.290772191221293,11.0
2016-08-02 15:35:57.510,0.926,0.133,0.016,4.365325764411411,-1.4416708381704892,-14.217140488147315,11.0
2016-08-02 15:35:57.520,0.91,0.137,0.016,2.613865574207494,-2.2760314749160253,-14.658673838387411,11.0
2016-08-02 15:35:57.530,0.91,0.148,0.016,1.0661926735647371,-2.6621052015546645,-14.726833415386306,11.0
2016-08-02 15:35:57.540,0.91,0.148,0.02,0.1424694475126247,-2.440065461907102,-14.219486623770479,11.0
2016-08-02 15:35:57.550,0.918,0.16,0.016,-0.2744620571961035,-2.066122545708882,-13.18235060436804,11.0
2016-08-02 15:35:57.560,0.918,0.164,0.008,-0.9034144792503498,-1.9295624429892504,-11.642979488089741,11.0
2016-08-02 15:35:57.570,0.93,0.164,0.008,-1.760213627994897,-2.094005763720505,-9.807734224459589,11.0
2016-08-02 15:35:57.580,0.941,0.16,0.008,-2.08006185291746,-1.9558716215494858,-7.949429747959309,11.0
2016-08-02 15:35:57.590,0.941,0.156,0.004,-2.384108443267105,-1.6542372965611292,-6.065585748219878,11.0
2016-08-02 15:35:57.600,0.949,0.16,0.008,-3.422675609147693,-2.066778885941873,-4.38242521705318,11.0
2016-08-02 15:35:57.610,0.961,0.16,0.012,-4.629672195103169,-2.227893027667121,-3.038751148833188,11.0
2016-08-02 15:35:57.620,0.965,0.152,0.016,-5.843654321565873,-1.2522663392139681,-2.0631546965779153,11.0
2016-08-02 15:35:57.630,0.957,0.148,0.008,-7.53623867604525,-0.8050771994385457,-1.5277206687260336,11.0
2016-08-02 15:35:57.640,0.957,0.148,0.008,-8.902296102028089,-1.3648342723872622,-1.0638225904403373,11.0
2016-08-02 15:35:57.650,0.965,0.148,0.012,-9.095378687137853,-1.298024639746148,-0.5456263872188143,11.0
2016-08-02 15:35:57.660,0.98,0.152,0.012,-9.263845826993684,-0.8453894917209124,-0.16681265588429786,11.0
2016-08-02 15:35:57.670,0.988,0.152,0.012,-9.693712819776039,-1.1353984484812176,0.17766666565917616,11.0
2016-08-02 15:35:57.680,0.996,0.145,0.023,-8.589321945067933,-1.3143066837380006,0.43043338431948663,11.0
2016-08-02 15:35:57.690,1.004,0.148,0.023,-6.333824740574107,-0.6188004896837433,0.6486346813146979,11.0
2016-08-02 15:35:57.700,1.008,0.156,0.02,-5.398630643820738,-0.032021515377672345,1.1325991104474173,11.0
2016-08-02 15:35:57.710,0.996,0.16,0.016,-5.993713517702795,-0.06775441271510364,1.592921703371497,11.0
2016-08-02 15:35:57.720,0.988,0.148,0.02,-6.168121836138493,0.07646684171334758,1.7246625715941775,11.0
2016-08-02 15:35:57.730,0.969,0.133,0.02,-4.902704407625289,0.398824772233496,1.7721660484941109,11.0
2016-08-02 15:35:57.740,0.945,0.125,0.016,-3.038027303515343,0.08465945330260002,1.6562853168092202,11.0
2016-08-02 15:35:57.750,0.93,0.133,0.016,-1.903404822144414,-0.4550447870765004,1.2921497017142558,11.0
2016-08-02 15:35:57.760,0.914,0.141,0.02,-1.6037265639331815,-0.6514328558595244,1.0542135718062076,11.0
2016-08-02 15:35:57.770,0.902,0.141,0.02,-0.8231807747770917,-0.9557923252546681,0.9867138673319478,11.0
2016-08-02 15:35:57.780,0.906,0.148,0.023,1.1972223445562704,-1.1690605687669047,1.1612007611639341,11.0
2016-08-02 15:35:57.790,0.914,0.156,0.02,3.655525728814635,-0.9820402123851508,1.855928734021807,11.0
2016-08-02 15:35:57.800,0.922,0.164,0.016,5.188149424548646,-0.8749117936515344,3.215521514698356,11.0
2016-08-02 15:35:57.810,0.941,0.184,0.012,4.524391727342456,-0.8190147624016026,5.4603818773969355,11.0
2016-08-02 15:35:57.820,0.961,0.191,0.008,2.0820527822534847,-1.033743240448797,8.239054270123543,11.0
2016-08-02 15:35:57.830,0.988,0.184,0.0,0.9091746662751444,-1.8930039802438456,10.974611741979697,11.0
2016-08-02 15:35:57.840,1.02,0.18,0.008,2.4235392332285293,-2.406187737076831,13.810954233047447,11.0
2016-08-02 15:35:57.850,1.051,0.184,0.02,3.8678185263171256,-2.1190532950929635,16.486945182293127,11.0
2016-08-02 15:35:57.860,1.066,0.184,0.023,3.86825382138242,-1.9030017306214224,18.156946387907468,11.0
2016-08-02 15:35:57.870,1.07,0.168,0.027,4.406815833140912,-1.89106283471427,18.943420443222095,11.0
2016-08-02 15:35:57.880,1.063,0.156,0.023,5.435082566724393,-1.8651483602204548,19.041415350774614,11.0
2016-08-02 15:35:57.890,1.059,0.152,0.02,5.275561898986189,-1.980369166704996,17.7623549985665,11.0
2016-08-02 15:35:57.900,1.043,0.137,0.016,4.945271556305967,-1.7034400830758423,15.23787099474422,11.0
2016-08-02 15:35:57.910,1.027,0.125,0.016,6.153716646604087,-0.912171653075086,12.18708192413838,11.0
2016-08-02 15:35:57.920,1.016,0.117,0.012,8.13905825324337,-0.45381697831725026,8.892202313910268,11.0
2016-08-02 15:35:57.930,1.004,0.121,0.0,9.367284169252537,-0.17347852932797442,5.948187839209666,11.0
2016-08-02 15:35:57.940,0.996,0.137,0.004,9.624050422422814,0.44800776551864674,3.8035875351255948,11.0
2016-08-02 15:35:57.950,0.988,0.152,0.004,9.575648773819667,1.2191070227194511,2.467746248002999,11.0
2016-08-02 15:35:57.960,0.988,0.164,0.004,9.603293779673251,2.120885886013302,1.9686554395209772,11.0
2016-08-02 15:35:57.970,0.984,0.164,0.012,9.756664010792312,3.231353740230107,1.8701551417389943,11.0
2016-08-02 15:35:57.980,0.977,0.16,0.008,10.577071441320935,4.354088696123556,1.8078055332901197,11.0
2016-08-02 15:35:57.990,0.965,0.152,0.0,12.09233121733092,5.116651242114253,1.9546686803157325,11.0
2016-08-02 15:35:58.000,0.949,0.152,0.0,13.044468766277067,5.292729456070759,2.2423198609248507,11.0
2016-08-02 15:35:58.010,0.949,0.156,0.008,12.888619815148472,5.196859275392726,2.4478349005953186,11.0
2016-08-02 15:35:58.020,0.949,0.16,0.004,11.97960050585813,5.054496571442526,2.51545730423833,11.0
2016-08-02 15:35:58.030,0.953,0.164,0.016,10.42371581576816,4.500512936251259,2.6353516703354596,11.0
2016-08-02 15:35:58.040,0.961,0.164,0.016,8.885748566244974,3.719212913346034,2.9453548554055518,11.0
2016-08-02 15:35:58.050,0.969,0.172,0.016,7.75356276037372,3.375715304769751,3.2489549475667454,11.0
2016-08-02 15:35:58.060,0.969,0.176,0.02,6.231156290786423,3.123362459837273,3.691918970438768,11.0
2016-08-02 15:35:58.070,0.977,0.176,0.02,4.390674520709456,2.596654719580231,4.265178831411587,11.0
2016-08-02 15:35:58.080,0.984,0.176,0.016,3.181442419987996,2.341065040950003,4.579142869459391,11.0
2016-08-02 15:35:58.090,0.996,0.172,0.016,2.9399637143790995,2.453279257679105,4.798118896559979,11.0
2016-08-02 15:35:58.100,1.008,0.164,0.008,3.515847476298185,2.591691130317926,5.019852870155857,11.0
2016-08-02 15:35:58.110,1.016,0.168,0.0,4.048946602074533,2.6304679367280634,5.053851997427232,11.0
2016-08-02 15:35:58.120,1.016,0.176,-0.008,3.812539286391366,2.475800352788676,4.94062490852559,11.0
2016-08-02 15:35:58.130,1.023,0.18,-0.004,3.4113035904432527,2.4591492139516307,4.715634327554814,11.0
2016-08-02 15:35:58.140,1.02,0.18,0.0,3.3012169837835335,2.703693662518817,4.389963468567128,11.0
2016-08-02 15:35:58.150,1.016,0.168,0.004,3.2025097771758957,2.6986367754462712,3.828623439902912,11.0
2016-08-02 15:35:58.160,1.012,0.164,0.008,3.1892141525175783,2.616203760740396,2.9906692214505615,11.0
2016-08-02 15:35:58.170,1.004,0.164,0.012,3.1845666021952237,2.6853474004691047,2.1213334470807266,11.0
2016-08-02 15:35:58.180,0.992,0.164,0.016,2.794350530789883,2.61530328173998,1.1371864840208203,11.0
2016-08-02 15:35:58.190,0.973,0.16,0.016,2.149483571585467,2.576556722507356,0.08826250836899054,11.0
2016-08-02 15:35:58.200,0.949,0.156,0.016,1.4779248678383439,2.5818719688892315,-0.7098223064844454,11.0
2016-08-02 15:35:58.210,0.934,0.156,0.012,0.8045041420164715,2.4835126630240394,-1.4586100281733583,11.0
2016-08-02 15:35:58.220,0.91,0.152,0.012,0.28716902764590824,2.5208227721215923,-2.1780335813992435,11.0
2016-08-02 15:35:58.230,0.891,0.152,0.004,-0.20523579300174813,2.6048870057765203,-2.5178699486724025,11.0
2016-08-02 15:35:58.240,0.883,0.156,0.004,-0.9665799899233131,2.522949612680689,-2.5929057375737545,11.0
2016-08-02 15:35:58.250,0.879,0.164,0.008,-1.8835270641931057,2.550621986027326,-2.4765179084640434,11.0
2016-08-02 15:35:58.260,0.883,0.176,0.012,-2.9934677246698365,2.937939504557871,-1.9407032671409197,11.0
2016-08-02 15:35:58.270,0.875,0.18,0.008,-4.398011026102952,3.3867058996863424,-1.1369506155288347,11.0
2016-08-02 15:35:58.280,0.875,0.168,0.004,-5.317246527306639,3.4750969241012184,-0.34287388201281027,11.0
2016-08-02 15:35:58.290,0.883,0.156,0.004,-4.970956303472024,3.3137442435192384,0.37753196228677044,11.0
2016-08-02 15:35:58.300,0.895,0.156,0.008,-4.182397480118979,3.4092018569769826,0.9129350029657651,11.0
2016-08-02 15:35:58.310,0.906,0.16,0.008,-4.620973266540382,3.6570656734214193,1.1783367836293688,11.0
2016-08-02 15:35:58.320,0.922,0.156,0.008,-6.229334082813451,3.3855772034518763,1.148380226037984,11.0
2016-08-02 15:35:58.330,0.941,0.137,0.023,-6.7967893968107544,2.940691891909973,0.7611586980505346,11.0
2016-08-02 15:35:58.340,0.961,0.129,0.031,-5.298589953563817,3.2867775271502024,-0.07306547134320446,11.0
2016-08-02 15:35:58.350,0.965,0.133,0.02,-3.812038002583142,4.1798553430723935,-1.3173584639905656,11.0
2016-08-02 15:35:58.360,0.957,0.137,0.008,-3.861174947588358,4.706942637209372,-2.7488514677614786,11.0
2016-08-02 15:35:58.370,0.949,0.117,0.008,-3.8412861355505004,4.707474063249111,-4.464315934572474,11.0
2016-08-02 15:35:58.380,0.934,0.117,0.012,-2.895859947297162,4.499843500173883,-6.472650480006637,11.0
2016-08-02 15:35:58.390,0.926,0.125,0.016,-2.4950179767692324,4.06479838852393,-8.108434450973862,11.0
2016-08-02 15:35:58.400,0.918,0.129,0.02,-2.571349226738989,3.2242001297850367,-9.148275747001714,11.0
2016-08-02 15:35:58.410,0.914,0.133,0.02,-1.9262006028732086,2.140359736441056,-9.73791086390783,11.0
2016-08-02 15:35:58.420,0.918,0.148,0.027,-1.6289093216142356,1.2245526172012513,-9.280117415851649,11.0
2016-08-02 15:35:58.430,0.934,0.168,0.027,-2.912303256313565,0.5521188828828063,-7.509091735131481,11.0
2016-08-02 15:35:58.440,0.945,0.18,0.027,-4.675808078469181,-0.09744731563734085,-4.978966603072866,11.0
2016-08-02 15:35:58.450,0.973,0.188,0.02,-6.026530002755332,-0.7527990878559676,-1.9242740077699945,11.0
2016-08-02 15:35:58.460,1.008,0.203,0.016,-7.226011106341373,-1.4412606061435702,1.44643818006455,11.0
2016-08-02 15:35:58.470,1.051,0.207,0.008,-8.382673940660062,-1.9654887584645384,4.898562742319397,11.0
2016-08-02 15:35:58.480,1.094,0.199,0.004,-9.408147222626841,-2.183226737474625,8.38188969910016,11.0
2016-08-02 15:35:58.490,1.145,0.203,0.004,-9.605471908972467,-2.3524700401822978,11.250355980212248,11.0
2016-08-02 15:35:58.500,1.184,0.223,0.008,-8.747828857336739,-1.9564115957148427,13.333710754639776,11.0
2016-08-02 15:35:58.510,1.219,0.219,0.016,-7.94691175694591,-0.78823365475857,15.026005317432116,11.0
2016-08-02 15:35:58.520,1.234,0.199,0.008,-7.250477268875681,0.046827259970215654,15.70446056549532,11.0
2016-08-02 15:35:58.530,1.227,0.172,0.0,-5.899951693262004,0.4451377231125127,14.9675355439042,11.0
2016-08-02 15:35:58.540,1.211,0.156,0.008,-4.4540243666552115,0.7639023640705545,12.902445175694139,11.0
2016-08-02 15:35:58.550,1.184,0.152,0.012,-3.130474150276684,0.522448611191338,9.130685441922589,11.0
2016-08-02 15:35:58.560,1.168,0.152,0.02,-1.3224960168519824,0.18800508104517058,4.142029314452109,11.0
2016-08-02 15:35:58.570,1.137,0.156,0.012,-0.08073065298953558,0.214489605664017,-0.6300692173994824,11.0
2016-08-02 15:35:58.580,1.105,0.168,0.008,-1.087631358028994,-0.2827828142297789,-4.270635249476277,11.0
2016-08-02 15:35:58.590,1.09,0.176,0.008,-3.5127003235653533,-1.372434441679196,-6.807455821947796,11.0
2016-08-02 15:35:58.600,1.078,0.156,0.012,-4.5384029122184515,-2.0064261796224523,-8.330698702014235,11.0
2016-08-02 15:35:58.610,1.063,0.145,0.012,-2.8198519548748684,-1.853024187192519,-8.677844313601641,11.0
2016-08-02 15:35:58.620,1.047,0.156,0.016,-0.7231121462035499,-1.5095415962252354,-8.129401743472783,11.0
2016-08-02 15:35:58.630,1.02,0.164,0.02,-1.1726369373357572,-1.467864335077177,-6.8602442603987255,11.0
2016-08-02 15:35:58.640,0.98,0.156,0.027,-2.920675449066109,-1.7789367372093863,-5.200708853156023,11.0
2016-08-02 15:35:58.650,0.953,0.141,0.035,-3.219808761270738,-2.3789705684165083,-4.067316764648382,11.0
2016-08-02 15:35:58.660,0.934,0.137,0.039,-2.5298600028792553,-2.9353193495054852,-3.5609156277511707,11.0
2016-08-02 15:35:58.670,0.922,0.145,0.043,-2.6533461825961044,-3.367615898623571,-3.2564997679575094,11.0
2016-08-02 15:35:58.680,0.918,0.148,0.043,-3.750640528122603,-4.135745195359465,-3.038809502834454,11.0
2016-08-02 15:35:58.690,0.918,0.16,0.043,-4.971792974447915,-4.987736124483514,-2.4869007055407435,11.0
2016-08-02 15:35:58.700,0.934,0.172,0.031,-6.135369959554369,-5.4775372589931175,-1.3631080595743705,11.0
2016-08-02 15:35:58.710,0.945,0.18,0.02,-7.7566943569652835,-5.92291194092079,0.14103571118412728,11.0
2016-08-02 15:35:58.720,0.969,0.18,0.016,-9.287623822482011,-6.245509380970525,2.0626035407331385,11.0
2016-08-02 15:35:58.730,0.996,0.184,0.016,-9.352839376226353,-5.877189971394295,4.070679574052129,11.0
2016-08-02 15:35:58.740,1.023,0.172,0.016,-7.95321513254847,-4.7320030230562615,5.804578377002998,11.0
2016-08-02 15:35:58.750,1.051,0.168,0.008,-6.059415861871116,-3.4648639826162415,7.341742311129075,11.0
2016-08-02 15:35:58.760,1.063,0.176,0.004,-4.669440238342749,-2.9678134319832865,8.472107480734332,11.0
2016-08-02 15:35:58.770,1.074,0.18,0.008,-4.494619722197574,-3.2075450255078044,9.240075969766249,11.0
2016-08-02 15:35:58.780,1.094,0.184,0.016,-4.641317518444536,-3.51059554546719,9.648940096529977,11.0
2016-08-02 15:35:58.790,1.105,0.172,0.012,-4.056336456907896,-3.671361965718914,9.379736720182358,11.0
2016-08-02 15:35:58.800,1.102,0.16,0.012,-2.978078692043692,-3.710511518514432,8.654704893245855,11.0
2016-08-02 15:35:58.810,1.086,0.156,0.016,-1.5776168160247395,-3.7495668162411278,7.560355965236807,11.0
2016-08-02 15:35:58.820,1.059,0.145,0.016,-0.14622261870342465,-4.0416241977134195,6.050126093594358,11.0
2016-08-02 15:35:58.830,1.039,0.145,0.02,1.136047148897097,-4.409678339839156,4.474111797123989,11.0
2016-08-02 15:35:58.840,1.016,0.141,0.023,2.587480015794396,-4.412206509230588,3.039524244715332,11.0
2016-08-02 15:35:58.850,1.0,0.156,0.023,3.688611210058161,-4.315398745536364,1.8308299464951052,11.0
2016-08-02 15:35:58.860,0.984,0.176,0.027,3.815537153084736,-4.784766715528089,1.1759459461715729,11.0
2016-08-02 15:35:58.870,0.977,0.188,0.02,3.1926597863023725,-5.469873402611678,1.434567984334313,11.0
2016-08-02 15:35:58.880,0.973,0.195,0.012,2.154618304955323,-5.758279906169863,2.474564469113593,11.0
2016-08-02 15:35:58.890,0.969,0.195,0.012,1.2064221380147893,-5.858818108476534,3.9633712708045605,11.0
2016-08-02 15:35:58.900,0.969,0.199,0.008,0.9664914397904198,-5.923569367209662,5.787415203926754,11.0
2016-08-02 15:35:58.910,0.977,0.199,0.004,1.6742612166716624,-5.871545664203221,7.711757439297083,11.0
2016-08-02 15:35:58.920,0.988,0.203,0.008,2.987374343882208,-5.564630769006992,9.54726984415814,11.0
2016-08-02 15:35:58.930,0.992,0.195,0.012,3.9763117196367963,-5.06535160707789,11.349039684484366,11.0
2016-08-02 15:35:58.940,0.992,0.188,0.023,4.424451744564211,-4.882779044547231,12.906784522100205,11.0
2016-08-02 15:35:58.950,1.0,0.172,0.027,4.845395688615158,-4.916799167336463,13.816722431084036,11.0
2016-08-02 15:35:58.960,1.004,0.172,0.027,4.798631333673081,-4.8235879099091346,13.993943857942321,11.0
2016-08-02 15:35:58.970,1.012,0.172,0.031,4.210772597141726,-4.834523987103976,13.61298790713028,11.0
2016-08-02 15:35:58.980,1.012,0.168,0.023,3.9469512513521323,-4.765584596357809,12.770116239179544,11.0
2016-08-02 15:35:58.990,1.016,0.176,0.023,3.2526261947370667,-4.465399097650335,11.44918091646008,11.0
2016-08-02 15:35:59.000,1.012,0.18,0.023,1.3369144238727135,-4.337349359033628,9.89491786586625,11.0
2016-08-02 15:35:59.010,1.012,0.172,0.02,-0.07640013468259034,-4.046186038455242,8.524158458179203,11.0
2016-08-02 15:35:59.020,1.016,0.164,0.016,0.20282055921158482,-3.338163700841927,7.412823471534856,11.0
2016-08-02 15:35:59.030,1.016,0.168,0.012,1.1528371412968306,-2.8555468766790955,6.481856528400787,11.0
2016-08-02 15:35:59.040,1.02,0.172,0.016,1.8499496985355024,-2.448501997824232,5.80695774328376,11.0
2016-08-02 15:35:59.050,1.02,0.176,0.016,2.037270219031991,-1.7655559640225817,5.469654445351235,11.0
2016-08-02 15:35:59.060,1.016,0.18,0.012,1.7171807199616587,-1.3084406618762068,5.3955316295732265,11.0
2016-08-02 15:35:59.070,1.012,0.184,0.016,1.2346303219463728,-1.1142296723035068,5.381898825317966,11.0
2016-08-02 15:35:59.080,1.008,0.184,0.016,0.6767506760987407,-0.9185068494680579,5.376478095018923,11.0
2016-08-02 15:35:59.090,0.996,0.184,0.02,-0.12826353757703804,-0.8561501597741408,5.463987853237449,11.0
2016-08-02 15:35:59.100,0.992,0.184,0.02,-1.004122920696826,-0.979641200143734,5.547447831706222,11.0
2016-08-02 15:35:59.110,0.992,0.184,0.016,-1.723998186162874,-1.1765798676095778,5.4765173043962045,11.0
2016-08-02 15:35:59.120,0.988,0.18,0.02,-2.3553377453189026,-1.2255771236613662,5.355417413972799,11.0
2016-08-02 15:35:59.130,0.992,0.184,0.016,-2.8512931751601887,-1.0608748446782625,5.252778305233587,11.0
2016-08-02 15:35:59.140,1.0,0.184,0.016,-3.1041780752236057,-0.8832558474739725,4.97447277695972,11.0
2016-08-02 15:35:59.150,0.996,0.184,0.023,-3.1257562767676106,-0.6947683784470922,4.597923520613159,11.0
2016-08-02 15:35:59.160,0.996,0.18,0.027,-2.9179950902212717,-0.4528962296678509,4.308850621209691,11.0
2016-08-02 15:35:59.170,1.008,0.18,0.02,-2.6698213679347536,-0.2135942085387348,3.973743449252233,11.0
2016-08-02 15:35:59.180,1.012,0.184,0.02,-2.4711695829678497,0.08987594165971066,3.609887615517998,11.0
2016-08-02 15:35:59.190,1.012,0.184,0.012,-2.240537884370412,0.4540759954853658,3.2813928322371115,11.0
2016-08-02 15:35:59.200,1.008,0.18,0.012,-2.1180569893684402,0.8063283215061876,2.848813622465215,11.0
2016-08-02 15:35:59.210,1.004,0.18,0.012,-2.1818188058887085,1.1194177318667982,2.3334864511231506,11.0
2016-08-02 15:35:59.220,1.0,0.176,0.012,-2.3479711446361584,1.4413222396361365,1.8642208874571555,11.0
2016-08-02 15:35:59.230,0.996,0.176,0.012,-2.4020018843342306,1.7836904507280427,1.3750397043615545,11.0
2016-08-02 15:35:59.240,1.0,0.168,0.016,-2.1004620755712162,2.0353192835745797,0.7551024588243475,11.0
2016-08-02 15:35:59.250,1.0,0.176,0.016,-1.7641484277598278,2.318005924995863,0.1649929318562269,11.0
2016-08-02 15:35:59.260,1.0,0.18,0.016,-1.932094647145937,2.573033937651261,-0.21497693019258646,11.0
2016-08-02 15:35:59.270,1.004,0.172,0.016,-2.306547759351276,2.487646896796158,-0.4778949746510045,11.0
2016-08-02 15:35:59.280,1.008,0.176,0.016,-2.312126580465624,2.4597017245949857,-0.7769260824523527,11.0
2016-08-02 15:35:59.290,1.008,0.168,0.012,-2.2238477656816746,2.7363896229308304,-1.0877144463392074,11.0
2016-08-02 15:35:59.300,1.008,0.168,0.012,-2.329279879657706,2.796513130026039,-1.3058258797242788,11.0
2016-08-02 15:35:59.310,1.008,0.164,0.008,-2.3627536723936435,2.755819015211685,-1.5954753788698273,11.0
2016-08-02 15:35:59.320,1.016,0.164,0.012,-2.3357025813846675,2.9137095434754885,-2.0506534862897845,11.0
2016-08-02 15:35:59.330,1.016,0.164,0.012,-2.324758671184707,2.9532297590021965,-2.4843960960488864,11.0
2016-08-02 15:35:59.340,1.016,0.164,0.012,-2.2849636953969257,2.906609856891329,-2.965207329824314,11.0
2016-08-02 15:35:59.350,1.02,0.16,0.016,-2.3551610180944205,2.839217358358289,-3.5491503682920493,11.0
2016-08-02 15:35:59.360,1.023,0.156,0.016,-2.420717963923967,2.536287662158907,-4.161013019823566,11.0
2016-08-02 15:35:59.370,1.035,0.152,0.012,-2.3155730618264094,2.377911051144221,-4.929315336794808,11.0
2016-08-02 15:35:59.380,1.043,0.156,0.008,-2.197996681457895,2.662616544904635,-5.732604137989634,11.0
2016-08-02 15:35:59.390,1.047,0.164,-0.008,-2.2275094855270297,2.8551861553594735,-6.293630775557789,11.0
2016-08-02 15:35:59.400,1.047,0.156,-0.016,-2.410701695517635,2.743268596871686,-6.692321765250322,11.0
2016-08-02 15:35:59.410,1.055,0.156,-0.004,-2.5705834132723053,2.698824020642666,-6.987333524163404,11.0
2016-08-02 15:35:59.420,1.055,0.152,0.0,-2.5175430431494803,2.645119123285056,-7.17858099083225,11.0
2016-08-02 15:35:59.430,1.066,0.156,0.012,-2.0537542058071154,2.4054439768989093,-7.526791474157143,11.0
2016-08-02 15:35:59.440,1.078,0.152,0.012,-0.9596820464373261,2.4265259853885985,-8.159660480686252,11.0
2016-08-02 15:35:59.450,1.078,0.148,0.008,0.6169580845285529,2.9134618483598653,-8.926267225692584,11.0
2016-08-02 15:35:59.460,1.07,0.137,-0.008,1.9799043950246156,3.133001828461768,-9.7408169530366,11.0
2016-08-02 15:35:59.470,1.055,0.137,-0.012,2.2723887686181046,2.7130615784817502,-10.563067224474937,11.0
2016-08-02 15:35:59.480,1.043,0.141,-0.012,1.395860630800102,2.199421511525113,-11.225594708327971,11.0
2016-08-02 15:35:59.490,1.035,0.148,0.0,0.03878126850229624,1.700474368154208,-11.641846451817624,11.0
2016-08-02 15:35:59.500,1.012,0.152,0.004,-1.0422890769574609,1.157442333635079,-11.935195015120298,11.0
2016-08-02 15:35:59.510,1.004,0.148,0.012,-1.312776358679001,0.910302742658481,-11.988801894134966,11.0
2016-08-02 15:35:59.520,0.992,0.148,0.016,-0.7851904164545906,0.8430979155557199,-11.614499862520084,11.0
2016-08-02 15:35:59.530,0.98,0.148,0.016,0.23252048038712186,0.8421302624080473,-11.153230583998607,11.0
2016-08-02 15:35:59.540,0.973,0.141,0.004,1.4190216971332912,1.056850145899145,-10.777051973189824,11.0
2016-08-02 15:35:59.550,0.969,0.145,-0.008,2.208245527870824,1.2261413353903552,-10.200294326479439,11.0
2016-08-02 15:35:59.560,0.969,0.152,-0.016,2.3513678777298237,1.3139427279493074,-9.585327620170851,11.0
2016-08-02 15:35:59.570,0.973,0.152,-0.02,2.2158014862248607,1.7302866153733687,-9.066725275882836,11.0
2016-08-02 15:35:59.580,0.977,0.148,-0.02,2.1432330934040236,2.244505095230711,-8.300871417884231,11.0
2016-08-02 15:35:59.590,0.977,0.148,-0.02,2.2502295396800767,2.2624834967376475,-7.2962529085645205,11.0
2016-08-02 15:35:59.600,0.984,0.148,-0.012,2.4984932715052173,2.0087136766488616,-6.198584315277751,11.0
2016-08-02 15:35:59.610,0.988,0.148,-0.004,2.72363178672556,1.8345283707262892,-5.008453752492333,11.0
2016-08-02 15:35:59.620,1.004,0.156,0.008,2.9316302314952885,1.5265856031135236,-3.8973315404541156,11.0
2016-08-02 15:35:59.630,1.027,0.16,0.012,3.0971217009560794,1.3117152890768795,-2.9778265179471273,11.0
2016-08-02 15:35:59.640,1.043,0.16,0.004,3.032279970362235,1.523709663800851,-2.2632275140495826,11.0
2016-08-02 15:35:59.650,1.059,0.156,0.0,2.973193125705912,1.509657041213885,-1.791683017932183,11.0
2016-08-02 15:35:59.660,1.074,0.152,-0.012,3.220781459033023,1.0190329830665399,-1.5027691131818262,11.0
2016-08-02 15:35:59.670,1.09,0.152,-0.016,3.5817264494665655,0.8806211461653466,-1.259596170106858,11.0
2016-08-02 15:35:59.680,1.105,0.152,-0.02,3.94294686511262,1.1597568054138274,-1.0321431386826254,11.0
2016-08-02 15:35:59.690,1.105,0.148,-0.012,4.447199742942438,1.1871228675142171,-0.9676766582307055,11.0
2016-08-02 15:35:59.700,1.102,0.137,-0.008,5.15250199842709,0.9429390239746356,-1.2467166354960648,11.0
2016-08-02 15:35:59.710,1.09,0.133,0.004,5.871958283110688,0.6961518252961041,-1.792710084699383,11.0
2016-08-02 15:35:59.720,1.078,0.133,0.016,5.991271026975908,0.2512117822513962,-2.409743293958797,11.0
2016-08-02 15:35:59.730,1.059,0.133,0.016,4.993567959032289,-0.5689992987449723,-3.0682673216343814,11.0
2016-08-02 15:35:59.740,1.043,0.141,0.016,3.249091143803946,-1.4665204539043342,-3.6676760179054897,11.0
2016-08-02 15:35:59.750,1.027,0.145,0.012,1.4165090192428056,-2.2392853469341145,-4.117760999087422,11.0
2016-08-02 15:35:59.760,1.012,0.145,0.012,-0.04947442764343378,-2.761179303159346,-4.516042880037924,11.0
2016-08-02 15:35:59.770,1.0,0.148,0.004,-0.590568596251745,-2.744734088934954,-4.808192339543132,11.0
2016-08-02 15:35:59.780,0.992,0.145,-0.008,-0.2962022397675632,-2.4857911658523277,-4.7879640004006285,11.0
2016-08-02 15:35:59.790,0.992,0.145,-0.016,0.025071567504441228,-2.500863597818892,-4.354315731224755,11.0
2016-08-02 15:35:59.800,1.0,0.148,-0.02,-0.14494474190653156,-2.5907954056638025,-3.4940327114350316,11.0
2016-08-02 15:35:59.810,1.008,0.152,-0.02,-0.7589524118514132,-2.5402160099805577,-2.3431346008119482,11.0
2016-08-02 15:35:59.820,1.016,0.16,-0.008,-1.134307685198834,-2.3828780234829368,-1.072111817973392,11.0
2016-08-02 15:35:59.830,1.02,0.156,0.0,-0.9812894291655727,-2.162282493315972,0.24188484478015665,11.0
2016-08-02 15:35:59.840,1.02,0.152,0.008,-1.0375549946398555,-2.3740484064099903,1.2795487574765532,11.0
2016-08-02 15:35:59.850,1.02,0.141,0.012,-1.5545547764661394,-3.1257805557409233,1.7923296261354582,11.0
2016-08-02 15:35:59.860,1.016,0.137,0.016,-2.0780088184103263,-3.777543245479756,1.9053998657839384,11.0
2016-08-02 15:35:59.870,1.008,0.141,0.027,-2.766175926649685,-4.180379362230875,1.5635969156474812,11.0
2016-08-02 15:35:59.880,0.992,0.137,0.031,-4.1922488285743125,-4.571807204186179,0.6705062838194272,11.0
2016-08-02 15:35:59.890,0.973,0.141,0.031,-6.009830745782305,-4.90252888366445,-0.4761226027788034,11.0
2016-08-02 15:35:59.900,0.957,0.137,0.027,-7.1491894958575255,-4.950227531097469,-1.514498673921546,11.0
2016-08-02 15:35:59.910,0.941,0.133,0.02,-7.458816767692422,-4.670202000558604,-2.4339503360916352,11.0
2016-08-02 15:35:59.920,0.918,0.137,0.012,-7.841641017266582,-4.405213253083722,-3.2108501059014887,11.0
2016-08-02 15:35:59.930,0.91,0.137,0.012,-8.424421661793534,-4.239325782005595,-3.623178793670577,11.0
2016-08-02 15:35:59.940,0.906,0.137,0.008,-8.044829664788855,-3.625077738816878,-3.779893292124832,11.0
2016-08-02 15:35:59.950,0.91,0.141,0.0,-6.562240795421759,-2.3118456208555918,-3.6540677886201576,11.0
2016-08-02 15:35:59.960,0.91,0.145,-0.008,-5.701259451504381,-0.9212819565235787,-2.9053390963526957,11.0
2016-08-02 15:35:59.970,0.914,0.152,-0.012,-6.243151047313571,0.03663581404495511,-1.680070658748739,11.0
2016-08-02 15:35:59.980,0.918,0.152,-0.008,-6.6828127155316395,0.8663831665256512,-0.25456564414304517,11.0
2016-08-02 15:35:59.990,0.922,0.152,-0.004,-5.881585261749677,1.6189425269095272,1.3373736134946244,11.0
2016-08-02 15:36:00.000,0.922,0.156,0.0,-5.0373122613412065,1.9521621247645786,3.0419537102186593,11.0
2016-08-02 15:36:00.010,0.934,0.156,0.008,-5.618059417028753,2.078403636480482,4.745137539367899,11.0
2016-08-02 15:36:00.020,0.938,0.152,0.012,-6.70917338829396,2.1199712669586757,6.093279904232897,11.0
2016-08-02 15:36:00.030,0.945,0.152,0.023,-6.473129302343168,1.9606708431399102,6.90811113173104,11.0
2016-08-02 15:36:00.040,0.953,0.152,0.023,-5.234988388932988,1.8527410303944278,7.442122483878848,11.0
2016-08-02 15:36:00.050,0.957,0.152,0.023,-4.638338223800869,1.6913880718954213,7.655771678260397,11.0
2016-08-02 15:36:00.060,0.957,0.148,0.016,-4.8661414882465355,1.2150975408938107,7.385565913405675,11.0
2016-08-02 15:36:00.070,0.969,0.148,0.016,-4.67692752487789,0.8717059951983384,6.813160873182411,11.0
2016-08-02 15:36:00.080,0.98,0.145,0.012,-3.553951620157006,0.9786511790053602,6.181141586047643,11.0
2016-08-02 15:36:00.090,0.984,0.148,0.004,-2.2832600939092194,1.172362788073816,5.631435624537898,11.0
2016-08-02 15:36:00.100,0.992,0.148,0.008,-1.29729185197432,1.3041872301027326,5.161334630942456,11.0
2016-08-02 15:36:00.110,1.0,0.145,0.004,-0.48628574253953305,1.5472554347387133,4.866133927939611,11.0
2016-08-02 15:36:00.120,1.0,0.145,0.0,0.13076799261578562,1.7190857363429064,4.814980299912058,11.0
2016-08-02 15:36:00.130,0.996,0.137,0.004,1.5031131269052247,1.7665816797105927,4.684173735381179,11.0
2016-08-02 15:36:00.140,0.996,0.133,0.012,4.178061623795317,2.118272518311883,4.4276454421724125,11.0
2016-08-02 15:36:00.150,0.992,0.145,0.012,6.018843281690781,2.647567073734229,4.271373064151249,11.0
2016-08-02 15:36:00.160,0.988,0.148,0.008,5.677623602034215,2.6596234660486884,4.154829598529041,11.0
2016-08-02 15:36:00.170,0.992,0.152,0.012,5.070559835911651,2.3294522664717316,4.099886297051848,11.0
2016-08-02 15:36:00.180,0.992,0.156,0.012,5.397272176261992,2.3140450519132973,4.1443109618390945,11.0
2016-08-02 15:36:00.190,1.0,0.16,0.008,5.683607924721909,2.3434227870481568,4.297043941047685,11.0
2016-08-02 15:36:00.200,1.012,0.164,0.004,5.624738579376192,2.1901908535846295,4.607554941167931,11.0
2016-08-02 15:36:00.210,1.0,0.156,-0.004,5.710606189103408,2.1906343409713753,4.832311836199741,11.0
2016-08-02 15:36:00.220,1.004,0.152,0.0,6.10922387403283,2.120197484245307,4.896816885622458,11.0
2016-08-02 15:36:00.230,1.012,0.152,0.004,6.826050710365424,1.8483661516221321,4.884681571975979,11.0
2016-08-02 15:36:00.240,1.012,0.152,0.012,7.373661772296797,1.7209750840858928,4.688922330265054,11.0
2016-08-02 15:36:00.250,1.012,0.152,0.016,7.433662702238878,1.5958520463934165,4.408723602293287,11.0
2016-08-02 15:36:00.260,1.008,0.152,0.02,7.524032569012464,1.4194941952729643,4.124449893803221,11.0
2016-08-02 15:36:00.270,0.996,0.152,0.016,7.54041960979537,1.4173696710446257,3.763307284178989,11.0
2016-08-02 15:36:00.280,0.984,0.152,0.016,6.925179947183482,1.329359728398554,3.398063148850221,11.0
2016-08-02 15:36:00.290,0.977,0.152,0.012,6.191540989011942,1.0777559291362986,3.1121032264253214,11.0
2016-08-02 15:36:00.300,0.969,0.152,0.0,5.961964377104868,0.9944517918161129,2.828462954644641,11.0
2016-08-02 15:36:00.310,0.965,0.152,-0.008,6.075835695460673,1.136008091463174,2.4646977793056895,11.0
2016-08-02 15:36:00.320,0.961,0.156,-0.012,6.138252791369098,1.383894453195274,2.2025185617278376,11.0
2016-08-02 15:36:00.330,0.965,0.168,-0.008,5.692268433694723,1.7476816621279951,2.2288601725774275,11.0
2016-08-02 15:36:00.340,0.965,0.176,0.0,4.947373457518647,2.2604214698198684,2.4676058615156777,11.0
2016-08-02 15:36:00.350,0.969,0.176,0.0,4.714009728939385,2.6925789471236876,2.8189527182258693,11.0
2016-08-02 15:36:00.360,0.969,0.168,0.004,4.863550827195652,2.845743057471224,3.281039897283444,11.0
2016-08-02 15:36:00.370,0.977,0.164,0.012,4.884148627941427,2.8368793987025427,3.6873389244708346,11.0
2016-08-02 15:36:00.380,0.977,0.164,0.012,4.898085810929991,2.6591613037220885,3.7843479831942783,11.0
2016-08-02 15:36:00.390,0.977,0.164,0.016,4.509499265437296,2.2540875615864526,3.78766060599171,11.0
2016-08-02 15:36:00.400,0.98,0.16,0.012,3.248305980408814,1.747935979655926,3.8133176792719796,11.0
2016-08-02 15:36:00.410,0.984,0.168,0.016,1.866782183224534,1.2299480071017326,3.556370754280846,11.0
2016-08-02 15:36:00.420,0.984,0.164,0.012,0.8733724275624762,0.7975733467013115,3.1617097200440876,11.0
2016-08-02 15:36:00.430,0.98,0.156,0.012,-0.10586130383748052,0.4466157286150206,2.7181577753755377,11.0
2016-08-02 15:36:00.440,0.973,0.152,0.012,-0.9565551959176786,0.1914148090449415,1.9898499963344505,11.0
2016-08-02 15:36:00.450,0.961,0.152,0.008,-1.3991510300018146,0.3138073013830178,1.0860759943377027,11.0
2016-08-02 15:36:00.460,0.957,0.148,0.004,-1.8593459712352367,0.6669005919430022,0.11563327630647427,11.0
2016-08-02 15:36:00.470,0.953,0.152,0.0,-2.6068656125176908,0.9135148419566963,-0.7712514496071861,11.0
2016-08-02 15:36:00.480,0.945,0.16,-0.004,-3.2562985926403156,1.212672412824763,-1.278230071842024,11.0
2016-08-02 15:36:00.490,0.941,0.16,0.0,-3.699012450002633,1.5590974953703163,-1.5350016480575635,11.0
2016-08-02 15:36:00.500,0.922,0.156,0.004,-4.0475189211155405,1.798268853926362,-1.7633531129545101,11.0
2016-08-02 15:36:00.510,0.926,0.152,0.0,-4.127266889148233,1.9433286633527,-1.806262259662236,11.0
2016-08-02 15:36:00.520,0.934,0.156,0.004,-4.066789431359415,1.9930874561782628,-1.6039663021567079,11.0
2016-08-02 15:36:00.530,0.941,0.16,0.008,-4.109632797498546,1.9742816573982567,-1.3669190328542253,11.0
2016-08-02 15:36:00.540,0.949,0.16,0.012,-4.239220956182967,1.7846100908911802,-1.0849296716813777,11.0
2016-08-02 15:36:00.550,0.961,0.16,0.012,-4.542199826204526,1.6006255353242707,-0.6641273308300774,11.0
2016-08-02 15:36:00.560,0.98,0.164,0.012,-4.994405519078073,1.6829532253445816,-0.3356344034422854,11.0
2016-08-02 15:36:00.570,0.984,0.16,0.008,-5.495920370966408,1.663140935284221,-0.2317675553527764,11.0
2016-08-02 15:36:00.580,0.988,0.152,0.004,-6.008861379465975,1.4574724721209429,-0.38364885272049665,11.0
2016-08-02 15:36:00.590,0.992,0.145,-0.008,-6.120122988240897,1.3932385200938788,-1.0067321680111447,11.0
2016-08-02 15:36:00.600,0.992,0.145,-0.008,-5.585227669632396,1.4740206887850738,-2.0447012369017306,11.0
2016-08-02 15:36:00.610,0.988,0.141,-0.004,-5.072071385618617,1.6310936482380436,-3.252381662147844,11.0
2016-08-02 15:36:00.620,0.988,0.145,0.004,-5.156099183648191,1.6811738942829908,-4.47559799818279,11.0
2016-08-02 15:36:00.630,0.996,0.148,0.012,-5.3073922243042375,1.6368851628783911,-5.506822622717671,11.0
2016-08-02 15:36:00.640,0.988,0.148,0.012,-4.932558925994542,1.8460792715104835,-6.31928360215658,11.0
2016-08-02 15:36:00.650,0.988,0.152,0.012,-4.402058767228189,2.1429850287313603,-6.909675766768674,11.0
2016-08-02 15:36:00.660,0.98,0.152,0.008,-4.1879575347215505,2.3016259121519775,-7.042987417952664,11.0
2016-08-02 15:36:00.670,0.973,0.152,0.004,-4.059765622844541,2.4835341325942686,-6.885939668866459,11.0
2016-08-02 15:36:00.680,0.961,0.148,-0.004,-3.5253638544772086,2.5753744617766747,-6.917196153815812,11.0
2016-08-02 15:36:00.690,0.957,0.137,0.0,-2.571008239523455,2.587121367768887,-7.093359597141205,11.0
2016-08-02 15:36:00.700,0.945,0.141,0.004,-1.7536170771700426,2.7211340381932803,-7.162146029408758,11.0
2016-08-02 15:36:00.710,0.938,0.137,0.008,-1.2285305797991801,2.639066276628415,-7.296910325117937,11.0
2016-08-02 15:36:00.720,0.93,0.141,0.012,-0.5226031713157157,2.1640614902557624,-7.599021580612984,11.0
2016-08-02 15:36:00.730,0.926,0.133,0.016,0.2897365014112368,1.6040923948538262,-7.7632403628801505,11.0
2016-08-02 15:36:00.740,0.926,0.141,0.023,0.6545943250762215,1.03450531394599,-7.671418711306274,11.0
2016-08-02 15:36:00.750,0.938,0.148,0.023,0.3780362406274475,0.4422008481381796,-7.466333201158983,11.0
2016-08-02 15:36:00.760,0.945,0.152,0.02,-0.419752420742828,-0.23278051586162796,-6.962465345998183,11.0
2016-08-02 15:36:00.770,0.961,0.164,0.012,-1.254857229707035,-0.9899629709623092,-5.8284083637847885,11.0
2016-08-02 15:36:00.780,0.988,0.172,0.004,-1.6940670681612975,-1.4336163576108962,-4.374466447238636,11.0
2016-08-02 15:36:00.790,1.016,0.176,0.0,-1.9353520471600834,-1.3488841669998295,-3.001699343756313,11.0
2016-08-02 15:36:00.800,1.043,0.18,0.0,-1.9933205207976608,-1.0525305050109928,-1.5651412013934465,11.0
2016-08-02 15:36:00.810,1.066,0.168,-0.012,-1.4357825605000947,-0.882730156724275,-0.1937055085366716,11.0
2016-08-02 15:36:00.820,1.086,0.164,-0.004,-0.23796006782306425,-0.7277816648767216,0.8101353065424203,11.0
2016-08-02 15:36:00.830,1.098,0.168,0.0,1.3010476109094165,-0.41317906629863005,1.5250582727941304,11.0
2016-08-02 15:36:00.840,1.113,0.176,0.0,2.4529333660450203,-0.10026511598077861,1.9957887843425453,11.0
2016-08-02 15:36:00.850,1.113,0.18,0.004,2.1765466448068436,-0.038758516389977446,2.224880053719177,11.0
2016-08-02 15:36:00.860,1.117,0.18,0.012,0.9600380246625386,-0.6314672166244546,2.2202557739975854,11.0
2016-08-02 15:36:00.870,1.125,0.164,0.023,0.41290259115375344,-1.5852448861301092,1.9553654786255734,11.0
2016-08-02 15:36:00.880,1.125,0.164,0.02,0.6511243778589191,-1.8392480804000164,1.6252506337805745,11.0
2016-08-02 15:36:00.890,1.113,0.16,0.016,0.7448004324554125,-1.8071850278715864,1.3232713331693864,11.0
2016-08-02 15:36:00.900,1.105,0.16,0.016,0.44982268220058585,-2.3207130161065592,1.0192826490128573,11.0
2016-08-02 15:36:00.910,1.09,0.172,0.012,-0.01977968330943551,-2.6370062001321735,0.818035391694614,11.0
2016-08-02 15:36:00.920,1.082,0.168,0.008,-0.21350007959609052,-2.557246977777609,0.6174462199031352,11.0
2016-08-02 15:36:00.930,1.07,0.16,0.008,0.22034343101770493,-2.721927050012728,0.31721455272314086,11.0
2016-08-02 15:36:00.940,1.055,0.16,0.008,0.7421173575534402,-3.011488747237047,0.0053374403899761474,11.0
2016-08-02 15:36:00.950,1.051,0.156,0.012,0.8269103875351177,-3.302582389260876,-0.27015312196608865,11.0
2016-08-02 15:36:00.960,1.039,0.152,0.008,0.6228404275727087,-3.696748191228046,-0.3379942502217271,11.0
2016-08-02 15:36:00.970,1.035,0.156,0.004,-0.03900440356331142,-4.066505409174693,-0.09271365685824835,11.0
2016-08-02 15:36:00.980,1.031,0.168,0.008,-1.2407861017670383,-4.282426244009368,0.40462568078763805,11.0
2016-08-02 15:36:00.990,1.031,0.172,0.012,-2.2999457581786746,-4.19991552502451,1.0287549218263377,11.0
2016-08-02 15:36:01.000,1.023,0.168,0.012,-2.8354788765201246,-3.9289623208405433,1.586710538928923,11.0
2016-08-02 15:36:01.010,1.02,0.16,0.016,-2.9189340544540445,-3.755415100413343,2.243471281742001,11.0
2016-08-02 15:36:01.020,1.02,0.164,0.012,-2.6263731187819284,-3.7415150403317057,3.0682449202406255,11.0
2016-08-02 15:36:01.030,1.02,0.16,0.012,-2.319847048072993,-3.7692527689269983,3.6095773437830965,11.0
2016-08-02 15:36:01.040,1.027,0.16,0.008,-2.185443563155338,-3.5791789650601658,3.885019596759575,11.0
2016-08-02 15:36:01.050,1.027,0.168,0.008,-2.0487633517855883,-3.3579482338873072,4.195076315876121,11.0
2016-08-02 15:36:01.060,1.027,0.172,0.012,-1.7651325158025184,-3.397535680436882,4.32609905807983,11.0
2016-08-02 15:36:01.070,1.023,0.172,0.012,-1.2630466663420483,-3.3209037615329837,4.306600749413379,11.0
2016-08-02 15:36:01.080,1.02,0.16,0.012,-0.7919751833270242,-3.209818048157065,4.452773245465692,11.0
2016-08-02 15:36:01.090,1.008,0.16,0.008,-0.7735088052612091,-3.4628905674710744,4.648490087229782,11.0
2016-08-02 15:36:01.100,0.996,0.156,0.016,-1.2816097944959095,-4.031337525027314,4.860154050154982,11.0
2016-08-02 15:36:01.110,0.992,0.152,0.02,-1.8159040576315864,-4.791803746118724,5.2005612108045085,11.0
2016-08-02 15:36:01.120,0.988,0.16,0.016,-1.9872978415380884,-5.229379609236279,5.53397317589234,11.0
2016-08-02 15:36:01.130,0.988,0.172,0.016,-2.2879501864450322,-5.345126101490172,5.904362605781065,11.0
2016-08-02 15:36:01.140,0.977,0.176,0.02,-2.9806335598447347,-5.740004209689836,6.548654633871866,11.0
2016-08-02 15:36:01.150,0.98,0.184,0.023,-3.5708791005029386,-6.131172796809216,7.499285054660952,11.0
2016-08-02 15:36:01.160,0.988,0.191,0.02,-3.8373812434870613,-6.234932072913551,8.560233179839981,11.0
2016-08-02 15:36:01.170,0.992,0.188,0.02,-3.7195256263370995,-6.2806432154562275,9.661307597915451,11.0
2016-08-02 15:36:01.180,0.992,0.18,0.016,-3.0914757468214917,-6.125888146167395,10.893679897679798,11.0
2016-08-02 15:36:01.190,0.996,0.18,0.012,-2.188134993713554,-5.726241522821035,12.0104247903344,11.0
2016-08-02 15:36:01.200,1.008,0.176,0.012,-1.301221850538809,-5.44537174363547,12.760414530140231,11.0
2016-08-02 15:36:01.210,1.008,0.16,0.008,-0.7471439609257675,-5.206982644926045,13.377128337476236,11.0
2016-08-02 15:36:01.220,1.004,0.168,0.008,-0.9983464117330818,-4.901079733940737,13.70838842253213,11.0
2016-08-02 15:36:01.230,1.008,0.172,0.012,-1.5905745150742208,-4.961143404334225,13.398750268572055,11.0
2016-08-02 15:36:01.240,1.012,0.164,0.02,-1.398905808689778,-4.855994638754635,13.005701264500708,11.0
2016-08-02 15:36:01.250,1.012,0.16,0.023,-0.5119760843765844,-4.0686336371466405,12.667395442682373,11.0
2016-08-02 15:36:01.260,1.012,0.164,0.012,-0.16229707326747314,-3.7356481718940273,11.908469855197215,11.0
2016-08-02 15:36:01.270,1.008,0.168,0.008,-0.814697666996107,-4.031742138717216,11.274766487866858,11.0
2016-08-02 15:36:01.280,1.008,0.16,0.008,-1.268806362228301,-3.9606822060032956,11.07846960642918,11.0
2016-08-02 15:36:01.290,1.008,0.16,0.008,-0.800925535482037,-3.478809864747781,10.7730299219927,11.0
2016-08-02 15:36:01.300,1.008,0.164,0.008,-0.4821285797185446,-2.981007964006258,10.388616236330341,11.0
2016-08-02 15:36:01.310,1.004,0.168,0.012,-0.6711432024944863,-2.691499152377701,10.230933339668434,11.0
2016-08-02 15:36:01.320,1.008,0.164,0.012,-0.4687209767179951,-2.423041399666086,10.173670893785022,11.0
2016-08-02 15:36:01.330,1.004,0.168,0.012,-0.16403610159142376,-2.0797515152121804,10.035447092982327,11.0
2016-08-02 15:36:01.340,1.008,0.168,0.012,-0.6653584992805539,-2.0972584950578965,9.960554615969865,11.0
2016-08-02 15:36:01.350,1.012,0.168,0.016,-1.3926075510574336,-2.1890952315443886,9.958041011563264,11.0
2016-08-02 15:36:01.360,1.02,0.172,0.016,-1.5222862902621905,-1.906711164624745,9.691784273118406,11.0
2016-08-02 15:36:01.370,1.016,0.168,0.016,-1.3143969997949962,-1.5783000917619578,9.252196071359062,11.0
2016-08-02 15:36:01.380,1.016,0.168,0.016,-0.9841056250232725,-1.34940600877729,8.826628920770396,11.0
2016-08-02 15:36:01.390,1.02,0.168,0.016,-0.6075366745158969,-1.148123647411822,8.251713021933329,11.0
2016-08-02 15:36:01.400,1.023,0.172,0.012,-0.39987359430858177,-0.8273448352332806,7.694929489624503,11.0
2016-08-02 15:36:01.410,1.02,0.176,0.012,-0.23910583753646147,-0.412583260594626,7.256167985088973,11.0
2016-08-02 15:36:01.420,1.02,0.168,0.004,-0.14036682082147,-0.2600753655416958,6.713831397321562,11.0
2016-08-02 15:36:01.430,1.02,0.172,0.008,-0.07506359099673986,-0.1907787964310249,6.118955510418526,11.0
2016-08-02 15:36:01.440,1.02,0.172,0.012,0.32555717261079264,0.1378071391982396,5.478438404772472,11.0
2016-08-02 15:36:01.450,1.008,0.172,0.008,0.6961143706849825,0.5709943824444971,4.816076504627452,11.0
2016-08-02 15:36:01.460,1.0,0.168,0.008,0.37087277711281313,0.8047922059076168,4.262772628149484,11.0
2016-08-02 15:36:01.470,1.0,0.168,0.004,-0.2607708939512067,0.8300616340533513,3.676231238480888,11.0
2016-08-02 15:36:01.480,1.004,0.176,0.008,-0.4255825908859855,0.9969036309047963,3.1513087048623554,11.0
2016-08-02 15:36:01.490,1.004,0.172,0.008,-0.03859157186154259,1.3632759985453786,2.857052522349909,11.0
2016-08-02 15:36:01.500,0.992,0.168,0.008,0.5502528194960394,1.6881168735438141,2.5668040417819347,11.0
2016-08-02 15:36:01.510,0.992,0.164,0.012,1.0753146604464014,2.02311459107819,2.200853430556774,11.0
2016-08-02 15:36:01.520,0.992,0.168,0.012,1.5604347259020583,2.338129224613101,1.8490522410520551,11.0
2016-08-02 15:36:01.530,0.992,0.164,0.016,2.0834367684370383,2.4411449156438687,1.535270125251284,11.0
2016-08-02 15:36:01.540,0.992,0.164,0.012,2.294027118694247,2.463761513243706,1.230528383140596,11.0
2016-08-02 15:36:01.550,0.996,0.164,0.012,1.9457101106712875,2.47172402993968,0.8620062641514998,11.0
2016-08-02 15:36:01.560,1.004,0.168,0.008,1.4462792782038156,2.4405148019760396,0.5289982546434255,11.0
2016-08-02 15:36:01.570,1.012,0.168,0.004,1.188249277356118,2.4437537019002686,0.2479216859342153,11.0
2016-08-02 15:36:01.580,1.02,0.168,0.0,1.2905763681897044,2.372038491395459,-0.2306630141525276,11.0
2016-08-02 15:36:01.590,1.027,0.164,-0.004,1.7443051347815453,2.427799950048491,-0.7466271917915559,11.0
2016-08-02 15:36:01.600,1.031,0.164,-0.004,2.27459834030509,2.718290414733301,-0.946188724191777,11.0
2016-08-02 15:36:01.610,1.031,0.168,0.0,2.5645566720901343,2.6457141103041693,-1.0325532320801922,11.0
2016-08-02 15:36:01.620,1.039,0.168,0.004,2.5331542286859827,2.300348221619852,-1.2300761163532414,11.0
2016-08-02 15:36:01.630,1.031,0.16,0.012,2.3750124035282894,2.2355997932457883,-1.6150895238881038,11.0
2016-08-02 15:36:01.640,1.023,0.156,0.012,2.34807278831872,2.101650008034796,-2.2647809773199827,11.0
2016-08-02 15:36:01.650,1.016,0.156,0.012,2.3162657185732587,1.6765006688714332,-2.987691839253499,11.0
2016-08-02 15:36:01.660,1.016,0.16,0.004,1.7903715853143798,1.3455807882534556,-3.730237600317049,11.0
2016-08-02 15:36:01.670,1.012,0.164,0.0,0.5470516829706829,1.166230778541834,-4.525439908578521,11.0
2016-08-02 15:36:01.680,1.016,0.164,-0.008,-0.8801368068707787,0.959895084866796,-5.258127842956801,11.0
2016-08-02 15:36:01.690,1.012,0.16,-0.016,-1.6033474240931929,0.8480949209536255,-5.8386296287692385,11.0
2016-08-02 15:36:01.700,1.016,0.168,-0.02,-1.5684352573676459,1.045955426507976,-6.122519111897017,11.0
2016-08-02 15:36:01.710,1.02,0.168,-0.02,-1.4107325197470095,1.3949024023302918,-6.134444828840396,11.0
2016-08-02 15:36:01.720,1.031,0.172,-0.012,-1.3447092748322163,1.7402347473447413,-5.988094198196589,11.0
2016-08-02 15:36:01.730,1.039,0.172,-0.008,-1.3592164498741384,2.2119886232395585,-5.634333338824505,11.0
2016-08-02 15:36:01.740,1.047,0.172,-0.004,-1.4828965776516427,2.729236996282669,-5.189274705135439,11.0
2016-08-02 15:36:01.750,1.051,0.168,-0.004,-1.5663106806438074,3.0040144677129774,-5.047838950257938,11.0
2016-08-02 15:36:01.760,1.047,0.16,0.0,-1.4772714322650535,2.985844481390335,-5.330981003127292,11.0
2016-08-02 15:36:01.770,1.047,0.152,-0.008,-1.1639097500735809,2.948902087638542,-5.813592645345872,11.0
2016-08-02 15:36:01.780,1.047,0.148,-0.012,-0.9465069638876616,3.0424871516770637,-6.545173204914119,11.0
2016-08-02 15:36:01.790,1.039,0.145,-0.008,-1.3209819306205042,3.132228579340437,-7.545597902858567,11.0
2016-08-02 15:36:01.800,1.031,0.148,-0.004,-1.9588717702693108,3.14334832076508,-8.702670222555172,11.0
2016-08-02 15:36:01.810,1.023,0.148,-0.008,-2.373671803861313,2.952082618296083,-9.975496457226566,11.0
2016-08-02 15:36:01.820,1.016,0.141,-0.012,-2.861784703393023,2.5825034229053596,-10.96966978774677,11.0
2016-08-02 15:36:01.830,1.008,0.137,-0.008,-3.497934139527471,2.2683838674169925,-11.720359066159036,11.0
2016-08-02 15:36:01.840,1.004,0.141,-0.008,-3.9633218897472706,1.963318039806485,-12.569324703315392,11.0
2016-08-02 15:36:01.850,0.996,0.152,-0.012,-4.439092323558475,1.8431849669826081,-12.89383414106884,11.0
2016-08-02 15:36:01.860,0.996,0.152,-0.008,-4.904608910010092,1.9793431802229418,-12.492443236454047,11.0
2016-08-02 15:36:01.870,0.992,0.152,0.0,-4.856075129944533,1.9391846826824168,-12.139536990803801,11.0
2016-08-02 15:36:01.880,0.996,0.152,-0.008,-4.526414521176063,1.9100022956729958,-11.77356561083667,11.0
2016-08-02 15:36:01.890,1.004,0.156,-0.016,-4.541695292324218,2.0343047581584512,-11.001409385232805,11.0
2016-08-02 15:36:01.900,1.008,0.16,-0.016,-4.774967734389866,1.9862631754757851,-10.09193196645969,11.0
2016-08-02 15:36:01.910,1.023,0.168,-0.012,-4.602961127214898,2.0548209032268265,-9.196047353405456,11.0
2016-08-02 15:36:01.920,1.035,0.168,-0.004,-3.7023073966355486,2.337079054281932,-8.298730413918324,11.0
2016-08-02 15:36:01.930,1.059,0.164,0.008,-2.431502173935355,2.4085143421602924,-7.551032151946031,11.0
2016-08-02 15:36:01.940,1.086,0.16,0.0,-1.5231809865535793,2.326978575319923,-7.011136302835786,11.0
2016-08-02 15:36:01.950,1.105,0.156,-0.012,-1.5404016326148833,2.1547081716990286,-6.542056589821772,11.0
2016-08-02 15:36:01.960,1.129,0.16,-0.02,-2.3140210266834553,1.867982602165896,-6.078192259553013,11.0
2016-08-02 15:36:01.970,1.148,0.16,-0.023,-2.75706140231215,1.7988044419354274,-5.891229927415768,11.0
2016-08-02 15:36:01.980,1.164,0.16,-0.023,-2.4465135066341315,1.9089867116597374,-5.985885823502183,11.0
2016-08-02 15:36:01.990,1.164,0.164,-0.023,-2.430050602141088,2.0770778801724608,-5.983162120369844,11.0
2016-08-02 15:36:02.000,1.145,0.16,-0.02,-2.9819226433241424,2.19859254609005,-6.0262251702805045,11.0
2016-08-02 15:36:02.010,1.133,0.152,-0.008,-2.85809198221892,1.8461045946991792,-6.300285414313759,11.0
2016-08-02 15:36:02.020,1.121,0.148,0.0,-1.674202153140969,1.3983808135131421,-6.615951507825036,11.0
2016-08-02 15:36:02.030,1.102,0.145,0.0,-0.7861137982115325,1.2859514048715137,-6.993914752986523,11.0
2016-08-02 15:36:02.040,1.074,0.148,0.004,-1.204211111204451,0.8167088144019067,-7.4081671054241225,11.0
2016-08-02 15:36:02.050,1.047,0.152,0.004,-2.381073922994936,-0.19409580419266928,-7.648208686974746,11.0
2016-08-02 15:36:02.060,1.027,0.156,0.0,-3.6130218458310335,-0.9957914888713107,-7.695565036280085,11.0
2016-08-02 15:36:02.070,1.0,0.148,0.004,-4.749062684801569,-1.4054240622740153,-7.690687702568479,11.0
2016-08-02 15:36:02.080,0.973,0.148,0.004,-5.666471460283635,-1.8028154625686281,-7.6918156368842805,11.0
2016-08-02 15:36:02.090,0.945,0.148,0.0,-6.275855356207893,-2.2920920223105554,-7.6046062006988215,11.0
2016-08-02 15:36:02.100,0.93,0.141,0.0,-6.580658522910459,-2.6568186862300327,-7.385867397095357,11.0
2016-08-02 15:36:02.110,0.91,0.148,0.004,-6.743646599438551,-2.7659144832877143,-7.100810004926014,11.0
2016-08-02 15:36:02.120,0.902,0.141,0.008,-6.574282567658383,-2.8538368563639134,-6.793815315849141,11.0
2016-08-02 15:36:02.130,0.895,0.137,0.008,-5.698625601392732,-2.900559959200198,-6.609072548456226,11.0
2016-08-02 15:36:02.140,0.891,0.141,-0.008,-5.069575574944052,-2.718443099262475,-6.420145370009289,11.0
2016-08-02 15:36:02.150,0.887,0.145,-0.008,-5.69754574569133,-2.725836980200044,-5.946233940990461,11.0
2016-08-02 15:36:02.160,0.879,0.148,0.0,-6.841807319931783,-3.135732699433878,-5.296115057874586,11.0
2016-08-02 15:36:02.170,0.887,0.148,0.004,-7.590600837976886,-3.508613126298825,-4.438458866083517,11.0
2016-08-02 15:36:02.180,0.895,0.152,0.012,-7.959921400430681,-3.5199218506981502,-3.395743279535125,11.0
2016-08-02 15:36:02.190,0.906,0.152,0.012,-8.377740082362285,-3.4829790124474322,-2.359866688168233,11.0
2016-08-02 15:36:02.200,0.918,0.152,0.012,-8.969056736635793,-3.8358177753047906,-1.310264862599564,11.0
2016-08-02 15:36:02.210,0.926,0.145,0.012,-9.154230810274528,-4.101829502658845,-0.37895034355186247,11.0
2016-08-02 15:36:02.220,0.941,0.145,0.012,-8.651863463092425,-3.688089954335308,0.2559590431638361,11.0
2016-08-02 15:36:02.230,0.949,0.141,0.004,-8.079422799394404,-2.939472225210258,0.5597500658239828,11.0
2016-08-02 15:36:02.240,0.953,0.137,-0.004,-7.904323858753784,-2.335463628801762,0.5739481074022056,11.0
2016-08-02 15:36:02.250,0.953,0.137,-0.016,-7.609050323815852,-1.8976081888472167,0.1890534229329608,11.0
2016-08-02 15:36:02.260,0.953,0.137,-0.012,-6.796208626174848,-1.4637103742512747,-0.6640874071305991,11.0
2016-08-02 15:36:02.270,0.961,0.137,0.0,-6.073111744512711,-1.086505900216572,-1.4688983877908086,11.0
2016-08-02 15:36:02.280,0.965,0.141,0.004,-5.914043151283385,-0.9775850701888127,-1.8899252659093686,11.0
2016-08-02 15:36:02.290,0.973,0.148,0.008,-6.12406722180044,-1.0328514271722167,-2.096100671722247,11.0
2016-08-02 15:36:02.300,0.977,0.148,0.012,-6.258073349431401,-1.0990641942303185,-1.9234683771064622,11.0
2016-08-02 15:36:02.310,0.973,0.148,0.016,-6.147210517146961,-1.1741876711090917,-1.21243162649055,11.0
2016-08-02 15:36:02.320,0.961,0.145,0.016,-5.741365584421283,-1.2558582931623867,-0.5177838719548604,11.0
2016-08-02 15:36:02.330,0.957,0.129,0.02,-4.489258154154584,-1.466166547132381,-0.31424386253205033,11.0
2016-08-02 15:36:02.340,0.953,0.133,0.016,-2.6629963130631644,-1.7971582058596325,-0.2806275232817762,11.0
2016-08-02 15:36:02.350,0.949,0.133,0.02,-1.466547767754217,-2.1573140421458197,-0.14323085249966183,11.0
2016-08-02 15:36:02.360,0.949,0.141,0.016,-1.1182451016494832,-2.389392905619267,0.11899030114013451,11.0
2016-08-02 15:36:02.370,0.949,0.148,0.012,-1.246557640637035,-2.1624137236483714,0.6432132580091041,11.0
2016-08-02 15:36:02.380,0.953,0.148,0.008,-1.3675800908708164,-1.485220775448338,1.3495022757141224,11.0
2016-08-02 15:36:02.390,0.953,0.152,0.004,-0.9039165711970722,-0.7652210505305699,2.241403305726152,11.0
2016-08-02 15:36:02.400,0.957,0.152,0.0,-0.29898719579338734,-0.431385141927376,3.2464028648815244,11.0
2016-08-02 15:36:02.410,0.965,0.152,0.0,-0.0742229308668243,-0.18541441918616777,4.014634485807486,11.0
2016-08-02 15:36:02.420,0.973,0.152,0.0,0.38443160687138855,0.5856650036590163,4.688103607500896,11.0
2016-08-02 15:36:02.430,0.98,0.148,0.008,1.5537633505851622,1.4331498190845682,5.340046128774349,11.0
2016-08-02 15:36:02.440,0.984,0.141,0.008,3.0454042453643533,1.8989966620460987,5.8156904696903595,11.0
2016-08-02 15:36:02.450,0.988,0.141,0.008,4.233514616254401,2.0306879544572958,6.188920149846835,11.0
2016-08-02 15:36:02.460,0.996,0.148,0.012,4.671203800092889,1.7017152414692456,6.209072951315534,11.0
2016-08-02 15:36:02.470,1.008,0.152,0.016,4.497504370097231,1.407105033517924,5.975974939663137,11.0
2016-08-02 15:36:02.480,1.016,0.145,0.012,4.934807381200442,1.7194376395613964,5.8807595672311,11.0
2016-08-02 15:36:02.490,1.012,0.137,0.012,7.192872842166185,2.51052581547032,5.684271329957036,11.0
2016-08-02 15:36:02.500,1.004,0.145,0.012,10.09906600227754,3.390948324404998,5.603706025968556,11.0
2016-08-02 15:36:02.510,1.016,0.152,0.008,11.113265006486907,3.929765401614336,6.027942837751147,11.0
2016-08-02 15:36:02.520,1.027,0.16,0.0,9.813271313870437,3.9573392495518194,6.172082894522279,11.0
2016-08-02 15:36:02.530,1.023,0.156,0.0,8.023062472272683,3.4291624992412597,5.727519621977353,11.0
2016-08-02 15:36:02.540,1.027,0.152,0.008,7.274917237533767,2.668224406342506,5.588564255859203,11.0
2016-08-02 15:36:02.550,1.027,0.152,0.008,7.251485660795546,2.0619121195236394,5.582517250700822,11.0
2016-08-02 15:36:02.560,1.023,0.152,0.012,7.006769382043329,1.532083610085361,5.200376546239822,11.0
2016-08-02 15:36:02.570,1.016,0.148,0.012,6.827130790772973,1.3106763032098765,5.052083774749024,11.0
2016-08-02 15:36:02.580,1.004,0.148,0.016,7.035888039029571,1.2738802490708692,5.063118081886683,11.0
2016-08-02 15:36:02.590,0.996,0.156,0.008,6.939862825290495,1.042830279189841,4.916228239503154,11.0
2016-08-02 15:36:02.600,0.988,0.152,0.004,6.291255408191009,1.0455037406295273,4.998441370625125,11.0
2016-08-02 15:36:02.610,0.984,0.156,0.0,5.51260555565501,1.2362513268321211,5.113092704840678,11.0
2016-08-02 15:36:02.620,0.98,0.152,-0.004,4.8365542690911685,1.350594462270103,5.10020409752167,11.0
2016-08-02 15:36:02.630,0.969,0.156,-0.008,4.271253550316721,1.7508951834678514,5.264949827010207,11.0
2016-08-02 15:36:02.640,0.961,0.156,-0.008,3.8256402926780613,2.094115655366262,5.414739450785196,11.0
2016-08-02 15:36:02.650,0.953,0.152,0.0,3.6161610319408046,2.016784514518904,5.420732480204953,11.0
2016-08-02 15:36:02.660,0.953,0.152,0.004,3.594971764286366,2.119755094517341,5.511243751548642,11.0
2016-08-02 15:36:02.670,0.953,0.156,0.008,3.5156167448620907,2.3306129898035195,5.54530673307911,11.0
2016-08-02 15:36:02.680,0.953,0.156,0.012,3.147106100277044,2.11477693933267,5.513329355820191,11.0
2016-08-02 15:36:02.690,0.953,0.156,0.012,2.4916655489280264,1.888617182833408,5.69432340650146,11.0
2016-08-02 15:36:02.700,0.953,0.156,0.016,1.7785743161726164,1.988867863552147,5.83092186790606,11.0
2016-08-02 15:36:02.710,0.953,0.156,0.016,0.9268939377614743,2.15798198357709,5.717811816134721,11.0
2016-08-02 15:36:02.720,0.949,0.156,0.016,-0.09454968653960899,2.3443900215270155,5.602335560247692,11.0
2016-08-02 15:36:02.730,0.941,0.152,0.008,-0.8749701541656703,2.5106173221504875,5.360517130070653,11.0
2016-08-02 15:36:02.740,0.938,0.152,0.004,-1.325567637517334,2.695486454600089,4.738451573162635,11.0
2016-08-02 15:36:02.750,0.934,0.148,0.004,-1.6010428513239954,3.115347280630292,3.95350861182191,11.0
2016-08-02 15:36:02.760,0.926,0.152,0.008,-1.667479791790539,3.487053405225047,3.231141973274908,11.0
2016-08-02 15:36:02.770,0.922,0.152,0.008,-1.6736460961343909,3.660750417054526,2.4927060406977595,11.0
2016-08-02 15:36:02.780,0.91,0.148,0.012,-1.7644471413663556,4.007526799665563,1.74031461965051,11.0
2016-08-02 15:36:02.790,0.898,0.148,0.012,-1.7289137248161381,4.3068834340656705,1.146914838597294,11.0
2016-08-02 15:36:02.800,0.895,0.148,0.012,-1.4927401187187863,4.307362751561975,0.7112800280623757,11.0
2016-08-02 15:36:02.810,0.895,0.152,0.012,-1.4946819214790101,4.331878163313129,0.37098056427932047,11.0
2016-08-02 15:36:02.820,0.902,0.156,-0.004,-2.1393903310936078,4.2053845310926,0.25935263394910324,11.0
2016-08-02 15:36:02.830,0.918,0.156,0.0,-3.141092861064342,3.6268900739365484,0.402156382871789,11.0
2016-08-02 15:36:02.840,0.941,0.16,0.0,-3.922936930619155,3.0542424696767565,0.7536664326414259,11.0
2016-08-02 15:36:02.850,0.98,0.176,0.0,-4.450066847434896,3.120309059258595,1.3770478063435103,11.0
2016-08-02 15:36:02.860,1.0,0.176,-0.004,-4.830591688287013,3.7175101966254633,2.208795998844009,11.0
2016-08-02 15:36:02.870,1.012,0.16,0.0,-4.500768486295454,4.193555389223653,3.0361025353046154,11.0
2016-08-02 15:36:02.880,1.004,0.148,0.004,-2.907230436443001,4.359987540671866,3.339321301529675,11.0
2016-08-02 15:36:02.890,0.996,0.141,0.008,-0.7310850756191535,4.205646413357504,2.7694533048937515,11.0
2016-08-02 15:36:02.900,0.996,0.129,0.012,0.7481433059241989,3.67384940422683,1.7208134936172903,11.0
2016-08-02 15:36:02.910,1.008,0.141,0.027,1.4248665685803963,3.059268511178686,0.388150965137933,11.0
2016-08-02 15:36:02.920,1.016,0.152,0.027,1.3004174306438,2.361039855343811,-1.0554545170635854,11.0
2016-08-02 15:36:02.930,1.02,0.172,0.02,-0.3001737787817066,1.3506094239562452,-1.9834748092095311,11.0
2016-08-02 15:36:02.940,1.039,0.176,0.012,-2.069132887044344,0.46810771439356214,-2.3969929678486457,11.0
2016-08-02 15:36:02.950,1.055,0.176,0.008,-2.1323859877026874,0.3340796019200035,-2.4693700947188573,11.0
2016-08-02 15:36:02.960,1.066,0.168,-0.008,-1.0425382288758376,0.5823872868623432,-2.159609596077267,11.0
2016-08-02 15:36:02.970,1.066,0.16,-0.016,0.35630978279523956,0.7334127106352037,-1.8624625363470386,11.0
2016-08-02 15:36:02.980,1.066,0.152,-0.012,2.02816356667794,1.2530197453654957,-1.8171732584754854,11.0
2016-08-02 15:36:02.990,1.051,0.152,-0.004,3.7014792970304304,2.1346882792561033,-2.0420566714662054,11.0
2016-08-02 15:36:03.000,1.027,0.152,0.0,5.00523434676773,2.4662762607522946,-2.637038947893039,11.0
2016-08-02 15:36:03.010,1.023,0.148,0.012,5.521379983569538,2.0537562282897275,-3.544822066776935,11.0
2016-08-02 15:36:03.020,1.02,0.156,0.016,4.967470024108396,1.5597750159554982,-4.532719155953826,11.0
2016-08-02 15:36:03.030,1.023,0.168,0.016,3.4785281823762935,1.0874254482804342,-5.148936709497116,11.0
2016-08-02 15:36:03.040,1.027,0.176,0.012,1.7025388427759052,0.4149857250814772,-5.142378526762908,11.0
2016-08-02 15:36:03.050,1.027,0.168,0.012,0.6691490723259401,-0.025956392445486736,-4.74345525580372,11.0
2016-08-02 15:36:03.060,1.023,0.16,0.012,0.9335312444250441,-0.007939354855507265,-4.214451868083449,11.0
2016-08-02 15:36:03.070,1.02,0.156,0.008,2.1379039982353554,0.18194651605489703,-3.711634189242792,11.0
2016-08-02 15:36:03.080,1.016,0.152,0.008,3.3356540677203714,0.3945572748412681,-3.318994675430763,11.0
2016-08-02 15:36:03.090,1.016,0.156,0.0,3.7857737785071115,0.3812402287456909,-3.0145557025089538,11.0
2016-08-02 15:36:03.100,1.02,0.164,0.008,3.65388593859878,0.05439987894447965,-2.7981069136704586,11.0
2016-08-02 15:36:03.110,1.016,0.164,0.012,3.337685359508466,-0.23881667548467794,-2.6286104832227513,11.0
2016-08-02 15:36:03.120,1.012,0.164,0.016,2.819065235134895,-0.5142501222218934,-2.507786979601592,11.0
2016-08-02 15:36:03.130,1.008,0.164,0.016,2.150116540902051,-0.9771825219963267,-2.4534395611923787,11.0
2016-08-02 15:36:03.140,1.008,0.164,0.02,1.4198760499448229,-1.2952282275257228,-2.2535915488992955,11.0
2016-08-02 15:36:03.150,1.012,0.168,0.02,0.5518294411414257,-1.3774653827595404,-1.951756137159377,11.0
2016-08-02 15:36:03.160,1.016,0.172,0.02,-0.21914672476900718,-1.4714981678603334,-1.7916752019930509,11.0
2016-08-02 15:36:03.170,1.027,0.172,0.016,-0.5726225579299332,-1.315358077762345,-1.5876854864892322,11.0
2016-08-02 15:36:03.180,1.035,0.168,0.008,-0.5414976654944997,-0.9394834715350493,-1.2314565633848462,11.0
2016-08-02 15:36:03.190,1.043,0.168,0.004,-0.20416844567562123,-0.7525706978610824,-0.9077006076650488,11.0
2016-08-02 15:36:03.200,1.047,0.164,0.004,0.26323272908797885,-0.5518252885162678,-0.6535663186693172,11.0
2016-08-02 15:36:03.210,1.047,0.168,0.0,0.5396226298612897,-0.223643193114288,-0.5611047168141039,11.0
2016-08-02 15:36:03.220,1.051,0.164,0.0,0.6211339961543771,-0.12249146491326939,-0.6597289640725655,11.0
2016-08-02 15:36:03.230,1.059,0.164,0.008,0.779372187202811,-0.30716061084774193,-0.7873774640221929,11.0
2016-08-02 15:36:03.240,1.066,0.168,0.012,0.9129852021338131,-0.7070831761460438,-0.9287024589131234,11.0
2016-08-02 15:36:03.250,1.086,0.176,0.016,0.457574146534383,-1.4135641405512933,-0.9402643534328925,11.0
2016-08-02 15:36:03.260,1.105,0.184,0.023,-0.5598201172594823,-2.1832682330613062,-0.5548140207682447,11.0
2016-08-02 15:36:03.270,1.121,0.188,0.031,-1.2147794353147283,-2.723216190265932,0.24398021042580492,11.0
2016-08-02 15:36:03.280,1.133,0.176,0.031,-0.8801047918872691,-3.109466748388502,1.2206312069282186,11.0
2016-08-02 15:36:03.290,1.133,0.18,0.02,0.04137703039066663,-3.068444885576334,2.096241812509162,11.0
2016-08-02 15:36:03.300,1.102,0.176,0.012,0.5121022720389621,-2.7065849756517517,2.9925613169402565,11.0
2016-08-02 15:36:03.310,1.07,0.16,0.012,0.3679179938283092,-2.964454723789955,3.665879322326969,11.0
2016-08-02 15:36:03.320,1.043,0.156,0.012,0.7323236790138732,-3.364537436245911,3.286343116446458,11.0
2016-08-02 15:36:03.330,1.012,0.145,0.016,1.50821048001472,-2.938725598170776,2.203185785760993,11.0
2016-08-02 15:36:03.340,0.965,0.148,0.016,1.0355860464691062,-2.8652497159910904,1.2034194100718747,11.0
2016-08-02 15:36:03.350,0.934,0.156,0.016,-1.058458960326944,-4.083612208610509,0.2869302679585054,11.0
2016-08-02 15:36:03.360,0.914,0.176,0.016,-3.7063072308179406,-5.431964673777721,-0.15988291657783577,11.0
2016-08-02 15:36:03.370,0.91,0.184,0.02,-6.070228075893166,-6.030865182343643,0.2100843921472037,11.0
2016-08-02 15:36:03.380,0.914,0.188,0.016,-7.948620792484951,-6.26544396965464,1.2234755210164798,11.0
2016-08-02 15:36:03.390,0.918,0.203,0.008,-9.954700089480067,-6.622830035950403,3.0437009582778627,11.0
2016-08-02 15:36:03.400,0.934,0.223,0.004,-12.189175696163305,-7.336267226916703,5.639414817485068,11.0
2016-08-02 15:36:03.410,0.957,0.219,0.012,-13.251190913113437,-8.054979176144599,8.656771844650082,11.0
2016-08-02 15:36:03.420,0.984,0.211,0.023,-12.913313638887812,-7.707959678898406,11.902662683113112,11.0
2016-08-02 15:36:03.430,1.004,0.18,0.027,-11.610395330321325,-6.374950718495341,14.318979856694405,11.0
2016-08-02 15:36:03.440,1.016,0.168,0.02,-8.090866733469927,-5.213721601525758,15.180246982264848,11.0
2016-08-02 15:36:03.450,1.023,0.16,0.004,-3.192333476124584,-4.228331260928409,15.734390705024193,11.0
2016-08-02 15:36:03.460,1.031,0.168,0.0,-0.6671821213077691,-3.4409806284222944,16.21399632812195,11.0
2016-08-02 15:36:03.470,1.031,0.18,0.004,-1.9775587221686914,-3.6399455105110516,15.49742564714708,11.0
2016-08-02 15:36:03.480,1.035,0.18,0.012,-5.0254600525994295,-4.426977861955484,13.94546189318135,11.0
2016-08-02 15:36:03.490,1.039,0.172,0.016,-6.988768132071098,-4.721681690115506,12.264984364754959,11.0
2016-08-02 15:36:03.500,1.023,0.156,0.027,-6.719511101965314,-4.613765940212439,10.302218120530323,11.0
2016-08-02 15:36:03.510,1.016,0.152,0.035,-5.230145902662835,-4.66649278753681,8.265811389246213,11.0
2016-08-02 15:36:03.520,1.012,0.152,0.031,-4.308612224837522,-4.686723234634393,6.881477529083199,11.0
2016-08-02 15:36:03.530,1.004,0.164,0.023,-4.4762123574077295,-4.600703586738608,6.260110201804315,11.0
2016-08-02 15:36:03.540,1.004,0.176,0.02,-4.718472951019174,-4.558185163236864,6.052974497737931,11.0
2016-08-02 15:36:03.550,1.0,0.18,0.016,-4.482394775469054,-4.317429069693469,6.382878978584028,11.0
2016-08-02 15:36:03.560,0.992,0.184,0.016,-4.12969546393979,-3.983001019848366,7.2078927918000915,11.0
2016-08-02 15:36:03.570,0.988,0.184,0.016,-3.526614404725099,-3.716185733880958,8.093389632809693,11.0
2016-08-02 15:36:03.580,0.984,0.184,0.016,-2.5820630220973966,-3.370484131255703,8.986032166404005,11.0
2016-08-02 15:36:03.590,0.988,0.188,0.02,-1.9305003481771832,-3.072468224559227,9.84574452435729,11.0
2016-08-02 15:36:03.600,0.984,0.176,0.023,-1.6367329989456805,-2.8082006581791052,10.47931246229086,11.0
2016-08-02 15:36:03.610,0.984,0.18,0.031,-1.2810373689740326,-2.5976462839389223,10.89679729425775,11.0
2016-08-02 15:36:03.620,0.988,0.172,0.031,-0.3158005222846536,-2.6628500883210595,10.881665408157028,11.0
2016-08-02 15:36:03.630,1.004,0.168,0.035,1.6747573425571236,-2.374603923346344,10.454336429395717,11.0
2016-08-02 15:36:03.640,1.004,0.176,0.027,3.661883007615039,-1.555048449362138,10.15457338608606,11.0
2016-08-02 15:36:03.650,1.0,0.18,0.027,4.870187681148074,-1.2274691466015462,9.767534966342133,11.0
2016-08-02 15:36:03.660,1.004,0.18,0.031,5.754222252762949,-1.224194961470023,8.999116381147342,11.0
2016-08-02 15:36:03.670,1.008,0.18,0.023,6.299461891587731,-0.839037936353672,8.33902484317267,11.0
2016-08-02 15:36:03.680,1.016,0.184,0.023,6.671832427125467,-0.4756904385043135,7.758908286562791,11.0
2016-08-02 15:36:03.690,1.016,0.184,0.023,7.123774432771809,-0.38745638599966226,7.055977968167772,11.0
2016-08-02 15:36:03.700,1.016,0.184,0.023,7.456656003001832,-0.35264598340456277,6.4204831508536735,11.0
2016-08-02 15:36:03.710,1.02,0.176,0.02,8.354378742104,-0.18730270820712927,5.637467170891496,11.0
2016-08-02 15:36:03.720,1.02,0.172,0.016,10.340666417116166,0.3963748674798284,4.784535867043305,11.0
2016-08-02 15:36:03.730,1.016,0.18,0.012,12.385998853315687,1.3633153922240144,4.256701214863132,11.0
2016-08-02 15:36:03.740,1.008,0.184,0.012,13.441925852289762,2.026511963316399,3.7268492100225306,11.0
2016-08-02 15:36:03.750,1.0,0.18,0.02,13.489624041458358,2.112215823493517,3.14996351849699,11.0
2016-08-02 15:36:03.760,1.004,0.18,0.016,12.959646283828214,2.0980511121645042,2.9344195123114485,11.0
2016-08-02 15:36:03.770,1.0,0.184,0.02,12.324100036836521,2.069904830589392,2.7423540430724556,11.0
2016-08-02 15:36:03.780,1.0,0.184,0.023,11.877456829713385,1.8384068136693632,2.327571041751083,11.0
2016-08-02 15:36:03.790,0.996,0.18,0.023,11.6086674336165,1.54898019866675,2.0275227735511203,11.0
2016-08-02 15:36:03.800,1.0,0.176,0.023,11.65439966574992,1.5066359238504559,1.7588706175746225,11.0
2016-08-02 15:36:03.810,1.004,0.176,0.02,12.122995812250949,1.905323807403542,1.2493639688812794,11.0
2016-08-02 15:36:03.820,1.008,0.18,0.016,12.619274612044713,2.415622606135874,0.535141347847174,11.0
2016-08-02 15:36:03.830,1.012,0.168,0.012,12.85424941543534,2.711563700891517,-0.22989504726535923,11.0
2016-08-02 15:36:03.840,1.016,0.176,0.004,12.64711473050456,2.9524852109135526,-0.8254848914705386,11.0
2016-08-02 15:36:03.850,1.02,0.176,0.012,11.993119580100934,3.011709757365515,-1.4207876948769087,11.0
2016-08-02 15:36:03.860,1.027,0.18,0.012,11.216411076121807,3.0174890689161398,-2.1924764255412383,11.0
2016-08-02 15:36:03.870,1.023,0.176,0.016,10.192570405441819,3.281099519206539,-2.849793141804433,11.0
2016-08-02 15:36:03.880,1.027,0.18,0.012,9.257493202255812,3.19933528664765,-3.5251993545537577,11.0
2016-08-02 15:36:03.890,1.047,0.18,0.012,9.028816500650095,3.0514000623473647,-4.249482136849677,11.0
2016-08-02 15:36:03.900,1.059,0.18,0.016,8.614377733481382,3.629700426709146,-4.74779716587312,11.0
2016-08-02 15:36:03.910,1.066,0.176,0.008,7.583208925214905,4.072839667933874,-5.353667455333777,11.0
2016-08-02 15:36:03.920,1.066,0.164,0.0,7.206847803926298,4.112358387450981,-6.154685587578516,11.0
2016-08-02 15:36:03.930,1.066,0.156,0.0,7.583208590700377,4.476907557489002,-6.903548337648185,11.0
2016-08-02 15:36:03.940,1.063,0.16,0.004,7.431807567098087,4.771979009901619,-7.736268800077678,11.0
2016-08-02 15:36:03.950,1.055,0.164,0.008,6.307286558614557,4.698400732077121,-8.653252051778356,11.0
2016-08-02 15:36:03.960,1.055,0.168,0.008,4.9188495231006275,4.661388300537347,-9.475812803509209,11.0
2016-08-02 15:36:03.970,1.051,0.164,0.008,4.24141233295731,4.693088512310038,-10.18485167394788,11.0
2016-08-02 15:36:03.980,1.051,0.164,0.0,4.102548019059041,4.720487968207827,-10.84282679127912,11.0
2016-08-02 15:36:03.990,1.047,0.164,-0.012,3.7073011464544976,4.761417441477954,-11.529781874761417,11.0
2016-08-02 15:36:04.000,1.039,0.156,-0.02,3.123612671104906,4.817754222878596,-12.197690191006611,11.0
2016-08-02 15:36:04.010,1.039,0.152,-0.016,2.41077781738895,4.930343278334192,-12.690209056627518,11.0
2016-08-02 15:36:04.020,1.027,0.152,-0.016,1.40060299936979,5.029573143246875,-13.035251292471653,11.0
2016-08-02 15:36:04.030,1.02,0.148,-0.008,0.6454417775213395,4.985482345249007,-13.371960873719614,11.0
2016-08-02 15:36:04.040,1.012,0.141,0.004,0.803320554320152,4.684403495718049,-13.676901760807125,11.0
2016-08-02 15:36:04.050,1.008,0.141,0.004,1.473983336174896,4.2490796670217374,-13.774155975427275,11.0
2016-08-02 15:36:04.060,1.004,0.148,0.008,1.6539417496598732,3.8512979259661035,-13.56415366576575,11.0
2016-08-02 15:36:04.070,1.0,0.156,-0.004,1.0348095509904347,3.2473441688245885,-13.092214782063262,11.0
2016-08-02 15:36:04.080,0.996,0.156,-0.012,-0.18992424293969568,2.432347577622442,-12.24903416347627,11.0
2016-08-02 15:36:04.090,0.996,0.16,-0.02,-1.8007690444223132,1.9012336474478202,-11.075611029000282,11.0
2016-08-02 15:36:04.100,1.0,0.16,-0.02,-3.2220295153526264,1.6939670442763588,-9.918393365413364,11.0
2016-08-02 15:36:04.110,1.008,0.16,-0.016,-3.8420924319670395,1.5240110503301398,-8.869291018795666,11.0
2016-08-02 15:36:04.120,1.012,0.152,-0.016,-3.493296914378395,1.5678005968283997,-8.019709434690514,11.0
2016-08-02 15:36:04.130,1.016,0.152,-0.016,-2.4220695768390383,1.9239412134101501,-7.4758362012747135,11.0
2016-08-02 15:36:04.140,1.016,0.156,-0.008,-1.4173926820424374,2.1633654662926514,-7.101925312351179,11.0
2016-08-02 15:36:04.150,1.02,0.152,-0.012,-1.3230586485974447,2.148499333304255,-6.857177895111747,11.0
2016-08-02 15:36:04.160,1.016,0.152,0.0,-1.9030420557671852,2.2116866919946645,-6.718702685674238,11.0
2016-08-02 15:36:04.170,1.012,0.148,0.0,-2.437309014413648,2.2572642952456587,-6.697677171689047,11.0
2016-08-02 15:36:04.180,1.008,0.145,0.004,-2.8634195265090168,2.026804845982852,-6.819045305144722,11.0
2016-08-02 15:36:04.190,0.996,0.141,0.008,-3.205737686027584,1.8304262539312748,-6.993144657693604,11.0
2016-08-02 15:36:04.200,0.992,0.141,0.008,-3.3513160097233223,1.8175571844662248,-7.258052424335259,11.0
2016-08-02 15:36:04.210,0.988,0.148,0.008,-3.4643189703586854,1.7593751125236534,-7.4368835607649135,11.0
2016-08-02 15:36:04.220,0.988,0.148,-0.004,-3.642504501781994,1.593219348731601,-7.228842087130523,11.0
2016-08-02 15:36:04.230,0.988,0.148,-0.008,-3.777517666083141,1.2939794186477678,-6.799215159481369,11.0
2016-08-02 15:36:04.240,0.992,0.152,-0.008,-3.793472371062256,0.9796166044464885,-6.203628671746008,11.0
2016-08-02 15:36:04.250,1.004,0.156,-0.012,-3.6357475165324606,0.7464232827893807,-5.23583041587966,11.0
2016-08-02 15:36:04.260,1.016,0.16,-0.004,-3.4647203787816387,0.376886767995518,-3.990756241947379,11.0
2016-08-02 15:36:04.270,1.031,0.164,0.004,-3.529853441690732,-0.11675965182430924,-2.660546557139088,11.0
2016-08-02 15:36:04.280,1.047,0.156,0.008,-3.6200604349074013,-0.5318976930977735,-1.405520514644982,11.0
2016-08-02 15:36:04.290,1.063,0.152,0.004,-3.540608848268291,-0.8353388342046599,-0.33732077974020125,11.0
2016-08-02 15:36:04.300,1.074,0.152,0.0,-3.5149814828061077,-1.074868480131493,0.5703215618541807,11.0
2016-08-02 15:36:04.310,1.082,0.148,0.004,-3.4566276042602238,-1.3841009022777433,1.1578586055949156,11.0
2016-08-02 15:36:04.320,1.09,0.152,0.004,-3.0074139975729848,-1.5910078294842032,1.3051936940650992,11.0
2016-08-02 15:36:04.330,1.086,0.145,0.008,-2.208823535142926,-1.3208164323324783,1.064032124000854,11.0
2016-08-02 15:36:04.340,1.066,0.133,0.012,-1.4270181145440843,-1.0105686821198887,0.19502921727859698,11.0
2016-08-02 15:36:04.350,1.047,0.125,0.012,-1.0546319600903367,-1.1471157245402244,-1.2073402762940104,11.0
2016-08-02 15:36:04.360,1.027,0.125,0.008,-1.1078291142213923,-1.1745961870277484,-2.6322056716118687,11.0
2016-08-02 15:36:04.370,1.008,0.125,0.004,-1.3000925576506155,-0.9936533673004604,-3.9826170977513,11.0
2016-08-02 15:36:04.380,0.984,0.141,0.004,-1.8594653119496183,-1.0825781813182485,-5.064620959121646,11.0
2016-08-02 15:36:04.390,0.965,0.148,0.004,-2.805995995976726,-1.2172672914244516,-5.552544840090573,11.0
2016-08-02 15:36:04.400,0.945,0.137,0.008,-2.9462700755547186,-1.280451464476887,-5.568298363480227,11.0
2016-08-02 15:36:04.410,0.93,0.141,0.008,-1.9053604765918943,-1.3499453905345817,-5.134627847458051,11.0
2016-08-02 15:36:04.420,0.926,0.156,0.008,-1.4983415946582912,-1.3907720611424799,-4.09835931777485,11.0
2016-08-02 15:36:04.430,0.922,0.168,0.004,-2.9386220732640975,-1.7350575964566746,-2.535923986668257,11.0
2016-08-02 15:36:04.440,0.922,0.172,0.008,-5.135565906141477,-2.3981972473397133,-0.5528072625813576,11.0
2016-08-02 15:36:04.450,0.938,0.18,0.012,-7.050398805792778,-2.993793237110866,1.5373800822042207,11.0
2016-08-02 15:36:04.460,0.945,0.18,0.012,-9.012800357889203,-3.48011090259161,3.2943996499620773,11.0
2016-08-02 15:36:04.470,0.953,0.168,0.012,-10.669026081659391,-3.9793824584377147,4.639446446838761,11.0
2016-08-02 15:36:04.480,0.965,0.145,0.012,-10.538245130234918,-4.303552661896174,5.594116693139956,11.0
2016-08-02 15:36:04.490,0.98,0.141,0.008,-8.963262213888065,-4.154194067364061,6.193211286999557,11.0
2016-08-02 15:36:04.500,0.988,0.152,0.008,-7.9620458880499845,-3.561846846826148,6.443058683771747,11.0
2016-08-02 15:36:04.510,1.0,0.156,0.004,-7.799208438388502,-2.6216216446586325,6.368921092890238,11.0
2016-08-02 15:36:04.520,0.996,0.148,0.0,-7.146443862018561,-1.6234758690380222,6.123079490091953,11.0
2016-08-02 15:36:04.530,1.0,0.145,0.004,-5.706334510293233,-1.1585645598001135,5.59654888463817,11.0
2016-08-02 15:36:04.540,0.996,0.148,0.0,-4.618771850778137,-1.1578179513410256,4.871177488609525,11.0
2016-08-02 15:36:04.550,0.992,0.145,0.008,-4.541985662858167,-1.1136825808108886,4.234771122437364,11.0
2016-08-02 15:36:04.560,0.98,0.148,0.012,-4.679165933538642,-0.9809086591118994,3.6091997661652084,11.0
2016-08-02 15:36:04.570,0.969,0.148,0.016,-4.525843035527619,-0.9957346770470177,3.071694336619079,11.0
2016-08-02 15:36:04.580,0.961,0.152,0.016,-4.509977998369409,-1.1464464166666342,2.824802153056159,11.0
2016-08-02 15:36:04.590,0.953,0.148,0.02,-4.569014098579764,-1.2106841398970538,2.8376605076619494,11.0
2016-08-02 15:36:04.600,0.953,0.152,0.016,-4.526739133526303,-1.2566884818400716,3.1210548753307306,11.0
2016-08-02 15:36:04.610,0.953,0.152,0.012,-4.621237756686851,-1.2300845761778045,3.660656843544345,11.0
2016-08-02 15:36:04.620,0.957,0.156,0.004,-4.684284154699358,-0.8848106061642509,4.296627186850864,11.0
2016-08-02 15:36:04.630,0.961,0.156,0.0,-4.716050736071741,-0.442001612737248,4.97599389474927,11.0
2016-08-02 15:36:04.640,0.969,0.16,0.0,-5.148343672147032,-0.05750568713590405,5.790237378116636,11.0
2016-08-02 15:36:04.650,0.973,0.168,0.004,-5.5006620725890745,0.369589167133743,6.540068420261611,11.0
2016-08-02 15:36:04.660,0.977,0.148,0.0,-4.880048065138891,0.8166930922273995,7.005728906537941,11.0
2016-08-02 15:36:04.670,0.984,0.152,0.004,-3.764571870429316,1.2660897748247408,7.359638036385574,11.0
2016-08-02 15:36:04.680,0.984,0.156,0.012,-3.1794526572214434,1.5356911435963452,7.482392482191692,11.0
2016-08-02 15:36:04.690,0.988,0.148,0.012,-3.122248221477304,1.6515324675886187,7.261480959295959,11.0
2016-08-02 15:36:04.700,0.988,0.148,0.012,-2.8482979545872307,1.8321149771093426,6.908698335624972,11.0
2016-08-02 15:36:04.710,0.992,0.145,0.012,-2.005300411048455,1.8074575552292664,6.3132844132144115,11.0
2016-08-02 15:36:04.720,1.0,0.148,0.008,-1.2966472455545137,1.623218796854922,5.593896599224307,11.0
2016-08-02 15:36:04.730,1.004,0.148,0.008,-0.8819027663752229,1.629170299286049,4.964469280401917,11.0
2016-08-02 15:36:04.740,1.0,0.148,0.012,0.008082394053284175,1.7017367160622117,4.294581625455152,11.0
2016-08-02 15:36:04.750,0.996,0.148,0.012,0.9854383548362534,1.6040718046296372,3.685638981127299,11.0
2016-08-02 15:36:04.760,0.992,0.148,0.02,1.4392105468109864,1.2725960475904419,3.099328750360201,11.0
2016-08-02 15:36:04.770,0.98,0.145,0.02,1.925276488380171,1.008008461297512,2.446098521333617,11.0
2016-08-02 15:36:04.780,0.965,0.141,0.02,2.529736787620344,0.8291079314684602,1.809030374608466,11.0
2016-08-02 15:36:04.790,0.953,0.145,0.023,2.649747906077951,0.3044025819428569,1.0482393646490205,11.0
2016-08-02 15:36:04.800,0.938,0.148,0.035,2.4792202111232964,-0.2886269108956163,0.34052873165635855,11.0
2016-08-02 15:36:04.810,0.93,0.148,0.031,2.4658082517623674,-0.4975200514355862,-0.14415754420464597,11.0
2016-08-02 15:36:04.820,0.926,0.148,0.02,2.432106945836081,-0.5404186564410429,-0.5342236413797032,11.0
2016-08-02 15:36:04.830,0.922,0.152,0.02,2.2057819367760203,-0.5013034531607118,-0.5499741838668359,11.0
2016-08-02 15:36:04.840,0.926,0.148,0.012,2.0353365206092877,-0.17672340874329123,-0.12558446564439513,11.0
2016-08-02 15:36:04.850,0.934,0.152,0.0,2.3905253584719857,0.3930009770389827,0.42890087069598315,11.0
2016-08-02 15:36:04.860,0.949,0.164,-0.012,3.339052783657191,1.1025862236769655,1.1049391431876536,11.0
2016-08-02 15:36:04.870,0.961,0.176,-0.012,4.068126222184194,1.8749307449289752,2.0060967598018173,11.0
2016-08-02 15:36:04.880,0.977,0.18,-0.012,3.756264806797177,2.4483380913010873,3.0753716489199254,11.0
2016-08-02 15:36:04.890,0.988,0.168,0.004,3.1824693716745953,2.6465645132914166,4.012163504237722,11.0
2016-08-02 15:36:04.900,1.0,0.156,0.016,3.8710221708943062,2.688519784458175,4.639334550112105,11.0
2016-08-02 15:36:04.910,1.008,0.152,0.02,5.163684469919652,2.7223678321316673,4.982646171576597,11.0
2016-08-02 15:36:04.920,1.016,0.16,0.031,5.2298464821848745,2.5768400554514947,4.9573098651467875,11.0
2016-08-02 15:36:04.930,1.02,0.156,0.039,4.296645723802655,2.3065247895580434,4.553798206156835,11.0
2016-08-02 15:36:04.940,1.016,0.152,0.031,3.5870792002483407,1.9725275915377711,3.7281499320915,11.0
2016-08-02 15:36:04.950,1.012,0.148,0.02,3.2733744753411345,1.380068823266939,2.5502342814334265,11.0
2016-08-02 15:36:04.960,1.016,0.152,0.016,2.9664863225459115,0.8613597917570645,1.3809194645822453,11.0
2016-08-02 15:36:04.970,1.02,0.152,0.012,2.2798451214772646,0.7481765110409077,0.35964840075163546,11.0
2016-08-02 15:36:04.980,1.012,0.16,0.008,1.366919112565436,0.6560980233020048,-0.5173678311897009,11.0
2016-08-02 15:36:04.990,1.008,0.16,0.004,0.8736755127549841,0.585898227035221,-1.1483168265809125,11.0
2016-08-02 15:36:05.000,0.992,0.168,0.004,0.7145560258718587,0.8575172380686849,-1.447097306624726,11.0
2016-08-02 15:36:05.010,0.98,0.164,0.008,0.37356047350659305,1.1452786133561577,-1.401817455988213,11.0
2016-08-02 15:36:05.020,0.969,0.164,0.012,-0.0755549964254815,1.0939343306975169,-1.1900136734288889,11.0
2016-08-02 15:36:05.030,0.961,0.164,0.02,-0.40075442326136146,0.9166074603882777,-1.0177652686474714,11.0
2016-08-02 15:36:05.040,0.953,0.164,0.02,-0.753609940355071,0.8147194744899284,-0.8852154457079067,11.0
2016-08-02 15:36:05.050,0.945,0.164,0.016,-1.5246889163949455,0.632333141210481,-0.7635566833555906,11.0
2016-08-02 15:36:05.060,0.941,0.156,0.02,-2.7313319262174014,0.28122751989960515,-0.7862110718150812,11.0
2016-08-02 15:36:05.070,0.938,0.152,0.016,-3.741923136070887,0.052291269652114565,-0.9831565880929096,11.0
2016-08-02 15:36:05.080,0.934,0.152,0.012,-4.1992270522929305,0.1993543883326846,-1.2351138744821788,11.0
2016-08-02 15:36:05.090,0.938,0.156,0.008,-4.423189891857819,0.47803460410502535,-1.5951039408250494,11.0
2016-08-02 15:36:05.100,0.945,0.156,0.004,-4.604458799121736,0.6964661001257364,-1.9728500348191669,11.0
2016-08-02 15:36:05.110,0.949,0.156,0.0,-4.744174337667241,0.9863731672618321,-2.161785564772966,11.0
2016-08-02 15:36:05.120,0.949,0.152,0.004,-4.889837953267403,1.1821031241800442,-2.2318581022868074,11.0
2016-08-02 15:36:05.130,0.953,0.152,0.004,-4.815049642294764,1.1343213743660119,-2.2587422170386904,11.0
2016-08-02 15:36:05.140,0.957,0.148,0.012,-4.396237529238834,1.3069030625046896,-2.2926020205556705,11.0
2016-08-02 15:36:05.150,0.957,0.152,0.016,-3.992301474337709,1.9380936600400545,-2.44256338266518,11.0
2016-08-02 15:36:05.160,0.949,0.145,0.027,-3.7571720745914226,2.348706595402206,-2.8010960076990883,11.0
2016-08-02 15:36:05.170,0.945,0.145,0.027,-3.488656454101198,2.1803684764621525,-3.4235349900105048,11.0
2016-08-02 15:36:05.180,0.945,0.148,0.02,-3.4964934412701743,1.971859733885742,-4.14920264160854,11.0
2016-08-02 15:36:05.190,0.945,0.148,0.012,-4.240342869540882,1.8636013532845679,-4.73691545810494,11.0
2016-08-02 15:36:05.200,0.949,0.152,0.012,-5.210569055238517,1.6606371137212095,-5.097763935748701,11.0
2016-08-02 15:36:05.210,0.949,0.152,-0.004,-5.528359090379566,1.5084715168014622,-5.214728179478884,11.0
2016-08-02 15:36:05.220,0.965,0.152,-0.012,-5.111737619213959,1.4358885865474984,-5.071255431089613,11.0
2016-08-02 15:36:05.230,0.98,0.16,-0.012,-4.430524861887922,1.5143448500530226,-4.6083975251742775,11.0
2016-08-02 15:36:05.240,0.992,0.16,-0.004,-3.669024992428444,1.8082383012942154,-3.887621073212819,11.0
2016-08-02 15:36:05.250,1.008,0.164,0.004,-2.8688549276215696,1.9825881536135008,-3.06500806326617,11.0
2016-08-02 15:36:05.260,1.008,0.156,0.012,-2.130188514825871,1.9065772586933112,-2.250293311730804,11.0
2016-08-02 15:36:05.270,1.016,0.152,0.016,-1.268838328134052,1.604770888946741,-1.6855421444436103,11.0
2016-08-02 15:36:05.280,1.02,0.148,0.02,-0.41206618336899875,1.0098149735699584,-1.4091220173376848,11.0
2016-08-02 15:36:05.290,1.023,0.152,0.023,-0.11481296925382205,0.3354689813724837,-1.3231479444585985,11.0
2016-08-02 15:36:05.300,1.023,0.152,0.023,-0.4334449858168167,-0.2497212272721936,-1.5748765681483614,11.0
2016-08-02 15:36:05.310,1.023,0.152,0.027,-1.1459092385416383,-0.8657320032826946,-1.9704599443850364,11.0
2016-08-02 15:36:05.320,1.02,0.152,0.023,-2.0487849498436397,-1.5871359102946634,-2.2339092094797817,11.0
2016-08-02 15:36:05.330,1.02,0.152,0.02,-2.6665950956591065,-2.107233721892172,-2.4609321963740562,11.0
2016-08-02 15:36:05.340,1.012,0.145,0.012,-2.5286527296155255,-2.0780598883973553,-2.59976669743348,11.0
2016-08-02 15:36:05.350,1.016,0.145,0.004,-1.6000258408084491,-1.8204872832047134,-2.6067853696964605,11.0
2016-08-02 15:36:05.360,1.023,0.16,-0.012,-0.5969000628119321,-1.6695193456938044,-2.3558589314909293,11.0
2016-08-02 15:36:05.370,1.039,0.176,-0.016,-0.48521910801311857,-1.3523596463882555,-1.5637669084817043,11.0
2016-08-02 15:36:05.380,1.059,0.184,-0.02,-1.2574713578390777,-0.9092535273285751,-0.47462039651538707,11.0
2016-08-02 15:36:05.390,1.07,0.184,-0.012,-1.8196983969089204,-0.7912639205830374,0.5834626539236423,11.0
2016-08-02 15:36:05.400,1.086,0.172,0.004,-1.0908099567084593,-0.8664285688189145,1.53390079485072,11.0
2016-08-02 15:36:05.410,1.094,0.156,0.008,0.74681863986209,-0.7342704825291111,2.171682037463916,11.0
2016-08-02 15:36:05.420,1.09,0.148,0.012,2.2549555689013494,-0.6510801114352249,2.4552113026507687,11.0
2016-08-02 15:36:05.430,1.082,0.148,0.016,2.493736430638408,-1.074174290284554,2.4204156395588234,11.0
2016-08-02 15:36:05.440,1.074,0.152,0.027,1.7875570442089812,-1.7508495071063344,2.0009793271449787,11.0
2016-08-02 15:36:05.450,1.066,0.152,0.027,0.6455465570000701,-2.3337192561978615,1.358225159505879,11.0
2016-08-02 15:36:05.460,1.059,0.156,0.023,-0.639417894970749,-3.079798808952524,0.6957990270696034,11.0
2016-08-02 15:36:05.470,1.051,0.16,0.02,-1.8334046750403925,-3.830398566358074,0.05541278573707971,11.0
2016-08-02 15:36:05.480,1.043,0.16,0.008,-2.9905556535609037,-4.005197188827677,-0.32252749237895645,11.0
2016-08-02 15:36:05.490,1.035,0.168,0.0,-4.084670277704017,-3.846672848817801,-0.1728275879384246,11.0
2016-08-02 15:36:05.500,1.016,0.168,-0.004,-4.685546813989914,-3.838829279832344,0.30039053528712745,11.0
2016-08-02 15:36:05.510,1.016,0.164,0.0,-4.485200098639225,-3.6761575149358774,0.8252835099630045,11.0
2016-08-02 15:36:05.520,1.012,0.16,0.004,-3.616892645925126,-3.130978518069269,1.387628829458674,11.0
2016-08-02 15:36:05.530,1.0,0.156,0.008,-2.558656179797327,-2.7816708017479854,1.9813317286515635,11.0
2016-08-02 15:36:05.540,0.996,0.152,0.008,-1.8325100084613872,-2.9451745461895933,2.4787630821769544,11.0
2016-08-02 15:36:05.550,0.992,0.156,0.012,-1.7496555020564486,-3.3768518964200904,2.7963411943970815,11.0
2016-08-02 15:36:05.560,1.0,0.168,0.012,-2.460283468214209,-4.012297339593912,3.0976849623331093,11.0
2016-08-02 15:36:05.570,1.023,0.18,0.016,-3.6474254827612627,-4.663681432627632,3.5637120697291955,11.0
2016-08-02 15:36:05.580,1.047,0.184,0.02,-4.737534010539695,-5.0628459968767,4.356963555702355,11.0
2016-08-02 15:36:05.590,1.074,0.188,0.016,-5.661619071985861,-5.331996708868207,5.674960520415686,11.0
2016-08-02 15:36:05.600,1.098,0.18,0.016,-6.124191852406136,-5.431412586732508,7.2866996888873174,11.0
2016-08-02 15:36:05.610,1.109,0.172,0.012,-5.079754572654858,-5.008355544269641,8.571690992488021,11.0
2016-08-02 15:36:05.620,1.113,0.172,0.008,-2.3548711274763297,-3.804984894567487,9.245306249251596,11.0
2016-08-02 15:36:05.630,1.082,0.16,0.004,0.464150054250701,-2.1986130939120354,9.432566490224193,11.0
2016-08-02 15:36:05.640,1.051,0.152,0.008,1.9243705955291346,-1.5787789301824908,9.013227396699577,11.0
2016-08-02 15:36:05.650,1.035,0.148,0.016,2.4523359331114007,-2.0225476851238886,7.613450094063566,11.0
2016-08-02 15:36:05.660,1.012,0.141,0.023,3.1631001705073336,-1.9775540370589342,5.615435212330159,11.0
2016-08-02 15:36:05.670,0.98,0.133,0.031,3.9309483990686234,-2.0224545045584255,3.969973228371143,11.0
2016-08-02 15:36:05.680,0.961,0.148,0.027,3.5526841461581427,-3.236825033190342,2.8366024425150957,11.0
2016-08-02 15:36:05.690,0.949,0.168,0.027,1.6060138760684044,-4.437554497902953,2.276278651639921,11.0
2016-08-02 15:36:05.700,0.949,0.176,0.02,-0.40754256301819924,-4.850817186571866,2.7103914599022367,11.0
2016-08-02 15:36:05.710,0.949,0.176,0.016,-0.7227142742168812,-4.801699815527886,3.8884827325067914,11.0
2016-08-02 15:36:05.720,0.953,0.18,0.008,0.26995587335863025,-4.6020455947339585,5.574228216749574,11.0
2016-08-02 15:36:05.730,0.973,0.191,0.004,1.0773038350324535,-4.333551451669686,7.761984856454073,11.0
2016-08-02 15:36:05.740,0.98,0.195,0.004,1.7405813691642271,-3.674197512472826,10.010792274710248,11.0
2016-08-02 15:36:05.750,0.988,0.188,0.008,2.8768265829247293,-2.916880749386677,12.128489397309785,11.0
2016-08-02 15:36:05.760,0.992,0.176,0.008,3.914896068212572,-2.6887084718684857,14.041917453269782,11.0
2016-08-02 15:36:05.770,1.004,0.18,0.023,4.386007208081496,-2.806414786322721,15.266097467396618,11.0
2016-08-02 15:36:05.780,1.012,0.184,0.035,4.595550628170981,-2.842229219749488,15.69000240995586,11.0
2016-08-02 15:36:05.790,1.016,0.176,0.043,4.757094738891167,-2.635972324635934,15.618798497767845,11.0
2016-08-02 15:36:05.800,1.02,0.168,0.047,4.9037778611268195,-2.471123811527107,14.989000334015312,11.0
2016-08-02 15:36:05.810,1.02,0.164,0.035,4.9687341854780325,-2.7314497457265636,13.736246214680708,11.0
2016-08-02 15:36:05.820,1.02,0.156,0.027,4.93840457420924,-3.050347090098022,12.22261688220601,11.0
2016-08-02 15:36:05.830,1.023,0.164,0.023,5.021530751650551,-2.850961792410107,10.624687441766081,11.0
2016-08-02 15:36:05.840,1.02,0.164,0.012,5.206424456552597,-2.273927076352152,8.978939298620793,11.0
2016-08-02 15:36:05.850,1.02,0.172,0.004,5.17278079582459,-1.7304288915001498,7.689656179446265,11.0
2016-08-02 15:36:05.860,1.02,0.172,0.0,5.103095362175776,-1.1229591545913138,6.954075903911665,11.0
2016-08-02 15:36:05.870,1.02,0.168,0.008,5.613415625513237,-0.3585396432182668,6.4535371085788,11.0
2016-08-02 15:36:05.880,1.016,0.172,0.012,6.584099092611984,0.14932206044301605,6.053341031537582,11.0
2016-08-02 15:36:05.890,1.004,0.176,0.016,7.252339284193205,0.36076494217916766,5.841721779335783,11.0
2016-08-02 15:36:05.900,1.004,0.18,0.023,7.160262505055265,0.6789145281140849,5.6718838550422035,11.0
2016-08-02 15:36:05.910,1.0,0.18,0.02,6.313174103570498,1.0005381936638134,5.448753637108621,11.0
2016-08-02 15:36:05.920,0.992,0.18,0.02,5.093898388953381,1.007527020529045,5.291502840314909,11.0
2016-08-02 15:36:05.930,0.992,0.184,0.02,4.0317047064658516,0.8363076358812686,5.181836678328822,11.0
2016-08-02 15:36:05.940,0.996,0.18,0.016,3.385922254178548,0.7649486218097173,5.053707603737612,11.0
2016-08-02 15:36:05.950,0.992,0.18,0.016,3.1826739366480274,0.8153798621340558,4.8828314686011565,11.0
2016-08-02 15:36:05.960,0.992,0.172,0.016,3.2688794746312038,0.9264258221222996,4.640087676910029,11.0
2016-08-02 15:36:05.970,1.0,0.176,0.012,3.3494666481709707,1.1891887138759245,4.401952237142365,11.0
2016-08-02 15:36:05.980,1.0,0.18,0.012,3.2101789250526407,1.5572568184189661,4.186319356519638,11.0
2016-08-02 15:36:05.990,1.004,0.184,0.012,2.7115005118639277,1.7967378692736966,3.967540143189925,11.0
2016-08-02 15:36:06.000,0.996,0.184,0.012,1.9793268659415952,1.924852927826921,3.6778114838225875,11.0
2016-08-02 15:36:06.010,1.004,0.184,0.02,1.4563882156691241,2.0939752698754273,3.2737351753400667,11.0
2016-08-02 15:36:06.020,1.0,0.184,0.016,1.1944200458925496,2.2773545599112266,2.9378250784807833,11.0
2016-08-02 15:36:06.030,1.004,0.184,0.016,0.8500787183089433,2.248060606622816,2.6080985416590723,11.0
2016-08-02 15:36:06.040,1.004,0.184,0.016,0.45397471279351365,1.9348375195824499,2.2256942532171995,11.0
2016-08-02 15:36:06.050,1.0,0.184,0.016,0.3035957118495677,1.8076477758097007,1.9778696969999512,11.0
2016-08-02 15:36:06.060,1.004,0.184,0.016,0.374482975254796,2.037337402743316,1.69537758193129,11.0
2016-08-02 15:36:06.070,1.004,0.184,0.016,0.26966161018334356,2.060076016466799,1.3879413493440376,11.0
2016-08-02 15:36:06.080,1.004,0.188,0.012,-0.12466211850247601,1.867279677262264,1.2035821092937564,11.0
2016-08-02 15:36:06.090,1.004,0.184,0.012,-0.4704178708448475,2.0058504161848623,0.8979202401591068,11.0
2016-08-02 15:36:06.100,1.004,0.188,0.012,-0.707046044616072,2.2409948471969607,0.5732382330910576,11.0
2016-08-02 15:36:06.110,0.996,0.184,0.012,-1.0233775984115145,2.1900576606582596,0.4594919080681654,11.0
2016-08-02 15:36:06.120,0.996,0.184,0.016,-1.3720248042520682,2.2370503606564656,0.32347458558877096,11.0
2016-08-02 15:36:06.130,1.0,0.184,0.016,-1.5743856752183,2.439963676411092,-0.011374537556770023,11.0
2016-08-02 15:36:06.140,0.996,0.184,0.02,-1.6323806837283628,2.4547487177134633,-0.40887601818075614,11.0
2016-08-02 15:36:06.150,0.996,0.18,0.016,-1.7289577244937524,2.372337841629766,-0.7958382297792843,11.0
2016-08-02 15:36:06.160,0.996,0.176,0.012,-1.9334503689927631,2.2465440388605074,-1.1895182776682534,11.0
2016-08-02 15:36:06.170,1.0,0.176,0.004,-2.1852434533304175,2.0559145363274034,-1.4733536862225378,11.0
2016-08-02 15:36:06.180,1.004,0.176,0.004,-2.3014578582381313,1.9661903749548912,-1.753352019431249,11.0
2016-08-02 15:36:06.190,1.004,0.172,0.004,-2.077976028171715,2.0140395787709746,-2.2106640839975222,11.0
2016-08-02 15:36:06.200,1.004,0.176,0.004,-1.7733181663713293,2.1552772715340085,-2.632023561919042,11.0
2016-08-02 15:36:06.210,1.008,0.172,0.012,-1.7049031454259667,2.3170563378289413,-2.893887713486384,11.0
2016-08-02 15:36:06.220,1.012,0.172,0.012,-1.5439225641686347,2.3707892202131537,-3.1815769110196577,11.0
2016-08-02 15:36:06.230,1.012,0.168,0.012,-1.1408690690548369,2.377795317919527,-3.585639935541149,11.0
2016-08-02 15:36:06.240,1.012,0.168,0.016,-1.0605534330355453,2.427650970389116,-3.9716756766597108,11.0
2016-08-02 15:36:06.250,1.012,0.172,0.016,-1.262907267191797,2.3861146307329872,-4.338076139554364,11.0
2016-08-02 15:36:06.260,1.008,0.164,0.012,-1.0533707232435785,2.279399286377787,-4.901686726424013,11.0
2016-08-02 15:36:06.270,1.008,0.16,0.008,-0.7232410470545485,2.2903763237666377,-5.5503285866131735,11.0
2016-08-02 15:36:06.280,1.008,0.16,0.008,-0.9463858209648074,2.375157318275853,-6.060097109242254,11.0
2016-08-02 15:36:06.290,1.016,0.164,0.008,-1.2376379305546774,2.4173522589202046,-6.5350223563049985,11.0
2016-08-02 15:36:06.300,1.016,0.164,0.008,-0.8227805488187667,2.4306645234715845,-7.0679285967208605,11.0
2016-08-02 15:36:06.310,1.02,0.164,0.012,0.1064530397306272,2.5157486418035955,-7.514160312858533,11.0
2016-08-02 15:36:06.320,1.023,0.16,0.008,0.696699305256352,2.6744497857149088,-7.663376651132573,11.0
2016-08-02 15:36:06.330,1.031,0.164,0.004,0.6245747638575938,2.6768452902617597,-7.742191460964398,11.0
2016-08-02 15:36:06.340,1.043,0.16,0.004,0.7134906394762972,2.5460819684936298,-8.045430880184226,11.0
2016-08-02 15:36:06.350,1.055,0.164,0.004,1.4185911360523626,2.6313984843363047,-8.219708978128022,11.0
2016-08-02 15:36:06.360,1.07,0.168,0.008,1.8688315981314192,2.768637268422676,-8.081195002471915,11.0
2016-08-02 15:36:06.370,1.078,0.172,0.008,1.6367945376464244,2.6923552532688126,-7.923510073492398,11.0
2016-08-02 15:36:06.380,1.082,0.176,0.012,1.5492013884349456,2.5384814177920987,-7.786434585957492,11.0
2016-08-02 15:36:06.390,1.09,0.16,0.012,2.400128209059865,2.333774235187217,-7.70193342235442,11.0
2016-08-02 15:36:06.400,1.09,0.156,0.012,3.7751453424030226,2.23924777139538,-7.827468434569067,11.0
2016-08-02 15:36:06.410,1.09,0.16,0.008,4.43994313238833,2.174442196041302,-8.068682573918766,11.0
2016-08-02 15:36:06.420,1.09,0.16,0.012,4.16135936490166,1.835281833394237,-8.438428029246317,11.0
2016-08-02 15:36:06.430,1.086,0.16,0.012,3.6418870987512597,1.6378382635745812,-9.008603847199446,11.0
2016-08-02 15:36:06.440,1.078,0.156,0.008,3.125486299347477,1.629070552207605,-9.549135012706792,11.0
2016-08-02 15:36:06.450,1.07,0.152,0.008,2.6998110379188667,1.2906742928913382,-10.061621464195257,11.0
2016-08-02 15:36:06.460,1.066,0.152,0.004,2.45079175037505,0.862117837280562,-10.599511246566301,11.0
2016-08-02 15:36:06.470,1.063,0.16,0.008,2.195306257011236,0.6244754878897414,-10.829791548664161,11.0
2016-08-02 15:36:06.480,1.059,0.156,0.012,1.8149279314487923,0.34732802553334535,-10.719705470622593,11.0
2016-08-02 15:36:06.490,1.055,0.16,0.012,1.4119646231640626,0.041526870398663665,-10.416899572326233,11.0
2016-08-02 15:36:06.500,1.043,0.168,0.012,1.210265186069357,-0.12001365104848047,-9.787675582410031,11.0
2016-08-02 15:36:06.510,1.051,0.172,0.012,0.8999713749474422,-0.24843193503912592,-8.91170523887602,11.0
2016-08-02 15:36:06.520,1.047,0.168,0.008,0.05325884231806813,-0.4951366457609184,-8.000733438410677,11.0
2016-08-02 15:36:06.530,1.043,0.16,0.008,-0.698374926042526,-0.6996524530710754,-7.111176812928099,11.0
2016-08-02 15:36:06.540,1.043,0.16,0.016,-0.8273599610069261,-0.7625212134630015,-6.427464693633618,11.0
2016-08-02 15:36:06.550,1.035,0.156,0.012,-1.0308727478126782,-0.9460151701232351,-6.118138945177378,11.0
2016-08-02 15:36:06.560,1.027,0.156,0.012,-2.1185079306961043,-1.2162391565308428,-6.060045710842967,11.0
2016-08-02 15:36:06.570,1.023,0.156,0.012,-3.9310256245348936,-1.352269743892687,-6.23881381095509,11.0
2016-08-02 15:36:06.580,1.023,0.152,0.016,-5.270581632545171,-1.4735257707566427,-6.772032997802888,11.0
2016-08-02 15:36:06.590,1.02,0.145,0.016,-5.305050018061288,-1.3345215756588027,-7.405707122656901,11.0
2016-08-02 15:36:06.600,1.008,0.145,0.012,-5.119595135917574,-0.9754559691516391,-8.035240130885736,11.0
2016-08-02 15:36:06.610,0.996,0.141,0.012,-5.756563554534184,-1.0423896418380938,-8.723206917825058,11.0
2016-08-02 15:36:06.620,0.98,0.133,0.012,-6.286102066911527,-1.1340127105118372,-9.131353727980894,11.0
2016-08-02 15:36:06.630,0.969,0.133,0.012,-6.1916593592214175,-0.8875520356702411,-9.394445378011788,11.0
2016-08-02 15:36:06.640,0.957,0.137,0.012,-6.429090494639804,-0.7828371676224309,-9.82765603332157,11.0
2016-08-02 15:36:06.650,0.949,0.141,0.012,-7.485405759197294,-0.6742705134604343,-10.057691138699582,11.0
2016-08-02 15:36:06.660,0.934,0.141,0.012,-8.72297812496896,-0.4855879281303507,-9.960266776329364,11.0
2016-08-02 15:36:06.670,0.93,0.137,0.012,-9.375414369284323,-0.4687810118380743,-9.758029466324654,11.0
2016-08-02 15:36:06.680,0.922,0.137,0.016,-9.67160960831107,-0.3929921541232127,-9.45030317279073,11.0
2016-08-02 15:36:06.690,0.926,0.148,0.012,-10.501488547420818,-0.12882413292619102,-8.876405959857678,11.0
2016-08-02 15:36:06.700,0.93,0.148,0.012,-12.024202556015355,0.09357628161652612,-7.871766273009451,11.0
2016-08-02 15:36:06.710,0.938,0.145,0.008,-13.071098348197545,0.10898500284642718,-6.5805794799261506,11.0
2016-08-02 15:36:06.720,0.953,0.141,0.004,-12.455693365673028,0.18845818169453593,-5.097837179814772,11.0
2016-08-02 15:36:06.730,0.969,0.148,0.004,-10.916030616846882,0.504483978491941,-3.4009182724382034,11.0
2016-08-02 15:36:06.740,0.984,0.156,0.0,-10.335527748925822,0.6724751116538766,-1.7503029638058667,11.0
2016-08-02 15:36:06.750,1.004,0.156,0.004,-10.89120295571571,0.6550697948025569,-0.24670431125214523,11.0
2016-08-02 15:36:06.760,1.016,0.145,0.008,-11.030671600673164,0.8132685959622217,0.9914335328311805,11.0
2016-08-02 15:36:06.770,1.023,0.137,0.012,-10.181950841365706,1.1875956777115186,1.6802144288066618,11.0
2016-08-02 15:36:06.780,1.023,0.125,0.012,-8.842598854464828,1.4526064507746697,1.8632249769993643,11.0
2016-08-02 15:36:06.790,1.02,0.125,0.012,-7.379983878678259,1.4249854951376444,1.7142984796127405,11.0
2016-08-02 15:36:06.800,1.02,0.125,0.012,-6.2890287213515705,1.2899383312578268,1.3875908953624108,11.0
2016-08-02 15:36:06.810,1.02,0.129,0.012,-5.824251214568128,1.1113968598363309,1.0585663393165872,11.0
2016-08-02 15:36:06.820,1.02,0.133,0.004,-5.562444645278276,0.9352667025671006,0.8062821392388146,11.0
2016-08-02 15:36:06.830,1.012,0.141,0.008,-4.970655167585901,0.9860263990242458,0.6991399650848638,11.0
2016-08-02 15:36:06.840,1.012,0.141,-0.004,-4.155227040551729,1.2277636931789526,0.9700503033921,11.0
2016-08-02 15:36:06.850,1.004,0.141,0.004,-3.4279820707190742,1.4034190734479148,1.5850082603544686,11.0
2016-08-02 15:36:06.860,0.992,0.137,-0.004,-2.5044229270785117,1.581294313979544,2.277963320444708,11.0
2016-08-02 15:36:06.870,0.98,0.141,0.0,-1.3386063708315992,1.8142293964368577,3.0894852788621483,11.0
2016-08-02 15:36:06.880,0.965,0.137,0.004,-0.6098770023019487,1.639127370439732,3.8905284899413313,11.0
2016-08-02 15:36:06.890,0.957,0.133,0.012,-0.2981647012750141,1.097177153437927,4.4423548380010525,11.0
2016-08-02 15:36:06.900,0.953,0.133,0.012,0.3876605418099272,0.801297356328595,4.74719424256936,11.0
2016-08-02 15:36:06.910,0.941,0.125,0.016,1.3288682394526503,0.5786857174370965,4.913352796796507,11.0
2016-08-02 15:36:06.920,0.93,0.129,0.016,1.744778661408184,-0.06580185930551125,5.162338973690125,11.0
2016-08-02 15:36:06.930,0.922,0.133,0.016,1.3168974859470095,-0.8544484533190698,5.37825816523048,11.0
2016-08-02 15:36:06.940,0.918,0.133,0.016,0.5466812083841812,-1.3698557572362777,5.407918221294514,11.0
2016-08-02 15:36:06.950,0.914,0.133,0.012,0.31424402384890227,-1.696352740999486,5.490556779725593,11.0
2016-08-02 15:36:06.960,0.91,0.129,0.016,0.5597852361928369,-1.9104992624619068,5.586010084511778,11.0
2016-08-02 15:36:06.970,0.91,0.125,0.012,0.893196111080468,-1.873365858452491,5.5352141557420875,11.0
2016-08-02 15:36:06.980,0.906,0.125,0.012,1.6060853043908145,-1.662801924013192,5.467742005260316,11.0
2016-08-02 15:36:06.990,0.902,0.129,0.008,2.666424569892702,-1.475170495125466,5.45148228575257,11.0
2016-08-02 15:36:07.000,0.898,0.137,0.012,3.475380729281108,-1.233220129037621,5.580417362170335,11.0
2016-08-02 15:36:07.010,0.902,0.145,0.016,3.5074640907680923,-0.8478981819581212,5.922720147581618,11.0
2016-08-02 15:36:07.020,0.91,0.137,0.012,2.966666195182219,-0.3724955112303897,6.2423080335795245,11.0
2016-08-02 15:36:07.030,0.91,0.141,0.012,2.8316757630575693,0.10700068492164329,6.469686216944432,11.0
2016-08-02 15:36:07.040,0.914,0.141,0.012,3.3537541174668677,0.458811198104028,6.705996703296587,11.0
2016-08-02 15:36:07.050,0.922,0.145,0.012,3.8060928324977414,0.6823992004364423,6.855740182284487,11.0
2016-08-02 15:36:07.060,0.934,0.145,0.004,3.897968982524586,0.8075113002770747,7.058762466007275,11.0
2016-08-02 15:36:07.070,0.941,0.148,0.004,3.875420920457218,0.7408352486732466,7.526579592447963,11.0
2016-08-02 15:36:07.080,0.969,0.152,0.008,4.005413729421715,0.48359529560303693,8.207438653276144,11.0
2016-08-02 15:36:07.090,0.992,0.16,0.008,4.440269439113374,0.23939014045976242,9.272582016895873,11.0
2016-08-02 15:36:07.100,1.012,0.172,0.008,4.788976118045365,0.09967878360995742,10.759000418553963,11.0
2016-08-02 15:36:07.110,1.031,0.176,0.012,4.5331432351556264,-0.09702349194712918,12.24782793820757,11.0
2016-08-02 15:36:07.120,1.035,0.172,0.02,3.983769173771984,-0.34612455992288504,13.531022960112251,11.0
2016-08-02 15:36:07.130,1.043,0.164,0.016,3.7604876096327042,-0.5086605044726906,14.48047418155033,11.0
2016-08-02 15:36:07.140,1.039,0.16,0.012,3.6653413162524195,-0.6870333611047466,14.70380625134031,11.0
2016-08-02 15:36:07.150,1.035,0.156,0.016,3.107640293673919,-1.1061437169225168,14.087914328142903,11.0
2016-08-02 15:36:07.160,1.031,0.152,0.016,2.2376549595076503,-1.6692350305936512,12.934979917608583,11.0
2016-08-02 15:36:07.170,1.031,0.152,0.016,1.6215697375152032,-1.8661543473828408,11.40033341975425,11.0
2016-08-02 15:36:07.180,1.027,0.148,0.012,1.5219917311835731,-1.59698959708266,9.544419801251836,11.0
2016-08-02 15:36:07.190,1.023,0.145,0.012,1.9027709036504854,-1.3629350348377725,7.726480368108547,11.0
2016-08-02 15:36:07.200,1.008,0.145,0.008,2.284029774628452,-1.1286749904112556,6.198774420170962,11.0
2016-08-02 15:36:07.210,0.992,0.145,0.008,2.303347748302798,-0.5152782411825458,4.87266069658745,11.0
2016-08-02 15:36:07.220,0.969,0.137,0.012,2.3494441068561853,0.18996935420662295,3.7735601438564443,11.0
2016-08-02 15:36:07.230,0.945,0.137,0.012,2.643871024676683,0.6229261867050483,2.8754850050317042,11.0
2016-08-02 15:36:07.240,0.922,0.137,0.016,2.840738937971005,0.8800731094265024,1.9583874213893362,11.0
2016-08-02 15:36:07.250,0.902,0.141,0.012,2.6196886180524843,1.082111287167721,1.0424130622686747,11.0
2016-08-02 15:36:07.260,0.887,0.145,0.012,1.8803589971551313,1.1315111427570597,0.3536529397080466,11.0
2016-08-02 15:36:07.270,0.883,0.145,0.012,0.9530523619010596,0.9412362930866941,0.006555582862094948,11.0
2016-08-02 15:36:07.280,0.887,0.148,0.008,0.18334966026101604,0.7737985702237191,-0.09018751364031462,11.0
2016-08-02 15:36:07.290,0.898,0.16,0.004,-0.4960765466860332,0.9375574452402108,0.03381753516275627,11.0
2016-08-02 15:36:07.300,0.898,0.16,0.004,-1.0179488045429466,1.3690097047531775,0.41844207768608815,11.0
2016-08-02 15:36:07.310,0.91,0.156,0.008,-1.1239273773772416,1.8557223023119973,1.0071080782273416,11.0
2016-08-02 15:36:07.320,0.91,0.148,0.012,-0.49237240600266474,2.340354303979246,1.5565258439236118,11.0
2016-08-02 15:36:07.330,0.906,0.133,0.012,0.9223466435958415,2.8886232614374974,1.5457070452755883,11.0
2016-08-02 15:36:07.340,0.902,0.125,0.016,2.323107725131411,3.4101143671478074,0.866781184574977,11.0
2016-08-02 15:36:07.350,0.898,0.133,0.012,2.862117061688631,3.6371299923704123,-0.16288692595859716,11.0
2016-08-02 15:36:07.360,0.906,0.141,0.008,2.3699025007561896,3.489585633093008,-1.3810307050347528,11.0
2016-08-02 15:36:07.370,0.918,0.148,0.004,1.1478706478420055,3.2381758001368097,-2.4812430819805087,11.0
2016-08-02 15:36:07.380,0.934,0.156,0.008,-0.001367333496036613,2.9654802866548384,-3.103705469755403,11.0
2016-08-02 15:36:07.390,0.957,0.168,0.012,-0.2730616047411868,2.457424061511442,-3.2312850297688054,11.0
2016-08-02 15:36:07.400,0.984,0.172,0.012,0.16462483174015735,1.9879262354213652,-2.922319097173064,11.0
2016-08-02 15:36:07.410,1.016,0.172,0.004,0.5913386353224825,1.7931405973751084,-2.1702151672008076,11.0
2016-08-02 15:36:07.420,1.047,0.168,0.008,1.0781678733151387,1.5023513806098778,-1.282824426484519,11.0
2016-08-02 15:36:07.430,1.07,0.16,0.008,1.9482105729082089,1.1624445698201953,-0.5145991168317753,11.0
2016-08-02 15:36:07.440,1.086,0.16,0.008,2.4776612604003905,1.0710347055514975,0.1883677076856919,11.0
2016-08-02 15:36:07.450,1.094,0.164,0.012,2.335655360034135,0.8457117148914571,0.4077502169224841,11.0
2016-08-02 15:36:07.460,1.094,0.156,0.012,2.3660944071921564,0.393518599890036,-0.18058605288631382,11.0
2016-08-02 15:36:07.470,1.082,0.137,0.016,2.832261054828723,0.2173141417424044,-1.2467384534238939,11.0
2016-08-02 15:36:07.480,1.066,0.137,0.016,3.2833130618366337,-0.2082598477025518,-2.814453852094804,11.0
2016-08-02 15:36:07.490,1.055,0.145,0.016,2.9850024224010903,-1.3651029674755712,-4.691753819171179,11.0
2016-08-02 15:36:07.500,1.043,0.152,0.016,1.7422348158885148,-2.348558372331702,-6.057814829992374,11.0
2016-08-02 15:36:07.510,1.047,0.156,0.016,0.8954714496440179,-2.7230081301837465,-6.846432165373374,11.0
2016-08-02 15:36:07.520,1.055,0.16,0.004,1.0125407468648635,-2.6410428225793288,-7.223979400006923,11.0
2016-08-02 15:36:07.530,1.063,0.164,-0.012,1.0206786310905311,-2.2486775031692514,-6.770287288482309,11.0
2016-08-02 15:36:07.540,1.074,0.176,-0.02,0.52293931712974,-1.9398273211447332,-5.489658303327864,11.0
2016-08-02 15:36:07.550,1.086,0.18,-0.02,-0.11001121267793787,-1.507683022367111,-3.8693818082974833,11.0
2016-08-02 15:36:07.560,1.094,0.176,-0.02,-0.44391359709194217,-0.708986964617626,-2.186889673713792,11.0
2016-08-02 15:36:07.570,1.086,0.172,-0.016,0.06930964293805161,-0.054859142901924764,-0.7092037800105633,11.0
2016-08-02 15:36:07.580,1.078,0.16,-0.008,1.1096376526629188,0.1036409562711856,0.19486364665149092,11.0
2016-08-02 15:36:07.590,1.066,0.156,0.008,1.6703591229370818,-0.1387587134563637,0.35588846563809917,11.0
2016-08-02 15:36:07.600,1.059,0.152,0.02,1.5425373052450517,-0.6069577099206781,-0.09556349902840608,11.0
2016-08-02 15:36:07.610,1.055,0.152,0.023,0.9220175118775844,-1.1851914714829492,-0.8149336551497315,11.0
2016-08-02 15:36:07.620,1.047,0.152,0.027,-0.19087104599378207,-1.8606965809153213,-1.5255813985444944,11.0
2016-08-02 15:36:07.630,1.055,0.156,0.023,-1.2802038464029568,-2.439357606728715,-2.09277992232396,11.0
2016-08-02 15:36:07.640,1.055,0.16,0.008,-1.9243841345917678,-2.706557080438652,-2.3669201782284763,11.0
2016-08-02 15:36:07.650,1.055,0.172,0.0,-2.584574980699865,-2.8753222568516987,-2.19224190151056,11.0
2016-08-02 15:36:07.660,1.051,0.172,-0.004,-3.341111422559079,-2.9798869860986015,-1.6870979912237827,11.0
2016-08-02 15:36:07.670,1.047,0.16,-0.004,-3.487765956647511,-2.7630728328670817,-1.2328221736351692,11.0
2016-08-02 15:36:07.680,1.043,0.16,0.0,-2.747213372821884,-2.498245462477078,-0.8388421990828169,11.0
2016-08-02 15:36:07.690,1.043,0.164,0.004,-1.5749093246505628,-2.505224083928934,-0.36189374710081784,11.0
2016-08-02 15:36:07.700,1.047,0.176,0.008,-0.8866982672672826,-2.6265620742625835,0.14518491875096876,11.0
2016-08-02 15:36:07.710,1.059,0.18,0.012,-1.3057480865634727,-2.874492977147392,0.851582932640309,11.0
2016-08-02 15:36:07.720,1.063,0.176,0.012,-2.1330499955596482,-3.322134672906609,1.7929058069441566,11.0
2016-08-02 15:36:07.730,1.059,0.168,0.023,-2.2517087391605637,-3.621997738973957,2.7120974841040435,11.0
2016-08-02 15:36:07.740,1.055,0.16,0.027,-1.2293180341894818,-3.5601842597962827,3.2675238881038244,11.0
2016-08-02 15:36:07.750,1.039,0.156,0.02,0.43874470467454557,-3.2575446247410413,3.3016680145226447,11.0
2016-08-02 15:36:07.760,1.012,0.152,0.008,1.090184296936198,-3.060759595922497,3.316915056649001,11.0
2016-08-02 15:36:07.770,0.996,0.148,0.012,0.546173713524909,-3.578026867300423,3.2129043817484626,11.0
2016-08-02 15:36:07.780,0.984,0.148,0.012,0.8938962795262564,-4.24387542994399,2.457437199746088,11.0
2016-08-02 15:36:07.790,0.969,0.152,0.012,1.9102910329687888,-4.119238957175557,1.8669939636369135,11.0
2016-08-02 15:36:07.800,0.961,0.16,0.012,1.5973595842059205,-4.221814816585421,2.008472020339528,11.0
2016-08-02 15:36:07.810,0.961,0.176,0.012,0.4467454850190483,-4.984027120489673,2.543530787861079,11.0
2016-08-02 15:36:07.820,0.969,0.18,0.012,-0.1353281135863311,-5.178731750952856,3.698659350295764,11.0
2016-08-02 15:36:07.830,0.98,0.18,0.02,-0.03274814858268123,-4.8354623507937395,5.364239913632812,11.0
2016-08-02 15:36:07.840,0.992,0.184,0.016,0.42385148177231974,-4.597841167754715,6.98947454062344,11.0
2016-08-02 15:36:07.850,1.0,0.184,0.016,1.055040415587031,-4.315132233112899,8.621119588803124,11.0
2016-08-02 15:36:07.860,1.008,0.176,0.008,1.9470941176142729,-4.070582900481981,10.20137009524941,11.0
2016-08-02 15:36:07.870,1.012,0.172,0.008,2.9244748046684084,-4.132825987005785,11.48179429964423,11.0
2016-08-02 15:36:07.880,1.016,0.176,0.012,3.3067387180248886,-4.283552476328822,12.575768512754319,11.0
2016-08-02 15:36:07.890,1.016,0.18,0.02,3.01346070338181,-4.460463547530842,13.276770121626043,11.0
2016-08-02 15:36:07.900,1.016,0.176,0.031,2.831612412832781,-4.752112195321856,13.300897124248525,11.0
2016-08-02 15:36:07.910,1.008,0.168,0.035,3.080363589357624,-4.797557131142498,13.136532964437507,11.0
2016-08-02 15:36:07.920,1.004,0.16,0.027,3.421258164325356,-4.845324613357076,12.823279103128808,11.0
2016-08-02 15:36:07.930,1.004,0.168,0.02,3.5027270590681128,-5.2804102029554105,12.064555043218546,11.0
2016-08-02 15:36:07.940,1.004,0.18,0.016,3.0013980772363418,-5.332477710046591,11.581758936364793,11.0
2016-08-02 15:36:07.950,1.004,0.184,0.012,2.2567449736915095,-4.820397528003204,11.47166780329811,11.0
2016-08-02 15:36:07.960,1.004,0.18,0.008,1.8149240759188559,-4.385589021214222,11.189352667893301,11.0
2016-08-02 15:36:07.970,1.004,0.18,0.012,1.627669310500329,-3.965454880078659,11.157080073885181,11.0
2016-08-02 15:36:07.980,1.0,0.18,0.012,1.9765045906454681,-3.3731594717820323,11.456283299675627,11.0
2016-08-02 15:36:07.990,0.996,0.176,0.012,3.047771663486884,-2.8531540063816245,11.660212201068061,11.0
2016-08-02 15:36:08.000,0.988,0.172,0.012,4.087439277483363,-2.5775285640270216,11.852744003685748,11.0
2016-08-02 15:36:08.010,0.996,0.176,0.016,4.376349586803034,-2.3455857983184196,12.123260039043927,11.0
2016-08-02 15:36:08.020,1.0,0.184,0.016,3.701153007605747,-2.0983738470996625,12.391463601399975,11.0
2016-08-02 15:36:08.030,1.004,0.184,0.02,2.507619989656548,-2.11376178022666,12.523986390644279,11.0
2016-08-02 15:36:08.040,1.004,0.184,0.02,1.761599629706275,-2.163438515041609,12.423782126575432,11.0
2016-08-02 15:36:08.050,1.0,0.184,0.016,1.4454418334405568,-1.9820026286682788,12.169781693335668,11.0
2016-08-02 15:36:08.060,1.004,0.184,0.012,0.7609667988595116,-1.9483389693344726,11.732697305449188,11.0
2016-08-02 15:36:08.070,1.004,0.176,0.012,-0.1502334048028323,-2.0149369951529246,11.125263033411075,11.0
2016-08-02 15:36:08.080,1.0,0.176,0.012,-0.6654787291852003,-1.7971828908077723,10.519750782264916,11.0
2016-08-02 15:36:08.090,1.0,0.176,0.004,-0.753087920841139,-1.5396814601616535,9.814562185322831,11.0
2016-08-02 15:36:08.100,1.008,0.18,0.008,-0.5181853722216817,-1.3459261432711482,8.940010814914084,11.0
2016-08-02 15:36:08.110,1.012,0.184,0.004,-0.04698233975836925,-0.8511150102349144,8.139133040426952,11.0
2016-08-02 15:36:08.120,1.008,0.188,0.008,0.19481664877149274,-0.19159929096476785,7.462194406044303,11.0
2016-08-02 15:36:08.130,1.004,0.184,0.012,-0.0361206935157907,0.27047359770756074,6.8332151549430735,11.0
2016-08-02 15:36:08.140,1.012,0.188,0.012,-0.3299181472142407,0.5550395911326109,6.253307009795619,11.0
2016-08-02 15:36:08.150,1.008,0.184,0.016,-0.37433376645592487,0.7141181750788306,5.626177992156723,11.0
2016-08-02 15:36:08.160,1.008,0.18,0.012,-0.22182000055164716,0.8001790213062148,5.017604686403477,11.0
2016-08-02 15:36:08.170,1.008,0.176,0.012,0.14607297393979507,0.9602721536579523,4.457080633365791,11.0
2016-08-02 15:36:08.180,1.012,0.18,0.012,0.6859937661264213,1.234092302361765,3.7123437077847976,11.0
2016-08-02 15:36:08.190,1.012,0.172,0.012,1.107568653420964,1.4974990434742643,2.8778840088219253,11.0
2016-08-02 15:36:08.200,1.016,0.172,0.008,1.296874281956252,1.709809059052258,2.060439439673145,11.0
2016-08-02 15:36:08.210,1.02,0.172,0.008,1.4084501934254954,1.9772711616611711,1.159442837628897,11.0
2016-08-02 15:36:08.220,1.012,0.168,0.004,1.4124060571936097,2.13932948522611,0.3659429944353573,11.0
2016-08-02 15:36:08.230,1.008,0.172,0.008,1.2630914256153434,2.0896062370154134,-0.2545118142282544,11.0
2016-08-02 15:36:08.240,1.012,0.172,0.008,1.2808362207287705,2.1845442418477803,-0.7870989437755995,11.0
2016-08-02 15:36:08.250,1.016,0.172,0.012,1.709878513628969,2.4642891961392523,-1.181325819573191,11.0
2016-08-02 15:36:08.260,1.02,0.168,0.012,2.4465997029245257,2.7093747968896067,-1.6119866214935685,11.0
2016-08-02 15:36:08.270,1.016,0.168,0.008,3.13702305691638,3.030361074943954,-2.2171704376016192,11.0
2016-08-02 15:36:08.280,1.02,0.168,0.008,3.38816426451283,3.29046455585084,-2.8505352106795225,11.0
2016-08-02 15:36:08.290,1.02,0.164,0.004,3.3385918062662476,3.296891564255054,-3.480385883568074,11.0
2016-08-02 15:36:08.300,1.02,0.16,0.008,3.4269825312106494,3.347170826008238,-4.218416373649452,11.0
2016-08-02 15:36:08.310,1.02,0.156,0.012,3.7044736246072443,3.4903048404081645,-5.020109631339327,11.0
2016-08-02 15:36:08.320,1.016,0.16,0.008,3.9036556068351285,3.5410474817690805,-5.746442244113859,11.0
2016-08-02 15:36:08.330,1.016,0.164,0.012,3.8077125832018988,3.681576182938395,-6.483832484559706,11.0
2016-08-02 15:36:08.340,1.023,0.16,0.008,3.6300528510738883,3.940928058736546,-7.354034251755642,11.0
2016-08-02 15:36:08.350,1.023,0.152,0.004,3.8774978885786604,4.172333912323715,-8.282172258507119,11.0
2016-08-02 15:36:08.360,1.027,0.148,-0.008,4.548665597419683,4.524188756918065,-9.234720423940304,11.0
2016-08-02 15:36:08.370,1.031,0.148,-0.008,5.1058451100027185,5.034344612375639,-10.19661167877899,11.0
2016-08-02 15:36:08.380,1.031,0.148,-0.012,5.219835116959959,5.503111329344421,-11.086947596626512,11.0
2016-08-02 15:36:08.390,1.027,0.148,-0.004,4.956376333201714,5.777551438350666,-11.808507923509271,11.0
2016-08-02 15:36:08.400,1.023,0.152,0.004,4.570827987717671,5.7750878222052755,-12.254676319079678,11.0
2016-08-02 15:36:08.410,1.02,0.152,0.012,4.271618816474828,5.5618314537863265,-12.514162881219471,11.0
2016-08-02 15:36:08.420,1.02,0.152,0.012,4.022242959601216,5.377701197466325,-12.787197092874907,11.0
2016-08-02 15:36:08.430,1.012,0.148,0.008,3.8900627353446557,5.421768892577136,-13.12900966366472,11.0
2016-08-02 15:36:08.440,1.012,0.148,0.004,4.139051697589865,5.69580873608095,-13.586380766285789,11.0
2016-08-02 15:36:08.450,1.016,0.148,-0.008,4.441664435333368,6.125595658454254,-14.089491236641976,11.0
2016-08-02 15:36:08.460,1.008,0.148,-0.016,4.1394982875835655,6.493029123046408,-14.420375780901447,11.0
2016-08-02 15:36:08.470,1.004,0.145,-0.02,3.492135411011183,6.568557332521913,-14.590000590184173,11.0
2016-08-02 15:36:08.480,1.016,0.148,-0.02,3.1656576825074687,6.587121070911223,-14.562487489986808,11.0
2016-08-02 15:36:08.490,1.027,0.156,-0.004,3.117590053417791,6.758380000053652,-14.160107227920312,11.0
2016-08-02 15:36:08.500,1.027,0.164,0.004,3.17725911915273,6.865965123676034,-13.545382344879114,11.0
2016-08-02 15:36:08.510,1.039,0.16,0.008,3.5007760222168383,6.7605006626405375,-12.866039342856286,11.0
2016-08-02 15:36:08.520,1.047,0.16,0.008,3.9056213325615,6.399076233586779,-11.979705723059078,11.0
2016-08-02 15:36:08.530,1.063,0.168,0.012,3.8141310777540625,5.890262207994432,-10.931309308402167,11.0
2016-08-02 15:36:08.540,1.078,0.168,0.012,3.0392361287476173,5.380115479216014,-9.9510283189459,11.0
2016-08-02 15:36:08.550,1.086,0.164,0.012,1.9977209568297458,4.753824595721552,-9.180573937349479,11.0
2016-08-02 15:36:08.560,1.098,0.164,0.008,1.0678559468643436,4.159454719914096,-8.731477735004166,11.0
2016-08-02 15:36:08.570,1.109,0.164,0.0,0.31424446031921516,3.8022382805151698,-8.650980450146005,11.0
2016-08-02 15:36:08.580,1.109,0.156,0.004,-0.2540794922119366,3.4341872826031246,-8.775961965181775,11.0
2016-08-02 15:36:08.590,1.109,0.152,0.008,-0.6683159876363934,2.981456072556807,-8.905841554687278,11.0
2016-08-02 15:36:08.600,1.102,0.152,0.012,-0.986074123889892,2.5679668056600193,-9.050703738072649,11.0
2016-08-02 15:36:08.610,1.094,0.148,0.012,-1.299197356845067,2.1372832640313546,-9.231818425854462,11.0
2016-08-02 15:36:08.620,1.086,0.152,0.008,-1.7931006080471656,1.6315897785935558,-9.326257054221525,11.0
2016-08-02 15:36:08.630,1.082,0.156,0.008,-2.4598378529749283,1.0940469247034257,-9.355009583159765,11.0
2016-08-02 15:36:08.640,1.082,0.156,0.008,-3.094066625561926,0.7979800402318142,-9.319233393760273,11.0
2016-08-02 15:36:08.650,1.078,0.152,0.004,-3.454177746760423,0.6598823811217055,-9.088568175147351,11.0
2016-08-02 15:36:08.660,1.07,0.152,0.004,-3.5005378135158187,0.16870660074099011,-8.736690638643264,11.0
2016-08-02 15:36:08.670,1.074,0.152,0.0,-4.233340773646143,-0.2484490612503704,-8.129304749558703,11.0
2016-08-02 15:36:08.680,1.074,0.164,0.008,-6.290210832692157,-0.18330419213738522,-7.244161610449574,11.0
2016-08-02 15:36:08.690,1.066,0.156,0.012,-7.781721501554273,-0.24315090980373788,-6.621822433097069,11.0
2016-08-02 15:36:08.700,1.055,0.148,0.012,-7.318936852965967,-0.419236609000336,-6.278836704890654,11.0
2016-08-02 15:36:08.710,1.035,0.137,0.012,-6.410991214013453,-0.5709420355786536,-6.1492003899039585,11.0
2016-08-02 15:36:08.720,1.016,0.121,0.012,-6.23794696708563,-0.9395161504871143,-6.751734945025472,11.0
2016-08-02 15:36:08.730,0.988,0.121,0.008,-6.690976667745783,-1.1262710618488252,-7.853499428049094,11.0
2016-08-02 15:36:08.740,0.957,0.129,0.008,-7.978286542436612,-1.2310676609171023,-8.747267902486428,11.0
2016-08-02 15:36:08.750,0.93,0.133,0.004,-9.74336274688469,-1.7039173834930827,-9.550793864407412,11.0
2016-08-02 15:36:08.760,0.91,0.125,0.012,-10.905046997799154,-2.0744254089508907,-10.45533616761872,11.0
2016-08-02 15:36:08.770,0.891,0.121,0.016,-11.314411182707627,-2.3206612964999063,-11.012447397794425,11.0
2016-08-02 15:36:08.780,0.871,0.129,0.02,-11.755403265891658,-2.8802552431894304,-10.879262006971228,11.0
2016-08-02 15:36:08.790,0.875,0.137,0.016,-12.63726640523176,-3.281111578158385,-10.052686626680643,11.0
2016-08-02 15:36:08.800,0.887,0.152,0.016,-13.760648093678366,-3.185661946926806,-8.48032460851569,11.0
2016-08-02 15:36:08.810,0.898,0.156,0.0,-14.886895470502694,-3.025235518990352,-6.136501400525772,11.0
2016-08-02 15:36:08.820,0.91,0.156,-0.004,-15.663109991816103,-2.983925366177045,-3.325945968227529,11.0
2016-08-02 15:36:08.830,0.93,0.16,0.0,-15.560248547562335,-2.7024713886705647,-0.6859903510242713,11.0
2016-08-02 15:36:08.840,0.961,0.164,0.0,-14.7031107483831,-1.7307611305915072,1.4642659335596107,11.0
2016-08-02 15:36:08.850,0.984,0.152,0.0,-13.835676481877506,-0.29173159237632296,3.250379760541086,11.0
2016-08-02 15:36:08.860,0.996,0.141,-0.008,-13.28189001807169,0.7842456498544847,4.441082563976043,11.0
2016-08-02 15:36:08.870,1.008,0.141,-0.004,-13.106837348737079,1.5098210001045929,4.827121700156615,11.0
2016-08-02 15:36:08.880,1.023,0.148,0.004,-13.119600877384842,2.6225224775783027,4.610832342248206,11.0
2016-08-02 15:36:08.890,1.023,0.137,0.012,-12.301826776465852,3.812011635525542,3.6676855442313325,11.0
2016-08-02 15:36:08.900,1.016,0.121,0.012,-10.322856119349455,4.237533423775319,2.068244959225074,11.0
2016-08-02 15:36:08.910,1.012,0.117,0.012,-8.449726806148622,4.0595186293571555,0.4628116768011305,11.0
2016-08-02 15:36:08.920,1.0,0.113,0.012,-7.490233723592704,3.8739212003861505,-0.8380550031200543,11.0
2016-08-02 15:36:08.930,0.988,0.121,0.016,-6.9473196060974125,3.6830185636107484,-1.8200600588568314,11.0
2016-08-02 15:36:08.940,0.973,0.113,0.023,-6.162096173093083,3.237039882346009,-2.366567129140893,11.0
2016-08-02 15:36:08.950,0.957,0.125,0.031,-4.748976531056806,2.681567060730116,-2.423079419039382,11.0
2016-08-02 15:36:08.960,0.941,0.121,0.027,-2.890403969194491,2.1098336030615674,-2.012487318022152,11.0
2016-08-02 15:36:08.970,0.93,0.129,0.027,-1.363601988642114,1.4080331916293987,-1.2094752112913387,11.0
2016-08-02 15:36:08.980,0.918,0.133,0.02,-0.8548213620746956,0.5084879551412551,0.03663906156801994,11.0
2016-08-02 15:36:08.990,0.918,0.145,0.016,-1.4045868929368832,-0.5906154958266367,1.859581776931618,11.0
2016-08-02 15:36:09.000,0.914,0.152,0.016,-2.167769570483018,-1.406463155262705,3.937393890004271,11.0
2016-08-02 15:36:09.010,0.934,0.156,0.016,-2.374127128795808,-1.6143096506275638,5.895518068096671,11.0
2016-08-02 15:36:09.020,0.945,0.152,0.016,-1.962316064767741,-1.5933395204735006,7.779846144826431,11.0
2016-08-02 15:36:09.030,0.957,0.148,0.012,-0.8329962939294084,-1.4673438323031833,9.37315200094471,11.0
2016-08-02 15:36:09.040,0.973,0.145,0.016,0.8399828044898158,-0.9937152274635703,10.510259436408427,11.0
2016-08-02 15:36:09.050,0.98,0.148,0.023,2.3037681689425367,-0.3292233809740119,11.345490856182114,11.0
2016-08-02 15:36:09.060,0.977,0.141,0.023,3.3272937693809834,-0.07278056155876425,11.500607859816961,11.0
2016-08-02 15:36:09.070,0.969,0.129,0.023,4.352254669542915,-0.25098877786381846,10.847337699482965,11.0
2016-08-02 15:36:09.080,0.965,0.125,0.02,5.256836362296987,-0.2695963110896001,9.889768084783768,11.0
2016-08-02 15:36:09.090,0.961,0.133,0.02,5.434760999134202,-0.30557363929520576,8.776523910438227,11.0
2016-08-02 15:36:09.100,0.957,0.137,0.016,5.309675873112842,-0.5619918552432042,7.6971140777519915,11.0
2016-08-02 15:36:09.110,0.961,0.137,0.02,5.687409118217884,-0.578314258292861,6.921722103787388,11.0
2016-08-02 15:36:09.120,0.957,0.145,0.02,6.258546447142604,-0.45889411533696167,6.447162749075757,11.0
2016-08-02 15:36:09.130,0.953,0.148,0.016,6.557385529875987,-0.41460961102897753,6.402201283928164,11.0
2016-08-02 15:36:09.140,0.953,0.148,0.016,6.698984922359132,-0.44094398799482687,6.729138381594702,11.0
2016-08-02 15:36:09.150,0.945,0.148,0.016,6.815374812618381,-0.74802073409591,7.183997006866204,11.0
2016-08-02 15:36:09.160,0.941,0.152,0.016,6.852038837968465,-1.2041003794391139,7.842000833000817,11.0
2016-08-02 15:36:09.170,0.941,0.152,0.016,6.689110468975596,-1.5828607021517076,8.779898106863868,11.0
2016-08-02 15:36:09.180,0.945,0.152,0.012,6.360357725540043,-2.054177709606801,9.83654739037479,11.0
2016-08-02 15:36:09.190,0.949,0.156,0.012,5.948382498920352,-2.486063477751524,10.981156718652402,11.0
2016-08-02 15:36:09.200,0.965,0.168,0.023,5.3594195693467634,-2.400418706409321,12.307057732531153,11.0
2016-08-02 15:36:09.210,0.977,0.18,0.016,4.560886215791581,-2.180695086090321,13.577451906263915,11.0
2016-08-02 15:36:09.220,0.984,0.176,0.016,3.91631132868968,-2.2553993724974277,14.500810124748796,11.0
2016-08-02 15:36:09.230,0.996,0.168,0.012,3.591084545640747,-2.107556424933753,15.037703592009262,11.0
2016-08-02 15:36:09.240,1.004,0.164,0.012,3.25450135755232,-1.8867187440256759,15.02350852215238,11.0
2016-08-02 15:36:09.250,1.008,0.156,0.012,3.0917442910388644,-1.9824203528574864,14.33796056146558,11.0
2016-08-02 15:36:09.260,1.016,0.152,0.012,3.1764685478651353,-1.9107992136094496,13.152273806607589,11.0
2016-08-02 15:36:09.270,1.02,0.152,0.012,2.8168900297076247,-1.7504761305258756,11.652261947155479,11.0
2016-08-02 15:36:09.280,1.023,0.152,0.012,2.100431101402738,-1.8959782560001521,10.020486784193306,11.0
2016-08-02 15:36:09.290,1.027,0.152,0.012,1.4198855089546998,-2.0170627444898708,8.516758761171406,11.0
2016-08-02 15:36:09.300,1.023,0.152,0.016,0.4772428731836797,-2.027003808580636,7.237633506204031,11.0
2016-08-02 15:36:09.310,1.023,0.152,0.016,-0.4139924735872698,-2.1012479083694857,6.1185772161024765,11.0
2016-08-02 15:36:09.320,1.023,0.152,0.016,-0.6888188122011224,-2.019902795276357,5.166101269114585,11.0
2016-08-02 15:36:09.330,1.02,0.152,0.016,-0.6290726089534453,-1.753130337269789,4.3184921425558525,11.0
2016-08-02 15:36:09.340,1.012,0.148,0.012,-0.5916072786922071,-1.516287390963945,3.4865430877387267,11.0
2016-08-02 15:36:09.350,0.988,0.148,0.012,-0.6769085687138934,-1.4049658493097157,2.6218717194582815,11.0
2016-08-02 15:36:09.360,0.969,0.145,0.012,-0.918131085019581,-1.3953627431698898,1.6746907819664116,11.0
2016-08-02 15:36:09.370,0.957,0.148,0.012,-1.3777490531410121,-1.3513036091515735,0.7823880962849795,11.0
2016-08-02 15:36:09.380,0.945,0.148,0.012,-2.1925015227376417,-1.2861865165223878,0.05829167306531022,11.0
2016-08-02 15:36:09.390,0.941,0.152,0.012,-3.0274338768512035,-1.1552048003434776,-0.5036307026618492,11.0
2016-08-02 15:36:09.400,0.941,0.152,0.012,-3.545757428662342,-0.8104508196523479,-0.7482184724142064,11.0
2016-08-02 15:36:09.410,0.945,0.16,0.004,-4.111533391876923,-0.39395152038011,-0.5061288092448356,11.0
2016-08-02 15:36:09.420,0.957,0.168,0.004,-4.768106410010855,0.007116122076807924,0.08926227546936522,11.0
2016-08-02 15:36:09.430,0.973,0.176,0.008,-5.0371917494949034,0.41723647538428055,0.8222125373699056,11.0
2016-08-02 15:36:09.440,0.984,0.168,0.012,-4.724270692521137,0.6977333255137661,1.5194602582396266,11.0
2016-08-02 15:36:09.450,0.992,0.16,0.012,-3.788450620985304,0.8528633935634005,1.805029628218756,11.0
2016-08-02 15:36:09.460,1.008,0.152,0.016,-2.484691725492347,0.9971917932511822,1.461963915500403,11.0
2016-08-02 15:36:09.470,1.016,0.145,0.016,-1.3350727392706876,1.3468831416247031,0.553634362111802,11.0
2016-08-02 15:36:09.480,1.016,0.137,0.016,-0.9941603603557435,2.0468028187437057,-0.8331664761895834,11.0
2016-08-02 15:36:09.490,0.988,0.141,0.012,-2.001050705201233,2.2016939737163104,-2.479253811522425,11.0
2016-08-02 15:36:09.500,0.965,0.141,0.016,-2.855717075307809,1.5576329117776004,-4.3494178776938455,11.0
2016-08-02 15:36:09.510,0.961,0.129,0.02,-1.62495674423444,1.955365856645258,-6.472410620085627,11.0
2016-08-02 15:36:09.520,0.957,0.133,0.016,-0.0894250651048559,3.368769275332979,-8.355625063655802,11.0
2016-08-02 15:36:09.530,0.941,0.145,0.004,-0.503860551351448,3.5979550898159447,-9.62665843967164,11.0
2016-08-02 15:36:09.540,0.93,0.148,0.004,-1.2333845816453988,3.207826026773721,-10.411629769132754,11.0
2016-08-02 15:36:09.550,0.93,0.148,0.0,-0.6320170133039815,3.7040927077590746,-10.820516026211688,11.0
2016-08-02 15:36:09.560,0.922,0.152,0.0,0.02628385446332241,4.161858304710772,-10.855328013019301,11.0
2016-08-02 15:36:09.570,0.922,0.156,0.0,-0.011249574413205607,3.9396198555434268,-10.356713287878478,11.0
2016-08-02 15:36:09.580,0.926,0.156,0.0,0.3338400562060785,3.5276441913788905,-9.492660726155872,11.0
2016-08-02 15:36:09.590,0.938,0.16,0.008,1.2905527999900481,3.240379403253618,-8.59671638532981,11.0
2016-08-02 15:36:09.600,0.961,0.168,0.016,1.9214855856896356,3.3148201442686753,-7.4616958549344234,11.0
2016-08-02 15:36:09.610,0.977,0.176,0.016,1.8825465767854552,3.310176563777854,-6.3721204515805345,11.0
2016-08-02 15:36:09.620,0.992,0.176,0.012,1.5904944599521953,2.6197994749045272,-5.794779139048008,11.0
2016-08-02 15:36:09.630,1.004,0.164,0.012,1.703469323911349,1.7625818421335793,-5.549128182785087,11.0
2016-08-02 15:36:09.640,1.012,0.152,0.016,2.306443506507563,1.2291642099202402,-5.839990769435585,11.0
2016-08-02 15:36:09.650,1.02,0.152,0.02,2.3684530140933413,0.5533642290780294,-6.748470312444564,11.0
2016-08-02 15:36:09.660,1.016,0.152,0.031,1.4862494561485105,-0.43096167995276086,-7.702476445319573,11.0
2016-08-02 15:36:09.670,1.016,0.148,0.039,0.7100209036029965,-1.3135384082830628,-8.520578101459023,11.0
2016-08-02 15:36:09.680,1.016,0.152,0.043,0.9275703877687751,-2.018903632875544,-9.338882011036942,11.0
2016-08-02 15:36:09.690,1.02,0.156,0.031,2.049145527469242,-2.5686166358953546,-9.790438996177416,11.0
2016-08-02 15:36:09.700,1.023,0.164,0.023,2.4875424283420267,-2.7404834471104733,-9.333530269850922,11.0
2016-08-02 15:36:09.710,1.027,0.184,0.008,0.658350761855026,-2.7388430418929017,-8.243065858230281,11.0
2016-08-02 15:36:09.720,1.039,0.191,-0.008,-1.8410882889089737,-2.7736903472728587,-6.979351347802768,11.0
2016-08-02 15:36:09.730,1.047,0.191,-0.012,-2.6716496951035094,-2.3773906989652493,-5.414801206895873,11.0
2016-08-02 15:36:09.740,1.051,0.188,-0.004,-2.0163176642181075,-1.6486245501668408,-3.8607787294929925,11.0
2016-08-02 15:36:09.750,1.051,0.184,0.0,-0.8880078164528541,-1.0797519003974967,-2.789361681102753,11.0
2016-08-02 15:36:09.760,1.051,0.176,0.004,-0.6337422114183311,-0.6378017502902569,-1.9964837223710177,11.0
2016-08-02 15:36:09.770,1.047,0.18,0.004,-1.6338432877058007,-0.7933453162090311,-1.6140444298963046,11.0
2016-08-02 15:36:09.780,1.043,0.164,0.012,-2.194434143111204,-1.5111706248444572,-1.711775878563122,11.0
2016-08-02 15:36:09.790,1.047,0.164,0.012,-2.4159580009212385,-1.9726140696872039,-1.6713600644342164,11.0
2016-08-02 15:36:09.800,1.055,0.168,0.008,-3.9136829242101214,-2.492721888864779,-1.4692037646056988,11.0
2016-08-02 15:36:09.810,1.07,0.18,0.004,-5.940670216304846,-2.9802786085977804,-1.2652975400247153,11.0
2016-08-02 15:36:09.820,1.078,0.184,0.0,-7.051091520114921,-2.7354034774734,-0.9309714423202942,11.0
2016-08-02 15:36:09.830,1.082,0.184,0.0,-7.375228720554908,-2.227728532318003,-0.7917034782753549,11.0
2016-08-02 15:36:09.840,1.082,0.172,0.0,-7.2618457859955505,-1.8512294818407709,-0.9795207335051018,11.0
2016-08-02 15:36:09.850,1.074,0.16,0.0,-6.771143429192883,-1.625037773555666,-1.459957898370035,11.0
2016-08-02 15:36:09.860,1.059,0.148,0.0,-6.318487728746903,-1.6492611754805062,-2.4415424101413694,11.0
2016-08-02 15:36:09.870,1.043,0.145,0.004,-6.49200647700128,-1.7341871146105763,-3.6696818540867993,11.0
2016-08-02 15:36:09.880,1.027,0.148,0.004,-7.446701256793628,-1.9098947001089694,-4.780525701028306,11.0
2016-08-02 15:36:09.890,1.016,0.148,0.008,-8.588298454110483,-2.2035280606973298,-5.714536044161454,11.0
2016-08-02 15:36:09.900,1.004,0.152,0.008,-9.310378285796228,-2.3998316434143003,-6.346714949346021,11.0
2016-08-02 15:36:09.910,1.0,0.152,0.008,-9.505628819407669,-2.4827142406065352,-6.707898746084889,11.0
2016-08-02 15:36:09.920,0.992,0.152,0.008,-9.249114422438707,-2.5516788356493176,-6.94886593911844,11.0
2016-08-02 15:36:09.930,0.984,0.152,-0.004,-8.86525653171819,-2.7412933695994637,-6.892204727262656,11.0
2016-08-02 15:36:09.940,0.988,0.16,-0.004,-9.02371324384272,-3.1073193175346017,-6.282576701372622,11.0
2016-08-02 15:36:09.950,0.996,0.164,0.004,-9.676484259592096,-3.646136880547891,-5.3693085163406655,11.0
2016-08-02 15:36:09.960,1.016,0.168,0.008,-9.780994516718014,-4.18591371868993,-4.3963594687923715,11.0
2016-08-02 15:36:09.970,1.035,0.18,0.012,-9.44269575461131,-4.392311477198642,-3.051925211691113,11.0
2016-08-02 15:36:09.980,1.059,0.191,0.012,-9.64684580307064,-4.4523444236854735,-1.446766357909195,11.0
2016-08-02 15:36:09.990,1.074,0.188,0.012,-9.9936207363567,-4.565514115732382,-0.12138082445822412,11.0
2016-08-02 15:36:10.000,1.074,0.188,0.008,-9.832025871239862,-4.405443072177354,0.8741320353845297,11.0
2016-08-02 15:36:10.010,1.082,0.184,0.008,-9.11646279701422,-3.9801636942943555,1.4300744902680005,11.0
2016-08-02 15:36:10.020,1.078,0.184,0.008,-7.421908107419243,-3.481644843000967,1.2628167567053472,11.0
2016-08-02 15:36:10.030,1.07,0.176,0.012,-4.9456789454787105,-2.808309096081878,0.5020485418722296,11.0
2016-08-02 15:36:10.040,1.043,0.168,0.008,-2.899500405819819,-2.2655912376428358,-0.6035176278007861,11.0
2016-08-02 15:36:10.050,1.012,0.164,0.008,-1.7083327172582032,-2.519260949041302,-1.7581281170220426,11.0
2016-08-02 15:36:10.060,0.988,0.168,0.012,-0.8273496869296416,-3.1605383404536846,-2.608012894984751,11.0
2016-08-02 15:36:10.070,0.977,0.176,0.02,-0.3546896715594078,-3.253546174142164,-2.921996604849517,11.0
2016-08-02 15:36:10.080,0.961,0.191,0.016,-0.8860495743632979,-3.3510126371283993,-2.550342843797997,11.0
2016-08-02 15:36:10.090,0.957,0.207,0.016,-2.062973022999839,-3.9596559427848783,-1.4605455714345035,11.0
2016-08-02 15:36:10.100,0.953,0.219,0.016,-2.95965074531164,-4.315297275913213,0.26898174739445235,11.0
2016-08-02 15:36:10.110,0.953,0.223,0.012,-3.224431233275127,-4.2877064390208,2.175899547430502,11.0
2016-08-02 15:36:10.120,0.961,0.23,0.012,-2.684772188106614,-4.213894684054573,3.8320128325626506,11.0
2016-08-02 15:36:10.130,0.969,0.227,0.012,-0.8549942305403979,-4.062303654991706,5.375149231849869,11.0
2016-08-02 15:36:10.140,0.977,0.203,0.012,1.6967957905893158,-3.7756273722659355,6.692613592381202,11.0
2016-08-02 15:36:10.150,0.984,0.207,0.008,3.0988410611029185,-3.414838583460617,7.439869215406338,11.0
2016-08-02 15:36:10.160,0.988,0.211,0.0,3.4888897053394015,-3.29990150880123,7.763297786677223,11.0
2016-08-02 15:36:10.170,0.996,0.199,0.008,5.041107171126052,-3.2505485888838006,7.8661754475379695,11.0
2016-08-02 15:36:10.180,1.004,0.195,0.016,7.031774500712369,-3.032502841710013,7.602941762563279,11.0
2016-08-02 15:36:10.190,1.004,0.203,0.012,6.975377242163519,-3.302515204364712,6.965467397621326,11.0
2016-08-02 15:36:10.200,1.008,0.211,0.012,5.491230716478847,-3.9289300893941155,6.31153428392563,11.0
2016-08-02 15:36:10.210,1.012,0.211,0.016,4.273019427130831,-4.239860510659004,5.749829082075972,11.0
2016-08-02 15:36:10.220,1.012,0.207,0.02,3.98779512889484,-4.4857017293924715,5.088555493387349,11.0
2016-08-02 15:36:10.230,1.004,0.207,0.027,5.065530852734597,-4.6061166127418876,4.519295440426083,11.0
2016-08-02 15:36:10.240,1.004,0.199,0.02,6.574941636436076,-4.392559093774236,4.225324676785741,11.0
2016-08-02 15:36:10.250,1.008,0.207,0.016,7.4145409317341695,-4.128970352934169,4.011216296382921,11.0
2016-08-02 15:36:10.260,1.012,0.211,0.016,7.923188300315008,-3.8137206959469836,3.855080986862642,11.0
2016-08-02 15:36:10.270,1.008,0.211,0.016,8.299521767498145,-3.495366262971255,3.752296657089792,11.0
2016-08-02 15:36:10.280,1.0,0.219,0.012,8.15172319746637,-3.3478996110641477,3.6506455683518517,11.0
2016-08-02 15:36:10.290,0.992,0.219,0.012,7.845552827747721,-3.284256419577965,3.629900823609028,11.0
2016-08-02 15:36:10.300,0.992,0.215,0.012,8.092122885289868,-3.078149334806871,3.6689231229719073,11.0
2016-08-02 15:36:10.310,0.988,0.215,0.012,8.508200843281005,-2.738200078424266,3.724796603887326,11.0
2016-08-02 15:36:10.320,0.988,0.215,0.016,8.405851772720027,-2.6693001649336345,3.840408444765206,11.0
2016-08-02 15:36:10.330,0.984,0.223,0.016,7.704377447791764,-2.7106765141780746,4.091363658298466,11.0
2016-08-02 15:36:10.340,0.98,0.223,0.016,6.951153400920541,-2.4769088637879655,4.3266241041316755,11.0
2016-08-02 15:36:10.350,0.984,0.223,0.012,7.012702704619928,-2.363028647797609,4.450903888557069,11.0
2016-08-02 15:36:10.360,0.988,0.223,0.012,7.400778793477576,-2.3041635491693837,4.632135781319406,11.0
2016-08-02 15:36:10.370,0.988,0.227,0.008,6.963047046310338,-1.9291319881388862,4.677879554645043,11.0
2016-08-02 15:36:10.380,0.996,0.23,0.012,6.123980892389223,-1.5566935835254285,4.5488824781132235,11.0
2016-08-02 15:36:10.390,1.0,0.223,0.008,5.470775345725338,-1.211506580725991,4.511799407569878,11.0
2016-08-02 15:36:10.400,1.004,0.223,0.008,4.824439453399411,-0.8346970990596678,4.345609456504387,11.0
2016-08-02 15:36:10.410,1.008,0.219,0.008,4.33885011495498,-0.5628596696479587,4.006883148719283,11.0
2016-08-02 15:36:10.420,1.004,0.219,0.008,3.7511391731287835,-0.3380228787034756,3.786821280545656,11.0
2016-08-02 15:36:10.430,1.008,0.215,0.008,2.916350882397258,-0.2549120308860004,3.487935877779264,11.0
2016-08-02 15:36:10.440,1.012,0.211,0.004,2.6895495759178463,-0.09298941990551324,2.918681798552768,11.0
2016-08-02 15:36:10.450,1.016,0.207,0.004,3.1547228449329934,0.34162945518944765,2.1746421691915745,11.0
2016-08-02 15:36:10.460,1.008,0.203,0.008,3.4820701426413407,0.5886652355948858,1.1881875698814481,11.0
2016-08-02 15:36:10.470,1.008,0.211,0.004,3.270920282274992,0.301181580923838,0.15228853464349335,11.0
2016-08-02 15:36:10.480,1.004,0.207,0.0,2.5062142662996107,-0.23921256656942594,-0.5595661816092444,11.0
2016-08-02 15:36:10.490,1.008,0.199,-0.004,1.227336416791127,-0.4710037296111259,-0.8972773110235163,11.0
2016-08-02 15:36:10.500,0.996,0.203,0.0,0.03558950009101158,-0.4907330096906768,-0.966353721081987,11.0
2016-08-02 15:36:10.510,1.0,0.203,0.004,-0.04215872248012403,-0.3510771535559267,-1.0119237471761826,11.0
2016-08-02 15:36:10.520,1.004,0.203,0.004,0.5801070318010508,0.34786659112368357,-1.004233863144731,11.0
2016-08-02 15:36:10.530,1.004,0.195,0.0,0.46086070408904717,0.8475469884286675,-0.8485571909453411,11.0
2016-08-02 15:36:10.540,0.996,0.195,-0.004,-0.30294456964003064,0.6012016331186402,-0.8905944477880099,11.0
2016-08-02 15:36:10.550,0.996,0.195,-0.008,-0.7261275621835157,0.47212808728586236,-1.0066052347876289,11.0
2016-08-02 15:36:10.560,0.996,0.199,-0.004,-0.7746920968292903,0.6769522298521129,-0.9308444646381391,11.0
2016-08-02 15:36:10.570,0.996,0.203,0.0,-0.9057953802192107,0.7861097420622782,-0.994192666531174,11.0
2016-08-02 15:36:10.580,0.992,0.191,0.004,-1.1816452969205087,0.7372850518107389,-1.2177212390490004,11.0
2016-08-02 15:36:10.590,0.988,0.191,0.004,-1.349128494135173,0.7198131857063934,-1.3180403288218303,11.0
2016-08-02 15:36:10.600,0.992,0.199,0.008,-1.2553741905199827,0.9763876619753503,-1.4051764909860014,11.0
2016-08-02 15:36:10.610,1.0,0.195,0.004,-1.1293991994610666,1.2834798706808743,-1.5819911590740368,11.0
2016-08-02 15:36:10.620,1.0,0.199,0.0,-1.5127749818417149,1.3434211259365374,-1.5982194665178988,11.0
2016-08-02 15:36:10.630,0.996,0.195,-0.004,-2.364812700540683,1.3733802741744068,-1.482243168928852,11.0
2016-08-02 15:36:10.640,1.004,0.203,0.0,-2.522228829173872,1.4513815461753938,-1.5850018158374857,11.0
2016-08-02 15:36:10.650,1.0,0.191,0.0,-1.3986700226792028,1.5408149724598412,-1.7351456949536304,11.0
2016-08-02 15:36:10.660,1.0,0.191,-0.004,-0.3350750877017291,1.7524667353236145,-1.7089905798709757,11.0
2016-08-02 15:36:10.670,1.0,0.188,-0.012,-0.4397122642286776,1.8710958892342255,-1.8369874162773088,11.0
2016-08-02 15:36:10.680,1.004,0.188,-0.012,-0.853215317769902,1.8698464952537357,-2.0594620714141345,11.0
2016-08-02 15:36:10.690,1.0,0.188,-0.008,-0.755244343346295,1.9473421031956486,-2.08595937256967,11.0
2016-08-02 15:36:10.700,1.0,0.184,-0.008,-0.5800829962014848,1.9385540633961948,-2.1712242857239445,11.0
2016-08-02 15:36:10.710,1.0,0.188,-0.004,-0.6878044668368746,1.929115848714822,-2.3062509505156163,11.0
2016-08-02 15:36:10.720,0.996,0.188,-0.004,-0.9261256336291448,1.9513236057060062,-2.224611179814338,11.0
2016-08-02 15:36:10.730,0.996,0.184,-0.008,-0.9774462856838465,1.6915015829294657,-2.0700151650137175,11.0
2016-08-02 15:36:10.740,0.992,0.184,-0.004,-0.6884920267094239,1.4880925107162173,-1.941591582755913,11.0
2016-08-02 15:36:10.750,0.996,0.184,-0.004,-0.34799233216958986,1.7086726179709946,-1.848623792688485,11.0
2016-08-02 15:36:10.760,1.0,0.188,-0.012,-0.3005530130844518,1.964440314236875,-1.768869642654449,11.0
2016-08-02 15:36:10.770,0.996,0.188,-0.016,-0.5588299818613518,2.021703890568043,-1.548778387302395,11.0
2016-08-02 15:36:10.780,0.992,0.188,-0.012,-0.6528514310934254,2.0184628048035744,-1.3617586510595103,11.0
2016-08-02 15:36:10.790,0.992,0.184,-0.008,-0.29190313188873473,2.011522860055616,-1.3935763262848604,11.0
2016-08-02 15:36:10.800,0.992,0.184,-0.012,0.004660665521747393,1.9793282965686283,-1.3922866370625695,11.0
2016-08-02 15:36:10.810,0.992,0.184,-0.008,-0.09982375340545199,1.8510371294504249,-1.2593694816719063,11.0
2016-08-02 15:36:10.820,0.992,0.184,-0.004,-0.3640534284453698,1.6769345865046192,-1.1323874585008395,11.0
2016-08-02 15:36:10.830,0.996,0.184,-0.004,-0.6257614122119167,1.5753923954149225,-0.9784443756977717,11.0
2016-08-02 15:36:10.840,1.0,0.184,-0.008,-0.6733900979201515,1.500432747061104,-0.8415039777050345,11.0
2016-08-02 15:36:10.850,0.992,0.184,-0.008,-0.4986183927580319,1.4551615690881974,-0.7362189925428633,11.0
2016-08-02 15:36:10.860,0.996,0.184,-0.004,-0.6158478194437069,1.3817502896097777,-0.47128195599740214,11.0
2016-08-02 15:36:10.870,0.996,0.184,-0.016,-1.0319264548670397,1.2122041552500278,-0.14154214138682053,11.0
2016-08-02 15:36:10.880,1.0,0.184,-0.008,-1.1000734841954882,1.1794974800325106,0.067505665130806,11.0
2016-08-02 15:36:10.890,0.996,0.184,-0.012,-0.8222682361159138,1.2171872097873948,0.2748810452056465,11.0
2016-08-02 15:36:10.900,1.0,0.188,-0.016,-0.7257830718497165,1.085724085616424,0.5280438575534696,11.0
2016-08-02 15:36:10.910,1.004,0.188,-0.012,-0.7299034714422834,1.0038999391506611,0.6472920834210838,11.0
2016-08-02 15:36:10.920,1.0,0.188,-0.004,-0.5556404037504983,1.0657990950408958,0.6426708694306804,11.0
2016-08-02 15:36:10.930,1.0,0.188,-0.008,-0.4212755367317714,1.049728566178912,0.6955769603387988,11.0
2016-08-02 15:36:10.940,1.008,0.184,-0.012,-0.5405422237580507,0.8943702676377653,0.7094326136179566,11.0
2016-08-02 15:36:10.950,1.0,0.184,-0.012,-0.7768421658213553,0.6980378955988691,0.6301480580386392,11.0
2016-08-02 15:36:10.960,0.996,0.184,-0.008,-0.9035203607520701,0.5520173574287075,0.6276567409068944,11.0
2016-08-02 15:36:10.970,1.0,0.188,-0.008,-0.927159136988049,0.5199063495749121,0.6715328417944314,11.0
2016-08-02 15:36:10.980,1.004,0.184,-0.004,-1.0419494236912876,0.4937234221420236,0.6935874486561675,11.0
2016-08-02 15:36:10.990,1.0,0.184,-0.004,-1.2228372798063827,0.308487305741351,0.7447111860245531,11.0
2016-08-02 15:36:11.000,0.988,0.184,-0.008,-1.2251071102428992,0.17197526920219597,0.8505679945491649,11.0
